5323311
2341033
1222151
3543144
5431230
1331435
0513013
2210105
4433342
1201050
1020102
0540050
4242034
1211123
0511331
2442100
2114203
5422533
3431123
5252530
2224051
5150502
4540301
1243111
0034130
1412104
3052253
4045332
1533255
2451041
5334420
1123322
3211512
2514140
2523333
3234504
2012340
3325220
4131013
4102142
1424511
2413425
0552111
5143300
0050445
0415000
3134044
0242412
4522125
1415532
0324401
0144323
2030513
2554544
5135115
4031204
1035042
5044445
3524313
1000233
5513520
5245053
1141202
1545403
4300422
5201324
0133131
3011450
5304012
5004051
4351505
5404154
4104520
0543212
3213230
1324300
3435453
1054422
3504021
5422022
0023000
0002400
3121153
2040024
3440540
4400131
5230213
3042543
2043552
1453030
0121542
2001251
0103353
2555201
0353150
5502552
0255020
3330041
2352343
4405113
4210540
2113414
1442221
1021314
2105034
2142241
0054533
3312433
1155150
2540225
1432525
0230132
5320255
0301303
3502300
4025421
0201135
4145055
2315152
2330554
4125415
5311042
1510510
0135222
2552232
3053105
5120341
1313454
0253024
3452451
4044210
4012021
0420243
3225035
2025505
1215224
1551054
3455345
4003514
0505541
5514303
5510434
0314211
3400014
1532440
5015524
5345131
4541120
3333002
4534151
3241411
2305440
1114035
4335555
3553535
5413401
2200455
3102215
2501402
5223442
2530312
4555012
0445514
3010351
3351534
3444152
1404305
1140434
0232521
4153231
1302315
1350113
4511245
2254331
2231045
5033143
5041501
5352244
2131550
5205145
4503023
2454215
0441355
1204443
3115541
1235344
0344245
2450320
3420204
5403245
4112252
4322010
4414353
3033321
4314104
1152003
4020450
0312555
1354352
5520005
5051110
0110124
5525254
3121330
5032335
0340334
4223503
1303541
4524232
3250222
0152354
0532414
2321124
3344525
4255404
4343233
0215315
4421444
5151423
4231355
0024244
3122430
3005122
0404432
2223110
0130400
2202203
