1504545
2132555
1045324
5425320
0535103
5322515
0234421
1303353
1444344
5312023
3515434
3100401
1554112
2112240
4202235
3325333
5523144
3033524
1112330
2334552
1404050
1432433
5202154
2120025
0514015
4143544
1525531
4443115
4204004
0125014
5103120
3044101
4123305
1331214
4310204
0350522
5051342
5230202
2030223
4325052
2302305
3313422
4004033
3041213
1401123
3413001
0430455
2524410
4450505
1452200
0243221
5514224
4435021
5334340
0421003
4425145
1201151
1140355
5342231
3304225
2151321
2445042
2315111
2452153
5124103
1253045
2202321
3411140
0013154
2144030
3254335
0511402
2110122
3142502
0021250
1042413
2543023
5511353
2231145
2514051
1031541
3354150
4541530
1240511
3532010
0034554
5145150
5410250
0022345
1132120
4535304
3405514
1015135
3201543
3311445
1030101
0224241
5432132
5100540
2131204
0440410
5243032
4420352
1413252
5521121
0135215
0504312
1342042
4011325
2501044
2335313
2434402
5542425
5235444
3552022
2222412
0022222
3410513
4550420
0550533
0432034
5153013
2050414
5353203
0102051
5134303
0400424
5413451
3134131
4114523
0345503
2003551
2452524
4233310
0301115
3110314
3001055
4035253
4144452
2323540
4351134
0212501
4052431
1521205
2300130
0451515
1050054
3024142
5210115
4154211
5025512
4020010
2220304
3421504
1323311
4544255
3003032
5040205
4405415
4131042
5502504
1420232
2214233
3555301
0215352
3350041
0333143
2021453
3155241
5105432
1111532
1530322
4240133
5333035
0123435
4533411
1500212
5221030
1225520
3032350
4513542
3245455
2034535
4012104
4223213
5405222
0205003
2241014
4301302
1324424
3533250
2413345
3322401
5001410
4212550
5244533
2543132
1115443
3341520
0441331
0540040
0054125
0453304
3522153
1114000
0314530
0152114
2103234
2454443
1243400
3402244
3253102
1355454
4255230
4542343
5340154
3230042
3251423
2421254
5151551
2053500
2015000
5402011
5010331
0005440
4330441
2555255
