2440403
4443205
5514443
1512340
3021550
1044344
5125445
2304541
3042301
2323003
4123521
3300142
3153545
0045212
2422155
0440351
5030151
3545110
1452531
5523112
4053030
1153434
3100304
0525533
2023344
4515355
0235332
3131144
4305033
0553254
3102410
3403323
1425053
5230553
1540232
5451521
0122425
4322542
1534523
5040544
2021431
5352402
1210424
5442550
5312233
3433441
3552023
0110231
0450002
3550531
0504105
2152215
1350153
1503040
2312121
2011043
4054453
4441420
4034420
0231011
2055300
4420045
4251242
3520432
1223355
5501225
5535001
2125002
5550312
2554425
3314051
4155243
4404412
1032035
3533530
5211032
1321103
2131453
2345512
4250323
0311324
0542041
3105532
4533124
4330214
0212152
0125145
0354340
4435525
4005104
0524321
3235044
1201210
5113100
0202043
0345541
5351014
1355221
3322211
5101513
3010005
5324130
3114250
1055415
5052134
5042303
4034142
2455240
0334402
0000223
1434243
2305455
2541313
1113514
5415354
1205540
1042555
4222315
5130233
2231505
0500515
1415132
5432342
1103425
0013443
5124321
0353113
2401124
0454255
5433310
1121330
4254504
3012214
0001330
3010341
2503241
1023201
1130302
3451405
4511111
4313503
4225430
0441035
1224014
0024010
1515404
5014535
5203401
3544502
2255151
4200135
0250440
4002522
4532200
3315200
3333154
4143342
3241253
2530140
0421502
5341345
1042113
2210312
2410510
4140411
3532115
2004254
4451301
1235103
0303252
5212245
3031222
0124414
4114022
1320505
1402000
5543450
4320050
1243141
0432404
3232352
4223223
2522552
3424234
5015523
2234335
5244201
2351352
2413252
1501552
1242242
1051122
3135313
5154052
3043015
4331531
4112401
2120224
5225024
3224413
2244020
2033012
0414123
0131550
0243524
4422514
1304330
3005422
0145120
5333020
1132450
5403133
5220120
5405011
5501444
1311415
4141054
1140021
0513305
3340125
2342434
4102351
2510034
3454111
3212503
3253335
2144133
