2014554
0212453
1224204
0540313
5321034
2542354
0230224
4534213
2025530
3005551
4111054
4435204
1302531
4300510
5331220
3342244
5500504
3512225
4432435
5533314
4545220
2254123
2033132
0344150
0224551
5250434
0114342
4201220
0450241
2053235
3100543
5235332
2002024
3422110
1303124
4521241
0145503
0025001
3334001
4315345
4004400
1554340
5130555
1542432
4412144
1111410
4021435
3225112
2320411
5424121
0453520
1413013
1022323
3054433
3041520
3432450
4525053
1205314
1204445
1055142
2100331
0013304
2215032
4354555
5111520
0551052
0423422
4520035
4252021
5555301
3555042
2405341
3430342
2514005
2543141
3243421
1455355
5414410
4350132
5415234
0034042
2232251
0352405
5425523
5241144
1022112
1323221
5154000
0404114
2250412
2105223
3351414
0504422
3254150
3002340
4155313
4333101
2310444
2521450
5045030
1422045
0031254
1511222
2140521
4233533
5104111
0141401
3113025
3401333
2332503
5124244
0522505
4132102
2401205
3041003
3134021
1104535
5005125
2415402
3153245
3120202
0132240
1221540
2430330
2131114
5343431
5050451
2144150
1242300
5033103
1321005
4020252
0242034
0153034
0312010
3442513
5352225
2510210
2303303
1532011
4003212
1503100
2310023
2424022
4115100
2341043
1443233
4153251
0000253
0422330
4354324
2152532
2503234
3211231
3413545
5513433
0501345
4215311
1230205
0051311
2335155
5444252
0203502
3520144
4202155
5012522
1535424
0311133
3144335
4433444
1131343
0105452
1452134
5220040
2423004
5322302
3305430
2531335
5401011
3421325
4400032
1050020
1445121
4344351
0540131
3112303
4230442
0235010
5342453
5043545
4115431
3323352
5210315
0515555
1554153
4552544
2224343
3035114
2545415
5241203
5531150
0042441
4553125
5212041
3232405
1243302
3101152
5220353
0355544
4123514
2051201
2452443
1451503
3044015
1313250
5430405
0333411
3314104
1100054
4203040
4040105
5345022
4122423
0125215
3534531
3244554
2133350
0430023
5304342
1040434
4441512
5002133
0255233
1334512
2011422
1410151
1543055
5153112
0140321
2251515
3500400
1335243
0123135
0014230
4010501
