5354155
0435235
4034144
2204530
0404311
5530511
2543502
1205055
1514112
2232455
2444325
2220021
1334220
5404232
4302000
1530331
3440553
1424015
3432024
4434155
0320324
5252114
5124301
1554354
1442200
3450301
4533455
4323121
5453012
2513251
3135415
0351503
5225353
1152445
1150211
3420212
3223444
1200120
5341212
4231210
3102525
5042455
1135121
2515515
4051235
5303351
2121550
5311531
4000113
5533313
3425104
1245531
0504025
0031433
4410534
4130400
2031241
5253431
4112011
2000254
2143145
0013215
0541151
0350410
5234322
3332113
3201314
1421451
5024545
1031010
1231503
3214254
0215140
2122343
5130253
4253505
4315302
3045202
2025210
0252345
1143312
4423330
0142035
3003431
2334411
0424512
3323052
4521224
5545143
0452250
4203442
1313335
0545330
0240014
3504342
5240020
4021513
0354242
1344434
4345445
3355340
5211125
1322253
3141031
1300002
3414345
5120142
2000420
5150524
5323423
2115032
3244423
5400435
4551022
4520050
5512321
1303514
1055552
3010310
1233341
4104132
4240342
2050442
4451541
4305051
0033520
1501300
3212540
4555404
4314533
4255223
2013304
2451413
1415023
0525122
2124234
1433422
4142354
5504203
4111323
4044211
5321440
5052300
2212414
4403043
1540245
5401055
3040141
4443114
3103240
1144503
5222205
0311044
5131004
1412133
5343204
3043333
3134510
3510403
2310135
5405414
2221132
0324000
1041421
3301525
1524040
3231005
0202233
2205201
2253014
2530005
4014420
5330530
2413500
0442402
0031352
1153153
2544053
3312334
4042125
1020205
2330133
0133032
0535020
2155330
4532232
1254101
2002224
0055031
3525535
5445524
0423103
0522411
1502543
0210552
3451130
2501034
0105543
0532554
5434041
1510244
0104452
1441144
2351455
4125315
0140221
3111202
0101105
2343150
5005104
4032501
0553124
3542110
2312222
5115450
1025034
0414401
2002303
5012043
3550053
1222432
2435344
2402112
5523130
3054023
3015151
2352541
