2213053
3031424
2553250
3335332
3353513
3441533
0243142
0322452
1014244
4351522
5121505
2525414
5252123
3121200
1454203
1523002
5010534
3533245
2310203
4124332
1534415
0232205
1355034
5150050
5005142
1113550
2333125
0505540
4501225
0001151
1530113
0552444
3110143
2533022
5144222
5543433
0540351
5243310
4345553
5535054
4520551
3224514
3221420
1100521
0200104
4434545
0435124
5425132
1204353
3242254
5331355
3033300
3213334
2145320
5132241
1425014
3532011
1332224
0131533
1145233
5234432
5350114
1431340
3300005
5430502
0123145
3304450
2515235
0453421
1020331
4520324
5312410
1555545
1532150
3025122
5313445
3445515
1541521
5123314
5412051
5551002
4044400
3514554
2255241
4201344
0235113
0510032
0444230
0254530
0022211
0055355
3153042
3122403
5512304
1205200
0010423
3413222
0104253
1420442
2500343
2000215
4030252
4033015
4215520
2412431
3134101
0115402
1102015
3325255
4255012
5051233
3045024
5220020
5435023
1215454
0450354
1430031
1305411
2441052
1223543
0103524
2014110
1052312
2423253
2143504
0231044
0044342
0311240
2220530
5524441
1304502
4233504
4511402
5401400
4035433
4424501
2244005
4403154
3504113
0210325
1141454
3342040
2403211
1011055
4350401
2330510
3454135
2022034
2111311
4421110
4043341
1301234
2321144
4140335
0410515
0333030
1154125
2024552
2130410
2354151
2105152
4504020
5004043
4542212
4012004
0324023
5325200
4132353
5040105
2334304
2052043
2124434
4541134
1442121
0513111
4125041
0205035
2035501
0442404
4223231
1343425
5234221
1043130
3240412
3440023
3401335
2542333
5302531
2402422
1052520
2003232
3002555
2241443
1311103
3155441
2453544
1314032
0053405
5314321
0341011
4103203
0152130
5215111
4415300
5422325
2252102
5440244
4154214
0521303
3555323
0304312
4340140
4231441
4552125
3550230
1231212
5001513
3251551
5250455
5003551
4414353
4402243
3212542
4222335
2111020
2451440
3503301
