4055434
5301111
0151255
2340153
0143141
2525113
4452135
3113540
3351244
4540032
1435552
5314143
4424425
5514022
4303040
1503220
5002232
3125231
0441510
1000523
3220115
0232503
2323221
4512204
1441335
3034551
0104032
5220242
2224414
4221521
0251130
5154545
2215003
5435214
4454352
5043314
5150411
3434245
0551311
4131132
0514251
3324532
2351012
3232025
5540503
2432350
2035531
5113254
1120534
3424135
0005205
1431103
0135443
2141504
2131513
3400301
1534515
5223203
0413424
2423151
3142153
3510412
0405344
4311441
2001054
2052210
4030351
3403323
1111033
1312111
5522033
1202104
2023335
1210010
0551004
1122243
4054320
0352025
4114110
1012455
2504300
0330324
4551221
1032211
5421104
2531230
3203014
1255541
5305051
3042140
3531401
1322254
5040430
4232442
1142522
5231424
5044152
1315124
3255550
2440225
0415031
5045401
4023102
1335420
0125312
3010104
0020442
1031243
4553524
4340001
4053231
4001510
0241213
2044533
3153420
4412053
4345322
3321350
0000314
3520324
5500255
3535155
1420410
2012323
4533005
3021305
1025000
3545125
5523450
0522124
2502555
0442211
1543043
5134334
0513405
0122300
0530140
5455120
3210313
2553132
5201522
3302330
3005413
2504144
5311550
3304404
4204453
2415240
2114432
2145020
1053152
4124012
2234021
0053553
5301415
1100015
5252051
4243333
0215122
1533251
2315505
1413044
5210535
0421542
0320233
5332342
4130121
2401413
1524341
2110251
3450000
5021021
3551333
4540250
1541452
1324035
3100220
1101340
2333412
2440112
3343535
1350202
4525530
1355313
4014345
4430044
5330500
4542315
2144321
4105303
2213145
2522141
5425543
4110541
0034010
3015202
3124053
0030033
1354101
2102401
1203331
0344204
1214224
0245355
2352334
1211302
2250342
2010502
1244400
4025444
4411320
2242024
3432554
4205235
3235430
0303152
0233052
1123445
1452402
0012534
2054405
5030123
2133204
5102002
5515305
3153315
1555454
4325215
5342444
3241041
0502421
4240154
1444430
3555542
0454523
4350423
5434112
0213511
5204210
5425015
5403531
0304435
0151125
3410455
3443202
