5154423
3153104
3034533
0331210
3522025
0213330
0343031
0122130
5430133
5235355
1411442
3305301
3251424
0204103
1450315
3041351
4443351
5141524
0200342
2021252
1213135
5554451
4014042
5540102
4430034
0123243
2043054
3534215
4454235
4240012
1341435
5221005
4231253
4345443
1353545
2012321
4331501
0042512
1054014
0425320
0130445
5424314
5141555
0500155
2115505
4402453
1315130
2003411
4544335
4324053
3302044
4223432
3155035
1501504
0441303
5142401
5241230
5551312
1223140
2210410
3213212
0143505
0312454
1333251
3310552
0153353
3240405
4023544
1320400
5045115
2032151
2321343
4332125
0114311
3554052
2353003
3442541
1214301
0255401
1015005
0152225
1425154
2442204
1133334
2421013
0034144
2104543
4505531
3014420
2552520
4050301
1144153
3425334
1200413
0453122
2000030
1222424
3023101
5503014
1025231
3552433
4511315
1102032
2344510
1234112
1532343
1012245
1022333
0415051
3333440
5314232
3220141
5011543
5303203
4535000
5455244
5052445
1145340
3401205
2525403
4344320
4212534
3155254
1031053
3100523
5335411
2441452
5413425
5251151
4033404
0540414
2205114
4055513
3404221
1245023
0451532
2244245
0311124
0304415
5010431
2303222
4412102
3202300
2243313
4403110
4003045
1351214
5420522
0345052
3523355
2232055
3530132
3235013
2354132
4132312
5105444
4020215
4251321
3414043
2542352
2113233
5300324
2235542
2030354
4115224
0130202
4101141
3435512
5522211
0021020
1452200
3441030
2122012
2224525
1001322
0514004
3204550
0252041
2434431
3312113
1403502
4111450
5230500
4350220
5033022
2513300
4520540
3051115
1150452
0010223
2440201
5325142
0501234
5312050
5322305
4124202
2131120
3543242
3141132
1130021
4232254
5123551
4533123
3121410
1524440
2450144
1042500
2511041
2520533
1153210
0005250
0433525
5102531
2404355
1540121
3540253
5110044
0324554
5134340
0505145
5054100
4242124
1515523
0505422
2355332
1250511
2335325
