3433250
1002432
2430331
2554021
5410153
0151225
1300202
1431455
1513000
2345144
0130151
2133443
3442511
3555302
4134355
4511211
3254510
4222111
5312035
0325522
0452444
5443121
4333552
0512531
1344101
0455145
1335311
2441524
4022453
1124400
1415333
4450243
3425514
0321301
1403503
4150054
2322155
3344142
4054420
4314523
5115545
1404534
2414555
0231002
0355250
3020230
4030221
2214131
3055411
5140232
0235113
1545305
3340350
0200044
3353543
2251533
2325031
2523105
3002025
5531244
4451144
2250451
1033121
3241005
3250204
3552553
2024342
5420003
0000430
2010205
2523253
3421222
0142023
3514225
5455404
0515120
2101424
4535022
5024013
3454403
0150324
1532213
1540344
1312404
5501551
3203130
5015500
4405425
1134025
4001101
0145452
0013340
1553215
4412002
5302241
0404212
1201143
0014144
1031515
4542445
4404040
1334041
1015254
3043403
5234303
1253242
0224401
5203325
5221154
1121214
1442130
4010012
5351200
5504330
5054552
2041212
2004543
4222333
5540414
3105132
2244414
5515112
0452021
5412234
3544321
0544535
3134233
2522502
2533314
2232554
5411050
0424132
3032340
1225220
0132402
2341335
3520103
5322441
3255040
0033104
1214241
4045314
1111431
4100520
4453351
4243535
3401335
1351012
5235035
3501440
3523034
2313304
1551350
3213054
2430542
2113530
5202510
4324224
3310501
2112323
4332145
3103012
5133001
2003154
4111542
4023025
3031333
3115153
2120240
0425055
5443242
1054343
0503441
0211203
5040054
2400110
2134500
1240152
1220551
5211311
2501352
4500134
4103133
4302205
3100355
2035215
4403413
2252122
1210125
5104451
3041121
2105511
0042505
0123313
4544053
3125541
0512352
0311415
5304115
4544422
2343010
1552135
2205201
0245223
3310113
1305053
5053435
1142331
4215445
5152110
1423423
1050520
4255501
4531430
5505433
2050034
5321320
0141300
3302314
2541041
4021540
0534524
0530013
5234420
0124054
5350045
0343231
2222415
2341453
5122204
3330434
5005302
4354232
2242250
5432324
1120315
1413312
1145543
5031123
4435300
3210422
2052003
4520405
1322440
4145214
