5003521
5352424
4421440
5413045
1352120
1245403
5405323
2035210
1105044
2102041
2554253
3553502
2410114
0253111
2222304
2443213
4054212
3244203
0003450
5223235
5242550
4205233
5201132
4324350
3315334
1343344
4312531
4340004
4444414
1514442
3032034
0540423
3030011
3212415
3343535
1011013
5034343
0552035
0540332
3304225
1103512
3135150
2044134
0132220
2011020
2503004
0431513
0232145
3101312
1441401
5235524
4552301
0051205
5414331
3545521
5450500
5340415
1451334
1142133
4541530
2025242
0214432
5515253
5330204
4113344
3223453
3351123
2511541
3002300
3520145
4441051
1414050
1010030
0515100
3120501
3300453
1002445
2313223
2104214
4412252
0341321
4503043
5302211
1200151
4403135
3204520
1254521
0042053
1532441
2225131
5134455
2442225
2555303
3513121
3001154
4525415
0130434
4502123
0013004
1323153
0453022
0052514
0034301
2420431
1210502
5315430
3441240
1511355
1332232
3332015
4153054
3251431
0124104
0525324
2125355
2512412
0402211
4322244
1131410
4355115
4110310
5303354
3405555
4010424
2230341
0021132
1121221
0424244
0500242
1150325
4050140
4042112
3335441
0044045
2041505
3155243
5115200
5544150
4112004
4214543
2053451
4233422
0145540
5455001
3452154
0315042
2112343
0455452
5442402
3140252
3531144
2434102
5535545
1350513
5043540
0113451
4144345
1001220
5120013
5521402
1540214
3124513
5041141
4035103
5504031
1213244
4425520
2305552
2220522
4155433
3243024
0254444
1024315
5131522
2250055
2105330
5021555
2104400
5220322
2433544
0321010
3453230
0401124
3411303
5324023
2331033
4105011
0200233
3430053
1321002
1245052
3522400
5252313
4143302
0304143
5552050
2354342
1030255
2211454
4430205
0340551
1453315
5533112
5045434
1534534
3022211
2330550
0303403
0205305
5511534
2253130
1245343
4033333
4000545
4251414
5150122
1354231
4534052
4314101
3455035
1422533
2534313
3032325
1435122
0211221
1015552
1221025
3145422
0122350
2533201
2223425
4231353
5412105
0314505
2343010
3224010
5400342
4544125
1233000
3152032
0523241
2101135
4520230
1101503
5151350
