0404450
5021344
5040323
3335532
1402045
2050343
3454354
5303114
5332453
3310123
2035225
0454433
3033021
5414322
4255510
0430241
2321201
4544301
3531355
5512121
1214555
4104224
1153030
3040454
1310410
5340535
4044112
0153002
5525002
1025033
3304025
3543401
1554444
4300411
4443331
2234131
5042420
4322322
3215040
0012053
1101003
3535213
4001105
1524520
0143103
0515104
0441242
4222441
4331102
3341340
3422000
0245444
1055221
4205125
2104335
2550050
0013312
5451203
3442124
5400300
0212333
2541145
0433255
2044233
1240052
1041250
2244425
5452444
2141430
2010142
3134144
0232522
1421321
1505451
0131304
3230303
0020025
1135340
2305423
0551531
5250212
1330325
2123053
4231035
4110551
0052115
1033513
3154411
5134210
2202210
4425143
5204541
5011011
2014415
3203443
5321550
2403320
2115341
3520115
1101134
5144051
1552402
4112205
4430455
3253255
0045034
4325254
1451415
4353353
3102351
5545332
4032530
2435504
0532041
5102032
0542314
0241425
1212224
5415123
4234014
2413540
3001153
1124243
5123211
4223310
1445213
5243000
5544533
5333000
2523324
2440513
2220430
0334040
2051522
4530434
1030331
2122525
3140045
1342541
0303032
2350001
5220004
3242013
1414130
2400034
3312240
4133232
1023544
4230523
5455315
5022355
2031443
1213401
3002502
4003411
5435551
0245221
4452504
4405452
2253302
2145501
4053151
5110422
0120453
0314504
1332024
1543522
2352234
1343005
5500245
2125414
4510140
4351042
1150514
3221442
0150120
0231110
2201554
5155023
5251153
3505230
0355405
2514103
4054545
3423555
1411354
3423132
1300202
3450131
2432311
0003200
1304313
3254202
3553420
5250334
1113145
0205350
5513524
3501014
3111512
0324151
0521223
0500542
4343244
1222102
2510252
0105111
3013234
4511213
5311435
0524235
2424012
3015300
2314432
1034152
5132105
4145455
2342150
0325515
3125533
4411020
4515035
4502543
1533412
2533345
5055142
4024404
