0002430
5041355
2300440
1514341
4202244
2104114
4435341
5232113
5012214
0025531
4001153
0545253
0535324
0233015
4033250
5334410
2342131
1313421
5114554
1123132
3052151
1103245
2455420
3121110
0521150
1141013
3551230
3555022
3533213
2115442
1104505
4044120
1534543
5011533
1023353
3024445
2501125
1410300
1005013
5413325
0152303
4311433
5255525
0330233
0113143
2055035
5545510
3250320
3510012
5200353
4110550
3325015
1101322
3423354
0333124
1530435
4400415
5101034
3452333
2523415
0140302
2455143
3133555
0322025
5023240
0121424
2552441
3145031
4324223
5505152
4354350
3102521
4550145
1451053
2331302
0040254
3434042
1435504
1350343
3154004
3043403
0110313
1204230
1231101
2504330
4022340
4441440
3343050
5344142
5520521
3010340
2145240
0432532
5451011
0405555
5430224
4130111
4121503
2030003
0544423
4214011
2215203
3511405
4031325
4225202
4003042
1053420
4342422
5303332
5131242
5041004
5045401
1524111
4200504
2250251
1441251
3440101
2245154
0155010
4423530
0143412
1052515
1222354
4554211
3143234
2414135
0312130
2421045
1354532
2124313
3214300
3411224
3205423
5413150
2202310
3304503
2351514
0335444
0013455
2234524
2014052
1245345
0254242
2415211
1302255
5122105
3232145
0351001
5510443
4312241
0403441
2002541
1532200
4142335
4422113
2050124
4115225
1425312
0420222
5220211
2520051
5024434
1030512
2345354
0442500
4500031
2231432
4544005
3051312
2552552
2211345
5504204
4315524
1140030
5335003
0331210
4132054
4441522
0004221
1404021
4253404
3012023
4521354
2433453
5154123
0322544
0224043
5522155
3402202
5150451
1542434
2122220
3341541
0151341
0134255
5350205
5233331
0301311
5452544
3030435
0203100
3332311
4453132
1455234
4243533
2044301
1142144
1220044
1112402
4323551
2340115
5442052
2223022
1010334
5100532
3423233
5015120
0444514
1215152
2113001
3054102
5553014
0511302
1300154
0212031
1535452
3245315
0221135
3224452
5201020
0553503
3505343
1212413
1021400
2543222
2540123
3515134
0230540
1513040
4335100
3243542
2322404
4424403
1003514
2135340
