1020433
1203232
3350111
3124121
1440523
4254205
4013133
0121052
0445345
2312144
0023205
4442150
5255243
2323552
2035213
2514050
4403214
4203355
4500225
1344242
2044351
4352222
1033024
5542012
1513155
3230021
5153254
1455123
0043211
1430355
4541402
2521232
5221231
5111340
3035255
0444033
1520040
3424424
2420240
2342304
0222203
0031120
1414113
3254140
2550405
2553054
5053432
3055302
4535324
0334403
1512331
1301334
5230124
2002535
4553330
3113001
4524520
4435432
3042453
0250530
2100052
5142235
5500311
3135525
0203025
2525501
5544223
1331104
3221143
5403122
2130131
2431530
3004532
0315252
0505250
3134112
3205410
5234522
4005051
4022354
3512453
5105441
3104323
4305000
5023053
1000145
5223440
0112501
1055200
4355141
0234454
2334221
0235011
2311215
5120543
3044155
2155103
2511414
5411444
5454151
0031442
5324004
3340005
5220415
0540104
0552142
2404155
5412202
2124114
4101434
0225330
2004420
3113422
1422250
5445504
0150341
3550421
1402011
5310434
3441200
5532110
5201153
4215513
1234443
5033500
0323121
4253023
5313323
1524315
2503033
4102543
1125240
0554553
1314035
3115335
1443415
2011042
0510220
2422443
2214431
0041315
0014244
4421313
5134030
0541021
5211005
4032102
2025322
4433541
1252514
3151313
2454354
0005544
1532542
3325033
4324135
3145350
0152024
0414310
0324545
3313241
2341333
0302512
4014411
5343112
4020502
3421010
5541550
1210303
2153503
1142410
0332331
1225154
3533244
5002341
3213500
4401101
1151455
4330440
3433303
2101223
5544342
2415551
1223311
3532545
1201004
0525405
3301451
2453000
2245044
5530003
2533345
5551535
1211220
1114124
1451521
3241134
2201312
1543531
0503404
0244141
4041544
4054045
1552201
1131512
0100140
5332055
0450235
2130234
0143414
3432425
4520253
1103353
5055115
3502104
4140201
4122405
1545132
2010014
4531314
5352320
1355234
5425021
1154302
4144515
4151042
2010551
4240352
5404230
0232451
3311524
1300550
3410342
2233250
2355410
4212032
0015404
0331043
3554052
3020214
1345422
3423534
0400112
2242125
3043030
