1502142
1153234
5345025
2301455
4501503
4225423
5240505
4430501
0011535
2523552
1255324
0433033
4204520
3113302
1513130
3305105
2412431
3022502
2545413
2514025
3134550
4154052
4241310
4203204
1150003
1035451
3553121
1115451
2052300
3125124
5534132
0454125
0121534
2103523
5131444
5452354
3532153
1005332
4330433
2210333
4225350
2115054
2425003
2032035
1141530
4332244
4021454
1555342
4234005
3053433
2015542
1012141
1242451
3534212
3345253
5040050
4423241
0314343
4432322
4010312
4115235
3221331
2140231
4503332
0142112
2500054
0352333
4524124
3105412
5532421
5042234
2311401
0110114
3442200
5132313
3331032
3303140
4403113
4322015
5020011
3325411
5450432
3320322
3031343
1422453
4254445
4142021
2440520
3152420
5515134
5324335
1343501
5413243
1034131
2204211
5251123
3533435
0325042
0133402
5113523
5214153
2344342
2443335
3220442
1352250
5541043
0552015
5300012
4013150
0250541
2050205
4312410
1005110
3215200
1540223
0321201
2141223
1230140
3400225
4444042
4341132
5510311
0344514
0330210
1034503
0410254
1401304
0043325
3413315
5004413
2122545
4550400
0213430
5223155
4050151
5421252
5355510
2304230
2331115
1504454
4314331
3202534
3122214
0520130
5103000
5414102
5151355
5045402
1211212
2231552
4013544
5505245
3004051
0402510
1353505
3244034
2252112
2522540
1524010
3431024
4213022
1521205
4035004
3110043
5404340
0205035
2433514
5033220
2233234
0055222
1423422
2353143
0243303
0512002
4100344
3554533
2001121
3253014
2124311
2354404
4143240
3313555
4422030
0535304
1201041
0100152
0441415
0105143
3511440
2141100
3455511
2353051
5154201
2051040
1445154
2435440
3044424
0235121
0311320
1310524
4551211
5405531
4102305
3545321
1411013
1043415
1023544
0232241
1334222
2302223
0000424
1220513
0544441
3040145
1130525
4545555
0103411
3451144
5333351
5212545
4042553
0024253
5222104
1430355
2424403
0551350
4051522
