5142555
0554314
2423211
4325335
5255015
3332441
2540435
0031521
5231150
5114100
2315320
4501550
3400554
4553151
2352152
3315440
3220312
0021102
2122310
2550533
1030055
5040410
3243105
2544302
5350340
2535444
5301134
2005252
4512305
0011230
1144350
2220020
3524143
5255431
0010342
2043341
2450125
3211023
1453521
1421135
0053032
4001245
0435434
3051355
1224520
2044411
0441040
3254553
3435333
0152554
0525051
5500424
3400231
1250243
4242033
0350251
3032114
3450424
1452034
4252230
2234133
3044125
2222504
2504555
3554000
3335352
5415203
4124014
4414021
2151132
3325502
0243111
1304003
3414324
1500230
1111451
5513531
0004115
1444415
4110155
4154405
4241534
5154420
3041421
3220035
1451542
0541505
3002430
5212413
0201300
1310124
2440401
0125110
0245522
3525234
5023003
1211402
2114544
0353143
1302025
0302532
0513425
1034144
0314454
1403122
4055245
0100412
3551252
4334210
1235301
4210515
3115215
2232341
4000501
3542344
4321433
4025040
1422353
4304351
2253304
3501510
3323320
5344034
4125424
3003054
0133045
1123523
2012543
1051224
3340111
5054513
4130325
0552441
5244335
5445042
3130500
1040031
2434132
4555113
4201154
5423452
5101143
3034202
5052323
5531331
5220101
2431512
5022522
5324225
0143224
1522400
5405345
4531103
1033250
1341213
3135121
0345523
2213252
1353315
0453240
5442114
0225445
4520541
5512012
4445153
0432505
5430540
5130204
2055500
5312141
0023213
1521044
0505103
2020134
0540353
3533535
4351022
3204042
1305514
2411055
1340142
1152102
5124231
4411311
0112333
4105340
5015144
0330013
0232225
1245453
4513132
1530022
4413010
5533213
2321245
5103302
0215004
3151001
4444243
0424301
4342204
2300005
4032452
2145221
4233444
4103233
2542120
1135030
1314432
2203440
2130053
2333001
1102511
5331415
5431354
3013403
4122222
3143412
5201221
1515241
2401423
4410202
3402250
1005313
1013550
2504214
5343550
