1541520
3520020
0413042
5524103
2553435
4014405
1342445
0543210
1302513
2243201
3541144
4135205
1534252
2203153
2135041
3115202
2034244
1150154
2351242
2433523
5133424
4404112
3454035
1311053
0200444
1525035
4245454
0004033
2324305
2213554
2421235
2043030
0444440
1202010
1504130
0110140
4452505
1025250
1513331
5053142
3245300
3100205
0331512
0214522
4542422
5344122
0455314
3310545
5040334
0354421
3431354
3214141
1022532
3031102
2354200
2132223
0000345
0450332
4103444
3504224
0133141
5112411
3433003
5321440
3104450
1540442
4332100
0535530
2423340
1131032
3445151
5452231
0011223
3552401
0320123
4531315
0121343
0423455
5414214
3232042
5344011
5405425
5205321
5144533
5303355
2521404
0532321
2150531
5233051
5505114
3301135
4045023
4125524
4051334
1024312
5432143
4423013
4211105
0103020
3245413
5141003
5300500
2345353
5231212
2001525
4500050
5040503
3122551
1353524
0315221
2115113
1510125
5411534
2410104
2504311
0220435
5120552
3150322
5222303
2131335
3012313
3330410
2210024
2030451
1421121
5023222
3553353
5550413
4253540
1443152
0541155
3451412
4520241
5255245
2310452
4313233
5332055
0234555
2254433
1250514
0424054
4124025
2111050
0353104
3253323
1314320
1225142
5340501
0415001
4011341
4355111
3541431
0002352
4530514
4315322
2552132
4202124
4203532
5044351
4244002
3055552
4143314
1251241
3122130
5052350
4402031
4410333
4351253
3003012
0101501
4430015
4022154
1003501
3020211
2035120
0535403
2305004
1001413
4234551
1223402
4231443
5210130
1435400
5501302
2445512
3013510
2242115
1400051
2150302
0221314
3312434
1051024
1344344
1230233
3524503
4124432
4554045
3402243
3023445
0142544
0201250
0512254
5513555
4025510
2105241
0152002
1333343
1455543
1145335
5515044
3034134
0050000
0240055
1114305
5151010
5134540
0343234
4153253
0052115
2522043
2412420
1442204
5005432
4440220
3142225
1323215
3325031
