5514431
5250534
0043203
4043450
1122422
1022241
3354345
1105541
3241523
5330010
4525402
4141324
4212540
1414432
2451141
4010501
5504120
0152004
4130403
1400445
5232154
4224052
0111400
5011343
4103145
5355153
1223320
2104215
3055455
0204153
2222435
2550440
4340543
2140101
1100013
0120141
2525014
0304512
2135414
0020502
0153323
5024511
4554224
0053521
1213453
2115031
3001310
3414004
4432115
4045152
4353113
3531544
5210325
2334551
5051112
2241030
3151551
2201301
5135002
3433341
3421332
3501425
3031520
0205244
0212122
0233205
3154240
5433410
0534311
4112353
1305103
0515215
1011055
0422011
2031242
1441114
5121232
1242212
1553531
5302243
4310222
4235540
5342415
3502052
4221023
1514254
0021454
0454335
1335444
0144510
3543152
0000021
0533100
2054132
1532001
3223411
3103254
4355025
1044042
0445251
4040114
0541331
3250205
1134351
2440513
4350131
4410454
5311505
5452103
1542345
0415144
3231431
1123504
5523303
1331302
2250052
2553355
3320354
0022533
1300424
2325100
3044401
5120050
3312043
5423225
4002521
3205332
0003432
0313214
3424550
2410150
5252411
0100535
0325313
5153442
4413040
5545241
1110202
4521212
2042304
5033052
2022145
3445544
4455302
2014313
2403502
1035253
5401234
0401003
2554503
3440031
3425233
1255513
1321115
3543535
4510133
4533104
4013315
1145055
0524445
3221045
1152330
1550122
2043421
3351403
2131025
2530221
2053230
4451220
1314321
0341024
0234423
5030235
3432300
4004433
4532334
1323032
2142453
4205105
1012411
5511523
1433523
5331252
2211234
0452552
5243542
2312550
2502514
2351253
5014044
5442330
0322255
5405450
1534133
1204314
2405123
3130142
4244234
2303043
4100310
3253004
2221112
0531053
3515310
3315420
3203135
2424344
3114125
1343140
4322535
5040423
2345322
1500550
0240302
5202220
3525121
2513012
4542200
2444005
5324404
2250353
0020240
4301351
1054000
5115510
5025305
5052324
5133531
2120532
4434021
4441445
4210211
3032034
3142013
2504342
0255440
0305030
1141130
5500015
0435525
1453101
3434212
5144203
3342201
1015134
