0230553
3022401
2111135
3311011
2545101
5500533
4232020
2432101
2440542
2305405
5524525
3230445
3531541
5214101
1335512
0203544
5340432
0513233
1301131
0202313
5205233
1141014
0153501
5535324
0343325
1352003
2054552
3113134
3205422
3334505
1242550
5010215
1030125
5112050
5201411
5314200
4511452
1044403
4314053
1424133
3154544
5142054
3051044
4051525
1552535
1400251
0031202
3510104
2434413
1554330
5032355
1504354
0104423
3012543
0055515
1210440
4101153
3433220
1442304
2320041
2335341
0254121
2254440
4353303
5050404
4452140
2225004
4350132
0355355
0502032
2312344
1130044
3223513
4223235
5555002
0323114
5451431
3022324
3414321
5445451
3444150
3545033
1022221
3003052
3131401
4030001
1555242
1054254
5133523
4322434
1302311
3325520
5403345
3542305
4045432
4523540
1111424
0532443
4124315
5322241
0115540
5135410
0431334
4201005
4415403
2315152
3030530
4045240
2313012
5103300
1240511
4001300
1125241
2110231
0513312
4413122
0450024
3333350
0141401
0520303
2520255
1234343
0423531
0220222
0054013
3221130
2123141
0441053
1543021
4342513
2351223
4404410
0532015
1455103
3312423
0412430
4434211
0351250
1102145
2503453
4134554
2252053
2024022
0132235
1224302
5150355
1053410
2211225
3210354
3304035
5355114
4105031
5410213
5421544
3040445
0205551
4233414
0004441
5033131
1333204
2142433
1113222
5240252
1023342
0452422
3100213
4313555
0344454
4235135
1511503
2041030
3442042
1421415
5121452
3141122
0422154
4301342
5524034
5304225
0440235
0514455
1320450
4120310
0421323
2402055
4143045
5025123
3025354
1155353
2444214
3343241
0334051
1413335
1233151
5300520
2405524
2203210
4240143
5541345
3450002
3455414
2251332
0130100
5213040
1510040
2253331
4520502
0315504
2000114
3124512
2502120
2530432
0505142
2243505
4241324
5114332
2010351
5334143
2531510
4512211
5053520
5403105
0011101
0424000
3501253
2144224
2031243
2104302
3402532
4524111
0045310
4252202
5242112
4435022
5542534
4214234
3155225
2425300
4244551
4003204
4550421
1414145
3553151
1015030
5405023
