3435133
0153435
4335124
3152215
2220145
3033055
4525313
2055455
2553314
2322250
0544045
4300335
5303010
5552204
1003221
4022152
5120332
3521023
4512343
2221304
4015410
4055541
4401120
5032023
1511200
0001034
1122132
4140551
3144444
2310041
1435254
2011453
4332534
2444343
0534330
1205455
5024542
3233134
4125533
0222431
4454424
2341525
2450430
5253205
0551531
3133322
1252243
4510215
0251014
1532535
1442310
5404235
0013500
4421012
1423415
0041311
2542424
3254523
3131350
1134511
0451342
5401355
2530544
2023330
3004100
5435511
0434505
0110512
2103103
4515051
4534403
5040302
5505443
1203544
3105031
2043212
1034430
2531104
0104352
5413432
5340231
5214335
1502012
4213425
3020444
2155020
0322333
2123351
3410220
3031245
1231342
1030025
2114234
4201113
2000513
4542130
3315411
2231241
0335300
5224051
1213154
5103114
3301440
3415304
1041533
5045554
0240013
3324014
2445134
3300423
0420050
1350140
2432252
2243050
0145240
3202350
1111443
4033231
4503335
0233303
0055223
5400014
1222530
2214001
3301151
4453552
4431040
5354133
1351422
4121124
0515555
3544115
5252412
0533142
2055002
3055344
2504551
5331532
4345442
1521455
5422544
3420203
3042403
5112131
5324420
4254210
1143104
1312245
5343345
5425125
3241531
4342032
4200202
0240224
1325004
3502522
5523420
3543253
0500101
0314455
2333123
1540352
5021211
2135015
2430412
0334113
5550121
2051110
2402401
1055115
1245321
3530010
4304454
0132420
3350505
0310414
5141002
1004053
4341213
2505402
2100340
1124141
5514550
1343503
0323214
0151053
4230351
4441505
5413003
5142545
2222513
0311102
5215140
3354242
3412032
2404145
3225252
1524222
0401153
0443021
3443441
3123500
2315322
0002325
4113043
0005510
4222005
4114205
2205232
1550034
1012004
5211524
3555001
3412113
4101214
5130400
5150253
0012241
0152154
4014324
1511333
4353301
1420521
4010135
1454301
0244122
5332151
