2121143
3454021
4544241
3535543
0135522
1054344
3001440
1200421
0100111
4114024
2553420
4234103
1445010
1013321
1423503
1125504
0554505
5412242
0225005
5325053
4243223
2205232
3132201
5230131
5052145
3000323
3410111
4224144
4350015
5341422
1555112
5153310
2411404
3315311
4231041
0310254
2344513
1214550
2230314
1253434
5034230
5542352
5551301
2403142
4223501
3353523
0513141
4135312
3111253
1321515
5004521
4333432
4042504
2152124
1352151
4413152
3120322
0012434
0131450
5245120
4054451
2045354
1212244
4520254
0220331
4512313
5214425
0023514
2202053
0033033
4003034
3020112
1514130
1332443
4332200
4430120
1215412
2511245
4405305
1120300
0451012
5345215
3322424
4324324
4452032
0340443
4045345
2530230
3233113
5432225
3425441
5424313
2325024
5213332
4525423
2333355
0312300
2035445
1513211
5022011
4151435
2010233
4453340
2404200
1512524
2045501
3532531
1431231
2031115
5210000
3543155
0341144
5221502
3034205
4302441
3253150
2524201
5534102
3343510
2240525
1043120
3423053
5122135
3314542
2552403
0313031
4540202
3505055
5303242
3122210
1021121
5351224
2304035
2124452
2115251
2251510
3514010
0032212
5115041
1520042
3402554
0451530
5305410
5103433
0542020
1133545
1355132
1000135
5243405
2040031
4140053
0022450
0202022
0523335
2434523
2242411
1234054
2222340
3324234
3004153
4555534
5100204
2410345
0423225
3030352
0205343
4102555
3142044
3144331
0320503
0405301
5441334
5425552
2352532
1442105
1000512
4054352
0051213
3215535
5500544
3445430
0430034
0204455
0334240
4441551
0251325
1104315
0143254
0535451
3455224
4321130
1101020
0150541
2250243
1404402
0115104
1301003
5011503
3055000
2113002
0502223
4410415
5450153
4104530
1155253
4201251
0244212
1252333
1541433
1335104
2310121
0141332
1340350
0414123
3531324
3241104
3550402
2531550
1053222
4501112
2503302
5533014
4015240
3302115
5134414
5011055
5144043
