47
115
218
233
316
422
460
539
613
632
684
689
707
790
841
866
901
906
1109
1163
1174
1208
1252
1294
1317
1425
1564
1606
1698
1795
1832
1872
2077
2218
2260
2345
2374
2385
2435
2480
2574
2706
2784
2840
2852
3079
3098
3176
3212
3265
3593
3632
3968
4198
4238
4261
4274
4305
4377
4387
4421
4456
4500
4546
4615
4650
4692
4760
5024
5161
5194
5232
5394
5512
5649
5824
5892
6163
6196
6232
6281
6412
6689
6722
6788
7202
7312
7488
8222
8249
8263
8333
8339
8372
8418
8459
8498
8536
8548
8616
8742
8778
8785
8900
8972
8993
9104
9258
9292
9377
9424
9492
9537
9602
9733
9746
9824
9864
10275
10313
10352
10374
10392
10501
10688
10772
10792
10881
11010
11281
11300
11330
11528
12309
12332
12370
12385
12488
12550
12673
12809
12848
12930
13120
13315
13336
13444
13600
14346
14404
14496
14608
15872
16438
16462
16473
16540
16547
16624
16647
16682
16737
16777
16786
16917
16937
16978
17030
17200
17344
17427
17452
17506
17541
17608
17688
17732
17824
17930
17985
18064
18443
18488
18501
18577
18596
18626
18708
18760
18978
19080
19201
19489
19536
19714
19972
20493
20506
20529
20547
20648
20676
20772
20816
21064
21121
21250
21524
21634
21761
22048
22534
22624
22912
23056
23560
24613
24660
24680
24714
24769
24849
24898
24964
25091
25112
25248
25606
25609
25648
26368
26636
26642
26912
27200
27776
28706
28816
28936
29188
29760
30721
