127
1012
1514
1753
1863
2489
3627
3980
4835
5334
5489
6318
6949
7000
7197
7555
7856
8890
8989
9359
10460
10865
11572
11593
11970
12469
12587
13190
13720
13843
13928
14407
14816
17198
17596
17691
18787
19094
19176
19534
19920
20914
20940
21049
21543
22154
22292
22644
24129
24806
24952
25163
25685
26528
26669
27018
28184
29392
30018
30993
31266
31876
33486
33641
34140
35087
35388
35746
35994
36068
36625
37112
37222
37461
37963
38848
38963
39316
40454
41388
41426
41511
42041
42644
42762
43114
45872
46242
46341
47752
48208
49323
49461
50072
50566
50701
50800
51289
53924
54019
54417
55490
56608
58568
59568
60224
60419
61468
61537
