476
903
1205
1307
1622
1737
2169
2278
2714
2868
3397
3496
4267
4637
4848
5228
5570
6414
6545
6723
7218
7812
8254
8403
8805
9584
9890
9996
10381
10531
11200
11338
11793
12617
12708
13074
13319
13464
14420
14888
16746
17550
18209
19664
21780
23561
28721
32847
33249
33452
34086
34704
35154
35593
35868
35971
36448
37014
37176
37700
37969
38410
39112
41237
41354
42025
42180
43184
43526
45154
48384
49714
51237
53507
54432
57432
57985
65837
65970
66385
66659
67128
67607
68172
69378
69722
69829
70536
72032
73960
74054
74251
74388
75137
76056
76836
79424
80002
82073
84640
86054
91154
92225
98420
99010
99656
100394
100740
102945
110604
116228
120848
123168
