727
1001
1211
1510
1948
2621
2894
2994
3277
3351
3448
3683
4445
4903
5740
5970
6262
6572
6595
6872
7814
7945
8510
9547
10033
10474
10597
10649
11444
11802
12224
12784
13194
13701
14351
15009
15124
15441
15650
17070
17179
17268
17502
17709
17873
19333
19850
20709
20842
20886
22037
22432
22833
23876
24697
24995
25036
26249
26374
26962
27432
29234
29505
29890
29976
33402
34319
34974
35057
35115
36436
36520
37556
38593
39443
39776
39973
40010
40336
41133
42200
43558
43593
44163
44300
45155
46102
47160
47300
49207
49355
49592
50834
51016
51308
52249
53801
53830
54384
54412
54531
55458
57884
58080
58410
58437
61585
61732
65024
65647
66010
67161
67237
67370
68235
70174
70370
70545
70868
71009
72261
73264
74424
74509
74866
74894
75868
76841
77877
78025
78150
79363
80018
82077
83176
84026
84166
84297
85516
86099
87078
88834
89217
90698
92689
94852
96352
99020
99139
99388
99721
101144
102535
102706
104196
106523
106856
106900
111184
111776
112897
114958
118048
119232
120852
125064
