94
109
167
203
248
314
409
466
484
535
555
628
653
721
796
806
835
872
944
1051
1126
1137
1173
1194
1315
1332
1356
1473
1550
1688
1700
1730
1797
1810
2077
2099
2228
2274
2311
2348
2377
2388
2442
2465
2634
2657
2728
2756
2833
3128
3141
3154
3203
3272
3460
3593
3604
3618
3904
4149
4179
4246
4268
4366
4450
4483
4552
4658
4678
4696
4769
4873
4996
5127
5148
5194
5257
5296
5316
5416
5456
5649
5728
6170
6182
6220
6256
6337
6544
6661
6786
6944
7201
7426
8238
8291
8348
8370
8389
8459
8497
8582
8616
8729
8786
8835
8904
9028
9229
9238
9320
9377
9424
9496
9538
9793
10016
10281
10310
10328
10385
10514
10592
10764
10800
11136
11300
11521
12361
12372
12426
12512
12840
12944
13058
13346
13696
13828
14339
14468
14600
14912
15376
16444
16455
16498
16538
16596
16609
16662
16681
16728
16773
16945
16972
17058
17162
17344
17445
17481
17548
17681
17760
17794
17923
17960
18000
18474
18513
18532
18736
18754
18968
19073
19204
19462
19600
19720
20493
20515
20584
20625
20674
20896
21028
21057
21264
21522
21764
22144
22548
22664
22785
23616
24595
24650
24713
24740
24844
24866
24976
25108
25184
25345
25648
25668
26629
26816
27138
28678
28696
28992
29697
30752
32783
32857
32915
32937
32966
33098
33121
33164
33186
33336
33349
33378
33418
33428
33616
33665
33836
33842
33876
34016
34054
34057
34192
34337
34376
34838
34883
34920
34949
35024
35096
35364
35586
35850
35857
36128
36480
36906
36964
37016
37125
37138
37379
37388
37568
37953
38018
38656
38921
39072
39232
39440
39940
40986
40997
41036
41072
41408
41478
41632
41736
41987
42116
42512
43042
43144
43268
43521
44096
45122
45185
46088
49173
49190
49328
49352
49411
49476
49673
49682
49952
50200
50242
50305
50692
51212
51233
51584
51776
53328
53380
53512
54304
55298
57384
57409
57474
58624
59408
61952
65590
65621
65642
65713
65740
65805
65811
65862
65904
65940
66074
66092
66121
66272
66337
66434
66601
66627
66648
66694
66826
66976
67120
67140
67201
67621
67721
67874
68032
68099
68176
68360
68620
68704
68880
69643
69729
69765
69794
69840
69912
70164
70280
70464
70692
70913
71170
71697
71720
71746
71940
72832
73735
73784
73828
73922
74056
74113
74274
74372
74512
74769
75012
75786
75796
75841
75936
77312
77836
77842
78112
78337
78912
81934
81945
82051
82212
82241
82312
82437
82498
82576
82964
82978
83136
83712
83986
84040
84100
84512
86064
86084
86274
87048
90145
90192
90632
92416
94336
98332
98339
98386
98468
98497
98600
98833
99076
99333
99464
99648
100400
100420
100482
100609
102406
102472
102784
102944
103440
106505
106640
106754
107072
107552
112640
114784
114960
117760
118785
122884
