508
799
1383
2741
3277
3630
4048
4814
5302
5717
6056
6266
6535
7012
7452
8407
9803
9956
10550
10649
12037
12621
12770
14508
15920
17005
17502
17649
19235
19340
21336
21956
23062
23589
23690
24997
25272
25414
26639
27796
28000
28788
29970
30220
31424
33702
34106
34197
35399
35560
35956
37436
37523
37903
40257
41070
41613
41840
42518
43460
44194
46288
46372
47125
47880
49207
49610
49876
50348
52486
52760
54021
54880
55372
55712
57628
59264
59474
61481
61574
66410
66501
66905
68235
68631
68792
70384
70764
70851
72465
72994
73961
74866
75148
75409
76099
76376
76704
78136
78374
79680
80018
80905
82515
82987
83656
83760
84196
84250
85377
86172
86369
86914
88616
89168
90576
92209
93698
94282
96516
99224
99808
100099
100561
100652
100914
101450
102570
102740
102985
103473
106112
106523
106676
108072
110977
112736
115214
115361
115858
117568
120072
123170
123972
125064
127504
131702
131801
132330
133944
134411
134564
136003
136560
137741
137890
138385
139610
140348
140737
141090
141552
141843
142984
143499
143976
144272
145697
146500
148448
148888
149126
149673
149844
150090
150578
151762
151852
152113
152649
155392
155747
155852
157264
158082
161816
164395
164947
165552
165704
166044
166242
166785
168164
168217
169346
170576
171048
172295
172456
174153
176178
177665
181010
181537
183488
184968
185364
188561
189450
191008
192832
196687
197042
197292
197844
199430
200288
201989
202264
202804
203200
205156
206890
206981
208977
214338
215696
216076
217668
221206
221960
226432
229909
230438
230537
234272
238272
240896
241676
245872
246148
251906
