221
1490
1868
2661
2950
3095
3721
4423
4810
5670
5713
6258
6545
6684
7364
7434
8587
8981
9332
9754
10318
10960
11426
11585
12438
12513
12632
13325
14208
14851
16446
17345
17483
17713
18664
18772
20900
21033
21266
21656
25228
25862
26649
27424
32947
33295
33704
34181
36624
41794
42184
45616
47364
49752
50818
51459
52236
54592
57413
57744
61450
66134
66702
67331
67779
67853
68696
69659
70277
70932
72512
72737
73767
74180
74313
74897
76050
77316
78914
80008
82274
82608
84490
85376
86092
91176
94465
98641
99936
100516
102786
106524
114825
115460
120848
131302
131952
132756
133163
134436
134722
135221
136296
136323
137888
139347
139448
140833
141445
143650
143940
146448
149650
153665
164118
164889
166336
168076
168705
174600
197025
197164
197682
197701
199185
200912
202758
205442
206944
213272
218624
229450
238848
