255
1823
2919
3499
3797
5046
5498
6780
7247
7580
7906
7985
9180
9838
10647
10985
11066
11482
12196
12729
12999
13556
13607
13913
14218
14451
15117
15809
17273
17845
18123
18893
19123
19795
20013
20963
21149
21326
21678
22480
22742
23464
23908
24090
24950
25659
26088
26262
26437
26812
27586
27918
28272
28781
29459
30369
30859
31064
31270
31765
33770
34265
34471
34676
35166
36076
36754
37263
37617
37949
38723
39098
39273
39447
39876
40585
41445
41627
42071
42793
43055
43857
44209
44386
44572
45522
45740
46412
46642
47412
47690
48262
49726
50418
51084
51317
51622
51928
51979
52536
52806
53339
54053
54469
54550
54888
55697
56355
57550
57629
57955
58288
58755
60037
60489
61738
62036
62616
63712
65280
68729
70315
71269
72530
74979
78165
78989
80290
80529
82362
82662
85046
87842
88327
90714
90924
92465
93832
95302
101044
101059
102216
102620
103848
106872
107334
107924
114839
116065
118289
121868
127497
134840
136425
137893
140657
140742
142979
143454
144228
148583
149626
150324
155010
155859
156330
158233
161292
164284
164566
167521
168525
170786
171096
175496
176277
180531
183444
184963
185609
189256
189732
197031
197337
197790
197965
198195
198624
198743
199114
199465
200081
200454
200946
200987
201612
202036
202314
202798
203972
205036
205327
205714
206122
206420
207132
207458
207909
209464
210689
211017
211986
213053
213460
213827
214661
214808
215265
215628
216075
217448
217622
218193
219288
221577
222384
223366
224576
225315
225984
229483
230165
230738
230956
231565
231780
231962
232610
233921
234503
235152
235569
237622
238241
238617
239824
239875
241802
242784
244228
246030
246384
246984
248704
250020
251970
254021
255490
256040
258320
