727
1001
1211
1510
1948
2621
2894
2994
3277
3351
3448
3683
4445
4903
5740
5970
6262
6572
6595
6872
7814
7945
8510
9547
10033
10474
10597
10649
11444
11802
12224
12784
13194
13701
14351
15009
15124
15441
15650
17070
17179
17268
17502
17709
17873
19333
19850
20709
20842
20886
22037
22432
22833
23876
24697
24995
25036
26249
26374
26962
27432
29234
29505
29890
29976
33402
34319
34974
35057
35115
36436
36520
37556
38593
39443
39776
39973
40010
40336
41133
42200
43558
43593
44163
44300
45155
46102
47160
47300
49207
49355
49592
50834
51016
51308
52249
53801
53830
54384
54412
54531
55458
57884
58080
58410
58437
61585
61732
65024
65647
66010
67161
67237
67370
68235
70174
70370
70545
70868
71009
72261
73264
74424
74509
74866
74894
75868
76841
77877
78025
78150
79363
80018
82077
83176
84026
84166
84297
85516
86099
87078
88834
89217
90698
92689
94852
96352
99020
99139
99388
99721
101144
102535
102706
104196
106523
106856
106900
111184
111776
112897
114958
118048
119232
120852
125064
131509
132662
132810
132933
133860
134801
135793
135821
136462
137770
140130
140317
140513
140690
141363
142406
143450
143526
143657
146568
147698
148615
149589
149673
149798
151612
152649
154642
156197
157264
158338
158977
164515
164652
164816
164947
167682
168168
169496
172148
172295
173700
174496
177472
180577
181524
182832
183488
186632
197510
199250
199457
199842
201544
202777
205137
206116
206981
207114
213697
214065
214338
215440
217226
217349
221206
229909
231008
231748
236160
237762
240656
241676
245848
245924
247811
254720
262515
262543
263920
264660
265633
266827
267572
267720
268570
271192
271268
271399
273155
274588
279490
280723
282384
283404
285736
286997
288096
289348
293248
295702
296041
296085
297031
298034
299054
299218
301193
303553
304706
305808
307717
311889
312868
313866
319622
321569
323656
327862
328899
330852
330904
331896
332813
333859
336481
337428
338224
342536
344583
345476
346784
349760
352300
352464
355330
360741
361808
362882
364033
376930
393433
394412
396168
396299
397335
398434
399436
399536
401934
405024
406208
410216
410260
414032
416257
417859
419864
422916
426314
428305
430468
440322
442381
459036
459232
463396
466176
468040
492550
493608
495681
