4590
4791
5245
5931
6100
6363
7026
7053
7495
7608
7710
7905
8571
8925
9447
10062
10161
10430
11031
11240
11565
11730
11892
11915
13116
13251
15411
15564
16855
17022
17595
18205
18402
18669
19275
19380
19825
19854
20007
20184
21850
21925
23125
23210
26217
26262
26982
27033
29005
29106
29211
29412
29742
29905
30600
30840
30855
31521
32020
32322
33213
33515
34014
34680
34695
34935
35630
35793
36123
36324
36429
36530
38502
38553
39273
39318
42325
42410
43610
43685
45351
45528
45681
45710
46155
46260
46866
47133
47330
47940
48513
48680
49971
50124
52284
52419
53620
53643
53805
53970
54295
54504
55105
55374
55473
56088
56610
56964
57630
57825
57927
58040
58482
58509
59172
59435
59604
60290
60744
60945
116902
197942
198236
198307
198995
199084
199225
199366
199786
199829
201080
201095
201262
201425
201755
201956
202562
202829
202930
203540
204065
204424
205085
205282
205387
205492
205937
205966
206632
206887
207064
207745
208196
208402
208982
209065
210320
211210
211552
213326
213425
213527
213736
214061
214226
214916
215156
215179
215842
216344
216641
217187
217865
218672
220166
221242
221381
222467
223756
225572
225922
226376
227345
229675
229844
230002
230029
230471
230584
231185
231454
231649
232264
232834
232996
233525
233674
234400
234764
236035
237676
237715
238342
239296
239920
240649
241985
242200
242722
243844
247136
248069
248464
250130
250436
251009
251944
254344
254497
254996
256066
328549
328602
329017
329158
330076
330147
330294
330441
332107
332212
332317
332514
332839
333016
333697
333937
333966
334632
335122
335428
336174
336337
336504
336519
336973
337074
337684
337947
338148
338754
339336
339489
341514
342277
344434
344461
344619
344788
345118
345313
345928
346183
346296
346897
347428
347778
348268
348307
348934
350656
353184
355408
356632
356929
357508
358434
360727
360936
361038
361137
361588
361611
362274
362541
362706
363396
363841
364056
365392
367776
368739
368796
373122
373284
373777
374856
376921
378373
379146
381217
381576
382018
382996
385348
385554
386088
387201
394090
394133
394697
394835
394924
396389
396442
397613
397778
397940
397963
398414
398513
399128
399383
399592
400193
400772
400930
401735
401848
401950
402145
402475
402644
403330
403570
403597
404260
404753
405064
405593
405670
406880
407045
408208
409883
410084
410189
410290
410744
410759
411425
411694
411857
412552
412994
413204
413852
415424
416048
416777
417845
417994
418640
419084
420355
421024
422273
422440
422930
424004
426353
426382
426535
426712
427037
427234
427844
428107
428212
428818
429352
429697
430138
430277
431363
432652
433232
434953
435760
436672
437254
438548
438850
439432
440353
442454
442537
443792
443914
445024
446792
446993
447524
448642
450850
451204
451649
452632
529144
530479
532260
532980
536344
541327
542962
544641
545081
557391
558321
560962
586050
586369
586776
587812
590681
590758
591418
591557
592181
592330
592531
592982
593065
594206
594401
598573
601378
602218
602261
603401
603728
604678
607307
607412
609092
611216
611852
612611
613472
614492
614563
615872
617008
620680
624520
624760
626771
626860
628016
629440
629765
630982
631648
632323
633100
634000
639077
639130
640262
641545
643618
647441
656214
656297
656748
656787
656949
657098
657722
657861
658019
658076
658521
658598
660594
660621
662402
665409
665678
665777
667749
667802
668934
669344
670032
670217
672039
672216
675368
676038
676704
677379
678156
679056
680019
680108
680714
681264
682688
683013
684564
688667
688868
691476
692316
692387
692997
693696
694832
695306
696374
696521
697232
697868
698627
699488
700712
704618
704661
705801
706128
706976
707078
710721
713858
787811
787868
789100
790869
792198
793928
794129
795019
795346
795671
795880
800835
801184
803441
804626
804893
806084
806966
807113
811781
814090
816161
819634
820270
821383
822049
824074
825496
827449
829972
832580
837280
837968
840068
844360
983091
983244
984480
984585
985350
985680
988180
989313
992322
993320
996096
999745
999972
1003530
1007760
1016088
1016450
1020000
1024005
1035264
