13301
13679
15007
15609
16332
22012
22079
22991
23286
24405
24490
25519
27130
27743
28521
28566
37727
38650
40111
40806
40857
42486
42703
43327
43772
44890
44965
50169
50591
51823
52469
53052
62262
62410
62809
63077
63132
63852
63893
64169
64570
64710
71545
71567
71807
72627
73174
73445
74207
75708
76662
77359
77523
83183
83930
84767
84972
85363
85689
94799
94906
95445
96019
96483
97061
97610
97712
99007
100323
101333
101711
101818
111033
111219
111647
111852
112426
112858
113436
113632
114051
114249
119087
119251
119926
120652
121020
121734
122403
122576
123365
123606
124083
124784
124809
125049
125071
125763
126246
126485
135919
137142
138108
138527
138723
140479
141171
142159
142265
142805
143078
147839
149477
150483
151162
151183
160179
160377
161002
161580
161744
161839
162012
162586
163209
163395
165679
165852
166111
166890
167289
167603
176506
176527
177363
177941
178405
178979
179824
179850
184806
185045
185423
185529
186243
186483
187209
187312
187685
187926
188959
189155
189564
190278
190646
191372
191763
191968
198239
199087
199932
200501
200649
209142
209859
210268
210341
210585
211305
211541
211628
212019
212742
217247
217942
218025
218426
219850
220249
220326
221024
222058
222101
222479
222774
222924
223548
223686
223984
224357
224410
234341
234394
234992
235068
235206
235830
235980
236047
236650
236693
237679
238425
238502
239050
240186
240726
240809
241552
246010
246579
247125
247212
247401
248217
248412
248485
249027
249610
258101
258249
259744
260432
261132
266687
268243
269289
269690
269903
270012
272159
272362
272623
273843
274037
279263
280438
281525
281903
282073
282339
291286
291564
291955
291983
293744
293763
294172
294438
296063
297843
297871
298476
298710
307683
307759
307929
308405
309126
309366
310085
310569
310736
310803
315765
316083
317210
317408
317471
317674
318787
319109
319823
319932
320122
320745
321315
321747
322329
322954
323148
323248
328559
329205
330490
330911
331612
331686
340826
341302
341449
341744
342287
342585
342726
343210
348409
348988
349125
349603
349802
349846
350566
350618
350803
351285
351436
352009
352319
353644
353881
353957
354645
354729
354972
356288
364751
365980
366165
366249
366937
367013
367212
368432
369461
369612
370003
370278
370330
371050
371094
371363
371772
371909
377770
378169
378310
378383
379376
379446
379593
379994
389212
389286
390032
390405
391690
392288
394703
395001
395766
395839
397210
405599
406374
406428
407098
407237
407861
408010
408684
408726
409504
414479
415081
415125
415324
416172
416357
416409
417008
418037
418761
419162
419238
419475
420195
420438
420522
420921
421637
430332
430905
431446
431530
431715
432531
432730
432806
433353
433932
435184
435557
435609
435884
436572
436841
436885
437263
442543
443244
443286
443957
444106
444730
444869
445542
445596
446288
454810
455984
456201
456966
457408
463219
463541
463919
464090
465706
465872
466245
466563
467386
467580
467599
468195
468777
469209
469779
470384
470412
470602
475612
475878
476995
477104
477263
477363
478486
478764
487705
487904
487971
488518
489605
491024
491807
492009
492243
492726
493445
493685
494406
494883
495129
495328
504108
504342
505664
505923
506032
512330
512624
512652
513043
514089
515456
516483
516677
517162
517328
518944
529631
531247
531418
531893
532083
533119
534489
535523
535932
535951
536250
542543
542643
542911
544230
544476
553247
553449
553683
554166
554885
555125
555846
556323
556569
556768
557551
558965
560054
560595
560671
560873
569820
570086
571203
571312
571471
571571
572694
572972
577978
578172
578191
578787
579369
579801
580371
580976
581004
581194
582003
582325
582703
582874
584490
584656
585029
585347
591167
591606
592377
592591
593770
602287
602988
603030
603701
603850
604474
604613
605286
605340
606032
611312
611685
611737
612012
612700
612969
613013
613391
614652
615225
615766
615850
616035
616851
617050
617126
617673
618252
626933
627657
628058
628134
628371
629091
629334
629418
629817
630533
631567
632169
632213
632412
633260
633445
633497
634096
639071
639846
639900
640570
640709
641333
641482
642156
642198
642976
651370
652736
652806
653577
653872
656287
656890
658165
658543
659286
659372
668586
668985
669126
669199
670192
670262
670409
670810
676661
676812
677203
677478
677530
678250
678294
678563
678972
679109
680143
681372
681557
681641
682329
682405
682604
683824
692287
693612
693849
693925
694613
694697
694940
696256
696569
697148
697285
697763
697962
698006
698726
698778
698963
699445
699596
700169
705370
705846
705993
706288
706831
707129
707270
707754
716886
716972
717664
718090
719365
720016
725327
725436
725626
726249
726819
727251
727833
728458
728652
728752
729461
729779
730906
731104
731167
731370
732483
732805
737763
737839
738009
738485
739206
739446
740165
740649
740816
740883
749862
750108
750704
750723
752512
754134
754412
754803
754831
756592
756611
757020
757286
766227
766505
766672
767045
768134
769312
774533
774723
775952
776218
776416
778572
778672
778890
779289
780323
781888
787452
788143
788831
790329
790469
798970
799539
800085
800172
800361
801177
801372
801445
801987
802570
807023
807769
807846
808394
809530
810070
810153
810896
811877
811930
812528
812604
812742
813366
813516
813583
814186
814229
824170
824213
824591
824886
825036
825660
825798
826096
826469
826522
827551
828246
828329
828730
830154
830553
830630
831328
835830
836547
836956
837029
837273
837993
838229
838316
838707
839430
847929
848069
848652
849488
850336
856607
856803
857212
857926
858294
859020
859411
859616
860646
860885
861263
861369
862083
862323
863049
863152
863525
863766
868730
868751
869587
870165
870629
871203
872048
872074
880963
881289
881690
882464
882732
882896
885171
885369
885994
886572
886736
886831
887004
887578
888201
888387
897392
897418
898083
899093
900736
905494
905765
906313
906416
907395
908096
909843
910048
910476
911430
912656
922085
922326
922803
923504
923529
923769
923791
924483
924966
925205
925999
926163
926838
927564
927932
928646
929315
929488
934329
934515
934943
935148
935722
936154
936732
936928
937347
937545
946762
946864
947237
948243
949568
950863
950970
951509
952083
952547
953125
953674
953776
962889
963203
963612
963808
964650
965392
971043
971216
971910
972876
974368
975125
975398
975939
976768
977008
977033
983862
984010
984409
984677
984732
985452
985493
985769
986170
986310
995532
996101
996752
997984
998409
1003605
1003690
1004812
1005248
1005872
1006086
1007721
1007766
1008464
1009930
1010848
1020006
1020057
1020832
1021450
1023056
1024090
1024165
1025286
1025584
1026496
1026572
1032252
1032969
1033568
1034896
1035269
