678
1293
2131
4293
4402
5000
6185
8300
8715
9552
15488
16537
16710
18656
22080
27392
33172
33392
33923
42500
45122
49448
55312
65566
65889
66728
67970
78368
84993
90244
100872
103680
106513
131125
131274
133400
137730
139680
151809
156680
166944
167948
180864
198160
206912
213026
264484
266772
270482
279073
280586
294985
299168
328772
336136
394498
395393
409680
526112
526992
527432
529425
534562
536836
541196
544898
548929
559361
565384
590402
606480
622628
656516
659552
688146
720905
786439
786488
786880
836608
858112
926208
1053732
1055040
1057472
1065490
1066368
1082392
1097733
1114884
1116208
1118211
1130568
1180200
1180737
1183888
1187846
1310818
1310860
1310993
1314304
1339392
1540096
1572948
1573025
1573130
1610240
1647616
1722368
