3519
8030
10205
12798
16305
21215
21991
23530
28140
28275
30456
31559
31805
38646
39163
40899
43645
46569
46683
47503
48100
48348
51099
52023
52910
54650
56399
58300
59889
61129
61789
61999
64402
64738
71660
73067
73433
77613
78795
79091
80572
81350
83449
85940
88018
89429
89639
90855
91550
93081
93355
95437
96626
96677
97866
99183
101333
101613
103353
104886
105166
107957
108175
109370
111446
111726
113251
113945
116444
118625
118903
120589
121584
122003
122312
124473
125772
126068
127194
127637
128928
134908
138455
139109
141230
143003
143991
144719
146205
146554
147400
149309
153052
153198
154857
155411
158381
158554
159125
160185
161475
161998
167385
168255
169677
170866
171563
173937
175420
175718
176874
177618
179365
182248
182637
183893
184779
184953
186556
188292
189381
189495
191882
192176
192870
194076
194643
195368
199545
200943
202102
202645
203226
204514
206569
208724
210744
211653
214714
215285
215823
217955
218203
219734
220460
221789
222006
222565
224224
224472
226188
226484
227657
230827
232364
232606
234744
235338
235847
237108
238324
239052
239801
240151
241537
242773
244312
245088
246173
247461
248426
249624
251078
251185
252553
254328
256291
257037
258273
266214
268863
269773
271998
273657
274251
275373
275615
277930
279903
280301
282584
283510
285107
289991
292633
293276
293515
294564
296444
298809
299927
302824
303579
304867
305390
307092
308088
310797
312058
313814
314253
314549
316633
317219
317742
318998
320087
320813
320946
322402
322650
323828
325444
326193
327041
328670
330475
331219
333117
335728
336755
338420
339660
341464
341547
343141
345962
346471
347677
349579
349873
350332
351172
352445
354181
354762
354994
355633
356894
357670
358609
361595
362441
363126
363854
365735
366234
366749
367397
369437
369574
369878
371049
372305
373189
375688
375984
377039
379320
380610
381410
381612
382356
384041
386000
386280
389705
391238
396119
396399
398321
400820
401038
401789
402127
404408
405045
406764
407318
408169
408913
410094
411350
411867
413601
414541
414837
417336
418363
419273
419958
421644
422818
425106
426685
427463
429002
429298
431916
432553
433434
433809
435562
435928
436437
439107
439353
440652
442739
443979
445644
447384
447658
448789
450846
451180
453028
453729
454797
457408
459997
460583
462312
462426
463542
465011
466697
467194
468251
468930
469389
470182
471705
472481
474140
476387
477009
478486
478820
479546
480968
482437
484430
485955
487973
489640
490256
493488
494157
495961
496014
497249
497892
499815
502098
503336
504116
505476
505867
508713
508742
508988
510401
510612
515152
516746
517265
521480
527323
529277
531960
533883
535414
538522
539093
539303
543717
543965
546363
546761
548246
548468
549327
550581
551162
552478
552898
554071
554796
555609
556385
558841
560254
561100
562094
563799
564525
565982
566758
568233
568531
569533
571269
572984
574837
575175
576376
578516
578796
579993
581281
583128
583274
583783
585489
586891
588084
588106
588428
590527
591843
592366
593622
596877
597173
599292
599886
600817
601545
602471
603677
604315
605032
607063
607343
609626
610024
610748
611982
613059
613169
616304
618053
619177
619921
620590
624444
625011
626251
627322
627429
627991
629930
630672
631019
631699
633244
634532
635376
636616
637005
639946
640242
641581
642437
643433
644689
646172
647199
648515
649810
650536
651654
652056
652325
656877
656991
659306
660670
662201
662470
662923
665330
665663
666083
667399
668459
668889
668981
670124
671380
672491
673235
674716
675046
677808
679437
680436
681676
683083
684141
686690
686977
687384
688634
690070
690383
690613
693603
694041
694892
695636
696663
697901
699344
699624
703502
704065
705142
705870
707395
707641
709413
709781
711136
711194
713369
714145
714844
717936
718594
722904
723559
724253
725427
728268
730021
730311
731850
732592
733532
734820
736297
737502
738156
739753
741009
741829
744100
744498
745280
745587
747273
747846
748088
750288
751637
753789
755525
756402
757186
758428
759204
759427
760017
760120
762722
762938
766345
766513
768772
771273
773638
774482
775720
778412
779540
785536
788367
790202
791918
792284
793443
793691
794389
794871
796648
797341
798117
800195
800369
801081
801490
801550
801846
803769
806204
807386
808674
809133
811694
811868
813395
814633
815813
818376
821075
821597
822885
824011
824753
826036
826566
828621
830832
832102
832796
833761
836766
837540
838222
838353
840007
840221
841842
843528
843897
844181
844555
847110
848296
849552
853430
856859
857321
857671
858454
859692
860781
861525
863247
863842
864024
864462
865172
867969
869108
869836
870459
871241
872599
875160
875936
877025
878099
879396
879764
880909
881474
881720
885165
886421
887776
888024
889676
889972
892225
893624
894346
894753
895029
897107
899362
901731
902425
903334
904752
906113
906314
910860
911497
919412
920365
920883
921289
922013
923301
923882
924504
926891
927633
928150
928484
930162
930364
931402
931911
933664
935160
935706
937285
938579
939305
940244
943133
944305
944488
945744
947588
951203
952678
953884
954462
955848
955954
959372
959668
961801
962178
964760
966885
969384
970128
971398
972873
973860
975058
975664
977413
978979
983375
984633
985276
987012
988072
988370
991830
992556
993369
997824
999733
1000077
1002634
1003622
1005076
1005827
1008024
1009312
1012801
1015963
1016276
1016366
1018641
1019041
1020941
1022530
1024705
1027140
1028200
1032792
1033568
1034508
1036464
1052649
1053949
1054511
1057531
1059790
1060086
1063277
1064533
1067247
1067869
1070961
1071604
1072818
1072844
1073527
1074767
1075107
1077048
1078446
1079188
1079579
1080033
1082867
1085300
1087448
1088173
1088917
1090910
1091308
1092435
1092715
1094343
1094453
1096120
1097354
1098485
1099213
1101048
1101642
1102238
1102700
1104227
1105433
1106410
1107666
1108125
1109541
1110921
1111217
1113356
1115995
1117660
1117806
1119674
1121423
1123196
1124447
1124787
1126083
1126813
1128101
1129424
1129704
1129780
1131437
1131735
1133274
1134050
1134927
1136188
1136825
1138561
1139834
1140680
1142023
1143379
1144105
1144982
1145357
1148870
1149245
1149387
1150641
1151581
1152357
1154386
1154856
1155262
1156065
1156313
1157478
1158684
1160579
1160816
1164146
1164590
1165895
1167825
1168035
1170196
1170596
1171565
1174184
1174928
1177094
1178689
1180127
1181415
1183698
1184700
1187129
1189368
1191117
1192851
1193826
1194155
1194326
1195564
1197419
1197785
1198522
1198950
1199198
1202058
1202573
1202741
1202763
1205702
1205876
1206393
1208129
1208533
1211032
1211808
1214074
1214583
1216269
1217691
1218465
1219284
1219878
1221037
1222293
1222874
1223586
1224828
1225486
1227201
1228560
1229518
1230260
1231761
1232067
1233138
1233965
1235288
1236576
1237603
1238297
1239086
1241764
1242312
1246186
1247901
1248677
1250761
1250867
1251390
1252172
1254215
1254461
1256050
1257226
1257956
1260321
1260689
1262548
1262828
1263955
1265193
1266457
1267269
1269963
1270449
1272092
1273476
1274472
1275216
1278675
1279055
1280496
1281736
1282229
1282662
1283356
1284201
1287064
1287394
1287972
1291785
1292428
1294395
1296131
1297732
1298856
1300112
1301514
1302614
1306885
1308720
1312693
1315566
1316310
1317785
1318115
1321338
1321575
1322269
1324339
1324745
1325237
1326158
1328315
1329852
1330574
1332712
1332826
1333335
1334565
1336218
1336292
1336540
1337769
1339025
1339499
1339783
1342280
1342576
1345450
1346021
1348211
1348939
1350470
1350716
1352821
1353479
1354480
1354540
1355208
1356444
1357220
1357913
1361692
1362537
1363281
1364281
1365637
1366218
1366944
1370758
1372498
1373736
1378040
1379383
1380165
1380571
1381225
1382828
1384084
1384751
1385173
1387065
1387674
1388448
1388662
1390348
1390915
1393603
1394036
1394342
1395093
1395913
1396965
1399394
1400088
1401177
1402465
1403948
1405360
1405973
1409367
1410605
1411928
1414348
1414929
1415873
1417834
1418552
1420421
1421481
1423890
1426073
1426849
1427486
1430282
1430578
1433996
1434164
1434635
1436417
1443134
1443788
1444531
1446247
1447453
1448746
1449176
1451817
1452636
1453412
1453443
1454538
1455792
1457028
1459064
1460933
1462953
1463697
1464486
1465666
1467157
1467475
1467557
1468880
1469986
1470764
1471046
1473545
1475355
1475817
1477020
1478308
1480048
1480386
1481797
1483918
1485105
1485449
1486871
1488994
1491037
1492070
1492529
1493586
1494312
1495492
1497612
1499320
1501056
1502228
1507769
1509003
1509590
1510196
1512274
1512554
1513991
1516204
1516948
1517793
1519693
1523264
1525005
1526664
1526960
1527964
1529632
1532258
1533464
1540460
1540997
1541716
1542314
1543193
1544760
1547648
1549633
1552592
1556882
1557216
1558565
1560643
1566792
1576509
1577451
1578707
1579230
1580359
1580964
1582487
1582949
1584430
1584856
1585908
1586636
1587315
1589001
1590078
1592753
1592971
1593959
1594653
1596242
1596522
1598417
1598697
1600108
1600852
1601912
1602250
1604741
1606557
1606831
1608419
1609114
1610102
1611342
1613001
1615792
1616399
1619281
1619491
1620625
1621092
1623849
1624492
1625748
1626203
1626808
1627586
1631046
1631292
1632643
1636393
1637394
1638901
1640141
1641400
1643750
1644372
1644889
1645099
1648298
1648813
1649429
1651506
1651787
1653318
1655195
1655417
1656950
1658636
1659872
1660120
1663644
1664420
1666073
1669512
1670688
1672680
1673367
1676099
1676345
1677582
1677729
1678853
1680653
1681528
1683264
1684012
1684628
1687900
1689114
1689188
1690659
1691789
1694280
1696049
1697409
1697988
1699938
1704819
1706364
1706670
1709402
1709800
1710309
1713948
1714585
1715873
1716877
1719490
1720509
1722245
1723120
1723848
1725020
1725796
1726611
1729448
1729690
1730853
1732662
1732931
1734161
1737700
1737948
1739051
1740307
1741191
1742877
1743752
1744048
1745137
1745737
1747508
1748356
1749586
1750312
1754786
1754960
1757889
1759302
1760513
1762373
1764872
1765776
1770894
1771188
1772481
1772657
1773655
1773869
1775970
1776020
1777176
1777774
1778130
1778203
1778979
1780758
1781944
1783680
1787192
1787981
1790726
1791137
1795650
1796258
1799180
1802921
1803665
1805356
1806538
1811078
1812547
1819157
1820824
1821472
1827082
1836505
1836651
1838036
1838316
1840952
1841741
1843644
1844934
1845451
1848365
1850024
1850768
1851757
1853013
1854215
1854674
1855328
1856396
1856692
1857985
1860210
1860938
1863833
1864481
1866260
1868238
1868412
1870009
1870642
1871745
1872085
1874280
1875536
1876323
1876645
1877529
1878102
1880122
1881024
1882373
1884215
1884656
1885896
1887245
1889377
1894680
1895584
1896524
1901414
1903187
1903913
1905205
1905694
1906053
1906928
1908482
1909641
1909937
1911116
1913432
1914208
1917162
1918864
1919649
1922569
1924164
1925191
1927690
1930370
1934531
1936012
1936660
1937816
1939104
1942566
1948680
1952066
1954084
1955857
1958992
1967586
1969301
1970297
1970842
1972033
1973516
1974725
1977154
1977400
1979476
1982806
1984044
1984611
1985049
1987591
1988912
1990272
1991299
1992844
1994976
1999431
2000165
2001994
2003116
2003732
2005537
2008338
2008672
2012289
2015625
2020376
2031783
2033946
2034280
2036420
2037897
2041032
2041349
2042512
2044177
2045988
2048209
2052424
2056233
2059520
2064498
2066184
2072604
2072992
2081924
2093568
