1005
3954
5497
6365
12060
13226
13878
14515
17243
18360
18749
19363
22122
22293
23153
25715
26157
26860
27194
28305
29850
30113
31524
35258
37809
38348
38682
39251
39693
40244
42833
43573
43850
46109
46434
46723
47768
49359
50579
51990
52874
53820
55522
59481
60677
61024
62034
66795
67406
68501
68695
69036
70046
71384
72038
72387
74428
75066
75994
76257
81044
82046
83101
86183
86834
87307
88528
89164
91592
92435
94265
97314
98919
101657
101826
103475
104100
106647
106860
107209
107760
108587
110098
115029
120001
120858
121121
123778
123974
127116
128272
134350
134577
135623
137818
138339
139014
139327
140017
144076
145296
145685
146569
147932
149022
149345
149659
150213
150648
152914
153654
153929
156082
156953
157966
158544
160775
162434
165529
165794
166183
168471
169006
169584
170041
171154
173161
173334
174194
176472
178592
178753
180649
181301
182960
188739
188966
192657
197263
197492
197814
198419
198765
199624
202208
202309
205916
206530
207385
207650
208979
217290
217748
219688
220177
222768
225380
226049
229946
231580
232993
236304
237873
239368
246348
251394
256192
264315
266478
267698
267859
268132
268713
269642
271669
273035
273328
275499
276540
277090
278021
280268
281030
281448
281937
282164
282979
285827
288418
288807
291085
295606
298029
299163
300295
301954
303324
303523
306243
307313
307988
308808
312101
312604
313154
313611
314784
317072
317461
319594
320649
321682
322060
324644
325952
328184
328285
329665
330522
331043
334476
336214
336435
337038
339496
340369
341762
345298
346289
348742
349572
349729
352901
358928
360845
361995
362288
362574
363216
367712
370852
371457
379426
381704
389123
394791
395096
396099
397929
398548
398986
399375
399728
400017
402579
402856
403990
404580
405798
406849
408328
409879
410226
410699
414624
417344
418456
419588
420225
426449
426766
431265
432676
435040
437888
438466
443011
443944
444513
445446
448648
451664
459833
461957
463180
467211
470288
473121
475308
477268
481538
488456
492744
493587
493864
499781
500770
509185
512048
527033
528165
529589
529935
532942
534838
535123
535658
538209
539521
541239
543922
544137
545577
546690
547079
548192
549730
552454
553006
553297
553648
555592
557556
557963
558952
559820
560241
560398
561040
561753
561958
564802
565790
566311
567970
568841
569513
569746
575137
576321
577866
578582
586245
588928
592220
593632
594162
594377
594540
597033
597266
598133
598992
600205
602403
602758
603460
607116
607537
607828
608554
614595
615588
616993
617496
622766
623693
627000
628481
629124
634144
635914
636945
639192
641124
642051
647218
647433
656794
657348
658022
659075
661804
664393
664944
665109
668834
670018
672426
672657
675092
675869
676419
677412
678049
678922
680026
680229
683073
684424
688307
688685
688978
690251
691368
692577
695301
696618
697729
699140
700468
705634
706946
710736
713740
723153
725553
725770
726156
729320
736768
738825
739858
746754
758464
759842
762371
770181
770848
786735
787313
788246
788883
789816
791203
791448
793638
794810
795737
797857
798528
798743
799080
803941
804894
807220
808104
812432
813168
816194
820422
821602
821767
824656
825520
828049
829832
830484
835667
838728
840065
840288
844038
847896
852682
855569
858181
858912
864777
865328
868920
869123
876620
884961
885572
889362
903440
910848
917709
918043
919216
919605
920658
921100
922373
925056
925795
925980
926594
930384
938130
948228
950392
951588
951873
967188
975008
983346
988163
989208
999872
1002528
1007633
1028352
1032202
1051083
1052301
1053243
1055684
1056152
1058394
1060230
1060387
1062060
1062163
1063017
1067736
1068257
1069267
1069544
1069645
1072658
1073451
1073806
1075286
1076528
1078040
1079429
1081593
1082526
1082789
1084984
1086154
1088523
1089766
1090354
1092808
1094081
1097472
1098389
1099081
1099827
1100172
1102595
1106756
1114423
1115825
1116842
1119430
1121541
1123139
1124132
1124940
1126768
1126933
1131236
1131874
1132039
1134464
1135668
1143046
1144384
1147800
1149125
1149792
1149990
1151068
1151394
1157396
1161282
1164456
1166416
1169924
1171493
1180078
1181416
1181940
1192086
1194544
1196135
1196994
1199363
1200433
1201420
1201793
1204425
1204755
1207816
1212699
1215110
1215812
1216653
1217320
1223697
1224739
1230608
1236000
1237048
1238146
1246601
1247570
1248788
1249464
1249830
1253828
1255431
1256608
1263908
1278725
1279043
1286736
1291268
1294358
1298752
1311548
1311623
1313884
1315157
1315568
1316041
1317937
1318991
1319880
1320596
1321169
1322249
1323809
1330218
1331356
1333348
1335716
1338114
1339442
1346834
1349154
1350788
1356042
1360410
1363457
1364009
1368337
1378853
1379906
1381672
1382422
1384617
1393034
1393488
1394761
1403908
1409138
1410069
1413697
1417734
1418560
1442010
1444003
1445664
1446674
1450538
1452172
1454105
1457154
1458953
1461392
1467425
1475121
1477192
1480961
1491140
1491234
1503744
1507681
1508614
1513664
1515572
1527813
1531970
1573242
1574215
1574566
1577558
1578800
1579150
1581489
1581765
1583912
1585368
1589421
1589654
1590474
1591819
1594403
1595448
1599233
1607187
1607890
1610976
1612321
1615128
1616131
1627656
1632784
1634592
1638555
1640547
1641222
1643601
1645200
1647638
1648264
1652772
1656853
1665344
1671732
1675271
1688130
1688836
1704604
1704739
1706373
1710099
1713163
1721760
1727232
1730594
1733648
1736789
1737160
1739056
1742082
1746464
1751048
1769550
1770533
1773844
1781889
1785968
1788040
1794564
1803408
1836428
1836585
1837288
1837618
1840154
1844514
1849616
1853729
1854084
1856017
1868704
1869849
1876012
1881089
1885232
1890306
1900756
1904962
1906180
1908997
1909344
1910914
1916966
1918081
1937544
1967377
1968394
1970340
1975488
1976833
1984002
1986632
2007058
2066436
