5110
6905
8077
9847
12124
13723
17277
18394
19427
20278
21167
23134
25015
25821
26411
26971
28076
30485
31379
31759
32578
36027
38588
39247
40358
40408
43133
43915
45913
46533
47670
48801
50575
52885
53467
57128
58268
60818
62370
63672
63686
64593
67006
67541
68558
69433
73370
74669
75087
75991
77219
78395
79495
79792
83635
84157
85449
86937
87461
87822
90616
90827
90966
91366
91708
92711
93904
94366
97156
97560
98975
101298
102151
102711
105005
105043
106180
108314
110184
111182
112980
117022
119244
120656
120995
121908
121930
123927
124801
125465
128041
133031
134076
134870
134987
138526
140605
142131
142694
142801
143455
143850
146062
146969
148823
149711
150904
151085
154375
155536
156345
157262
157758
158293
158664
159394
160538
161097
161158
161957
165785
166295
168627
168653
169562
170409
173214
176004
177443
178896
179276
180854
182938
184381
185514
186706
188523
189063
191625
193348
197851
199005
199339
199735
201103
201319
202515
203413
205494
206786
207450
208056
211145
211346
212229
213724
214952
215462
216900
218226
219163
219842
220300
221637
223529
224323
225805
226449
227888
230190
230573
232842
232988
233937
234808
234822
237090
237938
238357
239631
242344
243265
247307
249105
251973
255244
256148
256770
258086
258136
263967
265671
267447
269403
273301
277220
277674
282251
283884
284231
285108
285987
288406
289550
290353
291241
293189
295389
297639
297818
299627
302606
302704
303802
303943
304685
305104
306978
307343
307441
308326
308755
310420
310537
312014
312115
312921
313252
313916
315768
316173
316817
317463
317834
320707
323140
325256
326416
329571
330139
331341
331444
332604
333942
334800
337561
338974
341202
342346
342817
344967
350888
352541
353674
355461
357922
362070
363729
363820
365597
366048
366981
367890
368731
369062
369868
369969
370857
373144
374532
375426
376879
377298
378040
378181
381466
381540
382086
384513
385864
387122
389379
391180
394195
395567
396445
396858
398158
400290
401096
402665
404999
405972
407336
410014
412441
415393
418597
418843
420227
421140
423504
427087
427442
430363
430437
431500
433283
434231
436421
436536
437330
438812
439169
440582
443604
443689
444593
444748
445478
448258
449156
449560
450732
450897
454802
455685
456800
459189
460430
460632
461590
462721
463096
464069
465961
467723
469388
471203
472116
476693
478354
479530
480065
484240
486920
492089
492484
493891
497296
498440
502308
504842
505873
508578
510544
512137
512276
528298
529630
530803
531991
533310
534473
534969
535119
535506
536357
537245
539015
541399
543291
543911
544593
545055
546691
547993
548576
549326
550074
551604
552022
553592
554448
555785
557543
559852
559901
561594
564809
568590
568984
570051
570922
570964
572720
575006
575145
576390
578356
578378
579630
582937
585219
585805
586916
590683
591407
592501
593603
596380
597259
599221
600238
601177
601540
601650
603018
603235
603414
605708
606635
607580
608474
608583
609068
609712
611988
613138
615217
616005
616673
620565
621698
623738
624524
625814
628273
629186
631947
633107
633477
635297
636232
639381
640802
642061
643158
644289
647826
649608
655551
656989
658373
659121
660267
660885
664775
664922
665260
665820
666667
669330
670484
671112
672217
672690
673070
674101
675266
676748
678038
679434
680771
681377
684171
685084
686370
691986
692572
694208
694840
694854
696717
696859
698546
699413
700965
702785
705683
706309
706827
710856
711713
712982
714288
715276
717890
721366
722740
723258
724046
724321
725534
726434
726665
728272
729383
729809
729932
732064
733465
735747
737957
738361
739913
741484
742407
743809
746026
746696
747856
748580
751360
754563
755865
760100
761916
763280
763398
770190
770840
773760
774320
789150
791473
791885
792358
792789
793064
796060
797843
799801
805261
806170
807625
809509
811683
812295
814976
815187
820398
820563
821451
821558
822364
822689
824965
825112
826115
827606
827691
830033
831765
832352
832898
833562
836661
837064
839836
839906
840715
843012
844208
846146
846888
848390
850049
853906
855317
856237
856774
860611
860695
861770
863000
864348
866480
868534
870153
871057
871942
873794
877196
878603
880932
883264
885070
885464
885541
887338
888640
888979
890977
891412
892040
894624
897545
901699
903364
906112
914448
918923
919673
921356
922226
924836
926598
927505
928393
929838
932034
934415
934740
935576
936106
937029
939312
942229
944658
950964
951113
951843
955018
955414
955496
956429
956816
959812
966144
966746
969504
971281
975552
979208
985223
987211
991386
992269
994562
999699
1000836
1001056
1001500
1007686
1015893
1016232
1017026
1018928
1021185
1026120
1028228
1038338
1040417
1049531
1050319
1051479
1052085
1054073
1054879
1056299
1058262
1059277
1059750
1060154
1062430
1063154
1063832
1066047
1068243
1068366
1068728
1070492
1072774
1074129
1074853
1075371
1076809
1079574
1080705
1086373
1088202
1088598
1089823
1090985
1092743
1093393
1093852
1094709
1094731
1099958
1100185
1100303
1102123
1102165
1103298
1104433
1107718
1108261
1109020
1110572
1110610
1112392
1116734
1117404
1118558
1121155
1121704
1122068
1122909
1124010
1125041
1125421
1125958
1126805
1128201
1129491
1131444
1132851
1133253
1133400
1135127
1135458
1135755
1136909
1138990
1139802
1141186
1142560
1144132
1145354
1148276
1148307
1150601
1151161
1152046
1154369
1155875
1156756
1157274
1157900
1160128
1161380
1164170
1164387
1166724
1166866
1167945
1169056
1171597
1175856
1180405
1182170
1182894
1183712
1184541
1185388
1185674
1188399
1189043
1189592
1189701
1190595
1191476
1193101
1194251
1196461
1196635
1196998
1197873
1198890
1200531
1202825
1203221
1204572
1206704
1207492
1208980
1209859
1211432
1213975
1215757
1217347
1218599
1218649
1219760
1221522
1224202
1224762
1227552
1230106
1230476
1231636
1234212
1236544
1237769
1239059
1246153
1246507
1248037
1248849
1250454
1251780
1253582
1254200
1254820
1256776
1257825
1258246
1259548
1261184
1261754
1262669
1263056
1263142
1263702
1264801
1267224
1268994
1269813
1270496
1274248
1278364
1280646
1283272
1287193
1288577
1292354
1294599
1294993
1296428
1303682
1315246
1316690
1316973
1319283
1320835
1321499
1322069
1322636
1324488
1326372
1327563
1327773
1330066
1330949
1331414
1333306
1337112
1337560
1339431
1340592
1345201
1345356
1346260
1346345
1347139
1348762
1348871
1349916
1349986
1351552
1352393
1352500
1353806
1356554
1358341
1361450
1363280
1364611
1365524
1370784
1372185
1372548
1375234
1377677
1380106
1381042
1381925
1384636
1386759
1387920
1389123
1393942
1394376
1394830
1395044
1395737
1396849
1400979
1401385
1403412
1409223
1409338
1411125
1411528
1412258
1413772
1413905
1415179
1418562
1421334
1421416
1422465
1425500
1425825
1430792
1431696
1434660
1435713
1443732
1444454
1445139
1447011
1450393
1451278
1452182
1452880
1454641
1459335
1461640
1467018
1468429
1470657
1474731
1474902
1475644
1476033
1477028
1478805
1479392
1480201
1481234
1485857
1488144
1489032
1491525
1493186
1495054
1497345
1499426
1500232
1507359
1507810
1510040
1512020
1513776
1516165
1517074
1517610
1524492
1526275
1527972
1529928
1533185
1540682
1541920
1547268
1548496
1569280
1573852
1574582
1576538
1578705
1579790
1580092
1580434
1581275
1582190
1583159
1584451
1585939
1587076
1589626
1590055
1590725
1591389
1592617
1593525
1594010
1594893
1595971
1598376
1598772
1599170
1600324
1602826
1603724
1605136
1606265
1606813
1607435
1608339
1610915
1612624
1614478
1616276
1620009
1621184
1623952
1625226
1625636
1626820
1627224
1628576
1630595
1630741
1638717
1639511
1639882
1640353
1640555
1640913
1641766
1643333
1645081
1645701
1647026
1648464
1649352
1650703
1651252
1651864
1655374
1655980
1657506
1659270
1660177
1663188
1663305
1665080
1667713
1671958
1674520
1676072
1677362
1677388
1680645
1683537
1687579
1690369
1697288
1697798
1704271
1704682
1705400
1706403
1707209
1707348
1708342
1708679
1709083
1711873
1712726
1713954
1714476
1716809
1718417
1719302
1720892
1722184
1723088
1723442
1726744
1728678
1729617
1730634
1731105
1732869
1738118
1738782
1739656
1740972
1741010
1741893
1745201
1746561
1755269
1757730
1761432
1764608
1770035
1771204
1771700
1772354
1773096
1774480
1774860
1775754
1777833
1779781
1786051
1792516
1798162
1802765
1805315
1810698
1813008
1819668
1823040
1835415
1837793
1838095
1838896
1840808
1842756
1843981
1845642
1847622
1849890
1852834
1852947
1854612
1859614
1860745
1861905
1868738
1870008
1870149
1871988
1872265
1874054
1874961
1876133
1876312
1877042
1880720
1881100
1884369
1884460
1885254
1886243
1888530
1890824
1901195
1902108
1903492
1904931
1909894
1910056
1910866
1912321
1917336
1924128
1925890
1934409
1938946
1942084
1947904
1950256
1953797
1966874
1967397
1968661
1969794
1970513
1977368
1978784
1982668
1983361
1984774
1986601
1992196
2000464
2003716
2007592
2011139
2020480
2032785
2033929
2040084
2044992
2049034
2058368
2064422
2068504
