127
911
1510
1715
2537
2748
3285
3418
4949
6758
7183
8634
9389
9585
9799
10525
11318
12000
13217
13404
14419
16821
17251
17566
18674
19396
19513
21037
21968
23178
24793
24918
25706
25987
26725
27440
28172
29988
33494
34091
35143
35441
36236
37069
38704
41187
41324
42634
43472
43653
45113
47370
49722
50259
50950
51292
51977
52576
54856
57359
58564
59560
66358
66763
68497
68716
70264
71045
72994
73879
74690
75819
76196
76952
78476
82203
82510
82983
83368
85268
85569
91666
92488
95241
98478
99357
99730
101064
101537
102880
104978
106586
110336
110868
111169
115331
117284
118936
123170
124945
131548
131818
132375
133275
133709
134576
135409
136972
139595
139806
141090
141432
142660
142865
145570
147655
148370
148596
149774
149841
150177
150728
151945
154642
155699
156952
157844
161408
164210
164391
164942
165313
166676
167464
169108
172422
174369
177248
180329
181410
183301
184644
184849
190530
197203
197690
198709
199520
199814
199945
202273
204902
207041
209192
214338
215576
217252
221322
221445
225360
230154
232528
237744
238595
239628
248192
262611
263416
263726
264564
265315
265865
267208
267317
270542
270631
270962
271387
271764
273217
273704
275649
278699
278861
279858
280258
280599
280984
281764
283312
284994
286780
287200
287498
289872
291089
291396
295198
295499
297005
297378
298257
298564
303497
304450
305688
307364
311398
313537
314378
315688
319634
320545
327909
328042
328790
329475
329817
330508
331312
333080
333955
337058
338949
344454
346401
349280
354944
360499
362644
366208
369158
370784
377168
380933
393398
393529
394634
395653
395984
397420
401493
402051
403730
404004
405656
409690
410769
413440
418822
419849
427300
427538
428360
431113
432134
437376
439040
442508
442627
444464
458767
460968
463169
463380
468040
475682
477252
491714
526643
528718
529522
531777
531988
532724
534281
535302
537734
539208
541048
542341
545186
546961
549260
557976
558181
559210
560643
561175
563492
566417
569890
574176
575622
581953
582164
588800
590125
591568
591902
592546
595466
596164
599588
601154
602371
604208
606293
614561
623944
628745
640048
643138
656292
656473
657858
659499
661784
664400
673057
676358
677984
680488
688188
694912
696520
721545
725138
730496
738316
739331
753937
754244
786589
788320
789650
791314
793121
794729
801152
804376
807939
808972
813090
819973
823434
828428
836992
852400
860484
860689
868552
885288
918724
920074
926768
929858
934164
934465
950433
990208
1040384
1049916
1050217
1050791
1052890
1056640
1057333
1058248
1059474
1063049
1065196
1066769
1067083
1068578
1069110
1070346
1071365
1074352
1077763
1081689
1083044
1084610
1086274
1088536
1090821
1091152
1095748
1098889
1100050
1106816
1114297
1115972
1116554
1118307
1120592
1122381
1123096
1130945
1131156
1136680
1139296
1140742
1146996
1147681
1152006
1156136
1163532
1180005
1181336
1181782
1182467
1184899
1186852
1188241
1188548
1190922
1196061
1196872
1205313
1212840
1221129
1224722
1229008
1237028
1246432
1254420
1260032
1261872
1278085
1280034
1295872
1311324
1312161
1312826
1314054
1315462
1317088
1319592
1327217
1327908
1335429
1343940
1344145
1351984
1353731
1360916
1366528
1368136
1377420
1378882
1384656
1388554
1393161
1402112
1410113
1443152
1443333
1446178
1447953
1450252
1459240
1475168
1508224
1515553
1540120
1573403
1575720
1577364
1577665
1578152
1581102
1582354
1584161
1585504
1591888
1594436
1597634
1601560
1606019
1607856
1610252
1626145
1640965
1643537
1657984
1659648
1683584
1705538
1706124
1708592
1716229
1730816
1738817
1742080
1753098
1769734
1773640
1835079
1838152
1839369
1845268
1848832
1868834
1871952
1904676
1916946
1935616
1986688
2098160
2098585
2098892
2099606
2099907
2100394
2100517
2102058
2103833
2105797
2106638
2106936
2107746
2108489
2110499
2111532
2112784
2113994
2114332
2114785
2115725
2116678
2118226
2121894
2122025
2122773
2123584
2123802
2128064
2130601
2131284
2132280
2132494
2134194
2136449
2138268
2138387
2139552
2146885
2147372
2148387
2149520
2154608
2163529
2163892
2165779
2167303
2171112
2172545
2173012
2179428
2179633
2180184
2181890
2184322
2187664
2195665
2196356
2196578
2203685
2205826
2213121
2220552
2228643
2228885
2229608
2230500
2230834
2232462
2235968
2236626
2236724
2237025
2238471
2238856
2244792
2245643
2246020
2252876
2255904
2257154
2261261
2261592
2262065
2264322
2265155
2270724
2277398
2278176
2283528
2285697
2294316
2294853
2295568
2295882
2300164
2301977
2310848
2327688
2335040
2359724
2360455
2360913
2361611
2362396
2362816
2364490
2365509
2367665
2367832
2368013
2368612
2371074
2371606
2375892
2376577
2377832
2383939
2385032
2386180
2392417
2392628
2393864
2394194
2399264
2400960
2408473
2424986
2425109
2425897
2426918
2433824
2442756
2447376
2457676
2461954
2466832
2474144
2490569
2490694
2492064
2498602
2499841
2506789
2508930
2515472
2523536
2540608
2556016
2564228
2572552
2590721
2623362
2623704
2625701
2629771
2634384
2638087
2639924
2641160
2641993
2643488
2648577
2655258
2657088
2659520
2662470
2674960
2687314
2689121
2691464
2703402
2715652
2722820
2753574
2755713
2756692
2757377
2765832
2795536
2826754
2854944
2883810
2886276
2887736
2888964
2928641
2933250
2953792
2959368
3014675
3016992
3147075
3147286
3148108
3148912
3150129
3154506
3157124
3158788
3162259
3164576
3178790
3180565
3182696
3184129
3189280
3199108
3204098
3211462
3214856
3215388
3216032
3219506
3221761
3224640
3244043
3262528
3277082
3278889
3281344
3293282
3295748
3310210
3344528
3362817
3408419
3410704
3413136
3416450
3424270
3427329
3436576
3442824
3543560
3549248
3605506
3670628
3671053
3676163
3678289
3687048
3711240
3736864
3768848
3809440
3818512
3948864
3997825
4096004
