10745
21994
39884
40754
62192
62990
73425
93412
111385
121381
132860
143298
158516
176183
177353
186635
198423
208425
209364
213985
217658
235746
236572
259360
267613
277603
289102
293013
304022
305000
314026
314964
332982
336501
343432
344475
363331
386689
398182
402853
408152
411211
415632
428141
429203
450897
462192
463501
499896
500806
510340
528229
539046
552075
556368
565933
566867
576401
594291
599984
604237
607326
611717
625272
626310
648004
661155
672654
676437
690518
691624
712810
713876
723125
726856
752256
762243
773185
797756
799681
803316
806959
826889
853225
858900
878881
897570
918329
924868
928263
962828
972848
983762
996369
1000996
1055917
1062291
1073342
1077605
1092198
1093272
1098586
1099684
1121606
1125253
1127544
1132651
1137072
1147571
1148493
1186454
1190997
1192872
1203808
1212829
1213795
1239201
1258051
1288520
1294452
1295498
1313079
1330625
1334298
1348156
1349314
1374976
1378524
1382177
1384930
1402132
1445644
1446129
1451570
1467076
1496069
1521700
1526289
1544466
1576178
1582540
1587761
1610503
1641753
1643236
1647655
1663185
1667338
1693200
1706697
1709364
1730305
1752066
1757632
1772322
1778204
1806377
1836693
1841512
1847382
1864864
1884769
1906819
1912384
1934216
1976720
1999014
1999960
2031941
2102197
2106742
2125915
2144899
2152257
2166179
2172061
2177888
2181461
2185358
2200150
2201256
2230899
2237261
2243760
2248325
2265464
2266502
2291780
2296728
2298981
2302630
2319952
2347153
2365906
2371345
2371820
2383140
2392793
2393639
2426820
2431033
2437383
2450474
2468364
2474800
2519585
2533666
2539550
2540768
2563586
2566337
2589961
2628631
2632404
2635049
2640186
2644193
2655202
2656028
2682400
2700482
2715700
2736651
2754001
2759212
2765586
2795545
2801957
2829572
2851020
2851890
2886029
2889328
2891955
2909253
2937476
2951270
2957656
2968720
3024520
3033920
3051587
3084704
3155681
3160348
3163407
3167444
3181353
3203605
3214900
3215817
3243009
3254018
3263168
3279332
3282457
3303946
3317970
3318828
3329296
3350833
3363588
3377159
3409336
3414597
3419270
3434608
3474515
3486352
3489957
3539843
3552576
3577992
3605096
3670141
3678080
3680579
3715656
3735958
3745960
3753312
3802694
3813509
3818160
3872848
3941156
3948746
3952913
3967506
4002828
4066337
4186112
