3291
7467
8132
9716
11217
11853
12957
15544
17118
17591
19378
19783
20312
20605
23310
24894
27271
30497
31826
34233
35740
36438
37071
38682
41434
41743
42643
46182
47254
47683
49523
50028
51078
51231
52329
54224
55459
57945
59872
60682
62604
66459
67441
68157
71122
73851
74183
74414
76823
77506
79410
80011
80993
82727
84340
84555
87118
88296
88961
90545
91181
92968
95044
98556
99043
99638
101189
104538
105740
107721
108060
108448
108709
108825
109168
110677
111875
115114
115349
116934
118306
120160
120329
122000
132639
133609
133747
136604
137091
137638
138348
139900
139979
140182
141359
144437
145120
145605
148938
150169
150768
151077
151894
152393
153658
156771
159913
161290
162576
164525
167617
169138
171330
172273
174613
174754
174920
176155
177924
178465
180807
181294
183572
184548
184881
185432
186760
199061
200921
202053
205978
206469
207619
210972
212352
213135
214928
215574
216329
217644
218131
220736
222470
225392
229707
235527
240708
241858
242728
246472
246945
247889
250626
262767
264662
265532
266682
269001
271503
271667
271962
272611
272950
273290
274272
275142
276012
276368
279353
280938
281173
283084
283301
286112
286211
287077
293129
296418
297134
297649
299543
300865
303165
303848
303956
306257
306820
308385
309784
311732
311947
313560
317714
318532
320290
329366
329999
330949
332380
333193
336284
336713
338028
342224
342533
345056
345365
345866
346259
346764
348483
350768
352458
360913
361499
364104
365348
367234
368818
371010
372750
376909
377426
379169
387092
394200
397613
400020
401160
401742
404680
406097
408610
409691
411186
411460
412354
414097
415841
418980
419096
428806
430666
435222
435721
436624
442908
443651
444549
448128
454976
458814
461906
464417
467554
469041
469126
471688
475348
476264
479394
481540
492684
493792
496912
499800
499973
509962
525049
525690
528021
530021
530652
531510
533452
534310
534645
535146
536787
536889
537989
539552
541158
545555
546092
547369
547978
548943
549744
551203
551452
558238
558667
559346
559438
559655
560548
562408
562516
565419
565940
568082
571405
574369
575800
582338
583825
585825
586504
590454
591267
592211
592774
593434
593951
594634
598805
601228
601392
604230
606569
608976
613381
614550
615049
615648
618538
622989
623448
624324
625320
627761
628929
629268
631890
634369
635032
639502
649288
656589
657106
658260
661048
661579
662689
666050
667790
668946
673105
675586
675879
676740
680152
682561
683048
685124
689034
691219
691724
692373
693513
696604
702544
706144
714112
714758
721451
721564
721857
723064
725416
726114
727186
730696
731684
738356
749825
753830
756290
757836
762208
776224
778768
786891
787230
787543
788539
792226
792711
793170
796353
797016
797842
799074
799243
802973
805668
808520
811432
813252
815380
819429
821040
821525
822208
822409
823385
823948
827782
828492
834816
837699
843802
844293
853208
853348
853517
854196
854625
856721
859176
860199
860728
862593
868658
876625
879106
884842
885507
887814
897600
905600
918069
919654
919761
919948
923072
923952
925801
928773
938250
942211
946720
950287
950456
950610
955428
956929
983321
986752
987654
1007628
1016897
1050030
1050311
1050750
1051307
1051415
1053275
1054385
1054477
1055970
1057005
1057522
1059147
1063508
1064706
1065464
1067873
1070386
1071508
1073307
1074084
1075912
1076385
1077585
1077816
1078279
1081973
1082313
1083171
1084620
1084784
1084953
1086524
1088133
1089941
1091635
1092140
1094282
1100070
1102154
1106217
1106454
1108037
1111616
1115092
1115293
1116401
1117988
1119848
1120333
1120920
1123851
1124754
1125464
1127105
1127700
1130583
1136258
1139042
1140104
1140750
1141265
1146927
1149706
1150019
1151123
1151558
1155404
1156230
1164080
1165449
1171664
1177856
1180115
1182520
1182805
1183306
1184460
1185318
1185616
1188677
1192368
1194505
1197113
1197445
1202435
1202848
1204422
1207616
1208588
1213579
1214100
1214733
1217633
1219090
1230600
1237633
1239064
1241122
1247259
1247404
1247558
1249813
1250570
1252400
1253539
1266112
1269833
1271328
1278066
1278149
1278360
1280545
1287185
1299460
1311420
1313177
1313612
1314512
1315029
1317925
1320469
1322054
1325196
1327523
1328329
1329690
1335388
1335875
1336362
1337648
1339616
1343815
1344402
1345038
1346146
1347889
1349643
1352856
1352996
1354497
1355858
1360580
1370242
1376486
1376602
1376819
1377712
1379466
1382422
1383744
1385222
1387168
1388569
1392940
1400965
1410132
1410689
1411128
1411460
1413320
1414178
1417313
1434120
1442390
1442529
1442571
1444018
1447080
1448024
1451650
1455361
1462324
1463362
1468932
1474668
1477256
1478790
1483312
1494048
1508359
1508888
1513601
1517832
1519684
1531922
1540928
1574492
1574880
1575365
1575951
1577622
1578307
1581398
1581955
1582282
1583270
1587226
1589557
1590058
1591385
1591878
1592880
1593737
1605915
1606865
1609346
1612360
1613944
1616264
1616916
1618116
1618449
1622151
1622680
1625345
1626660
1638586
1639077
1640732
1645059
1647685
1648272
1648681
1649472
1651212
1654988
1657248
1659142
1659984
1671618
1672488
1673316
1679906
1688129
1689618
1704180
1707160
1708833
1711364
1712808
1714252
1714449
1716802
1720350
1721506
1724520
1737798
1738794
1744933
1745042
1755328
1757456
1770258
1778052
1780738
1786001
1788424
1806976
1835857
1837288
1838370
1839182
1839524
1840408
1843377
1843469
1843812
1846792
1849409
1851602
1854081
1867830
1868329
1874064
1876995
1884512
1886220
1901448
1902146
1903633
1912962
1916939
1917460
1937413
1941776
1970195
1975376
1982533
1999233
2011144
2015746
2040321
2049280
2098525
2100782
2101655
2102241
2103399
2103928
2104461
2104978
2107762
2107931
2110260
2110494
2116324
2116913
2119266
2119560
2123112
2124184
2126036
2126242
2128932
2131696
2132682
2133379
2134694
2135123
2135628
2136393
2137888
2138540
2138821
2140252
2144298
2145472
2146874
2150553
2150693
2154822
2159888
2163054
2164894
2166216
2166433
2168228
2168327
2169940
2171608
2172516
2175245
2176145
2178568
2179314
2183480
2183761
2186498
2188050
2189633
2196265
2197314
2197936
2200714
2206214
2213932
2215958
2220067
2224768
2229366
2229865
2231578
2232554
2234832
2235141
2237226
2237833
2239116
2240048
2240835
2244796
2245283
2246988
2247814
2249921
2250260
2253077
2253760
2261368
2262468
2262801
2264232
2265358
2267188
2269778
2277778
2279522
2286116
2288641
2294067
2294470
2295564
2296672
2298544
2299945
2303312
2304074
2306086
2310245
2320544
2329112
2331009
2334868
2351368
2360019
2360556
2361221
2362147
2364784
2364953
2366538
2369685
2370601
2372677
2376858
2376998
2381852
2384560
2384652
2387987
2390592
2394468
2394637
2395186
2397332
2400331
2405890
2409057
2412738
2413608
2417025
2425955
2426969
2427668
2428981
2429482
2430656
2433110
2439456
2441385
2457735
2464769
2466321
2467976
2475524
2491569
2492555
2493761
2495076
2495250
2499079
2502712
2503044
2507789
2509352
2517250
2523221
2524064
2527267
2532448
2557314
2559012
2560328
2564289
2573057
2585600
2605104
2622095
2623027
2623914
2625289
2626758
2631881
2633028
2633836
2635344
2636803
2638661
2640150
2642010
2643120
2644320
2646181
2647065
2649728
2650630
2655585
2656849
2659969
2661400
2662423
2663976
2670708
2671048
2676868
2687189
2689317
2689612
2692169
2695747
2696458
2699712
2705184
2707587
2717712
2720402
2721803
2724130
2733060
2736401
2753799
2754212
2754589
2756721
2759202
2761361
2767112
2769688
2771329
2777138
2785475
2790208
2797728
2801705
2806786
2822420
2827297
2834754
2835592
2851333
2854144
2884456
2886296
2891268
2892852
2893838
2897032
2900866
2905345
2909250
2916934
2924752
2937360
2943008
2951362
2954258
2957956
2967816
2969668
2981916
2983072
3014806
3015722
3024640
3031264
3034128
3049544
3064068
3080784
3121154
3148980
3151064
3152172
3153473
3154215
3154510
3155057
3155736
3159684
3160449
3162669
3163025
3163403
3164610
3166350
3167556
3172898
3178710
3179626
3185670
3187552
3189392
3191817
3195164
3196320
3199491
3201104
3211467
3212194
3213906
3221700
3223720
3224642
3228488
3232801
3234308
3235892
3244684
3246101
3249680
3252250
3255328
3277466
3279907
3280768
3281061
3281177
3286060
3287062
3291232
3293808
3293958
3300360
3302544
3312196
3314216
3317960
3319042
3326273
3342428
3343584
3355392
3358762
3361040
3375396
3377282
3407903
3410566
3412073
3413123
3416713
3417536
3420426
3423248
3426565
3429152
3441240
3442881
3443976
3458065
3469316
3473989
3478540
3483651
3491936
3494032
3522818
3539298
3540244
3541521
3555720
3563553
3637257
3671209
3672211
3675157
3675658
3676944
3678364
3680773
3683616
3686499
3691200
3702861
3704580
3708961
3713090
3735920
3736089
3736614
3742848
3776641
3788808
3802440
3805570
3809291
3819009
3819556
3834928
3868737
3934292
3940882
3948600
3949700
3954690
3965066
3970112
4005960
4033024
4063756
4073600
4132896
