3959
9723
13151
15485
16263
16312
53133
53170
54727
54776
54815
55607
56014
56049
58685
59083
59124
59861
59882
59966
61563
62358
62377
64665
64678
65376
82683
85454
85489
87159
87955
87980
88254
88918
88937
91311
91975
92024
93067
93108
94681
94694
94781
97549
97586
98000
98807
101679
102087
102136
103611
104270
104305
104543
105369
105382
108437
108458
108733
109389
109426
110910
111315
111340
114120
114187
114228
150846
151251
151276
152765
153421
153458
154517
154538
156767
157593
157606
157883
158542
158577
160047
160455
160504
163268
163350
163369
164575
167385
167398
167485
169867
169908
170159
170823
170872
173246
173910
173929
174199
174995
175020
176590
176625
179477
179498
179906
199803
200598
200617
202197
202218
202302
203069
203467
203508
206135
206542
206577
207303
207352
207391
209805
209842
212115
212140
245885
246663
246712
248971
249012
249680
251158
251177
252354
252435
252460
255456
255501
255538
256281
256294
256712
258197
258218
258884
280533
280554
280823
283005
283311
286102
286121
286279
286328
287166
290137
290150
290446
290481
292051
292076
292619
292660
292895
293826
296189
296766
297942
297961
299423
299639
302413
302450
302739
302764
303803
306571
306612
306773
306794
308271
309447
309496
310030
310065
329399
330171
330365
332743
332792
335065
335078
335637
335658
336095
336687
339006
339936
341390
341425
341581
341618
342347
342388
342678
342697
378265
378278
378451
378476
379207
379256
379541
379562
381142
381161
381709
381746
384014
384049
385079
385985
388290
388872
390480
391584
394671
395615
395966
397563
400439
401345
402379
402420
404694
404713
405261
405298
406855
406904
407189
407210
407961
407974
408147
408172
443723
443764
444054
444073
444814
444849
445005
445042
446526
447456
449744
450777
450790
451349
451370
453651
453676
456066
456257
457032
457348
476359
476408
476942
476977
477231
479627
479668
479829
479850
482656
482946
483661
483698
483987
484012
486800
486980
488473
488486
489665
492575
493506
493779
493804
494347
494388
495961
495974
496270
496305
499272
500118
500137
500295
500344
503105
505028
505632
505869
505906
542511
543687
543736
545211
548181
548202
548491
548532
549239
549535
552339
552364
552525
552562
554046
554945
555222
555241
555801
555814
559059
559084
559355
559903
561854
564622
564657
564825
564838
565679
565885
568647
568696
568982
569001
570581
570602
571149
571186
572356
591294
591455
592559
594173
594743
597954
598998
599017
601291
601332
601870
601905
603475
603500
603801
603814
604565
604586
604743
604792
640333
640370
640654
640689
641430
641449
641611
641652
643119
644048
646368
647367
647416
647955
647980
650261
650282
652676
652872
653633
653954
656765
657083
657847
660441
660454
662727
662776
663315
663340
664382
666671
667600
669078
669097
669259
669300
670029
670066
670350
670385
705941
705962
706119
706168
706899
706924
707225
707238
708811
708852
709390
709425
711693
711730
713666
715969
716548
718496
719440
732805
739268
739541
739562
740109
740146
741703
741752
742038
742057
745025
745870
745905
746073
746086
748872
750786
751376
751627
751668
754902
754921
755481
755494
755774
756673
758163
758188
758349
758386
761156
761488
762197
762218
762507
762548
765314
765536
766990
767025
768776
787323
790425
790438
792011
792052
792125
792894
793301
793322
795935
796359
796408
797134
797169
797239
799635
799660
801933
801970
802632
835679
836491
836532
838791
838840
839489
840979
841004
841410
842262
842281
845256
845337
845350
846093
846130
846560
848014
848049
851012
868819
868844
868926
871691
871732
872136
873621
873642
874573
874610
875393
877646
877681
878466
878745
878758
879440
880918
880937
881348
884256
885053
885465
885478
888272
888333
888370
889927
889976
890760
891019
891060
891744
894099
894124
894788
895062
895081
897474
897557
897578
934606
934641
937410
937493
937514
939094
939113
940179
940204
940868
943243
943284
943968
944199
944248
945032
946640
946701
946738
949505
950727
950776
950831
953622
953641
954052
955545
955558
956240
956494
956529
957314
959565
959602
960385
960661
960682
962827
962868
963272
983159
983957
983978
986254
986289
988429
988466
988896
989640
989721
989734
992790
992809
993555
993580
993986
995463
995512
996161
998480
1032333
1032370
1033032
1037828
1038608
1042945
1044576
1066686
1067439
1067615
1070027
1070068
1072333
1072370
1072910
1072945
1073405
1073979
1076279
1077192
1078677
1078698
1078873
1078886
1079623
1079672
1079955
1079980
1083003
1083773
1084087
1086255
1088574
1089488
1090503
1090552
1092819
1092844
1093401
1093414
1094987
1095028
1095310
1095345
1096077
1096114
1096278
1096297
1116121
1116134
1116990
1118587
1118879
1121675
1121716
1121875
1121900
1122935
1125717
1125738
1126044
1126051
1127623
1127672
1128214
1128233
1128495
1129409
1164501
1164522
1165067
1165108
1165371
1166304
1167758
1167793
1167943
1167992
1171080
1171798
1171817
1172121
1172134
1175105
1176595
1176620
1177796
1178384
1180919
1181471
1182669
1182706
1184190
1184381
1187158
1187177
1187481
1187494
1188527
1191310
1191345
1191495
1191544
1193019
1193952
1194197
1194218
1194763
1194804
1229871
1230785
1231047
1231096
1231638
1231657
1233237
1233258
1233549
1233586
1236384
1236548
1237387
1237428
1237587
1237612
1240386
1240720
1242312
1243150
1243185
1262989
1263026
1263190
1263209
1263947
1263988
1264270
1264305
1265875
1265900
1266457
1266470
1268757
1268778
1269822
1270736
1273632
1275201
1275524
1276296
1276482
1279303
1279352
1279635
1279660
1280405
1280426
1280601
1280614
1282103
1283016
1285313
1285890
1286349
1286386
1286926
1286961
1289238
1289257
1291856
1292640
1314247
1314296
1314351
1315935
1316749
1316786
1317053
1317721
1317734
1320782
1320817
1321083
1321877
1321898
1323478
1323497
1323582
1326355
1326380
1326788
1360333
1360370
1360445
1363221
1363242
1365131
1365172
1365832
1366099
1366124
1369159
1369208
1370016
1370262
1370281
1370948
1372441
1372454
1372880
1375746
1393558
1393577
1395859
1395884
1396546
1398023
1398072
1398465
1399248
1399307
1399348
1402308
1402389
1402410
1403150
1403185
1405069
1405106
1405792
1408072
1409214
1409877
1409898
1412171
1412212
1412993
1414624
1414681
1414694
1415446
1415465
1415874
1418509
1418546
1418952
1419795
1419820
1421390
1421425
1422212
1424528
1458335
1459015
1459064
1461326
1461361
1462148
1463827
1463852
1464589
1464626
1465032
1467670
1467689
1468098
1468896
1468953
1468966
1470539
1470580
1471361
1475481
1475494
1477773
1477810
1478496
1479950
1479985
1481156
1481237
1481258
1484240
1484299
1484340
1485063
1485112
1485505
1486995
1487020
1487682
1507790
1507825
1507899
1510681
1510694
1511120
1512598
1512617
1513284
1513543
1513592
1514400
1516627
1516652
1517707
1517748
1518408
1519893
1519914
1523201
1556755
1556780
1557188
1561666
1565825
1566800
1569288
1573343
1576251
1576654
1576689
1578159
1578823
1578872
1579127
1579926
1579945
1582987
1583028
1583294
1583955
1583980
1585469
1585869
1585906
1588757
1588778
1622334
1622742
1622761
1625540
1625619
1625644
1627214
1627249
1628309
1628330
1628994
1631373
1631410
1632080
1632345
1632358
1633153
1634784
1634827
1634868
1637640
1654967
1655630
1655665
1657927
1657976
1658768
1660360
1660429
1660466
1661203
1661228
1664281
1664294
1664736
1665474
1665558
1665577
1667157
1667178
1670273
1672077
1672114
1674393
1674406
1675080
1676565
1676586
1676996
1677838
1677873
1680833
1680903
1680952
1681675
1681716
1682128
1683606
1683625
1686594
1713372
1720443
1721235
1721260
1723542
1723561
1725707
1725748
1726160
1726913
1726983
1727032
1730062
1730097
1730837
1730858
1731268
1732761
1732774
1733448
1735776
1736893
1737547
1737588
1739861
1739882
1742274
1742358
1742377
1743129
1743142
1743584
1746195
1746220
1747400
1747469
1747506
1749063
1749112
1749904
1752196
1769775
1770183
1770232
1773024
1773067
1773108
1774681
1774694
1775489
1775757
1775794
1776464
1778858
1779522
1779790
1779825
1782212
1782291
1782316
1819157
1819178
1821953
1824840
1827908
1829024
1831170
1852814
1852849
1853003
1853044
1853782
1853801
1854093
1854130
1855687
1855736
1856277
1856298
1858585
1858598
1859631
1862864
1865026
1865352
1866116
1866305
1869145
1869158
1869461
1869482
1870227
1870252
1870407
1870456
1871931
1872833
1875144
1875716
1876171
1876212
1876758
1876777
1879054
1879089
1881696
1882448
1901773
1901810
1902355
1902380
1902623
1903556
1905049
1905062
1905238
1905257
1908033
1909063
1909112
1909390
1909425
1912200
1913867
1913908
1915104
1915650
1950742
1950761
1951937
1954116
1954464
1958288
1958466
1967166
1968072
1968345
1968358
1968910
1968945
1970515
1970540
1970827
1970868
1973648
1973826
1974669
1974706
1974869
1974890
1977668
1978016
1979585
1980438
1980457
2016480
2017026
2017291
2017332
2019720
2023745
2028560
2049360
2050656
2052110
2052145
2056392
2056964
2059266
2065796
2065985
2066754
2067080
2068688
2071584
2072601
2072614
2114999
2115197
2115963
2117855
2118462
2120751
2122707
2122732
2124999
2125048
2125589
2125610
2127190
2127209
2127501
2127538
2128270
2128305
2128459
2128500
2131295
2131631
2132414
2134989
2135026
2137291
2137332
2137878
2137897
2138935
2141243
2142145
2143635
2143660
2143815
2143864
2144601
2144614
2144917
2144938
2164539
2165717
2165738
2167215
2170183
2170232
2170510
2170545
2171261
2171582
2174361
2174374
2174550
2174569
2176031
2176964
2177229
2177266
2177811
2177836
2212926
2213832
2214105
2214118
2214670
2214705
2216275
2216300
2216587
2216628
2219408
2219586
2220429
2220466
2220629
2220650
2223428
2223776
2225345
2226198
2226217
2230215
2230264
2230525
2231087
2232695
2235804
2235811
2235989
2236010
2236831
2237051
2239827
2239852
2240139
2240180
2241753
2241766
2242318
2242353
2242622
2243528
2278605
2278642
2279187
2279212
2279455
2280388
2281881
2281894
2282070
2282089
2284865
2285895
2285944
2286222
2286257
2289032
2290699
2290740
2291936
2292482
2311513
2311526
2311829
2311850
2312595
2312620
2312775
2312824
2314299
2315201
2317512
2318084
2318539
2318580
2319126
2319145
2321422
2321457
2324064
2324816
2327950
2327985
2328139
2328180
2328918
2328937
2329229
2329266
2330823
2330872
2331413
2331434
2333721
2333734
2334767
2338000
2340162
2340488
2341252
2341441
2362685
2363085
2363122
2364606
2365267
2365292
2366347
2366388
2368631
2369430
2369449
2369711
2370375
2370424
2371899
2372302
2372337
2375120
2375193
2375206
2408751
2409159
2409208
2412000
2412043
2412084
2413657
2413670
2414465
2414733
2414770
2415440
2417813
2417834
2418498
2418766
2418801
2421188
2421267
2421292
2441405
2442059
2442100
2444373
2444394
2446786
2446870
2446889
2447641
2447654
2448096
2450707
2450732
2451912
2451981
2452018
2453575
2453624
2454416
2456708
2457723
2458515
2458540
2460822
2460841
2462987
2463028
2463440
2464193
2464263
2464312
2467342
2467377
2468117
2468138
2468548
2470041
2470054
2470728
2473056
2507661
2507698
2509977
2509990
2510664
2512149
2512170
2512580
2513422
2513457
2516417
2516487
2516536
2517259
2517300
2517712
2519190
2519209
2522178
2523319
2523982
2524017
2526279
2526328
2527120
2528712
2528781
2528818
2529555
2529580
2532633
2532646
2533088
2533826
2533910
2533929
2535509
2535530
2538625
2556222
2556630
2556649
2559428
2559507
2559532
2561102
2561137
2562197
2562218
2562882
2565261
2565298
2565968
2566233
2566246
2567041
2568672
2568715
2568756
2571528
2605520
2605593
2605606
2608386
2610336
2611268
2614344
2617601
2622199
2624982
2625001
2625086
2626683
2627292
2627498
2628430
2628465
2630845
2631513
2631526
2631775
2632589
2632626
2634183
2634232
2634287
2637067
2637108
2637536
2671054
2671089
2671163
2673945
2673958
2674384
2675862
2675881
2676548
2676807
2676856
2677664
2679891
2679916
2680971
2681012
2681672
2683157
2683178
2686465
2704281
2704294
2706573
2706610
2707296
2708750
2708785
2709956
2710037
2710058
2713040
2713099
2713140
2713863
2713912
2714305
2715795
2715820
2716482
2719903
2720583
2720632
2722894
2722929
2723716
2725395
2725420
2726157
2726194
2726600
2729238
2729257
2729666
2730464
2730521
2730534
2732107
2732148
2732929
2769086
2769749
2769770
2772043
2772084
2772865
2774496
2774553
2774566
2775318
2775337
2775746
2778381
2778418
2778824
2779667
2779692
2781262
2781297
2782084
2784400
2786198
2786217
2788499
2788524
2789186
2790663
2790712
2791105
2791888
2791947
2791988
2794948
2795029
2795050
2795790
2795825
2797709
2797746
2798432
2800712
2818509
2818546
2818621
2821397
2821418
2823307
2823348
2824008
2824275
2824300
2827335
2827384
2828192
2828438
2828457
2829124
2830617
2830630
2831056
2833922
2867467
2867508
2867936
2870792
2872400
2873473
2877506
2901319
2901368
2901651
2901676
2902421
2902442
2902617
2902630
2904119
2905032
2907329
2907906
2908365
2908402
2908942
2908977
2911254
2911273
2913872
2914656
2917773
2917810
2917974
2917993
2918731
2918772
2919054
2919089
2920659
2920684
2921241
2921254
2923541
2923562
2924606
2925520
2928416
2929985
2930308
2931080
2931266
2950191
2951105
2951367
2951416
2951958
2951977
2953557
2953578
2953869
2953906
2956704
2956868
2957707
2957748
2957907
2957932
2960706
2961040
2962632
2963470
2963505
2999492
3000080
3000339
3000364
3002945
3007112
3011586
3015893
3015914
3016459
3016500
3016763
3017696
3019150
3019185
3019335
3019384
3022472
3023190
3023209
3023513
3023526
3026497
3027987
3028012
3029188
3029776
3050245
3064846
3064881
3066056
3068226
3068560
3072416
3072580
3097992
3098178
3098945
3099268
3101472
3104789
3104810
3114336
3115600
3117078
3117097
3121345
3121922
3124228
3149715
3149740
3151310
3151345
3151415
3152159
3152583
3152632
3155262
3155669
3155690
3156427
3156468
3156541
3158937
3158950
3161238
3161257
3161922
3181411
3194999
3195797
3195818
3198094
3198129
3200269
3200306
3200736
3201480
3201561
3201574
3204630
3204649
3205395
3205420
3205826
3207303
3207352
3208001
3210320
3228103
3228152
3228207
3230998
3231017
3231428
3232921
3232934
3233616
3233870
3233905
3234690
3236941
3236978
3237761
3238037
3238058
3240203
3240244
3240648
3244750
3244785
3247554
3247637
3247658
3249238
3249257
3250323
3250348
3251012
3253387
3253428
3254112
3254343
3254392
3255176
3256784
3256845
3256882
3259649
3293501
3293913
3293926
3296720
3296781
3296818
3298375
3298424
3299208
3299467
3299508
3300192
3302547
3302572
3303236
3303510
3303529
3305922
3306005
3306026
3310035
3310060
3310142
3312907
3312948
3313352
3314837
3314858
3315789
3315826
3316609
3318862
3318897
3319682
3319961
3319974
3320656
3322134
3322153
3322564
3325472
3342431
3343243
3343284
3345543
3345592
3346241
3347731
3347756
3348162
3349014
3349033
3352008
3352089
3352102
3352845
3352882
3353312
3354766
3354801
3357764
3391638
3391657
3392322
3394656
3397121
3400976
3402244
3425494
3425513
3426073
3426086
3426366
3427265
3428755
3428780
3428941
3428978
3431748
3432080
3432789
3432810
3433099
3433140
3435906
3436128
3437582
3437617
3439368
3442628
3442901
3442922
3443482
3445063
3445112
3445398
3445417
3448385
3449230
3449265
3449433
3449446
3452232
3454146
3454736
3454987
3455028
3474837
3474858
3475015
3475064
3475795
3475820
3476121
3476134
3477707
3477748
3478286
3478321
3480589
3480626
3482562
3484865
3485444
3487392
3488336
3523905
3524226
3524996
3525192
3526677
3526698
3530976
3540301
3540338
3540622
3540657
3541398
3541417
3541579
3541620
3543087
3544016
3546336
3547335
3547384
3547923
3547948
3550229
3550250
3552644
3552840
3553601
3553922
3589712
3590816
3592385
3592964
3595272
3596301
3596338
3621899
3621940
3623106
3623696
3625288
3629633
3635232
3639048
3639310
3639345
3641730
3641952
3645764
3646096
3677573
3687455
3688386
3688659
3688684
3689227
3689268
3690841
3690854
3691150
3691185
3694152
3694998
3695017
3695175
3695224
3697985
3699908
3700512
3700749
3700786
3704007
3704056
3704590
3704625
3704879
3707275
3707316
3707477
3707498
3710304
3710594
3711309
3711346
3711635
3711660
3714448
3714628
3716121
3716134
3717313
3736907
3736948
3737238
3737257
3737998
3738033
3738189
3738226
3739710
3740640
3742928
3743961
3743974
3744533
3744554
3746835
3746860
3749250
3749441
3750216
3750532
3786144
3787088
3788994
3789576
3791876
3792910
3792945
3802521
3802534
3802707
3802732
3803463
3803512
3803797
3803818
3805398
3805417
3805965
3806002
3808270
3808305
3809335
3810241
3812546
3813128
3814736
3815840
3851592
3851908
3852674
3852865
3854355
3854380
3858640
3884225
3885081
3885094
3887504
3887684
3891552
3891842
3896328
3900429
3900466
3901636
3902240
3903809
3908168
3913744
3932285
3933063
3933112
3935371
3935412
3936080
3937558
3937577
3938754
3938835
3938860
3941856
3941901
3941938
3942681
3942694
3943112
3944597
3944618
3945284
3981465
3981478
3982176
3984450
3987713
3990788
3992080
3993672
4014349
4014386
4014800
4017665
4019296
4020360
4024388
4030920
4030987
4031028
4035713
4039760
4040834
4043040
4080068
4080150
4080169
4082976
4084866
4085840
4089985
4096284
4096291
4096706
4101188
4105352
4106336
4108801
4128915
4128940
4131912
4134416
4135172
4138241
4141122
