2991
7036
14683
21490
23143
28243
28894
30349
31022
31636
36538
36991
39402
40523
40741
41710
41845
44814
47702
47779
48236
50413
51676
54094
54844
56486
57786
60144
67483
69475
72251
72398
74047
76517
76879
78316
78429
80263
81446
81736
82797
84637
94617
95011
95540
96361
99887
103829
104621
104758
107433
107878
108659
109116
109506
110795
112225
113425
115665
116846
118963
121155
123463
124060
125197
129546
131963
132597
134766
138179
138601
142109
142312
142631
143934
144293
147013
147647
149839
151205
156518
157913
160331
163616
165703
166455
168591
169262
170325
170724
170778
173163
174475
176435
176582
177929
183084
185185
185682
186411
187025
188821
190565
191538
194888
198781
199142
201054
201131
202596
206634
207450
209634
209965
210243
211256
211593
213496
216856
217301
217754
218502
219429
224065
226060
227398
232304
232325
232778
234067
237096
237735
237913
238358
239820
241155
241780
244996
246539
247988
250406
251584
254162
254568
265339
268009
268478
269731
270105
272039
274012
274226
275909
277007
277345
277557
278910
279247
280497
282442
283053
283415
284120
284765
285126
286354
287203
287577
288150
288556
289449
289894
290875
291444
291722
296247
296845
297581
298183
300629
303040
303439
304667
306513
306596
308450
308508
310409
311923
312296
313657
314243
316772
317665
321738
322069
323719
325192
326914
328668
329334
331068
331654
332943
333169
335076
336491
337242
337685
337888
339114
340806
341560
342736
345415
346279
346569
346744
348394
349733
350490
351136
352798
353489
354644
355617
358540
360946
361111
362186
364081
365992
366354
367202
367372
367704
371048
371734
372782
374404
374853
377230
377652
379588
379915
380304
381014
381465
385299
385698
389568
391216
395038
396017
397531
398157
398460
398899
399046
400166
400780
402519
402745
404930
405866
407376
408602
412074
412187
412884
414520
415858
416456
416775
418252
419480
419587
419900
420486
423009
424321
426428
427938
428387
429085
429288
429650
431269
432206
433456
435342
435764
435905
436778
437060
442598
442972
443539
443945
444694
447364
450928
454824
455186
460003
460377
460460
461203
461383
461609
464769
466452
467301
470149
472264
473123
475421
476098
478754
480432
482624
483467
483889
484932
485600
492602
492996
495721
495879
498818
500237
504608
504849
508321
510033
513036
530917
532266
534990
536420
536950
537287
537401
539308
539747
539917
541436
543158
543838
545131
549647
551578
555842
556232
557886
558027
562790
563741
564102
566861
567075
567575
568152
570336
570698
571450
576325
578456
579794
580200
581996
584230
584835
585908
588065
590063
591694
592250
592693
594829
595239
596055
598867
598950
599401
603659
607914
608148
608497
608843
611952
612684
613649
614551
617256
621061
623225
625059
626441
626971
627540
629441
629774
630112
630878
631237
633893
637320
639842
643173
647211
651526
657197
658125
658262
660085
660559
663440
664755
665969
668105
669288
669446
669788
670114
670227
672467
674595
676273
678414
682090
684071
685081
690267
690350
691809
692451
692600
695555
696381
696946
697228
699462
699688
702597
705844
708877
713027
715273
717380
721439
721889
722138
723850
724011
724293
725810
727272
728642
731190
731331
732684
733326
733461
737582
739940
741929
745549
746881
749920
751760
754374
754796
755996
758180
759301
759857
763712
764576
766488
767010
770201
772103
774218
776960
787131
787303
787805
789677
789914
790039
792484
795128
795710
795851
796273
796971
798593
798829
800019
801926
805203
805602
805660
807514
807873
808085
808206
809099
809521
810564
811317
813253
814256
816674
820705
824377
824963
825383
825745
829096
832261
835088
835615
836261
836714
837328
837748
839456
839884
839986
844169
846860
847953
854574
855888
856936
857538
858883
859186
859784
861580
861842
863257
865364
865441
866378
866596
868836
868949
872508
873094
873545
876658
877256
878978
881424
885037
885843
885926
886300
887110
889520
893540
893706
894256
896192
901464
903336
903698
910849
918898
919496
919916
921144
922794
924865
926286
926948
928293
929044
930452
932616
934121
934279
934454
937225
938324
940196
942362
943008
944720
946370
953988
954924
955202
955414
958758
959576
960658
962571
963968
964704
967306
967441
967749
969152
972824
983371
984117
986528
987238
988440
995905
1002113
1003539
1008680
1016355
1018440
1026305
1033474
1040516
1050999
1052493
1053135
1055791
1056405
1057630
1058552
1059531
1060202
1061491
1063337
1064707
1066271
1067699
1071569
1073263
1073877
1076005
1076620
1078120
1084385
1084882
1086297
1086380
1086819
1090439
1091677
1093861
1095210
1095492
1095822
1096048
1100303
1101981
1104674
1104980
1107729
1108294
1110283
1112641
1115114
1119452
1119815
1120041
1120483
1120541
1121106
1124887
1127361
1127694
1130933
1132843
1133936
1134950
1136790
1137196
1139602
1140388
1141346
1143024
1147260
1147597
1147699
1149606
1150057
1150215
1151518
1153476
1157402
1158944
1159225
1159586
1162306
1163960
1164931
1166152
1168133
1171809
1175628
1180391
1185610
1186474
1186609
1188270
1189391
1189729
1189947
1190516
1192652
1193062
1194262
1196502
1197626
1198697
1200820
1203012
1205450
1206704
1207050
1210381
1215844
1218620
1218761
1220102
1221432
1222882
1223828
1224264
1224794
1225237
1227648
1227809
1229041
1229162
1231002
1232967
1237539
1241380
1246037
1246870
1247375
1248433
1249335
1249912
1252642
1253609
1253746
1256713
1259601
1259684
1262158
1264336
1265993
1268227
1268872
1270023
1273898
1278403
1279586
1279756
1280086
1280424
1280537
1282721
1283083
1286794
1287237
1294381
1300576
1305092
1312595
1314728
1315438
1316154
1318090
1318512
1320308
1321365
1322209
1323303
1323952
1324204
1324566
1325388
1327677
1328038
1328370
1328489
1329388
1329750
1330329
1332747
1333556
1338304
1339593
1339730
1341602
1341976
1344606
1344683
1345252
1345838
1347348
1348998
1350675
1352546
1353160
1354505
1354808
1355394
1358372
1360213
1360666
1362981
1364088
1364674
1366408
1368118
1368716
1369155
1373328
1377039
1379172
1379413
1379866
1382985
1385523
1385670
1386121
1386541
1386819
1388698
1391888
1392731
1393377
1393710
1395473
1397123
1397298
1401256
1403976
1404949
1409127
1410329
1412236
1413450
1414337
1415457
1421827
1429668
1433088
1434192
1434884
1435777
1443021
1445030
1445208
1447189
1447392
1448037
1453585
1454633
1455235
1456706
1458483
1459081
1460419
1461772
1462414
1462865
1466533
1467156
1471752
1475147
1475365
1478017
1478868
1480216
1482860
1484050
1484807
1487169
1492800
1493552
1496098
1499161
1508746
1509168
1509482
1511724
1512530
1516070
1516360
1516572
1523828
1526148
1533970
1536640
1542914
1549472
1554440
1556680
1560848
1574507
1575707
1577891
1578348
1579129
1579574
1579976
1582545
1583271
1583420
1585183
1585386
1586725
1590471
1593218
1593933
1594419
1595655
1597625
1599817
1601044
1603684
1606118
1606231
1608077
1609260
1610037
1615002
1616433
1616580
1618569
1618706
1622419
1622825
1624163
1626158
1630794
1641052
1641129
1641574
1643236
1646340
1646709
1646987
1647162
1649120
1650241
1651032
1653378
1653800
1655335
1657240
1659658
1663812
1665038
1667139
1672490
1673418
1673553
1675378
1675399
1676872
1679532
1680902
1684737
1685524
1687764
1689892
1693705
1700384
1704062
1706916
1707278
1708205
1708371
1708828
1710278
1711625
1712729
1713090
1715746
1719616
1720677
1724632
1725026
1726760
1729068
1733377
1737448
1737767
1738057
1739058
1739395
1741194
1742624
1743440
1745236
1745313
1750028
1753862
1755212
1761936
1767426
1769785
1769932
1771267
1774689
1775642
1776001
1778309
1778980
1780496
1786034
1788226
1795152
1796129
1802804
1810451
1814720
1819201
1827080
1836686
1837135
1838385
1838532
1841506
1842204
1844642
1845016
1845864
1846022
1846354
1849024
1851850
1852272
1853189
1853498
1855769
1856168
1859676
1860115
1864068
1866753
1868620
1869362
1872481
1873232
1874442
1875104
1877125
1880134
1880360
1886342
1888788
1892576
1894672
1901688
1902772
1903747
1904683
1904965
1906193
1909537
1913356
1917069
1917206
1918530
1922336
1923152
1935877
1941577
1943586
1949745
1950592
1966890
1967131
1967777
1968961
1970695
1974371
1977480
1979440
1983172
1983888
1984533
1985632
1991686
2000066
2000937
2005252
2019457
2031825
2036868
2038304
2041924
2044162
2048536
2064398
2064736
2067472
2098670
2098783
2100186
2102589
2103175
2104525
2104662
2106300
2106739
2107337
2107638
2107757
2108985
2110635
2111204
2115819
2117013
2118265
2118867
2119987
2120585
2120888
2122295
2124492
2124706
2126165
2127386
2128037
2131683
2131832
2132838
2133417
2133779
2134516
2136335
2137201
2141274
2141829
2142936
2143043
2143255
2144658
2145064
2146727
2147101
2147990
2148439
2151109
2151753
2153296
2155147
2155697
2156852
2156993
2158706
2158988
2160665
2163159
2165815
2166105
2166504
2167477
2167598
2167930
2169669
2170250
2170672
2172558
2173361
2173707
2174404
2177378
2178076
2179814
2180530
2181548
2181910
2183649
2185332
2187722
2188144
2188165
2188389
2189370
2190992
2192040
2195819
2196766
2197412
2197659
2199124
2200774
2201225
2204492
2205059
2205234
2208037
2209104
2210976
2212442
2214561
2216248
2216834
2218184
2222214
2224660
2231610
2231947
2234280
2234519
2234925
2235618
2235992
2237331
2237788
2239075
2239660
2240022
2240753
2243857
2245518
2246384
2248940
2249302
2249379
2251036
2252999
2253225
2255186
2257856
2258068
2259082
2261689
2262134
2262732
2263881
2264454
2265706
2266900
2270688
2273357
2274360
2274946
2275366
2278194
2278808
2279544
2279565
2280130
2281525
2283936
2285598
2286161
2286244
2295181
2295634
2296498
2299979
2300368
2302062
2302676
2303003
2303649
2304804
2305136
2306567
2310259
2310716
2310857
2313292
2313475
2315025
2316932
2320405
2322520
2327141
2327857
2329102
2329793
2330780
2336809
2339082
2341440
2343082
2343252
2349074
2355329
2362864
2363623
2365282
2370707
2372686
2375428
2376491
2377556
2378420
2378894
2379457
2380854
2384925
2385128
2386183
2386328
2388625
2391120
2393305
2395468
2396977
2399380
2401578
2402192
2403936
2409922
2412056
2412698
2414240
2414636
2416852
2428429
2433229
2434228
2437203
2438409
2441401
2442771
2443144
2443474
2445716
2454658
2459457
2459925
2462755
2475120
2475141
2476322
2491439
2492053
2492869
2495890
2499192
2501705
2505376
2507866
2508196
2509873
2511171
2512009
2515122
2523419
2527688
2530817
2532613
2548488
2550912
2557288
2559128
2561093
2561546
2564486
2581776
2584612
2591780
2597954
2605712
2624963
2625138
2625420
2625950
2627274
2627409
2627694
2628308
2628635
2629281
2630506
2631077
2632789
2634418
2636361
2638285
2639513
2639933
2640519
2642740
2646107
2646190
2646753
2647366
2648849
2650499
2652182
2654458
2655375
2655797
2656811
2657200
2657508
2659420
2659746
2662503
2663705
2664604
2667022
2667713
2668868
2670961
2673034
2674857
2675219
2677765
2679352
2685568
2688372
2688709
2691289
2691683
2692268
2692630
2693417
2695725
2696418
2696792
2697798
2698514
2701184
2705185
2706368
2707471
2707794
2709666
2710040
2711836
2713737
2715697
2715844
2720519
2721224
2721869
2722872
2723458
2726436
2728593
2732136
2734083
2736182
2736323
2736780
2741392
2744736
2746448
2753657
2753815
2754214
2754969
2757387
2758084
2759520
2759732
2761541
2762122
2762544
2762767
2764480
2765100
2765906
2769378
2769752
2771624
2772114
2773050
2775121
2777204
2779524
2785493
2785614
2786842
2787201
2787621
2788688
2792584
2796290
2798113
2804244
2805894
2810056
2814224
2821649
2822732
2823299
2824454
2826424
2826531
2828616
2834597
2836784
2838920
2843154
2851218
2851624
2852962
2860052
2884822
2885228
2886950
2890072
2895370
2897048
2900882
2901155
2901304
2904304
2907520
2909828
2910560
2918993
2922248
2923586
2925250
2926753
2929700
2941970
2949546
2950545
2952289
2955397
2958343
2959920
2968596
3002625
3016259
3018781
3020065
3023497
3036688
3048624
3064416
3081988
3095552
3097792
3098634
3113993
3117136
3146233
3147437
3147574
3148924
3149510
3150491
3153316
3157840
3158797
3159129
3159490
3160135
3161138
3161736
3163075
3164984
3166634
3168144
3168346
3168992
3170788
3172465
3173387
3174460
3175046
3179973
3180426
3180725
3183143
3183848
3184210
3185228
3185944
3186899
3187305
3187878
3188252
3189027
3194939
3195086
3195508
3196204
3197828
3199254
3201155
3203416
3205288
3205650
3211454
3212491
3212913
3213646
3215233
3215469
3216659
3217058
3220792
3221720
3224138
3224709
3226145
3229893
3230346
3235926
3236003
3236377
3246659
3248992
3249204
3250218
3250832
3252239
3252628
3253952
3254372
3255313
3260809
3262492
3264593
3275008
3277676
3278243
3278617
3279516
3279623
3279955
3281950
3282625
3285323
3286069
3286916
3289496
3289890
3291240
3293277
3295286
3295688
3297648
3297669
3304065
3305491
3310544
3313312
3313842
3313961
3316034
3318342
3318921
3320076
3328273
3330696
3334530
3339328
3342891
3343588
3344737
3345684
3349256
3353730
3354948
3356176
3359002
3359648
3360261
3363010
3367052
3375398
3376216
3380608
3381253
3384065
3399728
3409308
3410315
3411491
3413169
3415361
3416746
3417669
3418142
3424407
3424984
3427602
3429572
3430917
3433857
3434032
3442802
3445773
3455168
3457456
3459145
3469345
3474725
3478100
3480582
3483394
3484292
3486816
3493024
3494936
3507346
3507752
3523078
3540294
3544612
3548368
3550496
3556994
3561616
3572833
3574794
3589140
3608128
3629121
3670319
3670933
3671386
3672032
3672677
3673258
3674950
3675529
3675704
3679436
3679875
3682657
3683604
3684497
3684618
3686942
3687604
3688788
3688865
3692684
3694898
3695496
3696834
3699280
3705192
3705878
3706955
3708548
3709697
3711780
3712112
3714432
3719842
3722816
3723712
3725360
3727381
3736274
3736393
3736605
3736966
3738402
3740080
3742912
3746053
3747878
3752168
3754003
3756673
3769505
3770128
3772684
3776834
3779080
3802708
3803376
3803722
3804293
3807267
3809430
3815940
3817611
3818033
3822850
3827736
3829920
3834381
3838052
3838993
3842090
3844161
3850322
3866695
3868296
3868716
3875424
3878921
3887124
3904002
3917952
3935888
3941417
3948646
3949649
3964988
3966211
3982472
4001032
4022416
4031556
4068224
4068424
4071697
4079884
4105728
4129826
