16327
16376
53197
53234
54718
54907
55663
55967
58719
59055
59835
60030
62422
62441
64729
64742
65299
65324
85423
85599
88019
88044
88318
88893
91389
91966
93131
93172
94623
94831
97613
97650
97941
97962
101757
102078
103647
104239
105433
105446
108501
108522
108783
109343
110974
111293
114070
114089
114251
114292
150910
151229
152815
153375
154581
154602
157657
157670
157919
158511
160125
160446
163211
163252
163414
163433
167327
167535
169931
169972
170237
170814
173310
173885
175059
175084
176559
176735
179541
179562
179853
179890
200662
200681
202171
202366
203103
203439
206191
206495
207294
207483
209869
209906
212179
212204
212761
212774
246727
246776
249035
249076
249621
249642
251222
251241
251545
251558
252301
252338
252499
252524
255379
255404
255565
255602
256345
256358
256662
256681
258261
258282
258827
258868
261127
261176
280503
281467
283389
286166
286185
286270
287230
290109
290510
290545
292027
292683
292724
292983
293773
293810
296830
297917
299515
302391
302803
302828
303863
306635
306676
306747
308349
309145
309158
309438
310094
310129
329467
330231
332734
335037
335701
335722
336765
339070
339859
339884
341454
341489
341559
342331
342742
342761
378329
378342
378429
379198
379605
379626
381111
381773
381810
384078
384113
384900
385147
385934
385969
388237
388274
388936
390421
390442
390849
391618
391705
391718
394749
396030
398199
400507
401294
401329
402363
404663
405325
405362
406846
407253
407274
408025
408038
408125
443707
444118
444137
444878
444913
444983
446590
447379
447404
449685
449706
450370
450749
451413
451434
453715
453740
454529
456136
456206
456241
456982
457001
457412
476350
477006
477041
477309
478105
478118
479691
479732
479803
482579
482604
483016
483639
484051
484076
486852
486923
486964
488537
488550
489346
489614
489649
490305
492663
493453
493490
493755
494411
494452
495933
496334
496369
499137
499222
499241
500182
500201
500286
503054
503089
503490
504971
505012
505668
505933
505970
506760
542589
543678
545271
548155
548555
548596
549627
552403
552428
552503
554110
554894
554929
555197
555865
555878
559035
559991
561918
564686
564721
564797
565757
568638
569046
569065
570551
571213
571250
571515
572299
572340
591358
592637
594811
597111
597901
597938
598967
601275
601934
601969
603453
603865
603878
604629
604650
604734
640311
640718
640753
641494
641513
641595
643197
643989
644010
646291
646316
646977
647358
648019
648044
650325
650346
651138
652740
652822
652841
653582
653617
654024
657143
657915
660413
662718
663379
663404
664446
666749
667541
667562
669142
669161
669243
670007
670414
670449
706005
706026
706110
706877
707289
707302
708795
709454
709489
711757
711794
712584
712823
713613
713650
715918
715953
716612
718105
718118
718530
719297
719381
719402
738427
739211
739252
739511
740173
740210
741694
742102
742121
744898
744974
745009
745934
745969
746045
748822
748841
749249
750733
750770
751432
751691
751732
752516
754877
755545
755558
755838
756622
756657
758227
758252
758327
761099
761140
761540
762171
762571
762612
765384
765459
765484
767054
767089
767873
768153
768166
768834
790489
790502
791983
792159
792958
793275
796027
796350
797087
797295
799699
799724
801997
802034
802582
802601
836555
836596
838855
838904
839438
839473
841043
841068
841357
841394
842137
842150
842326
842345
845206
845225
845401
845414
846157
846194
846483
846508
848078
848113
848647
848696
850955
850996
868797
868990
871755
871796
872086
872105
873685
873706
874265
874278
874527
875472
877615
878560
878809
878822
879381
879402
880982
881001
881291
881332
884097
884290
885103
885407
888213
888234
888397
888434
889918
890818
891083
891124
891667
891692
894163
894188
894731
894772
895037
895937
897421
897458
897621
897642
900448
900752
934239
934575
937357
937394
937557
937578
939069
939969
940243
940268
940811
940852
943307
943348
943891
943916
944190
945090
946581
946602
946765
946802
949584
949920
950718
950909
953686
953705
953995
954036
955609
955622
956181
956202
956463
957408
959519
960464
960725
960746
961305
961318
962891
962932
963222
963241
966018
966209
984021
984042
986318
986353
986887
986936
988493
988530
988819
988844
989590
989609
989785
989798
992665
992678
992854
992873
993619
993644
993933
993970
995527
995576
996110
996145
998421
998442
1032397
1032434
1032982
1033001
1035289
1035302
1037728
1037904
1038660
1038977
1041729
1042052
1042832
1043040
1044499
1044524
1066750
1067517
1070011
1072311
1072974
1073009
1074039
1076347
1077142
1077161
1078741
1078762
1078845
1079614
1080019
1080044
1082871
1084155
1086333
1088638
1089429
1089450
1090494
1092797
1093465
1093478
1094971
1095374
1095409
1096141
1096178
1096247
1116093
1117054
1118967
1121739
1121780
1121851
1122811
1125687
1126093
1126130
1127614
1128278
1128297
1128573
1129358
1129393
1164475
1165131
1165172
1165431
1166227
1166252
1167822
1167857
1167934
1170713
1170726
1171138
1171773
1172185
1172198
1174977
1175054
1175089
1176659
1176684
1177480
1177739
1177780
1178436
1181563
1182647
1184254
1187133
1187545
1187558
1188605
1191374
1191409
1191486
1193079
1193875
1193900
1194171
1194827
1194868
1229949
1230734
1230769
1231038
1231702
1231721
1233207
1233613
1233650
1236420
1236491
1236532
1237451
1237492
1237563
1240333
1240370
1240776
1242262
1242281
1242945
1243214
1243249
1244034
1263053
1263090
1263159
1263931
1264334
1264369
1265853
1266521
1266534
1268821
1268842
1269633
1269886
1270677
1270698
1272985
1272998
1273666
1275150
1275185
1275588
1276360
1276429
1276466
1279294
1279699
1279724
1280469
1280490
1280573
1282171
1282966
1282985
1285262
1285297
1285960
1286327
1286990
1287025
1289302
1289321
1290116
1291714
1291797
1291818
1292563
1292588
1292993
1314238
1314429
1316813
1316850
1317103
1317663
1320159
1320751
1321941
1321962
1323453
1323646
1326419
1326444
1326731
1326772
1360287
1360495
1363285
1363306
1363609
1363622
1365195
1365236
1365782
1365801
1366077
1366977
1369150
1370050
1370326
1370345
1370891
1370932
1372505
1372518
1372821
1372842
1375632
1375840
1393622
1393641
1395923
1395948
1396493
1396530
1398087
1398136
1398414
1398449
1399189
1399210
1399371
1399412
1402251
1402292
1402453
1402474
1403214
1403249
1403527
1403576
1405133
1405170
1405715
1405740
1408022
1408041
1409278
1409851
1412143
1413088
1414547
1414572
1414745
1414758
1415510
1415529
1415821
1415858
1418573
1418610
1418902
1418921
1419673
1419686
1419859
1419884
1421343
1422288
1424580
1425153
1458427
1459006
1461279
1462224
1463705
1463718
1463891
1463916
1464653
1464690
1464982
1465001
1467734
1467753
1468045
1468082
1468819
1468844
1469017
1469030
1470511
1471456
1473729
1474308
1475545
1475558
1477837
1477874
1478419
1478444
1480014
1480049
1480327
1480376
1481099
1481140
1481301
1481322
1484181
1484202
1484363
1484404
1485127
1485176
1485454
1485489
1487059
1487084
1487629
1487666
1489945
1489958
1507759
1507935
1510745
1510758
1511061
1511082
1512662
1512681
1513227
1513268
1513534
1514434
1516605
1517505
1517771
1517812
1518358
1518377
1519957
1519978
1520281
1520294
1523104
1523280
1556819
1556844
1557131
1557172
1559938
1560129
1561613
1561650
1562848
1563408
1565904
1566496
1566741
1566762
1569153
1569346
1576287
1576623
1578237
1578814
1579990
1580009
1583051
1583092
1583358
1583933
1585519
1585823
1588633
1588646
1588821
1588842
1622398
1622717
1625483
1625524
1625683
1625708
1627183
1628128
1628373
1628394
1628941
1628978
1631437
1631474
1632021
1632042
1632287
1633232
1634707
1634732
1634891
1634932
1637698
1638017
1655023
1655583
1657918
1658820
1660310
1660329
1660493
1660530
1661267
1661292
1661593
1661606
1664345
1664358
1664659
1664684
1665421
1665458
1665622
1665641
1667131
1668033
1670368
1670928
1672141
1672178
1674457
1674470
1675030
1675049
1676629
1676650
1676939
1676980
1677703
1677752
1677902
1677937
1680782
1680817
1680967
1681016
1681739
1681780
1682069
1682090
1683670
1683689
1684249
1684262
1686541
1686578
1721299
1721324
1723606
1723625
1724185
1724198
1725771
1725812
1726101
1726122
1726862
1726897
1727047
1727096
1729927
1729976
1730126
1730161
1730901
1730922
1731211
1731252
1732825
1732838
1733398
1733417
1735699
1735724
1736927
1737519
1739835
1740737
1742221
1742258
1742422
1742441
1743193
1743206
1743507
1743532
1746259
1746284
1746585
1746598
1747350
1747369
1747533
1747570
1749054
1749956
1752272
1752864
1769853
1770174
1772947
1772972
1773131
1773172
1774623
1775568
1775821
1775858
1776405
1776426
1778901
1778922
1779469
1779506
1779759
1780704
1782155
1782196
1782355
1782380
1785153
1785474
1819033
1819046
1819221
1819242
1822032
1822368
1823937
1824514
1824790
1824809
1827851
1827892
1829058
1829633
1831264
1831568
1852878
1852913
1852987
1853751
1854157
1854194
1855678
1856341
1856362
1858649
1858662
1859458
1859709
1860505
1860518
1862805
1862826
1863489
1864973
1865010
1865416
1866180
1866254
1866289
1869117
1869525
1869546
1870291
1870316
1870398
1871991
1872782
1872817
1875094
1875113
1875780
1876155
1876822
1876841
1879118
1879153
1879944
1881537
1881619
1881644
1882389
1882410
1882818
1901751
1902419
1902444
1902715
1903499
1903540
1905113
1905126
1905213
1907982
1908017
1908417
1909054
1909454
1909489
1912258
1912345
1912358
1913931
1913972
1914756
1915027
1915052
1915720
1950806
1950825
1951617
1951886
1951921
1952578
1954059
1954100
1954500
1957384
1958344
1958413
1958450
1961220
1963138
1964097
1967230
1968022
1968041
1968317
1968974
1969009
1970491
1970891
1970932
1973704
1973773
1973810
1974733
1974770
1974839
1977611
1977652
1978052
1979534
1979569
1980226
1980502
1980521
1981313
2016403
2016428
2017096
2017355
2017396
2018180
2019778
2019865
2019878
2022657
2023694
2023729
2024129
2027010
2028612
2029704
2049301
2049322
2049730
2050497
2050579
2050604
2052174
2052209
2053000
2055300
2056342
2056361
2057028
2059336
2061825
2062594
2065860
2065934
2065969
2066701
2066738
2067144
2068629
2068650
2069313
2071618
2072665
2072678
2073474
2075777
2077960
2079236
2115067
2116343
2118526
2120829
2121625
2121638
2122685
2124990
2125653
2125674
2127159
2127565
2127602
2128334
2128369
2128443
2131709
2132478
2134967
2137275
2137942
2137961
2139003
2141303
2142094
2142129
2143699
2143724
2143806
2144573
2144981
2145002
2164599
2165691
2167293
2170174
2170574
2170609
2171646
2174425
2174438
2174525
2176123
2176907
2176948
2177207
2177875
2177900
2212990
2213782
2213801
2214077
2214734
2214769
2216251
2216651
2216692
2219464
2219533
2219570
2220493
2220530
2220599
2223371
2223412
2223812
2225294
2225329
2225986
2226262
2226281
2227073
2230206
2231165
2233083
2235853
2235890
2235959
2236919
2239803
2240203
2240244
2241725
2242382
2242417
2242686
2243478
2243497
2278583
2279251
2279276
2279547
2280331
2280372
2281945
2281958
2282045
2284814
2284849
2285249
2285886
2286286
2286321
2289090
2289177
2289190
2290763
2290804
2291588
2291859
2291884
2292552
2311485
2311893
2311914
2312659
2312684
2312766
2314359
2315150
2315185
2317462
2317481
2318148
2318523
2319190
2319209
2321486
2321521
2322312
2323905
2323987
2324012
2324757
2324778
2325186
2328014
2328049
2328123
2328887
2329293
2329330
2330814
2331477
2331498
2333785
2333798
2334594
2334845
2335641
2335654
2337941
2337962
2338625
2340109
2340146
2340552
2341316
2341390
2341425
2362735
2363039
2364670
2365245
2366411
2366452
2369494
2369513
2369789
2370366
2371935
2372271
2375061
2375082
2375257
2375270
2408829
2409150
2411923
2411948
2412107
2412148
2413599
2414544
2414797
2414834
2415381
2415402
2417877
2417898
2418445
2418482
2418735
2419680
2421131
2421172
2421331
2421356
2424129
2424450
2441439
2442031
2444347
2445249
2446733
2446770
2446934
2446953
2447705
2447718
2448019
2448044
2450771
2450796
2451097
2451110
2451862
2451881
2452045
2452082
2453566
2454468
2456784
2457376
2458579
2458604
2460886
2460905
2461465
2461478
2463051
2463092
2463381
2463402
2464142
2464177
2464327
2464376
2467207
2467256
2467406
2467441
2468181
2468202
2468491
2468532
2470105
2470118
2470678
2470697
2472979
2473004
2507725
2507762
2510041
2510054
2510614
2510633
2512213
2512234
2512523
2512564
2513287
2513336
2513486
2513521
2516366
2516401
2516551
2516600
2517323
2517364
2517653
2517674
2519254
2519273
2519833
2519846
2522125
2522162
2523375
2523935
2526270
2527172
2528662
2528681
2528845
2528882
2529619
2529644
2529945
2529958
2532697
2532710
2533011
2533036
2533773
2533810
2533974
2533993
2535483
2536385
2538720
2539280
2556286
2556605
2559371
2559412
2559571
2559596
2561071
2562016
2562261
2562282
2562829
2562866
2565325
2565362
2565909
2565930
2566175
2567120
2568595
2568620
2568779
2568820
2571586
2571905
2605461
2605482
2605657
2605670
2608480
2608784
2610370
2610945
2611211
2611252
2614294
2614313
2615489
2616066
2617680
2618016
2624957
2625150
2627541
2627562
2627807
2628399
2630895
2631455
2632653
2632690
2634174
2634365
2637131
2637172
2637459
2637484
2671023
2671199
2674009
2674022
2674325
2674346
2675926
2675945
2676491
2676532
2676798
2677698
2679869
2680769
2681035
2681076
2681622
2681641
2683221
2683242
2683545
2683558
2686368
2686544
2704345
2704358
2706637
2706674
2707219
2707244
2708814
2708849
2709127
2709176
2709899
2709940
2710101
2710122
2712981
2713002
2713163
2713204
2713927
2713976
2714254
2714289
2715859
2715884
2716429
2716466
2718745
2718758
2719995
2720574
2722847
2723792
2725273
2725286
2725459
2725484
2726221
2726258
2726550
2726569
2729302
2729321
2729613
2729650
2730387
2730412
2730585
2730598
2732079
2733024
2735297
2735876
2769150
2769723
2772015
2772960
2774419
2774444
2774617
2774630
2775382
2775401
2775693
2775730
2778445
2778482
2778774
2778793
2779545
2779558
2779731
2779756
2781215
2782160
2784452
2785025
2786262
2786281
2788563
2788588
2789133
2789170
2790727
2790776
2791054
2791089
2791829
2791850
2792011
2792052
2794891
2794932
2795093
2795114
2795854
2795889
2796167
2796216
2797773
2797810
2798355
2798380
2800662
2800681
2818463
2818671
2821461
2821482
2821785
2821798
2823371
2823412
2823958
2823977
2824253
2825153
2827326
2828226
2828502
2828521
2829067
2829108
2830681
2830694
2830997
2831018
2833808
2834016
2867531
2867572
2867859
2867884
2870657
2870850
2872341
2872362
2873552
2874144
2876640
2877200
2877453
2877490
2879874
2880065
2901310
2901715
2901740
2902485
2902506
2902589
2904187
2904982
2905001
2907278
2907313
2907976
2908343
2909006
2909041
2911318
2911337
2912132
2913730
2913813
2913834
2914579
2914604
2915009
2917837
2917874
2917943
2918715
2919118
2919153
2920637
2921305
2921318
2923605
2923626
2924417
2924670
2925461
2925482
2927769
2927782
2928450
2929934
2929969
2930372
2931144
2931213
2931250
2950269
2951054
2951089
2951358
2952022
2952041
2953527
2953933
2953970
2956740
2956811
2956852
2957771
2957812
2957883
2960653
2960690
2961096
2962582
2962601
2963265
2963534
2963569
2964354
2999435
2999476
3000132
3000403
3000428
3001224
3002817
3002894
3002929
3005698
3006745
3006758
3007170
3010049
3011656
3012740
3015867
3016523
3016564
3016823
3017619
3017644
3019214
3019249
3019326
3022105
3022118
3022530
3023165
3023577
3023590
3026369
3026446
3026481
3028051
3028076
3028872
3029131
3029172
3029828
3064910
3064945
3065730
3066006
3066025
3066689
3068173
3068210
3068616
3071492
3072452
3072523
3072564
3075336
3077249
3078210
3098056
3098125
3098162
3098894
3098929
3099332
3100825
3100838
3101506
3103809
3104853
3104874
3105665
3107970
3110148
3111432
3114259
3114284
3114689
3115458
3115541
3115562
3117142
3117161
3117956
3120264
3121294
3121329
3121992
3124292
3126786
3127553
3149779
3149804
3151263
3151471
3152251
3152574
3155326
3155643
3156399
3156575
3159001
3159014
3161302
3161321
3161869
3161906
3195861
3195882
3198158
3198193
3198727
3198776
3200333
3200370
3200659
3200684
3201430
3201449
3201625
3201638
3204505
3204518
3204694
3204713
3205459
3205484
3205773
3205810
3207367
3207416
3207950
3207985
3210261
3210282
3228094
3228285
3231062
3231081
3231371
3231412
3232985
3232998
3233557
3233578
3233839
3234784
3236895
3237840
3238101
3238122
3238681
3238694
3240267
3240308
3240598
3240617
3243394
3243585
3244383
3244719
3247501
3247538
3247701
3247722
3249213
3250113
3250387
3250412
3250955
3250996
3253451
3253492
3254035
3254060
3254334
3255234
3256725
3256746
3256909
3256946
3259728
3260064
3293551
3293855
3296661
3296682
3296845
3296882
3298366
3299266
3299531
3299572
3300115
3300140
3302611
3302636
3303179
3303220
3303485
3304385
3305869
3305906
3306069
3306090
3308896
3309200
3310013
3310206
3312971
3313012
3313302
3313321
3314901
3314922
3315481
3315494
3315743
3316688
3318831
3319776
3320025
3320038
3320597
3320618
3322198
3322217
3322507
3322548
3325313
3325506
3343307
3343348
3345607
3345656
3346190
3346225
3347795
3347820
3348109
3348146
3348889
3348902
3349078
3349097
3351958
3351977
3352153
3352166
3352909
3352946
3353235
3353260
3354830
3354865
3355399
3355448
3357707
3357748
3391702
3391721
3392269
3392306
3394579
3394604
3397008
3397216
3397953
3398276
3401028
3401345
3402144
3402320
3403801
3403814
3425469
3426137
3426150
3426430
3427214
3427249
3428819
3428844
3428919
3431691
3431732
3432132
3432763
3433163
3433204
3435976
3436051
3436076
3437646
3437681
3438465
3438745
3438758
3439426
3441787
3442571
3442612
3442871
3443533
3443570
3445054
3445462
3445481
3448258
3448334
3448369
3449294
3449329
3449405
3452182
3452201
3452609
3454093
3454130
3454792
3455051
3455092
3455876
3474901
3474922
3475006
3475773
3476185
3476198
3477691
3478350
3478385
3480653
3480690
3481480
3481719
3482509
3482546
3484814
3484849
3485508
3487001
3487014
3487426
3488193
3488277
3488298
3523854
3523889
3524296
3525060
3525142
3525161
3526741
3526762
3527554
3529857
3530899
3530924
3531585
3533890
3536388
3537160
3540279
3540686
3540721
3541462
3541481
3541563
3543165
3543957
3543978
3546259
3546284
3546945
3547326
3547987
3548012
3550293
3550314
3551106
3552708
3552790
3552809
3553550
3553585
3553992
3589569
3589653
3589674
3590425
3590438
3590850
3592334
3592369
3593028
3595336
3596365
3596402
3597192
3599492
3601666
3602945
3621963
3622004
3622788
3623053
3623090
3623752
3625238
3625257
3625665
3628546
3629506
3629582
3629617
3632385
3634312
3635268
3638425
3638438
3639106
3639374
3639409
3640193
3641800
3641875
3641900
3644676
3645707
3645748
3646148
3649032
3650625
3651714
3687543
3688333
3688370
3688635
3689291
3689332
3690813
3691214
3691249
3694017
3694102
3694121
3695062
3695081
3695166
3697934
3697969
3698370
3699851
3699892
3700548
3700813
3700850
3701640
3703998
3704654
3704689
3704957
3705753
3705766
3707339
3707380
3707451
3710227
3710252
3710664
3711287
3711699
3711724
3714500
3714571
3714612
3716185
3716198
3716994
3717262
3717297
3717953
3736891
3737302
3737321
3738062
3738097
3738167
3739774
3740563
3740588
3742869
3742890
3743554
3743933
3744597
3744618
3746899
3746924
3747713
3749320
3749390
3749425
3750166
3750185
3750596
3786178
3786265
3786278
3787029
3787050
3787457
3788941
3788978
3789640
3791940
3792974
3793009
3793796
3796104
3798273
3799554
3802585
3802598
3802685
3803454
3803861
3803882
3805367
3806029
3806066
3808334
3808369
3809156
3809403
3810190
3810225
3812493
3812530
3813192
3814677
3814698
3815105
3815874
3815961
3815974
3851542
3851561
3851972
3852744
3852814
3852849
3854419
3854444
3855233
3857538
3858581
3858602
3859266
3861569
3864072
3864836
3884174
3884209
3884865
3885145
3885158
3885954
3887556
3887627
3887668
3890440
3891475
3891500
3891912
3894788
3896386
3897473
3900493
3900530
3901320
3901579
3901620
3902276
3903758
3903793
3904194
3907073
3908033
3908118
3908137
3910914
3912836
3913800
3933127
3933176
3935435
3935476
3936021
3936042
3937622
3937641
3937945
3937958
3938701
3938738
3938899
3938924
3941779
3941804
3941965
3942002
3942745
3942758
3943062
3943081
3944661
3944682
3945227
3945268
3947527
3947576
3981529
3981542
3982099
3982124
3984397
3984434
3986820
3987009
3987808
3988112
3990864
3991200
3991937
3992132
3993622
3993641
4014413
4014450
4014741
4014762
4017568
4017744
4019219
4019244
4020418
4020993
4023489
4024066
4024331
4024372
4026768
4026976
4030870
4030889
4031051
4031092
4033857
4034178
4035792
4036384
4036633
4036646
4039701
4039722
4040928
4041488
4043074
4043393
4080011
4080052
4080214
4080233
4083010
4083329
4084960
4085520
4085781
4085802
4088857
4088870
4090064
4090656
4092225
4092546
4096341
4096362
4096653
4096690
4099472
4099680
4101131
4101172
4102337
4102914
4105410
4105985
4106259
4106284
4108704
4108880
4128979
4129004
4129561
4129574
4131862
4131881
4134273
4134468
4135248
4135584
4138336
4138640
4139396
4139585
4141069
4141106
4177927
4177976
