3423
7125
7853
8114
8695
13785
17914
23119
23868
26859
28199
29541
31771
38644
40780
42954
43701
44630
45470
46855
47228
48737
50779
51942
53597
56099
58226
60685
62009
62944
69340
70636
72907
76694
77169
78942
80801
81730
82915
84279
85618
87379
94861
95786
96144
96708
99289
100154
100511
103821
106005
108109
108179
109416
110791
113944
120938
121233
123128
123301
124244
129542
131999
138835
140917
143177
145122
145693
145859
149174
152747
153848
157337
158892
160980
161894
165340
166521
167015
167578
168790
169777
170190
172780
175056
175379
176219
176553
179588
180350
184711
185288
185925
197755
198502
199514
201457
203113
204046
204240
205135
205374
206732
208560
211098
212003
216345
217798
218652
223315
225624
231077
231740
231906
233999
234646
235112
238357
240265
240714
242466
243009
245939
248641
252464
264107
265879
266619
268188
269027
274202
274400
275158
276043
276814
277801
279663
280405
281464
284514
287925
291244
294412
296433
297334
298189
299941
300486
302170
303647
304760
304806
305543
310036
313405
318120
320329
321968
323793
330195
331114
333509
335398
336824
339015
339097
340309
340363
341298
342547
348311
348977
350490
359504
361067
363277
363924
364764
367552
367875
369478
370465
371756
374857
378506
380128
387107
396209
396532
398010
400262
400709
401882
402787
407376
407665
408598
408776
413010
414809
415885
417424
418245
418349
422163
426199
427598
428363
429864
431747
436834
437765
438628
439562
446690
448596
450716
460055
460233
460498
461420
462347
463683
465976
467545
467619
470402
471146
472077
473864
477386
484378
491918
492400
494102
494673
495897
497412
500932
504464
508969
518404
528113
529337
530266
534174
534939
537715
539532
540433
544101
546451
550597
554278
555346
558487
558953
559608
562115
564641
564792
565469
565551
568133
569122
569962
571017
576201
576558
582819
590551
593324
596316
598394
599325
599491
600802
602953
603316
604175
604369
605288
606906
608052
608137
608587
610605
612961
613446
619092
623822
625457
626002
626750
627801
628068
628259
629126
633372
633989
635155
650112
650288
656107
657779
658890
659886
660188
660511
662496
665505
665694
666681
669004
669074
671242
673550
679171
682119
684579
686153
689778
690573
691988
694325
694554
696774
697144
702626
703568
705053
705745
709284
722769
723598
724045
724115
725893
727577
730328
731907
733864
735536
737746
740904
742624
748864
750609
754508
754955
755924
759875
761472
763398
770149
774281
787310
787675
790339
792296
792855
793033
793968
795541
795990
797353
799650
800826
801923
805262
807478
809068
814154
816449
819900
822553
823439
823921
829196
829523
831120
831832
833732
835939
836498
837028
843520
844512
847909
852763
853894
854137
855070
856294
857489
858698
858772
860876
861227
863056
865816
867588
869029
869720
874912
875529
885189
885813
887427
889640
893078
895242
898114
902724
917853
918701
918842
920261
921176
923401
923858
927251
928104
929863
929945
931460
935963
936244
938314
950823
952256
953478
954772
956940
959060
959114
959561
964865
985414
985496
986401
987187
988244
988298
992036
993301
995776
1000515
1007881
1013762
1015898
1025296
1050582
1051069
1054689
1055865
1059686
1061547
1062508
1063219
1063640
1064276
1064330
1065790
1071286
1072836
1073374
1076547
1077653
1082191
1083308
1084115
1085034
1086328
1086747
1088030
1088647
1090869
1091930
1094229
1095218
1098155
1098981
1101697
1104322
1109138
1111180
1115791
1118811
1119928
1120583
1123269
1124184
1124445
1125434
1126866
1129993
1132785
1133613
1134342
1138971
1140388
1148529
1149780
1149834
1150281
1151085
1152582
1154848
1155623
1156486
1158848
1159948
1161364
1163926
1167654
1172042
1183019
1184986
1187608
1188217
1189150
1190427
1190625
1191558
1192778
1192880
1195153
1196965
1199508
1201205
1207384
1209609
1213975
1214153
1215282
1216669
1217123
1217582
1219333
1219808
1220794
1221507
1222468
1230863
1234690
1243656
1247893
1248342
1249594
1250691
1252002
1253606
1254979
1256709
1257495
1257673
1258608
1261756
1262922
1263972
1268801
1270480
1270568
1278291
1279888
1281548
1282500
1284184
1287193
1311477
1314264
1315927
1317714
1320269
1320339
1321650
1322577
1323801
1325701
1326178
1328691
1329817
1331572
1334545
1337637
1344670
1346401
1348018
1348298
1348777
1350708
1352148
1352490
1354316
1354763
1356099
1357696
1360151
1363014
1364493
1376606
1377593
1379014
1380001
1382154
1382443
1383500
1383570
1384563
1385674
1393384
1397065
1404168
1405955
1411640
1414480
1417357
1418772
1419537
1421338
1425603
1425816
1437792
1442786
1443962
1444893
1445059
1446159
1446353
1447272
1448521
1451688
1452425
1453360
1454172
1459020
1464868
1465354
1466422
1466443
1472832
1475973
1476780
1480723
1483313
1483858
1487366
1491482
1492144
1493696
1507483
1511232
1512076
1512977
1513748
1516306
1517582
1519905
1526019
1527890
1534112
1540677
1541666
1548616
1555456
1575769
1575815
1579237
1579370
1580301
1582056
1582859
1584151
1584329
1586488
1587779
1589367
1592602
1594250
1594443
1600052
1606203
1607260
1609156
1609942
1612688
1614614
1616014
1619993
1621508
1624844
1628272
1630657
1631784
1639324
1640666
1641571
1642865
1643798
1643976
1646160
1647281
1648937
1650064
1651334
1651781
1659043
1663084
1664082
1672034
1672370
1672965
1678346
1685824
1693701
1705287
1706680
1708819
1710219
1711154
1712339
1713258
1716749
1718534
1721200
1721768
1730833
1732634
1737137
1739334
1740321
1741129
1746068
1748232
1749696
1750019
1753290
1771034
1771204
1771969
1773646
1774633
1778004
1778058
1780296
1783552
1785945
1786918
1792264
1802375
1806868
1812498
1836976
1837135
1838732
1840068
1840419
1843802
1845532
1845698
1847401
1848334
1848528
1852476
1852642
1853652
1856645
1868681
1869130
1870357
1874466
1875009
1893393
1902153
1902898
1904669
1907457
1908999
1910112
1912322
1915016
1927233
1929488
1933838
1934032
1966742
1967217
1968906
1970849
1973632
1975105
1976355
1977412
1980944
1988160
1991938
1999464
2001232
2003992
2032908
2037856
2039864
2040961
2051088
2066441
2068738
2089472
2100201
2102455
2103770
2104675
2106683
2109315
2111575
2113172
2115133
2117262
2117869
2121093
2122481
2123158
2124708
2126155
2128488
2131179
2132398
2132759
2133872
2138972
2139589
2140730
2141273
2143121
2143570
2144040
2144781
2151051
2151958
2152804
2164555
2164629
2167071
2168184
2169479
2169652
2170394
2170592
2171099
2172614
2173721
2175666
2176593
2177322
2180556
2182324
2185305
2187580
2195926
2199081
2200417
2203765
2204828
2206019
2207492
2208456
2208779
2214608
2215178
2216728
2217122
2222156
2229715
2231026
2233177
2233251
2234308
2234427
2235484
2238042
2239814
2239896
2241166
2241641
2243346
2244967
2247755
2248292
2250010
2251532
2254901
2261866
2261940
2262797
2264213
2267841
2268706
2269767
2270262
2272033
2275656
2279826
2289840
2295466
2296149
2296203
2297138
2298951
2299033
2301697
2302944
2304120
2305217
2306597
2307348
2312238
2314356
2314664
2316610
2319619
2325512
2326733
2328148
2335002
2336902
2340881
2344228
2352768
2360263
2361947
2363064
2364400
2365203
2366156
2366479
2366673
2369165
2370164
2370837
2372762
2374465
2381473
2384979
2385712
2391298
2392477
2395842
2397513
2398358
2400462
2403208
2404899
2405956
2409230
2409588
2419841
2425502
2425949
2427810
2433385
2434318
2434512
2436680
2438020
2439196
2439362
2444609
2445868
2446410
2449578
2449941
2458340
2458759
2459048
2459825
2459992
2461779
2463280
2468882
2492702
2494667
2495125
2495602
2498982
2499339
2500685
2500755
2501674
2502968
2504065
2505376
2508256
2517510
2523864
2524187
2524769
2525636
2528396
2530576
2531665
2542089
2558051
2559620
2560332
2560402
2562640
2564182
2565169
2569730
2574088
2584641
2589569
2590018
2592806
2597416
2611328
2623458
2624157
2624634
2626901
2626955
2628266
2629193
2630735
2632522
2634267
2637248
2638324
2641065
2644007
2646825
2651224
2654555
2656152
2656455
2657956
2658764
2659122
2660948
2661395
2663122
2663985
2664852
2666721
2667654
2671224
2676888
2679436
2689988
2690311
2691179
2692306
2695341
2696978
2697267
2698324
2698378
2699590
2699672
2700577
2704411
2710800
2711889
2713184
2721473
2723989
2725388
2726153
2728354
2729288
2734624
2740802
2744327
2754183
2757222
2758320
2759057
2759976
2760983
2761161
2762096
2762980
2763345
2767877
2771288
2773075
2777986
2780178
2781228
2785438
2788673
2789929
2790474
2794664
2795531
2798340
2803810
2807168
2810948
2818361
2820769
2821698
2822922
2824214
2824392
2826900
2827785
2828556
2830467
2842698
2851347
2853912
2855248
2869764
2884275
2885332
2885413
2885931
2886988
2887058
2887774
2888761
2890520
2894040
2894945
2896141
2908442
2908996
2914321
2916941
2917930
2922818
2925827
2931720
2933960
2935045
2949578
2952721
2953865
2955072
2955333
2957891
2959745
2961520
2967634
2969859
2975780
2978944
2982676
2984076
2990105
3015506
3015592
3019105
3020038
3021315
3023900
3024066
3026688
3027528
3032337
3035332
3050032
3055749
3059730
3072288
3080207
3080401
3081320
3097122
3100696
3118081
3123264
3148955
3150733
3151182
3152561
3154842
3156239
3156433
3157352
3158138
3159069
3159235
3163481
3166946
3168036
3169362
3171430
3172040
3176728
3177632
3180323
3180764
3182149
3184020
3184715
3186312
3186839
3187305
3187952
3188238
3191460
3194113
3196979
3199036
3205952
3212854
3214620
3214786
3216084
3218248
3220873
3222098
3224323
3225697
3226630
3228261
3238929
3241280
3244573
3245146
3246469
3248270
3250450
3253040
3254440
3260776
3266049
3276895
3278492
3279015
3279683
3280800
3282443
3283312
3286801
3287242
3287596
3289413
3290402
3292736
3301714
3307523
3310790
3311897
3314252
3314322
3314769
3318156
3334676
3335201
3342808
3343713
3348493
3350571
3351628
3351698
3355160
3357056
3361416
3363089
3367045
3375878
3377760
3378179
3379361
3380488
3387458
3408431
3409132
3410836
3411238
3411721
3413592
3413638
3414403
3417922
3418169
3420438
3420616
3422730
3426634
3428379
3441266
3442321
3444933
3449605
3450136
3455056
3460640
3474257
3475479
3475657
3476592
3477858
3478789
3483972
3485841
3486760
3490212
3491090
3498072
3506443
3512836
3515010
3515457
3523596
3539251
3540308
3540362
3542546
3545158
3545240
3546145
3547844
3548167
3555971
3557457
3568656
3574856
3576608
3582210
3584009
3605066
3605168
3606824
3609792
3615233
3670734
3671635
3672406
3673393
3674329
3677954
3678563
3680132
3681816
3683152
3684428
3684498
3687189
3692865
3694776
3703949
3708512
3713665
3714114
3715338
3721632
3722260
3735885
3735955
3736874
3738123
3740576
3741752
3742849
3743774
3753602
3755080
3762434
3764233
3770406
3770449
3776708
3781648
3802952
3803241
3804174
3804368
3805468
3805634
3807876
3813425
3817739
3834212
3835154
3842136
3842594
3854342
3866738
3867669
3869456
3871297
3877920
3907841
3915920
3932536
3933633
3934944
3936436
3940437
3940491
3941426
3945985
3946784
3951619
3953928
3960898
3965318
3967002
3969297
3973164
3986048
3998790
3998872
4002322
4006664
4031009
4033792
4034632
4063769
4067370
4071824
4079653
4089864
4096067
4097540
4130946
4141060
4145472
4196071
4200847
4201960
4203437
4205810
4207418
4208035
4209318
4209861
4215926
4219846
4220268
4221241
4221596
4224184
4227806
4228285
4230949
4231735
4231913
4233585
4234518
4237204
4237899
4239016
4244401
4247320
4248970
4250194
4251735
4256332
4257923
4260221
4261278
4262459
4265769
4266198
4266904
4267185
4268788
4271371
4272739
4277481
4278869
4279084
4280756
4283976
4285974
4294624
4294885
4295800
4296326
4297038
4300974
4303154
4305049
4305744
4306468
4307205
4311496
4320321
4327288
4327645
4328510
4329970
4330827
4330901
4332138
4334735
4335988
4341536
4342387
4343683
4344598
4345357
4350378
4354213
4356496
4358459
4359109
4359590
4360867
4362050
4363052
4364948
4365353
4368654
4371526
4371992
4376106
4377796
4383378
4383856
4387585
4396236
4396594
4397331
4399537
4399818
4400466
4401197
4403590
4404865
4405828
4408645
4410080
4411449
4414500
4424376
4427137
4427861
4433192
4434964
4436192
4441617
4457398
4460137
4461389
4464212
4464513
4464827
4465884
4467491
4470321
4473487
4474824
4476070
4477146
4477409
4483777
4489708
4490067
4490511
4491822
4492016
4492339
4494648
4495431
4495897
4498021
4498627
4500804
4501618
4505090
4510741
4512012
4515090
4523692
4524457
4526712
4527131
4528484
4530658
4531589
4532314
4534798
4535624
4541250
4541744
4543138
4543750
4546637
4552744
4555413
4555862
4559969
4562056
4563228
4581904
4583556
4588778
4590988
4592356
4592679
4594008
4597017
4597510
4597958
4598945
4601867
4616840
4621876
4622613
4624414
4625616
4626722
4629408
4630584
4637065
4653524
4653866
4655282
4658592
4659745
4660290
4662880
4663617
4665396
4669542
4694023
4706624
4720077
4720435
4721388
4723047
4724644
4724827
4725916
4727417
4729313
4730200
4730246
4731086
4731949
4739868
4741765
4745747
4747657
4752244
4752298
4753590
4754517
4754571
4758626
4760199
4760634
4760804
4764336
4765992
4772304
4777538
4782100
4785770
4786581
4789383
4791074
4791617
4794180
4794552
4795937
4799506
4804240
4806794
4808974
4813152
4817011
4817453
4821700
4827206
4830592
4833436
4833667
4836612
4850902
4852521
4853168
4855393
4858268
4858722
4860995
4862289
4862486
4882511
4886648
4886675
4888900
4891909
4892872
4900168
4909600
4915688
4917812
4920600
4923419
4924578
4937808
4939972
4940560
4948246
4950058
4952353
4956737
4960268
4969474
4982301
4983450
4985045
4985387
4986034
4988170
4989259
4990376
4992052
4995680
4998768
5006343
5008136
5015201
5016452
5018700
5022001
5023757
5026054
5030086
5032024
5047137
5048359
5049540
5050706
5050764
5055026
5055569
5058721
5080354
5085232
5087336
5100033
5112227
5113188
5115426
5116720
5118120
5118993
5120046
5120240
5122322
5128965
5129368
5130688
5146721
5149250
5157920
5181513
5188224
5195788
5210276
5211656
5244825
5246158
5246644
5247452
5252187
5254924
5255409
5256342
5257545
5259731
5260137
5262242
5264910
5265507
5266569
5269550
5277042
5278349
5280646
5281093
5281962
5282404
5284412
5286308
5287951
5297256
5300450
5301128
5301765
5309207
5309653
5313762
5315972
5318434
5318791
5319780
5321128
5322001
5323312
5324922
5325197
5329553
5337158
5342251
5346332
5349729
5360131
5374638
5375085
5375155
5376968
5377361
5378247
5380513
5382439
5383648
5388370
5388428
5392538
5395032
5396128
5399140
5406964
5417029
5418018
5419284
5424195
5425448
5430288
5440820
5441611
5442728
5444448
5450008
5452810
5467648
5473033
5474353
5478406
5481092
5488716
5497090
5507355
5507525
5509230
5511976
5513614
5514096
5515496
5518628
5520408
5522006
5522730
5526275
5531266
5537913
5537959
5539524
5541250
5548054
5552161
5558832
5571907
5572764
5576785
5579305
5579952
5583552
5585154
5591077
5604132
5605474
5606405
5607809
5636536
5637921
5638663
5641490
5644437
5648546
5649473
5655648
5669190
5678092
5701857
5702744
5702790
5718912
5738536
5767327
5768440
5771104
5771890
5773620
5775794
5780257
5780802
5786186
5787820
5792865
5798080
5802275
5805105
5805832
5808460
5810768
5816870
5818513
5833158
5834145
5835801
5837067
5839372
5842060
5845080
5851158
5865673
5865784
5868192
5873685
5877794
5892104
5898586
5898837
5900514
5901445
5905480
5908016
5919010
5923457
5927940
5932674
5933084
5939241
5947780
5964323
5967106
5968048
5978113
5997664
6029613
6030019
6032466
6035590
6038180
6040833
6041619
6048289
6063380
6065192
6066400
6070424
6079296
6082570
6094964
6095018
6097224
6100512
6111768
6145152
6160588
6161419
6172936
6193202
6197253
6226193
6234178
6293939
6294996
6295338
6296252
6296275
6298438
6298905
6300152
6301537
6304053
6305164
6305961
6306890
6309919
6312238
6313808
6317579
6318434
6325868
6325938
6326605
6328550
6329989
6331296
6332811
6333222
6335172
6335495
6339632
6340825
6343220
6344979
6357874
6359274
6360147
6360205
6361541
6366776
6368672
6369388
6373966
6385872
6386693
6388480
6391089
6395650
6396996
6398625
6399074
6402070
6407044
6412321
6422990
6423977
6426161
6428773
6430947
6432420
6433157
6435440
6435859
6439636
6443527
6444225
6445218
6447944
6457430
6459800
6460768
6463517
6467626
6471852
6483200
6488215
6488681
6488860
6489328
6491464
6492250
6498850
6500617
6521870
6527496
6529348
6537410
6554425
6554970
6556325
6558602
6560306
6562410
6564140
6565977
6566023
6567136
6572440
6573828
6589468
6590804
6592616
6594740
6595625
6603170
6613002
6620707
6624404
6627603
6635633
6637699
6651962
6654214
6654529
6656013
6664480
6684796
6686608
6687584
6688003
6690344
6696016
6697282
6701099
6709524
6718086
6721585
6731780
6733893
6750501
6752281
6758540
6786080
6816527
6817084
6818403
6819350
6820246
6820712
6822128
6824054
6826800
6827153
6828613
6829602
6830339
6833089
6835394
6843404
6848933
6849862
6850617
6854670
6867714
6870025
6881958
6882008
6882405
6883610
6886161
6886568
6891593
6895748
6901810
6916448
6922762
6931536
6947386
6947929
6949158
6950536
6951053
6956298
6959520
6961176
6963377
6965024
6980320
6980643
6984724
7012675
7013764
7025728
7031809
7033472
7053360
7078121
7079054
7080273
7083075
7088290
7091472
7101472
7103120
7110679
7115300
7119296
7143856
7144713
7146024
7180418
7185412
7211082
7211156
7217697
7241996
7275076
7275538
7280896
7341028
7341447
7342712
7343329
7347244
7348429
7348787
7349418
7349844
7351570
7357872
7369090
7373086
7374280
7377193
7378965
7391366
7401537
7405753
7408417
7410218
7410761
7414090
7414164
7424336
7425058
7438407
7439524
7441936
7442544
7472738
7475254
7475432
7477514
7481520
7482377
7488780
7504421
7504720
7504952
7517312
7537058
7538884
7542276
7544913
7553554
7565344
7603253
7606881
7609664
7612483
7613572
7626913
7630860
7635624
7637296
7640098
7652609
7667922
7672088
7674016
7675942
7685696
7733577
7737732
7741466
7768193
7774304
7802883
7808256
7831572
7865897
7866764
7869466
7869636
7872793
7874597
7877256
7880796
7887376
7897194
7897748
7901699
7906592
7921682
7936066
7939075
7946464
7954948
7966980
7997459
8000769
8003718
8005952
8034336
8045064
8060972
8127266
8132617
8135752
8161348
8192133
8202256
8258720
8261712
