227
364
527
1078
1921
6544
7684
10944
11528
13088
13442
19202
19616
21128
21824
24964
26128
30721
98720
99904
104456
122882
164496
165122
174084
184352
197380
197768
208912
215104
295688
296068
307264
313360
328322
328976
337952
348164
393664
394784
399362
417800
491521
559234
561412
565761
574472
592129
594112
599044
606752
657928
660481
663712
672016
789568
791056
794882
802945
1048633
1083712
1085569
1090592
1098244
1116292
1118466
1122824
1131521
1182736
1184320
1188097
1196162
1313281
1315848
1319056
1327392
1573256
1574402
1579040
1597504
1671184
1966084
2097237
2132512
2135056
2138248
2146561
2165762
2167297
2171200
2179216
2230401
2232584
2236930
2245636
2361604
2363552
2368513
2376256
2622084
2622752
2631696
2641922
2785344
2949128
3146512
3146944
3158020
3164168
3342368
3440642
4194394
4230145
4231682
4235536
4243648
4262416
4264992
4268161
4276488
4327712
4329604
4334656
4342273
4458632
4460801
4465156
4473858
4719424
4719760
4730888
4737028
4915202
5013536
5243552
5244164
5253122
5263376
5406728
5570624
6291842
6293000
6297664
6316064
6389764
6684688
7864321
