1751
2539
4719
5470
5817
7061
7978
9139
10140
10969
11295
11640
11878
13707
14542
15585
18377
19410
22892
26951
29267
29845
30050
33270
36403
37745
38183
41533
43310
44929
46188
48280
49439
50734
51868
52314
54992
55435
55906
56484
58186
61498
63936
67436
68391
71570
71767
72521
75885
76970
78312
78937
80156
82141
83682
85345
86195
86980
89729
90518
91175
91984
97348
99130
99979
100117
101526
102618
104880
107233
107817
110607
112176
115139
118152
119836
125061
127249
137820
139509
141709
142177
145555
148587
149752
150213
151316
153008
153347
158002
165967
169800
173396
173474
178948
182662
189092
191056
191528
193542
196985
201095
203426
203880
208164
209434
217697
219161
221451
221766
222348
224128
231477
231762
232136
233772
241154
242817
263483
264318
268559
269768
272693
272939
275982
276898
277061
280727
281894
282280
282868
283165
283973
287185
287286
292736
293891
295277
296156
296613
296786
297753
297952
299907
300107
300210
303544
305362
306708
307526
307800
311411
314561
320537
321120
323745
328937
330156
331139
332086
332497
334874
335620
336653
336956
337698
339528
341186
342128
342153
344993
350245
350530
352612
352920
354318
361158
361742
365224
365920
366668
368746
369171
369733
372884
377176
394841
397674
399072
400454
400673
402122
404746
407596
409774
410394
414500
417869
418962
430137
446658
448532
452865
458907
459604
461368
461837
480776
497667
501920
527758
527977
531737
531975
535012
535843
536855
537766
539730
542099
542767
546330
547025
549225
550104
550561
555274
555540
557659
558021
558442
558708
559576
562580
563768
565351
565406
569584
570689
574605
575905
577589
577874
578124
582544
583699
590062
590745
592988
593061
593730
594702
595745
596580
598738
599322
600118
600401
600872
602309
605568
606743
608944
611656
613410
617481
618540
623800
626793
627782
631116
633952
635170
640081
641300
641546
648708
656058
660681
661798
665284
665706
667153
668968
672624
672652
673878
679488
680386
681012
689457
693890
694412
696489
705059
729520
729673
735265
739459
741524
770148
786855
788685
789730
791472
791672
792627
792916
793162
794994
795244
795285
796227
797446
799116
802336
803001
803150
809729
809996
812074
814400
823342
824849
826626
827659
828708
836630
837384
838180
845960
848386
852085
853444
855344
858246
859201
865088
870504
872459
885138
885795
887425
889093
898056
909360
917789
919875
921472
922134
946448
984138
988196
989448
992513
993348
1016332
1019984
1033344
1050973
1051884
1053102
1054057
1058131
1058381
1062340
1062435
1063528
1065678
1066225
1067578
1067940
1071395
1072274
1073307
1073941
1076928
1077349
1077936
1082281
1083270
1084099
1084683
1087533
1087700
1090740
1094034
1096209
1096992
1097895
1099568
1100821
1101913
1103233
1108248
1108486
1110156
1114597
1115594
1116303
1118332
1118491
1119074
1120920
1121616
1122862
1123985
1124442
1125188
1127446
1128200
1128612
1132646
1132945
1135683
1135908
1139816
1142018
1147292
1149288
1151621
1152042
1153286
1157155
1158156
1164484
1171872
1176128
1180491
1181214
1182106
1183074
1183971
1184720
1187084
1188204
1188466
1193034
1196589
1197400
1200182
1215649
1217648
1220806
1222280
1229125
1245876
1247825
1261778
1265184
1279049
1286200
1312116
1312141
1312362
1313222
1313457
1315660
1316500
1317176
1317414
1318409
1319033
1319198
1322034
1323143
1324200
1327538
1332490
1334368
1336390
1336609
1341700
1344085
1346960
1349953
1352354
1353032
1353828
1357834
1359932
1362504
1377446
1378113
1379082
1381425
1384652
1385483
1392903
1395220
1402945
1404962
1409264
1412162
1413904
1425545
1443459
1451792
1452676
1454345
1474650
1474851
1478820
1482897
1508648
1511438
1515557
1515842
1522688
1541140
1574059
1576385
1577619
1578069
1578290
1578540
1579038
1582944
1583653
1584404
1584650
1585496
1585569
1585734
1591945
1592616
1593450
1593613
1597734
1599564
1606866
1608742
1610084
1612672
1612872
1616194
1622410
1624176
1630401
1630760
1635344
1638742
1640866
1641491
1642535
1643744
1646621
1647363
1650826
1655384
1655822
1656704
1671729
1673285
1681552
1705380
1710256
1723138
1725473
1736727
1741321
1771013
1771564
1774616
1775682
1778722
1782020
1802625
1835496
1835535
1838660
1839713
1843525
1844610
1847348
1849536
1852489
1870092
1870354
1872024
1879041
1884433
1900602
1900739
1901348
1903752
1906178
1909840
1921092
1925384
1939488
1941510
1966182
1971520
1972229
1975308
1976608
1984536
1987200
1990659
2007616
2098301
2099043
2100152
2102506
2103053
2104134
2106678
2107507
2108866
2110535
2114219
2116761
2117963
2121838
2122720
2123320
2127885
2130780
2131354
2133232
2134204
2136737
2137102
2137872
2138759
2139729
2140564
2140698
2141221
2144515
2148406
2148689
2150597
2150818
2151443
2154889
2164440
2165108
2165354
2165395
2166341
2168120
2168257
2168358
2169226
2171083
2172132
2173345
2175029
2175314
2175564
2180422
2182188
2189640
2192394
2197773
2198818
2200089
2203826
2205766
2209028
2209832
2211982
2213025
2216048
2218500
2223120
2228446
2231431
2233700
2233938
2237963
2239564
2240782
2241809
2243618
2245013
2247433
2249350
2256984
2273377
2278980
2295712
2302277
2310684
2311218
2316480
2327746
2330646
2359639
2360110
2361233
2362068
2362652
2363817
2364806
2365635
2368602
2368675
2369348
2369768
2372194
2373654
2374408
2376293
2376719
2377064
2381866
2386449
2389028
2392777
2393190
2394442
2395778
2396624
2398500
2407488
2409136
2413704
2416914
2417164
2425314
2426149
2430036
2431249
2432160
2434440
2435620
2438657
2445580
2445842
2449449
2459745
2459800
2474005
2482368
2492594
2494503
2503312
2509378
2523532
2524712
2526225
2531380
2556012
2559296
2565126
2568480
2589441
2622193
2623054
2624570
2625316
2625654
2625679
2626408
2628804
2630058
2631045
2634780
2635522
2636080
2638140
2639508
2640226
2649094
2650147
2650436
2650760
2656364
2656789
2657347
2660498
2665152
2665736
2666570
2671366
2672064
2676256
2687283
2687533
2691492
2691651
2694664
2695288
2697356
2699529
2708485
2711697
2712864
2719956
2721298
2726208
2753411
2768923
2785446
2786392
2806024
2810881
2819340
2821264
2822186
2822928
2828546
2831424
2853408
2883691
2884780
2887962
2891974
2892577
2895953
2903073
2905154
2921092
2922505
2925712
2926626
2932867
2950169
2950752
2951250
2953416
2957588
2957834
2965542
2965825
2979840
2982184
2984964
3015749
3015970
3016718
3020896
3023176
3031248
3080353
3146106
3146397
3147442
3148886
3149105
3149640
3151013
3152352
3155086
3156028
3156165
3156770
3158849
3161604
3164265
3164430
3165699
3167308
3174696
3176514
3179236
3179283
3179820
3183938
3186904
3190822
3191817
3199252
3199498
3203121
3213635
3214724
3215558
3217458
3221058
3222025
3227832
3228353
3228937
3245063
3248417
3249296
3252490
3252756
3281576
3284033
3299856
3306624
3309707
3312140
3318802
3329280
3342630
3345418
3346760
3352672
3354627
3360773
3367184
3409947
3410693
3413792
3414156
3416484
3417109
3418448
3422241
3425160
3425872
3428497
3435528
3440790
3444840
3448899
3473955
3474706
3474956
3480128
3483778
3485720
3489866
3492128
3506500
3515424
3539393
3540120
3542052
3545346
3547178
3551300
3672266
3673101
3674169
3675528
3678988
3681440
3686471
3692580
3695122
3696897
3703113
3703216
3704449
3707472
3712068
3736628
3737880
3738118
3741825
3744192
3748384
3755072
3756290
3768418
3772428
3803171
3803460
3806214
3809428
3815432
3819016
3932252
3932994
3934760
3936418
3939344
3940489
3949828
3956832
3964965
3965962
3977472
4047360
4063761
4098176
4195215
4195518
4197844
4198090
4200690
4200987
4201549
4202036
4202970
4203877
4207028
4207274
4208937
4209488
4209926
4211558
4213923
4215265
4219053
4219604
4222225
4226568
4228441
4229349
4229523
4231830
4233120
4240901
4244200
4244551
4248344
4248617
4249861
4251939
4252940
4253314
4253769
4260691
4262569
4263704
4265612
4266030
4269134
4270434
4270613
4273025
4276650
4277275
4277637
4279814
4280906
4283168
4284529
4289696
4290578
4293197
4293746
4297044
4297251
4299793
4300953
4301574
4302272
4309556
4311248
4314370
4328872
4334649
4335655
4337750
4345871
4346961
4352028
4353090
4358268
4360880
4360970
4362563
4363290
4371136
4375904
4391198
4396297
4400736
4401345
4409508
4419904
4448776
4457187
4461868
4465904
4466313
4467020
4469297
4473909
4474444
4475248
4475273
4477203
4478498
4479632
4481832
4484228
4485320
4491783
4492344
4493453
4493924
4498241
4502800
4505754
4522952
4524107
4525156
4527111
4532624
4534538
4538454
4542520
4546691
4551172
4555057
4556432
4573218
4575297
4588994
4589317
4589653
4593802
4596129
4606497
4612358
4623936
4632610
4637568
4653606
4657348
4661336
4670736
4720157
4721457
4722908
4723365
4723650
4726112
4729475
4729900
4735179
4735317
4736228
4737864
4740868
4741288
4743694
4747289
4747872
4751788
4753155
4758081
4760114
4761160
4771344
4785446
4785857
4786330
4787076
4792363
4793492
4798536
4802088
4817031
4817760
4833545
4838016
4841538
4850247
4853282
4856193
4858660
4859018
4866705
4884674
4885509
4890904
4913152
4917360
4919315
4939781
4982168
4982406
4982964
4983082
4985161
4991073
4991512
4993170
4994116
5002369
5013713
5014057
5014292
5034272
5050466
5055136
5057538
5062796
5063426
5064721
5128242
5152900
5161032
5243447
5246597
5247689
5248102
5248785
5249354
5252394
5253270
5254024
5255708
5259577
5260566
5260952
5261395
5265988
5267682
5269028
5272322
5273729
5277281
5277866
5278004
5279921
5283330
5284229
5284363
5286992
5309485
5310036
5311664
5314657
5316937
5317424
5320912
5325580
5328917
5344001
5363720
5366785
5374882
5378341
5392832
5393417
5411208
5427744
5439594
5444738
5456387
5505708
5507288
5508110
5509163
5509714
5515523
5517664
5521605
5525248
5538835
5554498
5559300
5562896
5571097
5575752
5580036
5580840
5587552
5591424
5605508
5636500
5645377
5653664
5703698
5767523
5767962
5768524
5769952
5775544
5775953
5776391
5781120
5781538
5785154
5789968
5802009
5816468
5820419
5837096
5839876
5840996
5849249
5859840
5865672
5866768
5898381
5900820
5924096
5932072
6030209
6030896
6033670
6037578
6047874
6097216
6107137
6294182
6294465
6296149
6296370
6297219
6300441
6305096
6305892
6308300
6309642
6311520
6312492
6314033
6315392
6316055
6317249
6318218
6318852
6324283
6325029
6325397
6327817
6330568
6332784
6333608
6341202
6342952
6353040
6357095
6358577
6361824
6363284
6364226
6365484
6366467
6368896
6374288
6377609
6382114
6407240
6422761
6424920
6432276
6433320
6443106
6451713
6456582
6473731
6488714
6504737
6523264
6525984
6555693
6557774
6558817
6559256
6561948
6562690
6565152
6566149
6570073
6573074
6574912
6596737
6604033
6604868
6619781
6620202
6621446
6638088
6656130
6684939
6685296
6691332
6816150
6817065
6817616
6821040
6822156
6824013
6825058
6831105
6834309
6838786
6842448
6849176
6852881
6864993
6881610
6893574
6898244
6898818
6922753
6946869
6971552
6983748
7014409
7061520
7078244
7081032
7090216
7098388
7104000
7148800
7227648
7242242
7341131
7344282
7345028
7346183
7347240
7348550
7348897
7349648
7356532
7356803
7365192
7389197
7390242
7391872
7406944
7407692
7420160
7427584
7430276
7438417
7438888
7472324
7473297
7483440
7504704
7604322
7615490
7619078
7635224
7639553
7670785
7671844
7753736
7807488
7864366
7867650
7881504
7881745
7884992
7905410
7930117
7939080
7995474
8136708
8192144
