13245
24056
42459
47478
48775
52126
52335
55091
73333
93036
93341
96193
102370
103247
103614
123303
124502
130314
170732
171293
193368
193705
240521
240760
241877
243492
246333
247244
252257
253584
272231
277450
277563
282323
283262
284047
330415
331102
332275
353051
353514
358471
396153
399316
418509
419132
424337
425568
468657
473628
477428
478981
480168
480345
535135
535982
538354
541675
546999
548678
591767
596794
597195
616914
618019
619150
656637
663457
682680
683337
684516
685589
731445
732868
733801
734616
739184
744492
829667
831250
832590
835927
837286
842251
885466
886059
891270
913458
952981
953700
954825
955960
975649
976080
1024172
1031169
1034520
1036868
1085113
1086949
1106172
1107725
1112992
1113169
1155953
1161261
1166021
1166644
1167769
1169000
1189864
1194821
1195188
1198509
1199708
1200881
1223378
1223971
1225102
1229670
1229975
1235002
1248721
1249660
1250957
1270676
1270885
1276104
1278187
1279770
1285190
1307139
1317085
1318700
1337909
1338820
1339753
1341080
1386936
1388105
1389284
1389845
1399632
1399969
1452142
1454898
1455299
1458650
1459755
1464966
1507927
1508774
1513739
1534994
1575924
1578841
1598897
1603868
1647053
1648188
1653393
1654112
1656953
1658760
1659685
1660116
1712807
1713494
1719818
1723155
1723618
1724495
1771678
1774530
1774643
1794346
1868397
1869212
1874225
1875648
1895464
1896581
1943636
1946376
1950176
1951249
2007067
2020610
2066978
2101197
2123385
2128596
2129189
2130679
2136491
2137690
2157379
2157746
2158623
2172404
2177369
2178728
2182065
2183405
2184988
2205902
2208658
2208867
2212218
2213515
2218534
2269549
2270876
2275889
2276800
2279641
2281256
2282373
2282612
2329428
2329765
2351840
2352401
2361274
2366231
2366694
2387470
2388643
2389330
2435698
2436483
2437422
2442182
2442295
2447514
2501540
2501717
2502904
2504457
2508257
2513228
2556317
2557548
2562753
2563376
2582569
2585732
2624883
2626014
2627119
2646838
2647239
2652266
2695355
2697034
2702358
2705679
2708051
2708898
2761681
2766989
2771557
2772372
2773305
2774728
2820584
2821657
2822836
2823493
2842716
2849536
2918462
2921314
2921619
2941322
2990599
3001410
3058248
3059988
3064845
3070112
3113073
3114880
3189141
3190372
3191497
3192120
3196880
3202188
3244972
3245149
3250416
3251969
3271192
3273028
3278645
3283864
3284073
3303792
3305089
3306028
3312143
3314003
3315362
3335242
3353868
3355041
3356240
3359561
3359928
3364885
3383350
3393922
3416924
3417261
3427048
3427609
3428788
3429957
3475813
3477140
3478073
3478984
3498193
3499808
3541171
3542850
3544094
3563783
3613322
3625058
3681065
3681496
3682421
3684228
3687069
3687788
3692993
3694128
3737313
3742284
3762340
3765257
3801722
3802507
3807526
3829906
3876931
3884550
3973808
3974465
3984132
3985496
4032649
4035620
4096198
4228988
4234193
4254009
4255432
4256357
4257172
4303540
4304197
4305384
4306457
4310257
4315228
4336092
4337197
4339057
4343705
4348724
4349125
4367127
4367590
4372555
4377251
4377938
4380174
4391909
4397241
4398920
4418129
4418976
4419853
4426030
4428402
4429187
4448410
4459957
4462313
4482032
4487340
4530301
4532108
4537121
4537552
4540873
4542008
4543125
4543844
4596139
4597338
4603142
4605983
4608835
4609202
4656018
4656227
4657358
4678182
4725101
4726428
4746117
4746356
4747481
4749096
4797268
4797605
4800956
4802125
4807392
4807953
4860770
4861075
4862014
4866774
4867367
4872586
4915547
4916906
4921863
4944962
5016488
5016665
5017844
5019397
5038620
5044544
5087633
5088864
5097509
5100680
5157506
5161066
5211158
5252821
5257848
5258633
5263201
5264332
5264445
5286942
5288115
5289794
5292635
5293482
5298439
5311261
5311724
5314480
5333673
5334360
5340676
5341654
5342759
5347978
5367906
5408885
5410692
5411625
5412056
5431745
5432880
5481036
5486864
5491721
5492900
5515603
5516962
5517839
5521639
5523222
5528650
5571434
5571739
5576758
5599618
5636796
5637453
5642720
5643793
5663496
5664852
5712005
5714984
5718321
5719744
5776282
5776491
5781702
5786158
5788018
5789315
5835171
5836370
5838094
5857303
5901001
5901624
5902741
5903972
5923980
5928993
5972208
5973761
5982532
5984792
6070566
6080658
6131779
6194000
6194337
6199308
6334369
6339340
6343140
6344213
6345400
6346057
6392425
6393240
6394165
6395588
6415404
6420609
6426352
6427229
6428076
6447285
6448964
6454296
6456266
6456379
6461590
6484258
6497080
6497481
6502500
6507148
6509008
6510113
6532610
6537287
6564505
6565224
6566341
6567476
6570797
6571228
6576241
6578048
6621009
6626317
6646036
6648392
6685046
6686343
6691370
6711490
6762515
6767882
6824684
6825245
6830512
6831681
6835032
6835369
6883541
6885156
6886281
6886520
6906209
6907536
6949966
6951139
6952722
6971915
7020934
7030834
7122052
7122985
7127745
7128368
7176524
7182864
7244035
7340537
7346853
7347540
7366733
7369489
7369952
7375666
7376067
7377006
7398022
7416768
7416881
7418012
7422580
7423365
7428392
7446795
7459858
7514280
7517189
7520540
7526976
7570065
7570784
7604622
7606994
7607587
7626810
7676998
7686659
7742049
7742864
7752740
7753865
7800920
7803652
7865159
7865526
7870491
7892226
7942690
7946442
8006164
8008008
8012704
8012881
8060973
8068224
8160778
8380416
