13119
27325
29871
30045
32177
36341
42621
42895
47215
47767
54941
55139
57837
68831
72185
73397
73547
77359
77777
78287
80477
84407
87639
87977
89147
89541
90239
91853
91955
92999
96467
96557
102167
102647
105317
109747
109901
111443
117461
117547
118169
119417
120011
120117
123677
125297
130307
135030
136171
138197
138492
144795
147110
147288
149214
151011
153918
155241
157050
157605
157934
161520
161550
162458
162660
165055
166892
169325
169458
173532
174518
175841
177750
178088
178748
179138
180599
181178
183854
184272
184782
186931
187482
187812
191053
191765
191882
193130
193428
194729
198648
199358
202078
203238
204498
204588
206070
207228
210588
210786
211688
211734
213870
216804
216858
217338
220302
220528
221598
222890
223060
224472
224550
225990
226104
227508
227658
229248
230358
233052
233378
234157
235805
236598
237000
238058
240230
240536
240812
240978
242354
242508
242808
243078
245258
247410
247692
248522
248628
250398
250848
251092
251178
252012
252306
255054
255408
256058
256452
259620
260688
265966
266077
266163
268220
268479
273310
275582
282104
283622
289142
290362
290756
291290
292502
292712
292985
302804
302890
303862
304570
306025
309850
310180
310504
310550
312284
312686
314573
318094
318320
318524
318914
321196
321362
322449
324181
325810
325964
330740
331070
332510
333290
335480
335750
338170
339542
339880
340406
341732
341786
346574
347804
348002
348540
349742
350160
354982
355160
355436
355730
356978
357260
357560
357702
358430
358880
361390
361724
367330
367694
368048
368990
370282
370580
371404
371506
373970
374060
374900
375178
376640
377330
378566
378680
380074
380244
381620
381770
383192
383270
384530
385415
385690
385892
386102
386504
391720
392324
395643
401839
402393
408929
409109
409853
416141
420999
422787
431631
431793
438599
444627
447177
459383
463315
466467
467999
469893
480357
485129
493801
499893
508205
511025
512785
516675
524799
530286
531894
532185
534516
535163
539114
540231
542271
548466
548748
550350
552680
552726
553206
555566
555984
560478
561065
561854
563983
566234
566643
567548
568149
570549
571106
571164
572474
572868
574908
577178
577380
577914
577943
580188
580514
582323
583497
584390
584504
586968
587046
591774
593388
594930
596094
597674
597844
598766
600534
603702
604104
605424
605454
607606
609870
610224
610734
613014
613224
614904
616146
616236
617076
617354
619626
619924
620748
620850
622104
623484
625082
628314
628644
629916
630114
632504
632646
633374
633824
634058
634164
635604
635690
637094
637272
639198
641708
641874
642168
642438
643686
643992
644274
644428
646848
648420
648474
650786
651324
651714
654084
661143
681145
684393
697899
703561
711301
724275
735619
743513
747015
757285
758091
766995
792919
796611
798349
803757
805099
808015
810133
810755
813341
814673
816179
816521
820071
823421
827599
830731
834097
836379
841253
842025
845925
853429
859041
861529
866347
881297
890633
922937
928978
929068
930508
930610
935777
936628
936778
936987
939178
939348
942419
946341
950941
951928
952198
953923
956824
974878
975328
982528
984914
985798
985912
986228
986506
987754
988052
988376
988454
989362
989516
991984
992014
992708
993436
993634
994888
995414
995752
996994
997924
998672
1000028
1000354
1000598
1001518
1001936
1003268
1003802
1005104
1006216
1006658
1007818
1007924
1010194
1010848
1012544
1012748
1016776
1017058
1017116
1017946
1018276
1019536
1020046
1020272
1021508
1022722
1023016
1024108
1024402
1025824
1027078
1028632
1030336
1032376
1032518
1033738
1034848
1038356
1041028
1041488
1042696
1044514
1055482
1056206
1056737
1059293
1059814
1063991
1068158
1069982
1072787
1074044
1074614
1077987
1078841
1079687
1079894
1080232
1080476
1080674
1082301
1089196
1089362
1091962
1093198
1093552
1094062
1095322
1095524
1100246
1101107
1101538
1101596
1102076
1103414
1103816
1107668
1107754
1109097
1112266
1112372
1117022
1117682
1119212
1119422
1121894
1122200
1123258
1123694
1129102
1129328
1129562
1129892
1131254
1131996
1137212
1137602
1137896
1137942
1140254
1140704
1141354
1141652
1141958
1142072
1143512
1143590
1143924
1144202
1149166
1150522
1150916
1151450
1152752
1152782
1155572
1156774
1156952
1157842
1157932
1160396
1160498
1161400
1161542
1162772
1163582
1164908
1165202
1166516
1166666
1168042
1168212
1169522
1169804
1171232
1173596
1173922
1175176
1175702
1175912
1177154
1181415
1187591
1189207
1191577
1233179
1241201
1250099
1262545
1270373
1274915
1278413
1288267
1297421
1315439
1323505
1324303
1331081
1336523
1377691
1378429
1381717
1383181
1387233
1395027
1397601
1407113
1417995
1419541
1421401
1425565
1426979
1437733
1444284
1444295
1445526
1445736
1446262
1447369
1447516
1447842
1448617
1450206
1451634
1451916
1453226
1454772
1454922
1456236
1456530
1457856
1458666
1458973
1459255
1459896
1460038
1460940
1461042
1463506
1463596
1464486
1464664
1465866
1468656
1468686
1469988
1470522
1470916
1472272
1472579
1477236
1477514
1477848
1477926
1478417
1479366
1479480
1479786
1480084
1480734
1481184
1483496
1483542
1483836
1484226
1484357
1486987
1489442
1490184
1491546
1491876
1492110
1492336
1497744
1498180
1499238
1499544
1502016
1502226
1503756
1504416
1509066
1509172
1513684
1513770
1517622
1518024
1519362
1519842
1519900
1520135
1521192
1525914
1526116
1527376
1527886
1528240
1529476
1532076
1540962
1541206
1541544
1546824
1547394
1551456
1553280
1559046
1561624
1565232
1565956
1586069
1589979
1591203
1591599
1595633
1600677
1608397
1610783
1611203
1619241
1626929
1641015
1644827
1650307
1656597
1658209
1658989
1663657
1672071
1672365
1674325
1689795
1695759
1705390
1706458
1709626
1710020
1710670
1711024
1713772
1714066
1714900
1714986
1715230
1715680
1717450
1717556
1718386
1718668
1720820
1723000
1723270
1723570
1723724
1725100
1725266
1725542
1725848
1728020
1729078
1729480
1730699
1730865
1732162
1732700
1733026
1735720
1736830
1737139
1738420
1738570
1739974
1740088
1741401
1741606
1743018
1743188
1744480
1745550
1745776
1748740
1749220
1752208
1753925
1754344
1754390
1755292
1755490
1756545
1758850
1760008
1761490
1761580
1762840
1764000
1766720
1767430
1772650
1772948
1774196
1774474
1774817
1778266
1778596
1779081
1780545
1781296
1781806
1782224
1784900
1786940
1787330
1787990
1788328
1790099
1791560
1792546
1796620
1798405
1803049
1803418
1803620
1804528
1804558
1808144
1810965
1812160
1816864
1818790
1818968
1827586
1831048
1835982
1836253
1839527
1841820
1842018
1843829
1846597
1848993
1851582
1853034
1854772
1857930
1860231
1861072
1868753
1871073
1877031
1880339
1880520
1882692
1885267
1886286
1887876
1888612
1891362
1892472
1903506
1903631
1905235
1907761
1909992
1910038
1911321
1913029
1917241
1925219
1925452
1937964
1942673
1946634
1955200
1956353
2005029
2031787
2103258
2104188
2106873
2112241
2113130
2113428
2115564
2117263
2117489
2117999
2120178
2122490
2123367
2125404
2125730
2126268
2127809
2129124
2129178
2130931
2132702
2135358
2137507
2138990
2141750
2142152
2142678
2143563
2145422
2145648
2147574
2148782
2152014
2152368
2153192
2153238
2153681
2153741
2157349
2157752
2157894
2159270
2159448
2164350
2165738
2168308
2169246
2170572
2170674
2171868
2174618
2174820
2175354
2178108
2178498
2180538
2181372
2184930
2184988
2185818
2186148
2187750
2188980
2189130
2190450
2191980
2192274
2193578
2193748
2194950
2196942
2197878
2201238
2201448
2202158
2202576
2203838
2206328
2206598
2206932
2207018
2208458
2208564
2208870
2209176
2211488
2213592
2213670
2214578
2214732
2214942
2215392
2217132
2217298
2218182
2218296
2220630
2220968
2222221
2223888
2224368
2224398
2227272
2231867
2239941
2240637
2255027
2257491
2258959
2266821
2267945
2278857
2279187
2286233
2294491
2295687
2299051
2303277
2304803
2323589
2327907
2340961
2360695
2361837
2377427
2385685
2386315
2388167
2393501
2402887
2405433
2419747
2426825
2430043
2430757
2431331
2431635
2439333
2443829
2447437
2452505
2459249
2459707
2468289
2475275
2477697
2478599
2483269
2491318
2494192
2494222
2494702
2497622
2497960
2500294
2500408
2501292
2501458
2503061
2503198
2503648
2503858
2504012
2504905
2504998
2507102
2508365
2509414
2509720
2510026
2511572
2511658
2511992
2512262
2513171
2514752
2516014
2517352
2520712
2521648
2523640
2524842
2525012
2525327
2526316
2526610
2527858
2528140
2529460
2529610
2530840
2532442
2532772
2533602
2533660
2535973
2537218
2540092
2540482
2541893
2543770
2544707
2547916
2548018
2549344
2550282
2552852
2554240
2559142
2559320
2560696
2560838
2564713
2566222
2566576
2571016
2572942
2573168
2575912
2576438
2576840
2579600
2583232
2585888
2589412
2589466
2592860
2593186
2596100
2598161
2598412
2603026
2605162
2605460
2614402
2615332
2625251
2626533
2636109
2647443
2652313
2660947
2671725
2689821
2694249
2699917
2704583
2705739
2712153
2719993
2726281
2728341
2736435
2749953
2753402
2754006
2754221
2754781
2754987
2756497
2756851
2756895
2758467
2759222
2759624
2760036
2761196
2762456
2762534
2763365
2763956
2764106
2765482
2765652
2766241
2767046
2767160
2768396
2770548
2771666
2771756
2772231
2774220
2774322
2774553
2775146
2775444
2776736
2777678
2778032
2778396
2784002
2784336
2786846
2787296
2787637
2788024
2788166
2788466
2788748
2789996
2790290
2790566
2790744
2794253
2794567
2795566
2795984
2797186
2797724
2797922
2799152
2802275
2802837
2803940
2803994
2805320
2805846
2806184
2807556
2810246
2812436
2813216
2814225
2814656
2814986
2818159
2819762
2819916
2823253
2824364
2824715
2826812
2827202
2827406
2827632
2833040
2833442
2834841
2835176
2835222
2835546
2835876
2839329
2841156
2841864
2842836
2842922
2851665
2853014
2853224
2854081
2854970
2855364
2856584
2859681
2862104
2863622
2870144
2871309
2872416
2877443
2886191
2887258
2890891
2891965
2896774
2901898
2903457
2904884
2908455
2909410
2910358
2912865
2917555
2921825
2922598
2925148
2927637
2929072
2929163
2935240
2937729
2942470
2951559
2952773
2958129
2958394
2959443
2962691
2963024
2965535
2966888
2969828
2982221
2982454
2982595
2983376
2988676
2998825
3002449
3147599
3149207
3156143
3168713
3188021
3189277
3198533
3205763
3215903
3226497
3228461
3228779
3241233
3246761
3248427
3253387
3265169
3277564
3279214
3282574
3282800
3283099
3283365
3284194
3284252
3285490
3287754
3287860
3288184
3289702
3290008
3290324
3290410
3293561
3295124
3295774
3296594
3297970
3298124
3298853
3299444
3302554
3302756
3305224
3305704
3305750
3308164
3309803
3309982
3311314
3311404
3312294
3312472
3314453
3314872
3315014
3315916
3316018
3317632
3318330
3318724
3319894
3320232
3323464
3324964
3327068
3327394
3329584
3330094
3330512
3332674
3334324
3334474
3337408
3339040
3340312
3344153
3344725
3345010
3345292
3347564
3347858
3351190
3352131
3352804
3352858
3354801
3354953
3356420
3357832
3359984
3360014
3361353
3362434
3362972
3363170
3365648
3367299
3370004
3371530
3375694
3376048
3377212
3377602
3380770
3381255
3382352
3383512
3383590
3391571
3393344
3397792
3400744
3403844
3409146
3411516
3411906
3412444
3413905
3414756
3414810
3415625
3416382
3417643
3418802
3418956
3419238
3419544
3420792
3421356
3421522
3422293
3424032
3425958
3426136
3427540
3427626
3429066
3429406
3429856
3430584
3430726
3432557
3433116
3433314
3434586
3434916
3437321
3438148
3439746
3441126
3442380
3442482
3443057
3443306
3443604
3445571
3445876
3446154
3446994
3447084
3448326
3450006
3450216
3452496
3453006
3454145
3455624
3457427
3457776
3457806
3459126
3462696
3463301
3464464
3465386
3465556
3467136
3468300
3469842
3471456
3473591
3476184
3476262
3478726
3478840
3482716
3483042
3485316
3485850
3486052
3488322
3490362
3490756
3492066
3492124
3495682
3496996
3500039
3501376
3502752
3507246
3509315
3510024
3510504
3510550
3512880
3514482
3514764
3524116
3528714
3531336
3532944
3564625
3607841
3609281
3638405
3648001
3671420
3672310
3674020
3674554
3675880
3675926
3677230
3677648
3680097
3681031
3681484
3681586
3683026
3683116
3683417
3689130
3689300
3689753
3691700
3691850
3692567
3695332
3695386
3695702
3696040
3696141
3696700
3697090
3698320
3698830
3699056
3700258
3701320
3702020
3703131
3704422
3704728
3709048
3709318
3711906
3712240
3712270
3713178
3713380
3714600
3715126
3716740
3717281
3717904
3718210
3719830
3720040
3720250
3720644
3721648
3723010
3723490
3723548
3724880
3725860
3726472
3729489
3736035
3737300
3737386
3738220
3738808
3738950
3740326
3740504
3740786
3741068
3741898
3742004
3748901
3760306
3762976
3763210
3764756
3765440
3769929
3776710
3776824
3778066
3779968
3781216
3782668
3784820
3785098
3786400
3787288
3789830
3791168
3801687
3836939
3883653
3942697
3950129
3951171
3952683
3966725
3969177
4014281
4055297
4063898
4064100
4064334
4064688
4065512
4065558
4066850
4067388
4067778
4069128
4069968
4070532
4071590
4071768
4072980
4074368
4076640
4077578
4079730
4080012
4081344
4084230
4086048
4088360
4089090
4089924
4092048
4096212
4096298
4098572
4099392
4100768
4101138
4104770
4105352
4106288
4108548
4113168
4113444
4114562
4116552
4129539
4130961
4136973
4150273
4161633
4201383
4201843
4202015
4204222
4204395
4205560
4208102
4208990
4210292
4210570
4212722
4214174
4215422
4217324
4218566
4218680
4219607
4220825
4225813
4226249
4229950
4230634
4232180
4232414
4234930
4235084
4237767
4237995
4239737
4240935
4245221
4245629
4248365
4250561
4253386
4253492
4254322
4254604
4254886
4255064
4256440
4256582
4256876
4257170
4258004
4258090
4268918
4269530
4270510
4271842
4271900
4272380
4273742
4274096
4274746
4275140
4275350
4275560
4277180
4277486
4278650
4279862
4280264
4280790
4282010
4282212
4283120
4283150
4283484
4283810
4286072
4286342
4290662
4290968
4293370
4294070
4295132
4296334
4296560
4297070
4298300
4298690
4299350
4299688
4300004
4300058
4303540
4303690
4306090
4306260
4312274
4312364
4313804
4313906
4318160
4318364
4318562
4319464
4319510
4320836
4321370
4321700
4321923
4323080
4324400
4334069
4342235
4345613
4347175
4348055
4361303
4371993
4398865
4401777
4403307
4406433
4408725
4410947
4411725
4419859
4430115
4432399
4433729
4441177
4442277
4473151
4493771
4502945
4518923
4530589
4534985
4535075
4536657
4542635
4554241
4556115
4556903
4561419
4572685
4576401
4588924
4589814
4591524
4592058
4593384
4593430
4594734
4595152
4597387
4598988
4599090
4600530
4600620
4602123
4606634
4606804
4608569
4608583
4609204
4609354
4610273
4612836
4612890
4613206
4613544
4614204
4614594
4615824
4616334
4616560
4617762
4618824
4619524
4621109
4621926
4622232
4623523
4623689
4624597
4626552
4626822
4629410
4629744
4629774
4630682
4630884
4632104
4632630
4634244
4635408
4635714
4637334
4637544
4637754
4638148
4639152
4640514
4641052
4642384
4643364
4643976
4645925
4654804
4654890
4655724
4656312
4656454
4657830
4658008
4658290
4658572
4659402
4659508
4677810
4679749
4680480
4680714
4682260
4682944
4694214
4694328
4695570
4697472
4698720
4700172
4702324
4702602
4703904
4704792
4707334
4708672
4732989
4743789
4770915
4785067
4785767
4790415
4805969
4819603
4830401
4833761
4850938
4851023
4853308
4853698
4854236
4854319
4856548
4856602
4857221
4858174
4859669
4860137
4860594
4860748
4861030
4861336
4862584
4863148
4863314
4865824
4867750
4867928
4869332
4869418
4870858
4871198
4871648
4872376
4872518
4874908
4875106
4876378
4876708
4878545
4879940
4881411
4882918
4884172
4884274
4885098
4885396
4887457
4887668
4887946
4888786
4888876
4890118
4891331
4891798
4892008
4892947
4894288
4894798
4897416
4899129
4899568
4899598
4900918
4904488
4906256
4907178
4907348
4908928
4910092
4911634
4913248
4915893
4917976
4918054
4920518
4924508
4924834
4927108
4927642
4927844
4930114
4932154
4932548
4933858
4933916
4936841
4937474
4938788
4943168
4944544
4949038
4951816
4952296
4952342
4954181
4954672
4956274
4956556
4965908
4970506
4973128
4974736
4981500
4982249
4983150
4983863
4986510
4986736
4988130
4988188
4988457
4989426
4991690
4991796
4992120
4992390
4993115
4993638
4993944
4994260
4994346
4996626
4997575
4999060
4999710
5000160
5000364
5000530
5001906
5002060
5002945
5003380
5006490
5006692
5007907
5009160
5009640
5009686
5012100
5013918
5015250
5015340
5016230
5016408
5018135
5018808
5018950
5019852
5019954
5021568
5022266
5022660
5023830
5024168
5026061
5027400
5027971
5028900
5031330
5032709
5033520
5034030
5034448
5036610
5038260
5038410
5038729
5039377
5041344
5042976
5044248
5048946
5049228
5051500
5051794
5055126
5055336
5056740
5056794
5060356
5061768
5063920
5063950
5065801
5066370
5066908
5067106
5069584
5073940
5075466
5079630
5079984
5080199
5081148
5081538
5082401
5084706
5086288
5087448
5087526
5089857
5097280
5101728
5104680
5107780
5112723
5118785
5148771
5161037
5177685
5178905
5186627
5189681
5202305
5226515
5246773
5248413
5254563
5260237
5262663
5264971
5269690
5270105
5282071
5283959
5285049
5287689
5290600
5291141
5298339
5299214
5300629
5318293
5322051
5331249
5333159
5342287
5346835
5354245
5363785
5374623
5377626
5378801
5379881
5380189
5387142
5388819
5391533
5392266
5393313
5395252
5399083
5399778
5404033
5404709
5409325
5412966
5415516
5419440
5421377
5423303
5424785
5425608
5432838
5439847
5439929
5442315
5442761
5444661
5445970
5448762
5451013
5451917
5453392
5457256
5458453
5460196
5472822
5473744
5479044
5480673
5489923
5493281
5505914
5506518
5508805
5511734
5512136
5512346
5512548
5513708
5514968
5515046
5516468
5516618
5517994
5518164
5518441
5519558
5519672
5520908
5523060
5523599
5524178
5524268
5524537
5526732
5526834
5527658
5527956
5529248
5530190
5530544
5530908
5533843
5536514
5536848
5539115
5539358
5539808
5540536
5540678
5540978
5541260
5542802
5543078
5543256
5544737
5546661
5548078
5548496
5549698
5550236
5550434
5551664
5556452
5556506
5557832
5558358
5558696
5560068
5564948
5565728
5567168
5572274
5572428
5576876
5577091
5579324
5579714
5579918
5580144
5585552
5585954
5587688
5587734
5588058
5588388
5593668
5594376
5595348
5595434
5605526
5605736
5606948
5607482
5607876
5609096
5614616
5622656
5624928
5630018
5632272
5661001
5703265
5704723
5710609
5711913
5722193
5735043
5747713
5768118
5770992
5771022
5771502
5774019
5774422
5774760
5777094
5777208
5777559
5778092
5778258
5779851
5779998
5780448
5780658
5780812
5781720
5781798
5782801
5783902
5786214
5786520
5786826
5788372
5788458
5788792
5789062
5790221
5791552
5792814
5793299
5794152
5797512
5798448
5800440
5801642
5801812
5802043
5803116
5803410
5804658
5804940
5806260
5806410
5807640
5809242
5809572
5810402
5810460
5814018
5816892
5817282
5817613
5820570
5824716
5824818
5826144
5827082
5828675
5829652
5831040
5833939
5835205
5835942
5836120
5837496
5837638
5837867
5838721
5841197
5843022
5843376
5847137
5847816
5849742
5849968
5852712
5853238
5853640
5856400
5858373
5859587
5860032
5861401
5862688
5866212
5866266
5869122
5869660
5869986
5872900
5874001
5874211
5875212
5875849
5879826
5881962
5882929
5886085
5891202
5892132
5907569
5964365
6062697
6095179
6111781
6162825
6162993
6165573
6168682
6168980
6170432
6171142
6173720
6174880
6176984
6177062
6177923
6178316
6179936
6181760
6182930
6193324
6193490
6195904
6196244
6197770
6198560
6219777
6225950
6226400
6233600
6234760
6235172
6236240
6238466
6242882
6243600
6244484
6246440
6259460
6259784
6260770
6262928
6294359
6298797
6304411
6308959
6314597
6318393
6322499
6326455
6330249
6344233
6352257
6357373
6370417
6373775
6376723
6377653
6394593
6397249
6399141
6423502
6424421
6429340
6429538
6429771
6434311
6434983
6439102
6440554
6442137
6442292
6443921
6445450
6448395
6448592
6450273
6455725
6458057
6459731
6464563
6468040
6468869
6470212
6473806
6475396
6476132
6476299
6478882
6479992
6490143
6490593
6491026
6493709
6497161
6497512
6497558
6502488
6504999
6508739
6510633
6514193
6514822
6521401
6523653
6527121
6542720
6545697
6554343
6555054
6556122
6558493
6558871
6559290
6559684
6560334
6560688
6562127
6563436
6563730
6564564
6564650
6564894
6565344
6567114
6567220
6568050
6568332
6570484
6571811
6572664
6572934
6573234
6573388
6574764
6574930
6575206
6575512
6577684
6578742
6579144
6579341
6581826
6582364
6582690
6585384
6586494
6588084
6588234
6589638
6589752
6589971
6591192
6591270
6591565
6592682
6592852
6594144
6595214
6595440
6596697
6598404
6598884
6598938
6601872
6604008
6604054
6604956
6605154
6607153
6608514
6609672
6611154
6611244
6612504
6613664
6616384
6617094
6622314
6622612
6623860
6624138
6627930
6628260
6630531
6630960
6631470
6634564
6636185
6636604
6636994
6637654
6637992
6638401
6641224
6642210
6643937
6646284
6648850
6653082
6653284
6654192
6654222
6657808
6660629
6661824
6664259
6666528
6668454
6668632
6677250
6680712
6698561
6750413
6750515
6785602
6787337
6816729
6817013
6817083
6818236
6819478
6819688
6820214
6821468
6821794
6824158
6825586
6825868
6827178
6827348
6828724
6828874
6829071
6830482
6831808
6832618
6833848
6833990
6834892
6834994
6837458
6837548
6838438
6838616
6839345
6839818
6842608
6842638
6843940
6844474
6844868
6846224
6851188
6851466
6851800
6851878
6853318
6853432
6853738
6854036
6854686
6855136
6857448
6857494
6857788
6858178
6859397
6860885
6863394
6864136
6865498
6865828
6866062
6866288
6869193
6870275
6871696
6872132
6873190
6873496
6875968
6876178
6877708
6878368
6883018
6883124
6887636
6887722
6890309
6890649
6891574
6891976
6893314
6893794
6893852
6895144
6899465
6899866
6900068
6900385
6901328
6901838
6902291
6903428
6906028
6906194
6906915
6912005
6914716
6914914
6915158
6915496
6917133
6918183
6920776
6921346
6922507
6925408
6927232
6932998
6935576
6939184
6939908
6971415
6973961
6979739
7016880
7028849
7046659
7084325
7094869
7113105
7120417
7129099
7147969
7149593
7209547
7210140
7210338
7211066
7211460
7214628
7215746
7217268
7217546
7220481
7226898
7231500
7234308
7237698
7241991
7244576
7247040
7250576
7254056
7258273
7259400
7260240
7274706
7274796
7276416
7277076
7279626
7280736
7283234
7286916
7291972
7293186
7299096
7308336
7309448
7315776
7328256
7342329
7344583
7347747
7351506
7351596
7353036
7353138
7357043
7357873
7359156
7359306
7361706
7361876
7366853
7369223
7374456
7374726
7376957
7379352
7381579
7390247
7392017
7397406
7397856
7405056
7407276
7407442
7408326
7408440
7408756
7409034
7410282
7410580
7410904
7410982
7411890
7412044
7412305
7414512
7414542
7415236
7415964
7416162
7417416
7417942
7418280
7419522
7419915
7420452
7422556
7422882
7423126
7423681
7424046
7424464
7425796
7426330
7427632
7428744
7429186
7430346
7430452
7432722
7433376
7435072
7435276
7438549
7439304
7439586
7439644
7440474
7440804
7442064
7442574
7442800
7444036
7445250
7445544
7446636
7446930
7448352
7448625
7449606
7451160
7452864
7454904
7455046
7456266
7457376
7460884
7463556
7464016
7465224
7467042
7480168
7480397
7480993
7481745
7492627
7504675
7509089
7603113
7645443
7669255
7672993
7677193
7688453
7733806
7734224
7734500
7734554
7735395
7740164
7740464
7741733
7744024
7746566
7753088
7753865
7754336
7758466
7766194
7766348
7767561
7776388
7778384
7782421
7784488
7786754
7798904
7799174
7801504
7801868
7803410
7804224
7807556
7808144
7815944
7816226
7829504
7833872
7835684
7839754
7848128
7868041
7868777
7880861
7889793
7897777
7899207
7921705
7930135
7996130
7996188
7996470
7996872
7997582
7997808
7999044
7999578
8001168
8002088
8002818
8003768
8003910
8005130
8009748
8011884
8012178
8013600
8018112
8020560
8021124
8022050
8024328
8030738
8031392
8033088
8033292
8036900
8037648
8038472
8040578
8045192
8045634
8046852
8048688
8063013
8073729
8077323
8094081
8127533
8128604
8128930
8130320
8130800
8130830
8131205
8132162
8134707
8137312
8140160
8144193
8145926
8147480
8153224
8155172
8159434
8159540
8166401
8168200
8168516
8176162
8176784
8192102
8192408
8194570
8195264
8196896
8197140
8202500
8204360
8210480
8212610
8218112
8225360
8226050
8233120
8241164
8261905
8265921
