40543
43991
52477
53107
59353
61099
63079
63865
80819
81709
82431
89263
90081
92861
93035
96085
104313
104823
106375
112053
112333
113995
119539
119599
122265
125413
126163
129055
130609
137181
145326
158526
159210
160756
160990
162215
162507
163666
174066
175230
177387
178668
178959
179910
180024
181950
183270
185848
186718
187053
188020
188298
193939
206686
207864
210279
211134
212586
212884
215020
216478
219634
220888
220966
222947
226365
228580
232158
233007
234474
234814
237234
237388
239965
244449
248267
252117
255796
256620
256914
257208
257350
258726
258904
259186
259468
260394
285558
289502
290292
291135
291818
294578
294732
302460
305132
306590
307838
309746
311000
311078
313182
314360
316365
316902
317630
319082
319380
321415
323132
326881
333678
334586
337598
338918
341496
342366
343668
343946
346098
347262
349086
350700
351942
352056
353913
354746
358308
363326
364010
365556
365790
368300
368466
370038
375446
378571
382518
386772
386858
387698
387980
388262
388440
389585
389816
389958
390252
391370
391476
396989
405975
410543
417125
433549
437681
452147
452725
457241
465717
480713
489555
491767
492397
536442
537503
539382
540124
544726
546556
547770
548206
556709
561084
563062
564474
570360
571710
573036
582582
583036
584154
585456
585486
585966
587322
587716
588444
588642
588886
589224
593646
595930
596860
611302
615162
615886
616822
618076
618402
618940
620182
620392
621850
627390
631662
632250
633084
634422
634824
635350
636642
636700
637530
637860
638094
638320
639964
640246
641454
642714
642916
643450
644686
645040
645864
645910
646204
646594
648547
652504
654597
667279
675245
677795
678493
683067
692687
695153
708497
711755
714903
722805
726799
728297
756147
762455
763333
768053
776739
800455
801847
804535
809615
813291
815707
816498
820655
822222
827043
828125
834841
836207
842161
843345
846119
849037
852923
855847
857526
859077
861531
862367
863913
865009
866659
882765
883242
883536
888276
890469
891689
901437
906387
912003
918014
922347
923893
925075
925214
925664
926969
927531
931665
932745
935877
936563
941609
943718
944024
945685
948344
952809
954179
955163
955485
960591
961194
961364
962979
963764
963914
966843
969932
970034
971564
972039
976067
979525
984547
993881
994514
994604
996044
996146
1000605
1001671
1002164
1002314
1003575
1004433
1004714
1004884
1008421
1010785
1017464
1018903
1020077
1021233
1022054
1022360
1025681
1040414
1040864
1041673
1048064
1060604
1062870
1063790
1064378
1064905
1068974
1070970
1072092
1072374
1081140
1085402
1085947
1087214
1088438
1093094
1100414
1103262
1106894
1107194
1108412
1109654
1109864
1110390
1111644
1111970
1112804
1112858
1113134
1113552
1115899
1118070
1120188
1121742
1125278
1127550
1134072
1139580
1140150
1140974
1142330
1142724
1143258
1144560
1144590
1145430
1145768
1146012
1146210
1146499
1151838
1154772
1154858
1155830
1156572
1157498
1158734
1159088
1159598
1160858
1161060
1161788
1162178
1162472
1162518
1164218
1164654
1165782
1167074
1167132
1167612
1169352
1170062
1170288
1170522
1170852
1173164
1173330
1174922
1177778
1177932
1199081
1210931
1211469
1215861
1254311
1257113
1257849
1283859
1298997
1350101
1362285
1372977
1398421
1404105
1444702
1445362
1446892
1447102
1449259
1449574
1449880
1450938
1451374
1451723
1452505
1455673
1456782
1457008
1457242
1457572
1458934
1459676
1461403
1462367
1462709
1464892
1465282
1465576
1465622
1467213
1467731
1467934
1468384
1468589
1469034
1469332
1469638
1469752
1470691
1471192
1471270
1471604
1471882
1476183
1476521
1476846
1478202
1478596
1480432
1480462
1481545
1483252
1483619
1484454
1484632
1485522
1485612
1485929
1488076
1488178
1489080
1489222
1490051
1490452
1491262
1492588
1492882
1494196
1494346
1495722
1495892
1496345
1497202
1497607
1498912
1500453
1501602
1502856
1503382
1503592
1504834
1508337
1508589
1508639
1509820
1511062
1511272
1511798
1511983
1513052
1513378
1513675
1514673
1515742
1517170
1517452
1517623
1518762
1518932
1519363
1520308
1520458
1521772
1522066
1523392
1524202
1525432
1525574
1526476
1526578
1527377
1529042
1529132
1530022
1530200
1531402
1532563
1534192
1534222
1535524
1536058
1536452
1537031
1537808
1540765
1542772
1543050
1543384
1543462
1544902
1545016
1545322
1545620
1546270
1546720
1549032
1549078
1549372
1549762
1550533
1553281
1553489
1554978
1555720
1557082
1557412
1557646
1557872
1558585
1559937
1560867
1563280
1563716
1564774
1565080
1567552
1567762
1569292
1569952
1583021
1587295
1593017
1594315
1599923
1600205
1602839
1603041
1613637
1615643
1619665
1627029
1642329
1643741
1645223
1651527
1653861
1656351
1661139
1661229
1673787
1676707
1684073
1690737
1695929
1705976
1706686
1707119
1709406
1710566
1711826
1711916
1712763
1713398
1714556
1715605
1717916
1718114
1719016
1719062
1721198
1723843
1724132
1724186
1724666
1727630
1727856
1728926
1730218
1730388
1731800
1731878
1733318
1733432
1734836
1734986
1736576
1737686
1740380
1740706
1741244
1743926
1744328
1745207
1745386
1747185
1747558
1747864
1748140
1748306
1749682
1749836
1750136
1750406
1751337
1752586
1753319
1754173
1754738
1755020
1755407
1755850
1755956
1757726
1758176
1758420
1758506
1759340
1759634
1760417
1762179
1762382
1762736
1763780
1765577
1766948
1768016
1770926
1771994
1775162
1775556
1776206
1776560
1779308
1779602
1780436
1780522
1780766
1781216
1781911
1782986
1783092
1783457
1783922
1784204
1786171
1786356
1788536
1788806
1789106
1789729
1790636
1790802
1791078
1791384
1793556
1794614
1795016
1796235
1797698
1798236
1798562
1801256
1802366
1803956
1804106
1805510
1805624
1807064
1807142
1808554
1808724
1810016
1811086
1811312
1811499
1814276
1814756
1814810
1819880
1819926
1820828
1821026
1821253
1824386
1825544
1827026
1827116
1828376
1829137
1829536
1832256
1832966
1836879
1838572
1840949
1842808
1843950
1844179
1846641
1846870
1847483
1849735
1852539
1854749
1855958
1857178
1858339
1860157
1863179
1864588
1866385
1870487
1875100
1875298
1879242
1880615
1881388
1885649
1887113
1894049
1894458
1898563
1903213
1905129
1911988
1913117
1915096
1917657
1918373
1918580
1919968
1922378
1926190
1930289
1935256
1938034
1940553
1942434
1943361
1943819
1947268
1947809
1953538
1953989
1954315
1956388
1958228
1969061
2003155
2046469
2052705
2064729
2064775
2109390
2111226
2112444
2112886
2117500
2120430
2121178
2124786
2124990
2126686
2127340
2133750
2136954
2137518
2139966
2144478
2146194
2148330
2152948
2154168
2154310
2155260
2155990
2156910
2158170
2158500
2159034
2160270
2160496
2161206
2161608
2161948
2166714
2167423
2169814
2170108
2172916
2177514
2178726
2178904
2180830
2185534
2186866
2187148
2188206
2188666
2189788
2191080
2191126
2191606
2193346
2194129
2194276
2194510
2194864
2198508
2198878
2201074
2204634
2204910
2206134
2207388
2207586
2208124
2209366
2209704
2210874
2211268
2212726
2213308
2214138
2215888
2216398
2217700
2217754
2218588
2218914
2219158
2219368
2222790
2222904
2223220
2224746
2225044
2225446
2243223
2245879
2252047
2266683
2267261
2297437
2336113
2338907
2342025
2344625
2349841
2371477
2386479
2389147
2399115
2404035
2406757
2409275
2428365
2432107
2443177
2454285
2456709
2463633
2467033
2467901
2478247
2485507
2492030
2493418
2495311
2495417
2495988
2496926
2497881
2498252
2498354
2499548
2502298
2502500
2503034
2505315
2505788
2506178
2508218
2509052
2510723
2512610
2512668
2513498
2513828
2515430
2516660
2516810
2518130
2518412
2519660
2519954
2520865
2521258
2521428
2522630
2524622
2525558
2526375
2528918
2529128
2529838
2530256
2531518
2534008
2534278
2534612
2534698
2536138
2536244
2536550
2536856
2537747
2539168
2541272
2541350
2541973
2542258
2542412
2542622
2543072
2544812
2544978
2545862
2545976
2548057
2548310
2548648
2551568
2552048
2552078
2554952
2556854
2558523
2559728
2559758
2560238
2563158
2563496
2565830
2565944
2566828
2566994
2568309
2568587
2568734
2569184
2569394
2569548
2570534
2572638
2574950
2575256
2575562
2575668
2577108
2577194
2577528
2577798
2577939
2580288
2580665
2581968
2582678
2582888
2586248
2587184
2589176
2590378
2590548
2591852
2592146
2592545
2593676
2593989
2594996
2595146
2596376
2597191
2598308
2598413
2599138
2602754
2603588
2605163
2605628
2606018
2608772
2609306
2609508
2611213
2612258
2613452
2613554
2614880
2615818
2618388
2619776
2629333
2629419
2647755
2647859
2652499
2660535
2665953
2667125
2673273
2673543
2675743
2700409
2700679
2706659
2710087
2714505
2721453
2721619
2722155
2728627
2744653
2755572
2755902
2757342
2758122
2760582
2762301
2763002
2763715
2764712
2764911
2765238
2765273
2766564
2766618
2767653
2768035
2771406
2772636
2772834
2773372
2774574
2774992
2776117
2777515
2777813
2779814
2779992
2780268
2780562
2781810
2782392
2782534
2783262
2783712
2786222
2786556
2786663
2786715
2792162
2792220
2792880
2793822
2795114
2795412
2796236
2796338
2798802
2800010
2801472
2802162
2803398
2803512
2804906
2805076
2806452
2806602
2807433
2808024
2808102
2809362
2810522
2810724
2810934
2811336
2814257
2816552
2817156
2818791
2818938
2818973
2819542
2824758
2825160
2825370
2825572
2826732
2827992
2828070
2829642
2830097
2831018
2831188
2832582
2832696
2833932
2834622
2835547
2836362
2836849
2837202
2837292
2839756
2839858
2840682
2840980
2842272
2843214
2843568
2843813
2843932
2849538
2849872
2852382
2852832
2853560
2853702
2854002
2854284
2855153
2855532
2855826
2856102
2856280
2857605
2858243
2859817
2861102
2861520
2862722
2863260
2863458
2864688
2869476
2869530
2870856
2871382
2871720
2873092
2875512
2875782
2877972
2878752
2880192
2880522
2885617
2889613
2890232
2892653
2894619
2899145
2900924
2903127
2904285
2905401
2905956
2906901
2909455
2912065
2912937
2914406
2918867
2921587
2923598
2924775
2924985
2926103
2930004
2931213
2937554
2939276
2943068
2944041
2951414
2952794
2954073
2955535
2957630
2957781
2965863
2967117
2968977
2974436
2975795
2977987
2981983
2983814
2984357
2984649
2988563
2993221
2994219
2994632
2997392
2998667
2999144
3001904
3004737
3007057
3037889
3043717
3129863
3151725
3167481
3170067
3173707
3175093
3180501
3181631
3186275
3189357
3192121
3194501
3196571
3209301
3219807
3220457
3225117
3231333
3242027
3250865
3255047
3269909
3278822
3280094
3280781
3281726
3282355
3283119
3283287
3284660
3284810
3286460
3287355
3288293
3288622
3289040
3289550
3290887
3291740
3292066
3294069
3294170
3295670
3297643
3298902
3299240
3300410
3300804
3301502
3303116
3304120
3304262
3304471
3306840
3307730
3307820
3309152
3310970
3312099
3313384
3313430
3313910
3316378
3316580
3316945
3317981
3318705
3319412
3319690
3321010
3321164
3322540
3322706
3322910
3323360
3324010
3324308
3326444
3328724
3328810
3329126
3329432
3330680
3330950
3331274
3331380
3333644
3334882
3334940
3335337
3336001
3336334
3336560
3338763
3339920
3341570
3343833
3343927
3344750
3345299
3346917
3348110
3348336
3349097
3349730
3349788
3351026
3353290
3353396
3353720
3353990
3355238
3355544
3355860
3355946
3358226
3360362
3360660
3361310
3361964
3362130
3362973
3363506
3363660
3364980
3365258
3367111
3367513
3368090
3368292
3370760
3371240
3371286
3372417
3373700
3375518
3375695
3376850
3376940
3377830
3378008
3380408
3380550
3381452
3381554
3383168
3383866
3384260
3385430
3385768
3387555
3389000
3389761
3390500
3392393
3392604
3392930
3393829
3394571
3395630
3396048
3396705
3398210
3399860
3400010
3401222
3402944
3404576
3405848
3409822
3412978
3413199
3414142
3414745
3415722
3415892
3418582
3421750
3423472
3423502
3425654
3427918
3428272
3428782
3431062
3431272
3431463
3431817
3432952
3433565
3433891
3434194
3434284
3435124
3435402
3437674
3437972
3438796
3438898
3440152
3441532
3443130
3446362
3446692
3450552
3450694
3451422
3451872
3452212
3452681
3453161
3453652
3453738
3455142
3455320
3457246
3459756
3459922
3460216
3460486
3460629
3461734
3462040
3462322
3462476
3463195
3464896
3465613
3466468
3466522
3467441
3468834
3469372
3469762
3472132
3475833
3476055
3477052
3477442
3477980
3479971
3480292
3480346
3483179
3484338
3484492
3484774
3485080
3486328
3486598
3486892
3487058
3489568
3490259
3491494
3491672
3493076
3493162
3493997
3494602
3494708
3494942
3495392
3496120
3496262
3498652
3498850
3500122
3500452
3500817
3503684
3506662
3507916
3508018
3508367
3508842
3509140
3509473
3510551
3511137
3511412
3511690
3512530
3512620
3513862
3514483
3515542
3515752
3518032
3518542
3518896
3521160
3523312
3523342
3523655
3524662
3525064
3528232
3530000
3530922
3531301
3532672
3533836
3535378
3536992
3539195
3545025
3612973
3623585
3679094
3679706
3680686
3682018
3682076
3682556
3683918
3684272
3684922
3685316
3685526
3685736
3687662
3688607
3688826
3688933
3690038
3690440
3690615
3692167
3693296
3693326
3693660
3693986
3696248
3701144
3703546
3704246
3705308
3706510
3706736
3707246
3708476
3708866
3709864
3710180
3710234
3713716
3713866
3714137
3716266
3722450
3722540
3723853
3724082
3727918
3728336
3728540
3729640
3729686
3731012
3731546
3731876
3733256
3734146
3734576
3736526
3736956
3739556
3740090
3741416
3741462
3742364
3742562
3742766
3743184
3746417
3747020
3747122
3748562
3748652
3754666
3754836
3755271
3756601
3757236
3760922
3761238
3761576
3762236
3762626
3763856
3764366
3764592
3765794
3766856
3769141
3769547
3769958
3774584
3774854
3775509
3777116
3777776
3777806
3778714
3778916
3780136
3780662
3783440
3783746
3785366
3785786
3786180
3786830
3787184
3789026
3789084
3790416
3792008
3795077
3797251
3808793
3818829
3826787
3852339
3868853
3872323
3933373
3936799
3943973
3944779
3957319
3966569
3973771
3989857
4003141
4009091
4021761
4034713
4065106
4065990
4066104
4066420
4066698
4068244
4068568
4068646
4069708
4072206
4072506
4072900
4073628
4073826
4075080
4075606
4075944
4077186
4078864
4080220
4080546
4080790
4081710
4082128
4083460
4083940
4083994
4085296
4086850
4088010
4088116
4090386
4091040
4092736
4092940
4096566
4096968
4097250
4097308
4098138
4099728
4100238
4100464
4101700
4102914
4103208
4104300
4104594
4106016
4107270
4108824
4110528
4112710
4113930
4115040
4117888
4118548
4121220
4121680
4122888
4129434
4129636
4129870
4130224
4131048
4131094
4132386
4132924
4134664
4135504
4136068
4137126
4138516
4139904
4142176
4145266
4145548
4146880
4148248
4151584
4153896
4154626
4155460
4157584
4161748
4161834
4164108
4164928
4166304
4170306
4170888
4171824
4174084
4178704
4178980
4180098
4182088
4206518
4208508
4209626
4209902
4214522
4216782
4218300
4221932
4222302
4223678
4224243
4226772
4226858
4231022
4233146
4233980
4234710
4237022
4238840
4240358
4243058
4243340
4245492
4246430
4248702
4250090
4251302
4251480
4252538
4253102
4253942
4255682
4255965
4257512
4257558
4258382
4258736
4258970
4259172
4263900
4265718
4266926
4267386
4269471
4270058
4270718
4274676
4275896
4276038
4278078
4279782
4281336
4282590
4284012
4284306
4285398
4285692
4288142
4288368
4288878
4290138
4291298
4291356
4291638
4292040
4295666
4295870
4298220
4300490
4300596
4301756
4303310
4304612
4304666
4305146
4306478
4306896
4307816
4308060
4308386
4309742
4310490
4311420
4312662
4313000
4313526
4314780
4314978
4315706
4316100
4316400
4316430
4318898
4319052
4319960
4320038
4320362
4320660
4321908
4322186
4322502
4322616
4323500
4323666
4335589
4336349
4347195
4357289
4362741
4364475
4370067
4370846
4378141
4383629
4389895
4398279
4404875
4405527
4407903
4408243
4411629
4414345
4426553
4434035
4436805
4443299
4445477
4449481
4465657
4491391
4495189
4539727
4544807
4559307
4562069
4564139
4574993
4590491
4592759
4594343
4596598
4597210
4598190
4599522
4599580
4600060
4601422
4601776
4602426
4602820
4603030
4603240
4605166
4606330
4606573
4607542
4607944
4608857
4610800
4610830
4611164
4611490
4614323
4615243
4616757
4617413
4618648
4621050
4621750
4622812
4624014
4624240
4624750
4625980
4626370
4627030
4627368
4627684
4627738
4628795
4629191
4631220
4631370
4634209
4634669
4634833
4638091
4638373
4639954
4640044
4641586
4643139
4645422
4645840
4646044
4646242
4647144
4647190
4647713
4648516
4649050
4649380
4650760
4651650
4652080
4654030
4654460
4654805
4657060
4657594
4658920
4658966
4659533
4659868
4660066
4660270
4660688
4661867
4664524
4664626
4666066
4666156
4666649
4667809
4671705
4672170
4672340
4674740
4675085
4678426
4678742
4679080
4679489
4679740
4680130
4680199
4681360
4681870
4682096
4683298
4684360
4685060
4687187
4687462
4688833
4690609
4692088
4692358
4692491
4694421
4694620
4695280
4695310
4696218
4696420
4697640
4698166
4700944
4701250
4702870
4703290
4703684
4704334
4704688
4706530
4706588
4707920
4709512
4733417
4748633
4790899
4794683
4809263
4815939
4835793
4851614
4852527
4852919
4853083
4854461
4854770
4855934
4857514
4857684
4860374
4861545
4863542
4863944
4865264
4865294
4867446
4869710
4870574
4871793
4872419
4872854
4873064
4874744
4875986
4876076
4876573
4876916
4877194
4878423
4879466
4879764
4880588
4880690
4881944
4883324
4884195
4888154
4888484
4892344
4892486
4893214
4893664
4894004
4895444
4895530
4896269
4896934
4897112
4898177
4899038
4899179
4901714
4902008
4902278
4903526
4903832
4904114
4904268
4906688
4908260
4908314
4910626
4911164
4911554
4913924
4916474
4917161
4918844
4919234
4919772
4922084
4922138
4923637
4923851
4926130
4926284
4926566
4926872
4928120
4928390
4928684
4928850
4931360
4933286
4933464
4934868
4934954
4935187
4936394
4936500
4936734
4937184
4937912
4938054
4940444
4940642
4941063
4941914
4942244
4942529
4945476
4948454
4948635
4949277
4949708
4949810
4950634
4950932
4953204
4953482
4954322
4954412
4955654
4957334
4957544
4959824
4960334
4960688
4962952
4965104
4965134
4966454
4968537
4970024
4971792
4972714
4973617
4974464
4975628
4976773
4977170
4978784
4982758
4984030
4984633
4985662
4986585
4988596
4988746
4990396
4992558
4992976
4993397
4993486
4995676
4996002
4998106
4999606
5002838
5003176
5004346
5004740
5005438
5007052
5008056
5008198
5008801
5010369
5010598
5011666
5011756
5013088
5014453
5014906
5017320
5017366
5017846
5020314
5020516
5023348
5023626
5024946
5025100
5025413
5026476
5026642
5026846
5027296
5027946
5028244
5028401
5030380
5031451
5032660
5032746
5033062
5033368
5034616
5034886
5035210
5035316
5036055
5037580
5038483
5038818
5038876
5040270
5040496
5040713
5043856
5045506
5047036
5047127
5048686
5052046
5052272
5053666
5053724
5054962
5056029
5057226
5057332
5057656
5057926
5059174
5059480
5059796
5059882
5062162
5064298
5064596
5065246
5065900
5066066
5067442
5067596
5068547
5068916
5069194
5071245
5072026
5072228
5074696
5075176
5075222
5077636
5079454
5080786
5080876
5081766
5081944
5082465
5084344
5084486
5085388
5085490
5087104
5087341
5087802
5088196
5089366
5089704
5092936
5094436
5095539
5096540
5096866
5099566
5102146
5103796
5103946
5105158
5106880
5108512
5109784
5117229
5147691
5161301
5194297
5219075
5246695
5247863
5250397
5260781
5270257
5273477
5285299
5285437
5290135
5294503
5299253
5299849
5304427
5323339
5324561
5329379
5333111
5334315
5343451
5357981
5360963
5370375
5377969
5379291
5380600
5385571
5386667
5387037
5391292
5392853
5394183
5395623
5396324
5399673
5400370
5403459
5404774
5407705
5412549
5413763
5413966
5415277
5420372
5424683
5427922
5429644
5433436
5433539
5434633
5441782
5442405
5442955
5443162
5445449
5447998
5448783
5449961
5457967
5459276
5462321
5464804
5465621
5468369
5468713
5474182
5476495
5478993
5479465
5482273
5483021
5485000
5487760
5489512
5492272
5508084
5508414
5509854
5510634
5510835
5511597
5513094
5515514
5516047
5516741
5517224
5517750
5519076
5519130
5519699
5523918
5524027
5525148
5525346
5525884
5525915
5526249
5527086
5527504
5528771
5530767
5531957
5532326
5532504
5532780
5533074
5534322
5534904
5535046
5535774
5536224
5538734
5539068
5541585
5541669
5544674
5544732
5545392
5546334
5547626
5547924
5548748
5548850
5549083
5551314
5552244
5552522
5553984
5554674
5554967
5555910
5556024
5557418
5557588
5558964
5559114
5559649
5560536
5561874
5563034
5563236
5563446
5563848
5569064
5569668
5571450
5572025
5572054
5577270
5577672
5577882
5578084
5579244
5580504
5580582
5580893
5582154
5583530
5583700
5583977
5584259
5585094
5585208
5586444
5587134
5587909
5588874
5589714
5589804
5590039
5592268
5592370
5593194
5593492
5594784
5595726
5596080
5596386
5596444
5599397
5602050
5602384
5603701
5604894
5605344
5606072
5606214
5606514
5606796
5607483
5608044
5608338
5608614
5608792
5609027
5613614
5614032
5614177
5615234
5615772
5615970
5617200
5617925
5620387
5620781
5621988
5622042
5623368
5623894
5624232
5625604
5628024
5628294
5628681
5629073
5630484
5631264
5632704
5633034
5636583
5645493
5668353
5681683
5685453
5685873
5768830
5770218
5772788
5773726
5775052
5775154
5776348
5777975
5779098
5779300
5779834
5781035
5782588
5782978
5784441
5785018
5785852
5787221
5789410
5789468
5790298
5790628
5791121
5791963
5792230
5793460
5793610
5794930
5795212
5796460
5796754
5798058
5798228
5799430
5801422
5802358
5803595
5804157
5805718
5805928
5806638
5807056
5808318
5809385
5810808
5811078
5811412
5811498
5812938
5813044
5813350
5813656
5815968
5816975
5818072
5818150
5819058
5819212
5819422
5819872
5821612
5821778
5822662
5822776
5823073
5825110
5825448
5825861
5826605
5828368
5828848
5828878
5829145
5829763
5831752
5833654
5834595
5835213
5836528
5836558
5837038
5838107
5839958
5840296
5842630
5842744
5843628
5843794
5845534
5845984
5846194
5846348
5847334
5849438
5851750
5852056
5852362
5852468
5853908
5853994
5854328
5854598
5854757
5857088
5858768
5859478
5859688
5860101
5860377
5863048
5863984
5865775
5865976
5866213
5867178
5867348
5868652
5868946
5870476
5871796
5871946
5873176
5874778
5875108
5875938
5875996
5876369
5876743
5878097
5879554
5880388
5882428
5882818
5885572
5886106
5886308
5889058
5890252
5890354
5891680
5892618
5895188
5896576
5913619
5927205
5933737
5953281
5969949
5997777
6000739
6013345
6036495
6052169
6067589
6097795
6113457
6132245
6161203
6162092
6163160
6165108
6165386
6165702
6166706
6169238
6169448
6169692
6170852
6170906
6172208
6172718
6173136
6174468
6175298
6175880
6178032
6178062
6178902
6179240
6180482
6181020
6181218
6182472
6183696
6183972
6187532
6188352
6189728
6193742
6194330
6194532
6195253
6195650
6197000
6197526
6198818
6199940
6200400
6201458
6201740
6203072
6211092
6215690
6217735
6218792
6219920
6226658
6226716
6226998
6227400
6228110
6228336
6229572
6230106
6230436
6231696
6232616
6233346
6234296
6234438
6235658
6242412
6242706
6246918
6248640
6251088
6251652
6252578
6254856
6261266
6261920
6263616
6263820
6267428
6268176
6269000
6271106
6275720
6276162
6277380
6279216
6293437
6305855
6310827
6313527
6331285
6338787
6342999
6350633
6366055
6383301
6383819
6390621
6390903
6395035
6396739
6408719
6424435
6426092
6429131
6430328
6431470
6431931
6434390
6435689
6435933
6438193
6441671
6443478
6444698
6446163
6447439
6447541
6449030
6449939
6450625
6451875
6453773
6455991
6457947
6460695
6462620
6462818
6463241
6463955
6465831
6466762
6468249
6468908
6475361
6476492
6478241
6481978
6488825
6490271
6492477
6495889
6499205
6499508
6499875
6501601
6502616
6505869
6506100
6507488
6507577
6509319
6509898
6513710
6514789
6519938
6522155
6522776
6524229
6525554
6529197
6529954
6534788
6541058
6543908
6545748
6547601
6549769
6556350
6557511
6559070
6560230
6560373
6560953
6561490
6561580
6563062
6564220
6565259
6567377
6567580
6567778
6568680
6568726
6570862
6573009
6573796
6573850
6574330
6577294
6577520
6578413
6578547
6578590
6579882
6580052
6581464
6581542
6581809
6582982
6583096
6583881
6584500
6584650
6586240
6587350
6587877
6587951
6590044
6590370
6590908
6593590
6593992
6595050
6595869
6597222
6597528
6597804
6597970
6598743
6599346
6599500
6599800
6600070
6602250
6604402
6604684
6605514
6605620
6607390
6607840
6608084
6608170
6609004
6609298
6610181
6611605
6612046
6612400
6613444
6615811
6616612
6617680
6620590
6620899
6621658
6624826
6625220
6625870
6626224
6626579
6628972
6629266
6629543
6630100
6630186
6630430
6630880
6632650
6632756
6632967
6633586
6633868
6634009
6636020
6636187
6638200
6638470
6638770
6640300
6640466
6640742
6641048
6643220
6644278
6644680
6647362
6647900
6648226
6650920
6652339
6653620
6653770
6655174
6655288
6656728
6656806
6658218
6658388
6659680
6660750
6660976
6662473
6663940
6664420
6664474
6669544
6669590
6670492
6670690
6672965
6674050
6675208
6676690
6676780
6678040
6679200
6680625
6681920
6682630
6702441
6722635
6727553
6738473
6761553
6768907
6785557
6818654
6819314
6820844
6821054
6823526
6823832
6824890
6825326
6826725
6827165
6829715
6829893
6830734
6830960
6831194
6831524
6832886
6833628
6835981
6837019
6837603
6838844
6839234
6839528
6839574
6841886
6842336
6842986
6843284
6843590
6843704
6845144
6845222
6845556
6845834
6850798
6852154
6852548
6853082
6854384
6854414
6855725
6856017
6856827
6857103
6857204
6858406
6858584
6859474
6859564
6862028
6862130
6863032
6863174
6864404
6865214
6865865
6866540
6866834
6868148
6868298
6869221
6869674
6869844
6871154
6872864
6874321
6875554
6876808
6877334
6877544
6878786
6879243
6883772
6884431
6885014
6885224
6885750
6886857
6887004
6887330
6888105
6889694
6890929
6891122
6891404
6892714
6892884
6894260
6894410
6895724
6896018
6897344
6897789
6898071
6898154
6899384
6899526
6900428
6900530
6902994
6903084
6903974
6904152
6905354
6908144
6908174
6909476
6910010
6910404
6910561
6911760
6912021
6916724
6917002
6917336
6917414
6918854
6918968
6919274
6919572
6920222
6920672
6922984
6923030
6923324
6923714
6923787
6926629
6928930
6929672
6931034
6931364
6931598
6931824
6931989
6937232
6937668
6938726
6939032
6941504
6941714
6943244
6943904
6965937
6989909
6998157
7061699
7078607
7079223
7082411
7089251
7130243
7148709
7149777
7189121
7197705
7210674
7210828
7212436
7215276
7215442
7217754
7218084
7218318
7218544
7219254
7219656
7220994
7221474
7221532
7222824
7223952
7224388
7226088
7226134
7226428
7226818
7227546
7227748
7229008
7229518
7229872
7231108
7232034
7232776
7234313
7238674
7242396
7242594
7242838
7243176
7244016
7244046
7245348
7245882
7246276
7247632
7248456
7253016
7254534
7256352
7258278
7261056
7263328
7266864
7267588
7268418
7270536
7275054
7275472
7275802
7276636
7276962
7278216
7278742
7278952
7281412
7281712
7285344
7288192
7288842
7292704
7293958
7299714
7300168
7301392
7303204
7307572
7308865
7316514
7317636
7319632
7324816
7325736
7328002
7340542
7346059
7347001
7347742
7348192
7349143
7349621
7349851
7355463
7357149
7357727
7362739
7363397
7366246
7366552
7369773
7370872
7371142
7373675
7375093
7376297
7379215
7383722
7383892
7385541
7386292
7386442
7390435
7392460
7392562
7393625
7394092
7397939
7400321
7406255
7409045
7409353
7409879
7410983
7412849
7417042
7417132
7418041
7418572
7418674
7420453
7423793
7424692
7424842
7427242
7427412
7433377
7435283
7439992
7441939
7443533
7444582
7444888
7447235
7448881
7461057
7462942
7463392
7470592
7486145
7489770
7492497
7505070
7516273
7521429
7524423
7545611
7554691
7560197
7571516
7574292
7578649
7586067
7615393
7639687
7648291
7662657
7669517
7736102
7736371
7737962
7738680
7742012
7742402
7742696
7742742
7743566
7743920
7745677
7745892
7747152
7748360
7750286
7750746
7751076
7751237
7751964
7753256
7753782
7754184
7755522
7755873
7756944
7758036
7758122
7766756
7766810
7767504
7768214
7768424
7769101
7769666
7770204
7770530
7771784
7772720
7782584
7791176
7791746
7792676
7794960
7799720
7799964
7800162
7801284
7802640
7803120
7803150
7804452
7805570
7807320
7813140
7819800
7824132
7824432
7825544
7827522
7831591
7831754
7836690
7840400
7840836
7843880
7849224
7850064
7852164
7875025
7876775
7879427
7883819
7885197
7901617
7901779
7950411
7964545
7981321
7997130
7997236
7998060
7998648
7998790
8000344
8000626
8001748
8001834
8004336
8005026
8007300
8007834
8008969
8012346
8012740
8018568
8020140
8020306
8022089
8022816
8024596
8025280
8028191
8030628
8030993
8032488
8032805
8035458
8036550
8036664
8037906
8039520
8041344
8042508
8044660
8044938
8046240
8047110
8049688
8051008
8056866
8061526
8062180
8065474
8068168
8069226
8069524
8070976
8071704
8074246
8075424
8077528
8077606
8078860
8080768
8083474
8093874
8094028
8096448
8098314
8099104
8104194
8118785
8128212
8128298
8129138
8129420
8129702
8129880
8131256
8131398
8131692
8131986
8132810
8132916
8136465
8140841
8143653
8144521
8145171
8151218
8151372
8153792
8154132
8155217
8155658
8156448
8161861
8164105
8167640
8167718
8168972
8170880
8172128
8173586
8175722
8176020
8176689
8177472
8178200
8180742
8181920
8196643
8200308
8200586
8200777
8201888
8202758
8205336
8206656
8208582
8208696
8209938
8211552
8213376
8214540
8224940
8225106
8227616
8227850
8230080
8257945
8260107
8260801
8262677
8268037
8278147
8291587
8298657
8323717
8324137
8331283
8339777
8361985
