35643
36820
38137
41454
47811
48684
115125
116058
121496
125792
127053
128162
133067
138470
141809
142622
144092
144947
215466
216389
217735
218728
223120
227410
265645
266863
271255
272248
276666
277589
345036
345891
350433
351246
354585
356916
426333
427442
432752
437128
438437
439370
513041
516358
560207
562061
563042
565877
566938
571736
608380
609427
611153
615081
616006
620932
655551
662418
666218
667269
667975
669096
770147
771212
789209
790070
791028
791835
795875
801569
903685
905512
909520
950982
951849
957700
960531
999962
1010720
1098567
1099688
1103978
1105029
1108370
1111632
1149385
1150246
1151716
1152523
1155868
1161265
1198936
1200245
1201306
1204621
1205602
1211040
1245654
1246521
1252884
1256195
1257518
1258689
1327422
1328593
1333779
1339140
1339590
1340457
1379248
1380509
1381490
1384805
1385866
1391176
1493281
1495564
1541952
1546370
1590002
1590813
1596720
1599527
1600712
1602314
1641102
1642081
1642915
1643852
1646683
1647796
1691670
1697025
1756674
1757632
1761336
1786660
1792009
1802897
1812548
1884299
1885284
1919298
1922688
1936408
1942050
1984660
1991233
2031848
2032647
2044176
2098551
2103989
2104922
2108237
2109346
2110607
2181910
2183227
2184404
2187715
2188588
2194945
2263431
2264424
2265770
2266693
2270034
2276496
2343689
2349092
2393057
2393870
2398412
2399267
2402612
2404889
2477440
2478658
2494225
2494675
2495548
2498859
2500036
2505222
2572656
2584712
2623212
2627886
2629057
2631894
2632761
2635540
2737712
2746378
2787868
2789681
2793673
2794534
2837184
2839810
2842645
2916474
2917525
2928192
2929026
2965670
2966601
3016805
3017866
3019592
3023536
3164644
3165451
3166921
3167782
3171121
3176476
3212138
3213189
3217479
3218600
3222864
3224210
3327252
3338243
3379288
3383712
3461296
3465544
3506451
3519492
3556226
3562560
3606796
3609121
3721297
3728004
3752344
3764320
3768365
3769538
3775232
3817550
3818657
3868722
3876360
3951144
3952901
3957778
3998292
4008065
4201448
4202247
4206909
4208082
4278859
4279972
4280678
4281737
4284574
4285553
4360410
4361269
4364056
4366863
4368096
4372770
4440660
4450433
4489916
4490835
4495761
4499561
4500614
4502340
4573234
4580872
4590243
4591180
4592014
4592993
4595830
4596889
4669485
4670658
4676352
4719454
4720561
4724851
4725916
4729227
4730212
4731558
4732489
4834178
4840512
4885313
4886636
4887683
4891028
4935856
4940104
5013799
5014984
5020170
5026864
5063956
5074947
5114168
5116437
5121794
5126336
5261497
5262422
5264276
5268076
5269123
5273921
5308983
5310168
5314842
5318882
5319693
5322528
5423270
5424201
5474856
5476613
5481490
5556928
5559554
5562389
5603406
5604513
5654064
5662730
5703761
5710468
5818636
5820961
5849285
5850154
5859856
5865840
5877896
5914899
5927940
5967232
5968450
6049880
6054304
6095625
6101028
6326886
6327945
6328651
6329764
6332595
6333532
6406376
6407175
6418704
6423161
6424214
6429012
6432940
6433859
6435713
6507544
6513186
6555679
6556912
6558514
6562506
6563365
6569224
6636177
6645828
6851858
6853328
6857512
6862853
6900001
6902284
6947298
6948109
6954528
6959130
7080836
7082153
7083078
7086417
7389722
7400480
7440532
7447105
7490053
7491880
7495888
7536779
7537764
7618659
7619724
7671298
7672256
7675960
7882560
7886978
7934993
7938310
8372224
