23541
45887
80378
120554
125117
125798
130497
145385
182879
188195
193490
224363
227607
228044
233949
241546
314599
317851
321484
349022
355027
366437
375700
375886
412650
417101
422332
423526
432502
433836
434427
439687
460495
463795
469566
470500
508660
509230
519685
522402
556874
567767
572587
593891
596639
642008
649001
651662
651861
669821
670630
705995
708791
709484
715066
716512
744050
744872
751235
755950
756533
761417
766648
767330
792046
797625
802501
836467
841231
851236
870838
872044
877895
880699
881632
888205
891121
891690
893308
894630
935845
938713
944980
945294
951198
965064
965139
985435
990247
995542
997132
1038364
1040785
1040970
1064295
1103277
1112412
1113734
1134030
1140453
1143705
1150511
1153875
1155806
1200507
1206518
1208108
1214438
1223885
1227185
1227370
1247993
1253253
1258356
1258670
1301604
1303016
1303091
1327807
1333187
1342258
1342696
1348600
1354158
1354357
1359625
1382717
1383142
1386346
1427578
1429408
1434763
1438252
1453731
1492585
1495246
1495829
1501848
1502530
1530320
1531402
1531997
1532806
1537313
1542295
1542988
1552666
1554112
1575806
1582991
1585907
1625925
1628642
1628729
1631156
1631342
1659132
1660710
1665393
1665706
1670157
1671611
1676487
1685558
1723283
1733150
1734084
1743572
1744142
1745753
1750565
1770861
1774538
1780124
1781318
1818966
1820300
1833728
1854763
1857623
1858444
1860058
1871562
1877473
1880221
1880902
1901525
1906345
1915480
1916290
1954450
1955144
1960132
1972410
1974112
1974583
1975020
1979467
2017830
2022529
2027632
2048824
2049250
2066179
2068900
2075688
2109166
2146814
2157839
2160755
2161576
2181947
2186823
2192054
2192748
2202236
2203046
2204657
2209421
2250638
2255321
2260133
2266223
2275486
2277188
2296790
2303783
2306651
2349386
2349713
2351900
2352326
2387809
2390470
2390557
2394027
2396887
2403162
2432968
2433439
2438371
2476373
2476686
2481193
2486488
2488066
2491261
2505456
2506026
2544186
2545120
2549868
2575747
2579236
2580850
2582184
2591160
2592354
2598217
2601013
2629421
2634716
2677526
2677964
2679451
2704559
2707923
2713694
2715524
2721614
2731109
2734361
2734786
2771644
2772326
2778701
2781418
2782001
2788999
2794102
2794924
2822462
2823908
2828467
2829160
2867321
2868130
2872581
2906488
2907810
2908405
2908974
2913673
2918463
2919396
2923843
2929074
2930280
2949882
2960907
2963628
3000001
3002470
3009072
3017961
3021205
3021390
3024834
3066066
3067656
3073059
3076740
3097036
3097111
3112000
3117904
3118218
3123462
3168986
3171159
3175979
3181469
3186401
3192266
3222953
3225813
3226382
3261795
3264543
3265476
3271058
3272264
3280715
3283436
3283511
3285946
3328880
3329194
3336065
3338534
3359157
3359342
3364041
3373112
3379442
3381032
3386020
3390467
3410419
3415183
3420286
3422116
3463348
3465529
3465954
3470405
3491597
3494314
3494513
3501094
3506998
3507436
3520864
3557662
3559108
3567763
3568456
3575077
3577945
3578754
3580372
3581454
3609244
3609926
3614922
3615505
3688424
3697859
3701348
3707253
3707566
3713272
3714850
3742640
3742826
3744230
3744317
3749697
3787052
3798176
3801311
3806627
3815762
3817096
3854744
3855938
3860501
3886625
3889286
3891920
3892490
3901978
3902912
3911756
3933799
3937051
3943062
3943756
3981916
3982726
3995658
4016281
4016962
4026644
4038148
4038739
4039560
4084780
4090272
4096362
4096689
4130932
4138117
4141602
4212591
4221854
4239269
4242137
4267245
4274118
4315350
4316940
4317531
4322343
4330238
4336499
4341263
4375481
4380357
4389428
4409724
4411046
4416909
4419825
4420394
4427079
4429883
4430816
4432310
4433516
4468171
4470967
4471660
4509821
4510630
4516336
4517418
4545208
4545890
4546798
4547381
4552265
4562563
4567666
4568488
4604375
4609195
4618330
4620160
4626250
4630813
4631238
4635745
4656937
4659598
4659797
4662232
4705042
4705480
4714820
4737275
4742535
4747638
4748972
4757948
4759142
4760554
4765005
4789113
4795124
4795694
4833854
4834788
4847720
4853708
4859111
4862363
4901933
4905297
4905610
4907228
4908806
4936596
4936782
4942274
4942361
4948691
4963460
4987858
4989535
4994851
5032270
5032597
5042968
5043394
5064586
5074081
5077510
5080171
5083415
5083852
5089434
5091136
5131843
5134564
5137074
5137768
5147256
5148066
5154441
5156910
5177533
5178214
5182913
5191984
5232160
5250986
5251581
5294391
5294828
5299275
5304506
5306208
5325810
5336835
5339556
5343177
5345646
5345973
5352248
5352674
5393889
5396637
5397318
5400266
5409242
5416235
5419095
5419916
5440287
5445219
5454482
5455176
5493336
5494146
5498894
5524313
5529125
5534420
5534990
5544478
5545412
5546899
5572007
5574875
5581142
5582476
5620124
5621318
5634065
5639092
5639278
5646149
5648866
5648953
5691688
5694628
5722166
5728864
5734769
5735082
5739533
5779049
5781710
5782293
5818019
5827154
5827976
5855514
5856960
5857431
5858124
5867613
5868422
5872929
5878224
5879306
5915054
5915253
5920521
5930018
5935922
5936360
5941604
5966987
5970476
5972090
5973920
6015152
6022209
6046925
6050225
6050410
6055996
6062326
6063916
6073351
6077088
6097384
6097459
6108260
6152482
6164828
6166150
6170833
6171402
6209563
6210496
6245636
6254728
6264898
6267412
6297951
6344642
6350057
6353301
6353486
6374109
6379425
6388560
6388874
6394778
6400460
6400535
6445490
6446696
6447167
6448100
6452547
6457589
6458158
6462857
6467960
6469282
6489578
6500033
6502502
6538763
6541484
6548768
6572662
6573484
6579847
6590029
6592746
6593329
6595260
6595942
6623732
6624814
6629497
6630306
6634757
6668467
6669160
6687387
6697750
6698188
6740998
6742410
6742609
6767717
6770969
6771394
6776980
6783070
6784900
6797832
6816695
6821579
6830650
6831584
6869744
6870314
6875302
6880769
6901065
6903861
6906296
6907490
6916466
6917800
6923651
6927140
6964058
6977804
6981473
6984134
6984221
6990736
6990922
7018712
7020290
7020885
7021198
7025705
7064132
7073810
7098526
7100228
7104787
7105224
7111129
7115941
7125076
7146268
7146694
7156042
7156369
7199104
7201804
7210255
7213171
7213992
7220772
7258420
7292970
7315680
7361340
7361766
7367018
7367345
7373435
7378695
7388204
7407806
7409508
7414863
7418163
7418600
7457925
7461410
7463028
7472813
7476177
7481948
7482758
7520918
7521612
7534784
7555155
7555976
7566852
7575828
7577753
7578434
7603150
7607657
7616920
7618114
7655762
7657096
7662340
7690316
7692826
7693760
7703248
7703818
7710241
7712902
7749880
7751458
7760905
7767235
7770724
7776306
7806112
7807276
7883220
7884302
7890213
7893081
7893890
7903379
7904072
7905566
7907012
7934550
7935372
7979210
7979793
7997753
7998178
8002629
8007860
8053288
8081760
8094758
8130433
8132902
8135536
8135850
8178784
8209060
8213507
8228920
8280592
8282182
8292492
8303872
8323474
8324680
8412223
8428494
8434933
8449242
8456125
8478610
8501080
8518155
8529247
8551792
8558010
8572309
8575209
8577710
8595186
8606182
8612769
8618859
8623639
8632620
8638008
8659943
8664731
8679092
8685182
8702765
8707665
8712554
8729910
8744217
8747109
8750547
8753327
8760040
8787924
8804999
8824625
8827469
8852601
8862530
8866902
8889500
8901512
8920824
8931031
8934315
8940012
8957469
8960865
8975922
8985941
8991342
8996218
9022896
9034404
9036003
9054923
9070488
9080658
9107526
9124890
9128718
9135157
9138505
9148803
9151428
9163984
9186419
9189647
9204828
9215126
9225401
9228741
9235330
9263306
9265805
9275975
9291540
9309500
9322607
9327891
9337384
9343714
9349285
9375377
9380266
9423200
9449425
9452205
9477940
9488155
9491047
9514108
9526120
9527599
9532499
9538021
9542809
9548706
9553078
9571998
9585613
9590449
9599370
9612039
9627220
9637171
9640015
9655580
9685698
9695365
9706842
9717109
9726542
9746627
9762192
9767819
9777612
9783000
9809426
9820422
9823041
9835310
9841001
9845781
9856058
9866480
9879971
9914540
9935393
9936998
9975097
9989398
9995740
10012815
10023624
10040980
10061425
10064653
10070346
10097782
10112089
10115365
10117986
10128296
10134675
10158759
10172640
10211370
10225586
10242785
10252454
10262636
10265131
10290207
10293603
10300196
10312752
10357190
10367873
10393112
10412300
10429776
10441284
10446851
10453193
10491763
10506076
10528662
10545861
10556638
10570993
10574221
10576842
10593339
10596679
10615828
10630716
10645011
10651353
10654629
10660322
10689194
10690797
10696081
10716532
10733607
10744416
10757624
10769132
10774699
10786077
10795558
10800434
10815854
10823253
10826537
10852016
10871204
10880183
10883531
10890124
10902680
10925138
10928966
10942721
10946330
10963529
10973198
10983620
10986115
11013531
11016423
11031988
11061866
11068753
11071533
11079222
11092837
11097625
11106594
11112936
11152596
11164608
11166087
11176269
11181105
11186954
11191326
11221509
11266184
11288336
11301443
11311753
11313358
11342726
11348417
11363474
11373656
11387147
11406115
11415908
11421296
11489441
11502124
11549874
11553702
11560093
11563489
11570263
11573547
11576172
11588728
11610723
11626288
11649705
11678406
11683282
11709720
11721228
11722827
11738704
11752195
11757892
11764110
11800121
11803461
11818518
11848136
11865492
11878599
11893376
11899466
11905037
11950178
11952677
11972776
11994080
12043281
12068442
12079438
12086025
12092355
12106116
12111504
12126924
12136587
12162322
12179521
12182022
12191509
12194409
12199982
12239076
12256440
12296481
12321197
12326097
12362804
12374816
12410984
12421282
12468874
12488711
12495424
12523784
12586486
12604889
12614370
12626031
12631315
12641596
12652123
12655399
12670580
12700074
12707473
12725433
12728773
12743830
12754012
12764275
12767503
12774216
12791572
12804679
12814989
12824778
12871506
12881816
12894923
12908684
12926160
12929988
12939651
12946485
12949833
12952334
12964890
12983858
12994077
12997473
13003046
13009388
13043939
13054628
13059504
13099049
13113118
13127473
13130317
13152903
13173199
13178035
13187976
13192348
13214806
13226818
13232389
13244778
13247277
13252177
13272756
13300128
13320936
13337881
13340773
13347362
13372078
13378965
13381865
13407600
13424675
13427300
13444664
13455660
13468577
13501658
13519241
13540100
13541699
13560848
13570571
13576268
13615238
13641271
13644619
13663768
13670098
13687681
13689286
13706650
13718158
13723849
13744708
13749584
13764472
13781547
13791340
13801638
13804257
13829333
13832617
13874224
13878052
13898940
13913235
13919144
13929314
13935705
13938981
13959789
13965073
13973546
14012640
14031560
14033039
14058774
14075973
14086658
14106954
14133632
14160868
14166435
14181616
14191674
14205289
14210069
14239846
14250529
14262444
14294416
14307523
14314116
14320206
14333961
14355265
14364934
14370322
14421588
14435079
14448960
14455178
14489733
14492354
14535176
14683113
14687893
14692782
14698170
14724720
14735716
14738211
14753080
14763287
14766187
14772780
14779110
14792865
14829774
14840457
14850627
14866192
14881612
14887179
14902360
14912658
14926273
14953502
14965514
14967117
14971953
14977415
14988224
14992596
15061509
15067202
15076689
15079469
15082090
15125152
15175970
15205501
15215430
15227986
15250584
15254412
15271888
15288963
15298756
15308814
15311433
15344946
15356454
15362145
15368363
15403428
15483362
15500819
15509800
15538784
15540263
15598277
15612034
15650888
15668244
15688448
15742292
15759367
15762865
15765709
15772298
15800770
15803269
15828508
15855880
15860071
15864859
15874848
15879220
15949986
15960168
15995555
16001252
16039982
16057458
16075041
16131728
16142724
16155401
16189958
16199745
16275624
16288293
16298082
16319274
16329745
16392648
16435458
16465933
16487040
16517195
16527884
16532760
16572545
16613700
