3067
6014
16085
26099
31465
32166
32525
39165
40615
43879
49090
50557
56050
58317
61783
62133
62952
63066
69047
73697
77651
79038
83930
92375
94588
94926
103924
105690
108125
111514
113572
114942
118102
118481
118668
120366
121436
124325
124566
127083
134367
136151
138873
139188
140719
145726
152826
155207
156510
159092
159338
159649
161592
162331
177369
178375
182748
183861
184090
184686
191276
193194
194310
198382
207577
210518
215614
217499
218082
220361
221875
226700
228402
234166
234809
238012
239522
240748
242034
246249
247055
248611
251078
251504
254566
255688
258078
261440
277595
278062
283580
285301
292045
292708
298936
299758
312911
316574
317995
320062
321721
324913
326214
329967
331549
337607
339188
343318
344950
349365
350668
350995
353962
354924
355715
357281
357586
358429
359521
361429
362379
364326
364894
367687
369126
370025
372385
372977
374322
376200
377571
381830
391824
397254
398251
403354
404329
406758
411475
417176
418284
419568
422550
426874
428823
429667
431900
437334
437728
439236
439912
440721
440845
444842
446631
447192
448880
451026
451627
461173
461214
462971
466012
468533
470314
471497
478434
478868
479789
480842
483471
486149
487718
489640
493266
494536
494733
496810
498232
498307
500494
509017
512277
518163
530381
533438
536249
539051
544233
545246
550524
552643
554674
558574
560911
563094
564019
566391
567673
569594
570190
571108
572805
573001
576174
588344
588822
593628
595411
595882
596871
597109
603929
607676
608591
610146
614052
616507
621713
623602
625333
625771
627516
632975
633430
634768
642329
644428
645514
647514
648432
651668
652066
665080
666279
672831
676662
677532
681366
684235
684276
691169
693372
693962
695379
697052
698133
700016
700838
702920
705478
706408
709048
710019
713900
714930
717922
722269
724619
724773
725484
725850
727282
728390
731539
732190
733742
734516
735501
735811
738040
738197
741463
745827
746378
750404
750680
754207
756026
760460
763332
767242
770420
773536
776721
781828
790198
793315
793914
796133
799350
800472
800877
802720
804771
805998
807786
808646
811988
812490
815278
816661
817415
825185
829226
831939
832852
836506
837428
839305
840164
844423
844520
846917
852942
856502
857119
862064
862636
865386
870213
871888
876661
881178
886908
887123
894106
899268
901422
906064
907553
910914
912424
913545
919855
921173
923803
926690
927564
927985
929091
930204
936389
939308
941105
942394
943654
951212
951730
951753
954582
957478
958574
963346
971278
972448
976408
977172
984634
986032
987857
991574
996994
1001832
1002066
1012993
1015993
1016933
1020514
1023744
1037330
1040929
1058667
1059615
1065966
1068263
1068446
1070651
1074998
1076849
1078606
1079641
1087196
1088087
1089918
1090767
1091537
1095075
1097384
1102622
1103685
1103792
1104525
1107130
1109385
1111156
1118714
1121102
1121465
1123062
1123820
1127793
1134813
1135207
1139373
1141656
1141820
1142468
1143634
1143947
1146656
1148695
1151939
1157938
1158171
1158534
1160476
1161513
1165765
1167788
1171074
1173258
1177607
1186926
1192806
1193928
1194099
1200764
1202595
1203920
1205468
1208367
1210020
1214286
1214710
1217846
1218845
1220355
1221526
1222204
1224940
1231544
1234264
1238241
1239182
1239394
1239825
1247090
1247691
1247853
1250845
1252241
1257940
1260194
1263018
1264263
1267044
1267802
1272899
1278948
1279224
1282858
1285157
1288277
1290840
1291013
1294931
1295764
1297929
1302860
1307010
1307688
1317842
1318477
1322285
1323834
1324948
1328628
1329275
1333130
1334721
1339874
1346393
1348468
1348669
1348970
1350321
1350795
1350884
1352650
1353318
1355285
1355958
1357577
1360598
1361528
1366420
1368996
1373888
1374312
1380012
1382114
1383715
1385293
1386074
1387721
1388942
1389209
1395797
1409722
1411223
1419363
1424192
1425517
1426634
1427723
1428832
1432588
1433878
1434769
1442780
1446325
1446999
1447608
1448424
1451353
1452423
1454667
1457204
1459122
1459742
1462478
1464097
1464870
1466486
1467973
1471244
1471762
1473545
1477317
1479066
1480326
1482783
1484172
1485016
1487201
1491260
1495874
1503792
1507694
1508805
1509939
1512214
1516456
1516722
1517315
1525913
1527046
1532610
1536081
1542561
1550884
1555458
1557132
1558050
1574650
1576812
1579452
1580821
1585875
1585965
1588464
1590619
1592273
1594604
1599456
1599706
1600527
1602438
1602968
1606375
1609155
1611982
1620370
1620518
1622454
1625265
1627080
1627346
1629792
1630834
1642055
1644086
1648270
1650081
1650782
1655499
1655610
1656103
1657373
1664340
1665795
1671644
1675853
1678032
1678640
1679786
1683812
1684680
1688606
1689256
1691768
1691923
1694468
1695942
1701392
1702048
1705894
1707181
1707476
1708505
1712590
1715013
1717168
1717418
1719832
1725097
1732968
1738648
1741839
1742304
1745451
1746010
1750164
1753181
1753322
1760392
1761543
1762608
1762946
1767492
1769662
1774278
1775208
1778790
1779408
1781817
1786322
1789004
1790236
1791152
1791746
1794468
1794582
1796648
1803564
1803909
1811266
1820769
1822758
1826968
1835863
1838449
1839774
1841931
1843421
1844286
1849154
1854348
1856240
1857628
1858722
1860009
1860174
1862181
1863988
1865256
1869764
1871634
1872105
1872802
1873297
1876764
1877680
1883169
1884515
1896714
1907860
1908040
1909542
1911065
1915011
1915440
1918093
1918610
1921350
1934450
1935913
1938954
1942209
1942535
1954881
1960016
1967331
1970049
1970546
1974904
1980430
1983332
1983765
1984200
1996944
1999414
2002444
2003276
2004560
2011784
2016326
2017444
2017795
2038277
2048777
2057226
2064774
2067473
2107583
2109934
2111472
2112403
2112615
2117554
2119523
2120660
2122490
2125253
2127513
2130910
2133845
2135135
2135738
2139574
2141425
2144972
2151288
2153619
2156137
2156815
2161072
2169574
2172732
2173402
2173557
2175389
2178698
2184901
2186545
2188518
2189673
2191926
2195835
2197110
2198249
2202450
2203284
2204334
2207958
2208888
2210241
2212788
2213943
2216121
2220994
2222236
2223619
2224721
2224908
2225426
2225824
2242901
2243402
2246094
2246899
2247404
2253734
2256147
2257368
2258626
2264380
2264729
2267431
2268896
2269549
2270442
2271064
2278896
2281878
2283400
2287154
2291794
2294714
2297622
2298740
2299242
2299608
2301315
2302078
2302924
2305444
2310870
2314414
2315795
2318645
2319544
2319886
2323048
2325509
2327710
2329953
2331214
2333096
2335472
2339878
2343563
2344772
2351402
2353313
2361077
2362841
2364123
2365757
2370019
2372444
2374324
2376123
2380022
2381544
2386574
2387228
2387538
2390314
2390849
2395108
2395850
2398750
2399337
2401563
2402426
2405218
2409900
2410709
2411313
2413002
2415877
2417012
2417880
2426106
2426199
2429742
2431155
2433942
2443941
2445096
2447480
2449742
2450121
2462053
2463245
2468632
2471980
2472977
2475546
2479202
2498188
2500052
2501222
2502448
2503090
2507371
2509341
2510529
2511537
2511642
2513942
2519429
2521164
2524718
2528594
2533429
2535566
2536517
2537104
2539614
2542920
2544420
2544696
2545801
2550656
2552032
2556333
2560454
2565345
2566667
2569242
2573713
2586896
2588982
2591313
2597509
2607204
2614402
2626300
2626795
2631006
2632646
2635558
2636303
2638735
2641110
2645388
2651976
2652386
2658678
2659241
2659800
2661794
2664146
2668060
2671345
2671738
2672332
2672843
2675892
2679574
2682145
2682988
2684097
2689658
2689945
2693278
2695668
2696936
2699578
2700613
2703850
2704220
2706595
2708370
2709048
2709860
2712599
2713476
2714698
2718241
2721173
2724804
2725977
2729314
2732675
2737197
2753390
2756147
2756425
2759254
2759864
2762311
2762420
2764170
2765761
2766028
2770602
2773113
2774628
2777968
2781454
2782624
2788998
2791216
2796200
2796291
2797591
2802236
2802982
2810137
2810442
2810964
2814596
2820034
2821317
2823948
2835738
2837556
2842701
2851046
2857236
2859812
2864704
2867596
2868880
2871618
2879536
2885532
2890608
2891289
2896778
2897046
2903307
2906513
2908723
2908972
2910297
2912594
2915364
2916542
2917195
2917575
2921013
2925004
2927201
2928388
2929832
2930953
2931778
2933350
2937116
2938626
2938930
2939464
2941346
2941966
2951703
2952582
2954834
2955944
2960080
2960434
2969639
2970762
2974104
2983224
2983586
2990109
2994438
2998482
3015130
3015481
3015798
3019341
3019430
3023390
3027300
3031476
3036368
3039430
3040360
3048083
3048276
3051818
3052932
3058817
3059800
3065349
3083305
3088554
3097350
3114058
3123520
3149227
3150774
3152741
3159258
3159575
3159660
3163836
3167653
3169394
3170774
3171704
3172462
3175336
3180520
3184867
3185934
3187513
3189075
3193456
3196806
3199716
3203676
3205825
3207462
3207826
3208332
3213268
3214035
3220363
3221799
3223138
3226708
3230378
3233218
3234569
3235931
3236708
3237133
3239058
3246444
3248190
3249956
3253912
3256650
3260826
3263652
3264852
3268840
3281246
3281642
3282164
3287610
3288707
3289756
3293543
3300904
3303312
3309787
3309998
3310197
3312143
3314640
3319492
3321093
3323402
3327084
3328297
3330633
3331234
3331604
3334324
3337240
3345497
3346583
3348684
3351010
3354924
3356208
3359562
3360480
3363122
3363716
3371078
3375900
3378050
3378226
3379873
3383697
3396865
3408510
3413166
3416508
3418018
3418856
3420870
3422755
3423584
3426121
3427079
3428716
3432208
3433607
3436574
3437744
3441138
3442012
3445523
3445644
3452304
3457834
3458102
3460676
3466562
3476788
3479425
3479567
3479960
3484100
3485810
3490214
3494421
3494953
3500081
3503618
3507014
3507809
3511442
3515434
3528896
3540282
3541325
3541654
3544900
3547693
3547986
3548238
3553473
3555576
3558435
3563914
3564836
3572885
3575910
3577032
3581040
3582114
3584276
3588548
3596806
3606154
3611424
3614748
3617924
3621970
3645513
3657738
3672189
3677896
3679192
3680661
3690117
3690682
3691313
3691798
3696154
3697832
3705895
3706424
3707482
3711629
3713504
3716146
3716992
3719502
3721040
3724584
3725633
3728932
3730184
3737010
3738532
3740514
3742764
3746377
3748006
3748628
3752054
3753176
3756558
3760816
3765344
3768982
3770121
3773510
3775617
3778612
3781160
3787330
3792931
3802716
3803888
3806866
3809590
3811112
3814736
3815461
3819976
3820308
3821765
3822666
3823635
3829312
3830306
3834232
3835490
3838726
3846338
3851168
3866731
3868977
3871114
3876946
3883557
3884166
3887696
3900104
3904536
3907598
3908768
3934438
3935379
3936724
3937400
3939846
3940714
3945740
3949209
3949506
3957061
3961032
3966346
3971364
3973206
3974728
3982560
3983373
3985542
3989560
3997982
3998153
4007106
4007441
4025600
4030629
4040840
4065866
4072324
4072600
4075779
4079662
4081200
4085856
4097313
4100272
4106768
4112658
4125696
4133922
4147840
4201715
4206564
4208362
4216463
4216564
4217657
4217795
4219007
4222200
4223790
4228823
4231614
4233035
4237086
4239996
4240742
4251041
4251336
4253552
4254420
4254798
4260860
4271794
4273498
4274255
4278899
4281645
4283030
4286284
4288021
4290434
4290953
4296056
4296823
4298923
4300051
4301515
4304069
4305356
4306640
4309930
4313554
4313956
4321446
4323440
4336523
4338041
4343654
4347166
4350652
4352229
4354502
4354674
4355180
4358893
4360255
4361614
4365126
4367604
4369713
4371514
4372108
4373168
4376156
4376915
4380306
4380777
4383030
4384152
4385923
4387656
4389125
4395230
4396996
4400082
4400760
4403626
4403996
4405397
4407041
4407674
4409437
4411828
4413096
4414218
4422180
4425524
4434249
4434474
4436013
4442284
4443714
4445474
4447252
4449156
4461239
4462057
4462951
4466517
4467259
4468082
4469236
4474682
4476059
4477534
4480172
4481766
4484008
4484425
4485530
4486198
4490714
4491894
4494233
4495268
4498354
4498606
4499667
4502677
4504323
4508492
4509318
4514154
4515268
4515365
4518676
4525390
4526961
4527495
4527770
4529716
4530494
4531385
4533137
4535110
4536920
4539747
4542698
4556394
4558228
4558657
4561165
4565644
4571293
4572338
4576897
4581668
4584458
4588988
4591281
4591448
4592492
4594482
4595211
4603148
4605142
4605829
4606666
4613538
4614190
4616841
4618307
4620958
4624866
4625486
4627649
4628828
4630338
4633126
4637241
4637928
4641164
4641349
4650064
4653990
4654669
4656211
4661351
4662474
4664032
4669681
4679186
4695425
4698258
4702534
4705040
4705313
4722267
4723686
4728367
4730172
4732302
4733612
4740465
4747685
4747865
4748359
4753084
4757106
4760022
4761544
4762141
4765104
4768557
4770451
4773656
4773973
4774182
4778817
4779680
4780083
4789496
4789838
4790620
4790889
4792558
4792793
4799523
4799936
4803269
4804670
4805516
4809524
4810026
4810392
4815884
4819428
4821354
4822549
4823578
4826883
4834406
4834443
4837955
4838064
4841998
4853155
4854458
4859991
4860820
4863005
4863186
4863840
4864106
4866478
4868016
4869269
4871624
4875972
4876585
4879882
4882845
4888843
4890152
4891448
4901768
4902212
4903002
4907488
4908105
4915830
4916011
4918680
4920486
4922960
4928200
4933127
4934306
4944146
4948812
4949330
4949728
4950218
4952962
4960326
4964502
4965432
4973136
4977792
4981117
4983191
4984617
4989786
4990611
4992198
4996369
4997618
4998089
4999800
5002644
5004610
5007501
5009740
5010656
5020608
5022564
5022840
5022989
5025822
5028002
5030094
5031632
5032161
5039378
5047973
5049514
5056837
5058857
5060161
5063770
5065227
5068322
5071238
5073072
5079641
5079830
5081127
5084354
5085329
5112975
5113194
5117253
5117462
5120182
5120775
5121704
5123109
5126724
5128988
5132390
5136600
5148980
5149848
5153162
5161762
5164042
5173288
5177795
5179153
5179604
5181710
5185563
5188360
5189744
5194021
5200256
5219362
5245629
5246413
5253048
5253550
5255885
5257882
5261903
5263734
5265256
5267206
5269202
5270405
5271703
5273116
5278107
5279472
5287491
5288928
5290085
5293358
5294204
5301062
5304632
5305890
5307536
5309566
5311458
5312267
5313198
5316229
5317045
5318245
5325715
5326756
5327977
5330003
5333450
5337649
5339178
5339412
5342042
5342381
5346196
5346698
5346872
5349534
5350188
5357937
5358134
5361742
5362912
5363737
5366872
5370504
5374782
5379674
5380239
5381570
5382394
5383510
5385072
5385425
5387557
5388380
5395352
5397777
5402248
5408426
5412452
5416296
5417129
5419278
5420816
5424242
5425088
5430048
5431834
5441174
5442444
5444336
5445155
5448270
5451830
5452952
5456102
5456724
5456949
5464345
5464866
5469760
5472690
5473475
5478498
5489256
5490896
5492869
5497862
5506335
5506766
5510578
5511381
5511964
5516444
5518379
5518960
5521598
5523113
5523889
5525090
5526468
5526744
5530465
5536836
5538284
5540915
5547316
5550418
5560912
5562608
5564802
5564937
5570987
5571030
5572305
5572856
5581319
5582956
5585312
5587726
5589187
5590296
5591625
5593125
5607718
5613186
5622432
5632257
5638979
5639334
5646618
5648917
5649282
5650984
5653836
5656874
5661076
5661752
5669329
5669669
5673080
5677254
5682336
5685387
5689366
5690888
5707017
5708112
5723266
5728328
5735450
5737540
5769451
5773264
5773651
5778762
5782665
5784284
5785030
5786930
5789965
5792030
5792426
5792948
5796452
5800846
5801777
5804276
5807192
5809378
5809748
5810467
5810792
5812299
5813292
5817930
5822084
5825424
5829952
5834524
5835986
5836955
5841266
5841860
5842989
5845770
5846688
5849452
5850736
5851278
5853602
5861584
5866821
5893121
5899240
5901921
5902742
5903672
5908018
5910753
5915802
5916204
5916711
5919828
5921346
5927052
5930016
5931366
5931730
5932236
5935644
5939876
5950992
5960193
5968676
5970954
5973378
5974545
5999110
6000721
6000808
6005012
6006280
6013194
6030260
6031918
6033866
6040016
6041784
6046821
6050578
6050830
6052481
6055684
6055955
6062394
6063254
6065568
6066758
6074756
6078804
6083632
6086694
6087816
6099043
6099221
6106208
6108178
6114112
6135857
6136136
6144517
6160478
6163096
6166817
6168876
6173768
6177414
6185282
6198530
6203457
6213824
6227522
6242354
6250625
6293422
6299029
6300534
6301131
6301404
6302553
6306846
6309655
6310206
6313400
6322229
6329580
6332920
6336038
6336385
6337051
6337414
6338344
6341094
6343269
6345372
6348336
6349884
6350474
6354500
6359495
6360252
6362058
6362171
6364489
6369976
6373998
6374772
6376463
6379729
6381996
6382362
6386018
6386888
6391698
6393058
6401065
6402356
6407498
6411652
6416968
6424037
6424306
6426190
6428220
6428763
6428854
6431134
6435556
6436425
6441357
6444880
6448218
6449699
6452372
6453386
6457976
6461973
6466242
6469056
6471866
6472462
6472593
6473380
6475892
6480076
6491041
6492387
6495332
6497365
6497586
6508876
6521300
6521698
6523027
6525210
6526128
6529558
6530316
6542016
6546528
6558074
6559334
6562701
6563180
6567698
6569477
6570460
6575010
6575189
6575884
6576263
6578471
6582992
6585728
6587196
6589738
6592088
6592752
6595143
6596320
6601028
6603602
6605891
6606894
6611094
6615113
6621467
6622036
6625859
6629153
6632610
6637250
6639894
6644049
6652302
6652593
6653129
6661202
6668585
6674948
6677026
6684910
6689684
6690097
6690186
6693674
6694534
6695368
6695961
6697046
6701622
6702744
6703506
6710084
6711408
6714912
6718627
6720265
6722216
6726052
6735124
6746370
6750810
6753541
6767658
6771457
6776964
6788610
6789192
6817656
6820638
6821763
6825146
6826789
6829172
6830296
6830642
6834868
6835018
6837061
6839400
6841808
6841954
6843654
6843913
6849258
6850374
6850893
6852751
6853925
6854716
6856885
6857006
6859795
6861648
6868120
6877576
6882764
6890402
6893124
6893651
6898345
6901266
6901958
6902027
6905976
6914142
6916904
6918694
6919816
6923398
6923824
6926560
6930738
6935632
6938948
6944770
6947545
6951408
6953991
6958304
6963542
6968104
6968370
6971008
6972050
6973468
6977856
6981032
6981146
6985924
6987890
6997186
6998065
7001100
7005952
7012668
7013006
7017009
7018786
7020874
7022729
7025028
7025704
7030344
7030851
7032984
7036966
7048705
7078614
7082412
7083696
7084110
7090373
7090792
7095462
7107078
7107608
7115154
7119512
7121200
7127067
7127940
7128616
7143782
7144561
7153162
7157780
7162056
7166977
7179276
7210788
7211653
7213890
7215384
7217553
7218768
7226080
7234563
7241773
7246944
7251974
7258433
7262736
7275666
7309472
7319553
7341239
7342302
7343462
7345945
7348963
7352785
7354635
7357424
7357674
7360088
7360289
7360910
7362729
7369290
7375269
7375901
7377453
7378288
7378626
7379784
7383828
7384264
7385258
7390420
7394330
7397529
7398816
7399474
7406441
7410148
7410262
7414108
7415024
7417105
7420098
7420428
7424338
7427110
7427728
7428704
7430790
7431720
7432261
7439651
7439886
7440459
7441092
7442648
7446630
7459586
7472070
7472600
7473431
7477152
7480492
7484514
7490736
7491794
7495785
7501064
7502352
7508293
7508530
7512968
7513234
7513633
7527488
7528784
7539252
7540008
7542036
7545867
7553054
7553473
7565472
7571024
7577656
7586084
7586952
7603098
7606208
7613601
7615268
7616136
7622979
7623224
7629834
7635622
7636152
7648262
7649304
7652040
7659788
7661072
7667773
7669298
7670409
7672906
7676051
7707680
7733620
7734888
7737497
7737870
7742128
7749797
7751426
7751750
7759040
7760129
7766346
7768204
7772163
7778880
7800929
7807238
7810560
7836032
7847953
7864761
7866084
7869596
7869994
7871537
7873084
7874369
7876240
7876934
7881299
7881510
7882632
7883139
7885144
7889996
7894146
7899345
7903904
7906584
7913644
7917666
7925780
7932451
7937792
7939364
7946644
7963074
7963752
7966988
7979544
7996686
7999596
8002057
8003796
8007706
8009220
8013152
8029236
8030250
8040736
8045124
8054912
8061714
8063300
8066240
8069728
8086544
8127308
8127826
8127877
8129609
8130614
8134798
8145192
8145940
8148544
8155169
8159856
8168194
8196738
8227073
8242178
8257954
8278276
8282632
8291968
8390335
8400187
8400590
8401371
8410539
8415148
8416114
8418772
8427919
8429009
8431352
8432106
8434149
8435508
8438695
8440681
8442571
8447307
8449669
8452173
8463214
8465315
8468169
8468653
8473049
8475322
8475742
8476437
8479158
8484450
8485134
8486424
8488254
8489055
8492008
8492870
8493721
8505060
8508769
8508824
8511643
8512312
8514850
8517905
8522221
8526746
8528507
8529859
8534636
8542028
8542326
8547986
8548659
8554452
8556109
8557675
8557996
8558771
8564616
8565515
8568082
8569943
8570510
8572989
8573777
8575876
8576265
8579192
8579521
8582320
8588634
8590742
8592934
8595100
8597597
8599008
8602469
8604584
8610026
8611142
8611879
8614800
8618446
8618620
8620437
8623642
8629072
8630978
8633476
8635158
8642772
8643085
8653692
8654254
8656667
8658077
8658786
8663974
8664504
8665739
8666673
8668892
8672807
8677717
8679174
8679546
8679725
8680392
8684951
8688882
8688973
8690469
8692333
8692566
8694196
8694823
8695128
8696476
8698592
8700408
8702182
8704310
8705832
8706371
8708494
8710032
8718260
8719973
8720983
8721866
8722040
8723273
8724956
8725619
8728512
8730380
8730992
8733127
8734060
8734908
8735787
8742170
8743491
8751417
8752659
8758350
8761642
8762499
8766005
8766282
8767890
8771717
8772688
8775880
8778052
8782326
8783848
8790813
8794446
8795984
8796183
8798427
8799022
8801573
8803044
8806581
8809668
8811658
8819632
8820361
8820826
8822970
8824484
8826996
8833620
8833697
8836544
8840032
8843544
8845346
8851772
8852357
8854801
8856370
8858246
8864822
8865666
8865870
8868178
8872536
8881506
8882416
8886534
8889620
8891457
8896932
8900712
8910336
8915198
8919645
8924626
8926572
8933559
8936880
8942364
8943699
8944324
8947546
8948684
8948891
8948965
8955292
8961066
8962363
8965420
8966742
8972100
8972341
8973186
8974704
8976008
8980329
8984859
8985290
8988438
8991174
8991345
8998008
8998414
8999532
9000896
9003730
9004236
9006341
9007528
9011629
9017669
9018396
9020972
9022217
9024594
9028252
9028998
9029170
9031906
9034755
9044915
9045820
9049840
9050488
9051278
9052629
9058180
9059412
9060943
9061860
9063761
9067105
9071000
9073701
9080610
9081037
9081700
9086369
9087075
9087502
9091713
9094360
9095498
9098516
9101843
9111974
9112121
9118436
9119306
9120936
9121946
9127508
9130627
9131050
9134140
9135904
9142954
9143476
9146832
9149536
9150824
9155092
9163528
9171009
9177041
9177547
9180844
9185898
9188165
9191837
9192634
9194464
9196660
9199122
9199974
9201249
9205921
9208564
9209373
9211206
9212474
9214360
9216817
9227412
9229185
9229386
9232476
9234443
9236626
9237028
9239808
9240954
9241814
9243277
9246822
9249039
9249464
9250210
9253013
9255682
9257638
9258289
9261272
9262601
9263380
9270278
9274600
9276801
9277582
9278756
9279120
9281590
9282436
9286216
9307257
9310442
9312436
9319208
9319474
9325699
9326120
9326982
9328653
9331017
9331340
9335362
9339166
9348290
9352204
9355378
9373068
9374532
9376835
9382177
9392688
9397392
9405958
9416864
9421504
9422872
9429250
9440985
9442169
9443300
9447260
9448566
9451980
9453441
9455375
9457602
9459004
9468592
9470908
9473458
9484437
9485080
9487820
9488595
9489962
9492960
9497188
9497876
9498840
9499425
9501762
9504157
9505686
9506609
9509963
9515580
9516326
9516690
9520370
9524876
9525841
9531620
9539156
9540210
9540716
9544396
9545568
9548208
9552230
9552848
9554089
9558068
9560738
9571178
9571655
9572919
9575252
9577134
9577908
9581688
9581709
9585047
9586025
9588977
9593796
9593883
9595420
9599268
9601395
9604153
9607880
9610759
9614660
9619236
9626024
9627216
9634522
9637092
9642183
9642270
9644209
9645828
9650868
9651992
9652493
9654728
9658736
9660033
9662986
9663508
9670812
9672576
9675914
9677059
9683002
9687620
9703676
9708528
9708778
9712741
9714822
9716062
9719059
9721489
9722442
9724570
9726264
9733545
9733955
9734261
9734798
9736646
9741524
9744977
9745434
9752746
9756723
9758220
9759904
9765175
9766698
9768090
9770324
9771716
9777475
9781992
9782854
9784193
9785494
9786148
9789486
9790852
9791024
9794632
9798822
9805944
9808140
9810438
9818648
9819394
9832052
9832510
9833380
9837081
9837729
9842242
9842898
9847980
9849944
9852002
9863906
9867820
9871654
9880722
9882376
9887818
9891972
9896785
9900450
9901070
9905193
9908832
9918467
9928790
9930312
9932993
9933872
9937552
9946117
9964457
9966805
9970867
9972532
9974504
9979796
9983576
9984802
9985065
9985348
9986645
9988449
9991427
9995636
9996567
9996875
9999544
10000140
10002765
10010767
10014465
10014821
10019944
10027257
10028366
10031659
10032024
10034562
10036536
10037404
10037474
10038353
10040900
10051985
10052424
10055730
10061506
10064548
10068506
10088460
10093963
10094163
10101401
10107202
10111626
10112022
10118412
10122432
10127468
10133744
10137873
10139168
10146448
10158855
10160833
10161187
10162292
10164754
10175074
10180740
10190995
10191664
10193288
10195018
10199077
10208576
10225287
10228014
10229552
10229811
10230149
10232214
10233736
10234956
10236248
10240572
10244291
10249298
10256602
10257256
10263060
10264748
10268770
10273542
10274072
10281408
10289636
10291800
10305930
10308644
10318464
10326281
10333696
10338480
10355128
10359744
10364256
10371284
10375194
10379426
10380048
10388522
10389840
10393730
10396228
10408224
10420253
10421522
10421920
10426408
10428616
10432772
10487292
10492267
10493703
10493752
10496924
10501298
10502775
10504987
10505897
10509514
10512628
10515107
10515569
10520291
10523287
10525020
10526941
10530863
10532673
10536732
10537550
10540752
10542180
10549382
10553718
10553903
10555120
10555212
10560910
10562589
10564186
10564393
10566978
10569510
10570835
10571156
10572272
10576533
10577744
10581036
10588582
10589451
10589745
10592535
10594962
10596964
10601642
10603269
10604748
10608754
10617151
10619761
10622865
10624053
10624452
10626916
10628142
10628297
10630428
10630824
10631585
10631888
10634872
10637763
10640674
10646085
10653944
10656297
10660166
10661396
10666213
10674840
10675588
10679368
10683559
10688583
10691794
10694177
10694836
10695430
10703388
10705728
10709018
10716097
10716968
10717290
10717860
10720340
10731864
10734604
10736162
10749741
10751070
10752414
10757690
10763848
10767924
10769222
10769752
10773984
10777392
10778776
10779651
10781038
10782576
10788736
10789800
10792076
10793424
10797746
10800153
10805956
10809866
10810388
10814434
10815051
10818866
10819206
10824073
10824484
10825960
10829855
10830732
10834529
10837152
10842498
10846936
10847684
10848451
10851092
10855600
10856194
10856532
10869000
10879676
10880535
10882722
10883285
10883698
10884204
10887544
10887882
10896336
10899880
10903830
10905352
10912646
10913176
10915075
10916680
10925344
10929730
10936364
10936401
10948120
10948747
10953029
10957329
10961187
10962120
10966276
10969760
10997904
11010535
11013734
11016020
11016433
11021447
11024662
11027384
11027859
11031629
11032622
11034782
11035459
11035956
11037004
11044772
11048552
11052555
11053656
11055792
11059668
11061795
11066128
11071749
11077274
11080932
11082292
11083329
11088524
11089296
11098249
11100714
11104340
11109134
11110584
11111698
11116746
11122976
11124807
11125600
11128000
11128858
11130372
11133092
11134216
11143339
11149740
11155481
11158627
11159815
11160209
11162312
11168292
11171344
11175244
11183160
11196576
11201538
11206876
11208048
11211680
11215640
11216131
11219042
11223218
11227409
11231680
11240018
11243564
11244674
11273014
11275541
11277705
11280626
11283752
11284540
11284555
11288812
11289178
11291205
11293332
11298434
11306035
11307564
11309762
11311111
11314276
11325481
11338798
11342156
11346502
11347032
11351584
11355458
11364448
11374704
11395600
11404996
11408906
11410177
11420700
11436512
11438153
11443216
11444372
11444770
11452554
11456580
11469416
11471114
11472918
11475136
11480068
11485317
11497480
11519008
11539023
11539795
11541164
11543017
11546386
11546996
11557398
11560648
11561099
11562021
11569958
11570374
11572628
11574561
11576620
11577374
11580640
11583609
11584393
11585043
11601253
11605416
11606293
11608250
11609764
11613120
11614305
11618396
11619594
11620458
11626912
11628824
11632884
11633754
11639306
11641411
11645065
11649580
11650352
11658308
11667235
11667340
11667613
11667922
11676425
11679106
11683156
11684006
11684419
11686919
11687064
11690545
11699888
11702080
11704401
11706984
11708720
11717761
11718924
11732028
11736642
11739732
11740488
11755660
11756578
11764998
11768160
11776018
11780290
11789056
11797445
11798226
11802140
11805454
11806001
11806791
11807377
11815137
11818180
11821666
11830287
11831752
11833656
11834914
11838004
11841612
11843842
11845788
11845925
11849810
11852289
11862222
11865192
11865221
11866800
11871254
11879186
11886800
11889160
11912832
11913222
11923488
11927731
11934984
11935972
11939882
11942404
11944524
11948084
11948674
11956544
11960858
11963428
11993492
11993638
11997272
12026024
12061070
12062040
12065411
12067099
12067367
12068292
12068464
12077672
12080800
12092997
12093554
12095517
12101673
12106756
12117136
12120640
12126531
12128466
12132460
12137482
12141252
12148998
12158092
12159505
12165456
12177792
12190952
12194360
12195108
12198933
12214360
12222853
12226595
12240392
12257804
12258448
12264066
12271912
12281857
12304404
12321450
12321972
12324385
12325476
12331840
12333472
12333586
12337520
12342024
12346377
12347524
12354448
12358976
12361859
12388100
12407824
12419362
12435528
12452166
12456076
12469632
12493064
12525616
12554752
12583887
12588956
12590127
12593502
12596067
12598037
12599050
12602730
12602966
12603884
12608409
12617580
12618706
12619545
12626221
12627094
12628649
12632607
12633524
12637304
12643425
12645644
12649958
12651861
12652227
12653366
12658067
12660978
12666428
12667301
12669784
12672196
12674016
12677276
12678448
12682460
12684465
12687010
12687916
12690100
12690856
12692230
12696129
12699209
12699932
12701959
12705900
12707010
12710418
12717740
12719476
12719913
12721120
12723109
12723660
12724790
12727459
12732574
12733491
12735125
12740372
12744001
12745734
12747179
12749926
12759444
12763469
12763888
12769816
12772904
12780730
12781326
12782355
12784234
12785777
12790116
12796620
12797392
12805284
12807177
12813208
12816612
12817736
12820570
12822084
12825376
12825617
12828771
12832906
12845818
12853407
12856709
12858460
12862358
12865037
12867785
12870865
12871242
12875396
12879979
12880956
12882702
12883235
12885572
12886977
12889888
12890314
12894892
12897672
12898516
12898914
12900401
12906912
12912466
12913182
12918056
12919690
12920358
12920885
12928142
12929744
12929826
12931473
12935254
12939816
12943732
12944070
12947640
12948502
12953112
12956768
12961540
12979478
12980696
12981954
12982659
12984659
12985044
12987496
12988588
12988954
12991632
12992636
12993803
12996786
13000448
13003281
13010482
13011097
13011396
13030436
13034114
13042837
13048456
13055234
13059680
13060417
13062662
13063192
13066508
13070528
13074478
13076997
13077634
13079120
13099056
13108853
13110074
13111419
13115025
13115703
13118192
13121080
13121865
13124956
13125352
13125741
13129508
13130247
13133990
13134874
13141071
13144792
13145540
13146307
13150609
13162636
13164728
13164741
13173150
13175862
13181532
13181575
13189364
13189958
13192737
13194386
13199696
13201482
13209220
13210665
13214306
13216840
13218072
13222344
13222673
13223978
13231124
13241030
13243667
13245196
13250051
13261008
13263235
13263984
13265480
13267616
13273681
13277221
13280518
13280912
13293120
13304940
13308297
13312432
13312833
13320730
13324640
13340722
13344908
13353508
13355137
13373314
13373782
13375304
13376609
13378024
13381140
13382544
13383972
13386417
13386775
13390136
13390474
13394988
13402534
13406316
13408777
13415938
13419872
13420805
13427464
13435692
13437977
13439712
13448328
13455429
13459491
13468938
13470256
13476048
13500645
13501296
13505952
13509912
13529108
13533770
13534292
13535528
13537924
13545792
13549968
13553667
13576258
13582504
13634036
13640765
13641355
13642179
13646867
13647396
13648613
13649745
13650732
13654115
13654418
13656363
13656696
13657444
13661352
13663040
13667141
13668661
13670698
13672615
13673235
13674372
13674585
13678152
13682051
13682328
13687813
13699016
13699131
13702324
13707858
13707944
13708302
13709581
13713848
13714710
13718210
13730026
13733186
13739058
13742164
13748739
13756548
13762671
13765283
13766165
13768888
13772512
13774114
13783811
13784452
13784624
13793409
13796636
13799451
13800656
13810178
13814022
13819925
13824096
13831553
13832518
13841028
13845578
13848620
13852818
13864480
13869504
13881616
13894502
13895032
13898664
13899525
13904050
13907392
13914141
13918412
13922566
13927004
13930113
13931154
13931660
13933840
13935000
13935146
13942855
13943600
13944858
13947208
13961293
13963546
13966850
13967585
13968148
13979760
13992325
13996577
14009384
14017088
14025102
14025929
14026640
14030948
14033736
14037296
14041568
14041682
14049828
14057652
14083328
14090808
14091556
14099536
14108692
14123778
14135304
14156974
14159141
14161250
14161950
14165208
14169364
14174361
14183808
14189025
14189205
14198854
14202928
14207680
14209576
14222002
14223972
14225612
14227617
14242324
14243080
14247426
14254140
14255504
14259008
14266498
14270546
14278944
14288708
14292616
14299143
14299728
14303540
14307401
14320393
14337184
14352728
14360618
14369664
14377028
14390276
14419482
14420753
14426228
14426818
14430732
14434410
14438564
14452260
14485766
14492929
14501056
14508056
14516872
14538752
14551051
14552112
14553634
14558340
14566913
14589970
14598156
14618768
14647392
14682837
14683257
14683546
14684595
14685383
14689875
14693796
14694982
14696637
14698436
14699234
14703496
14706352
14715054
14717385
14720082
14721866
14722388
14723633
14726296
14727272
14730279
14731632
14733058
14734609
14735371
14738212
14749820
14751584
14754922
14756044
14756152
14759444
14761089
14762202
14763401
14766756
14767626
14768178
14772483
14778938
14781732
14795348
14803344
14811996
14819569
14828844
14829187
14830661
14833940
14835727
14839864
14845640
14849796
14856259
14870792
14877160
14879305
14881426
14881932
14885420
14886784
14889296
14893446
14893872
14898209
14901826
14909493
14915841
14917794
14926866
14938116
14945200
14945508
14947020
14948906
14950854
14956625
14959464
14959730
14963219
14966954
14967324
14970980
14975627
14976660
14979237
14987314
14992460
14996610
15001729
15007926
15008519
15009052
15009448
15013072
15014276
15016560
15020046
15035408
15044930
15049733
15053440
15057120
15075137
15077670
15082548
15085833
15091753
15093834
15106258
15106660
15110172
15115024
15115274
15139910
15147160
15153184
15188488
15205675
15207873
15214348
15214946
15215242
15218368
15225456
15227169
15233169
15238384
15239702
15244552
15266848
15270864
15274154
15275270
15282213
15288341
15295553
15299328
15304801
15306900
15319682
15336852
15337588
15340632
15361160
15368865
15370626
15381000
15384680
15402530
15405636
15420672
15433739
15443984
15467107
15467722
15468700
15475364
15483150
15484688
15487424
15499608
15504160
15508864
15515700
15523906
15532449
15536664
15540498
15542785
15566400
15573032
15597626
15598472
15605836
15609986
15616514
15622432
15679568
15696132
15730484
15734092
15738119
15747401
15748236
15758849
15770320
15779424
15782064
15794478
15794844
15801368
15807010
15810723
15818804
15827225
15827872
15840512
15847489
15851530
15864417
15869464
15870340
15872200
15876776
15894752
15896710
15897640
15925362
15927434
15930120
15933729
15943172
15958092
15993123
15995106
15995728
15999066
16000580
16001068
16003220
16012576
16016256
16023830
16024657
16025352
16026178
16032096
16057730
16073028
16076936
16091280
16126994
16130563
16138520
16171042
16188096
16191493
16257924
16259141
16269837
16270392
16272450
16277728
16283656
16291344
16303364
16319050
16319572
16320129
16322864
16327048
16359940
16384195
16386848
16416920
16426048
16449700
16470018
16522368
16524322
16531602
16548036
16551946
16592960
16597536
16646676
16712712
