3423385
3429996
3435314
3509005
3530954
3574950
3584353
3606099
3625364
3712555
3725736
3748696
3755038
3773637
3807797
3826928
3851078
3877251
4719103
4980224
4995881
5004468
5006938
5082251
5099852
5146213
5169570
5180182
5189841
5303621
5331651
5355574
5359536
5388166
5417688
5428251
5447016
5464621
6332242
6353557
6368996
6386979
6442889
6453326
6525610
6530332
6539377
8703697
8713494
8724386
8747109
8793932
8811147
8886362
8889012
8897833
8927958
8936779
8939429
9014644
9031859
9078682
9101405
9112297
9122094
9221352
9226798
9246237
9267608
9282371
9317427
9327472
9345413
9389254
13645425
13654812
13659306
13731406
13742473
13798179
13816036
13831317
13853010
14720045
14738280
14756379
14767320
14797190
14825904
14829110
14853315
14881605
16532753
16582754
16654476
