29613
36191
46995
56875
58599
96888
114246
126258
139116
161492
176874
187218
188830
202425
207989
214477
229121
229875
250503
256075
267131
272823
293571
317253
322953
334510
346586
357142
364004
374568
384656
386140
404686
410998
441220
447036
452848
468251
478371
493725
504401
516389
535151
541655
555291
559081
572709
578717
585297
596342
598970
618702
626236
636144
646472
649092
660954
667414
673454
687202
702556
709092
715560
728079
730819
756549
766345
776241
793037
805561
815221
822919
832587
862932
869228
883104
886610
906278
924852
927352
937920
947468
962866
972938
975430
988513
1000981
1016363
1054415
1066427
1096521
1102577
1108029
1122074
1123798
1133678
1144482
1159836
1170212
1171944
1184694
1190266
1210894
1213692
1228336
1234824
1240388
1251939
1253551
1263895
1281321
1303697
1318817
1320301
1330389
1340953
1345771
1356327
1368403
1382004
1387704
1409342
1430090
1435782
1448664
1460652
1471328
1478034
1500202
1512205
1518017
1523833
1541191
1580153
1582773
1593101
1603009
1608499
1628231
1630859
1643948
1650528
1656536
1670164
1671910
1685546
1692050
1713100
1722996
1732792
1740362
1750150
1773781
1780249
1786785
1840407
1853027
1868381
1882257
1888553
1907906
1910286
1936264
1945924
1958448
1970286
1976994
1983258
2000676
2020432
2060291
2109381
2115197
2129073
2144399
2150711
2170076
2183080
2192740
2198422
2208090
2218210
2220590
2239164
2259400
2262842
2282574
2289282
2300325
2302825
2312913
2322461
2339875
2366567
2369195
2379539
2394925
2404833
2414681
2417301
2430386
2442950
2456586
2458360
2471988
2478476
2485056
2496798
2499538
2509418
2519206
2526804
2536600
2546976
2560203
2566663
2590593
2631027
2641099
2651655
2656501
2667065
2677633
2679117
2692714
2698406
2704670
2740820
2746520
2759366
2771378
2788748
2799424
2810932
2822931
2834535
2851929
2889425
2894877
2901413
2916763
2943011
2957060
2958792
2968688
2984014
2994818
3019688
3025252
3031260
3045904
3048674
3088561
3098889
3152339
3154719
3164839
3174507
3182233
3191893
3204897
3222218
3228530
3245900
3259776
3265592
3284138
3286630
3306770
3312608
3322156
3332244
3334744
3360267
3375669
3395905
3412157
3418737
3425225
3438853
3462275
3479912
3482532
3492380
3502288
3509794
3544516
3550984
3557040
3572366
3586114
3611665
3674981
3680681
3703855
3742384
3743868
3754436
3765000
3793986
3806748
3812560
3818856
3834198
3854882
3876101
3901571
3938827
3940551
3968321
4008210
4014250
4031636
4082694
4098104
4120960
4199925
4206393
4226125
4227775
4241523
4248011
4254471
4269804
4280148
4289944
4295530
4305318
4315166
4317906
4342776
4356404
4360134
4373770
4379826
4397401
4400021
4409901
4419809
4427283
4463771
4466263
4486435
4492241
4501789
4511909
4514409
4527438
4534146
4539962
4569288
4575600
4594146
4596526
4606614
4616282
4624040
4633700
4646672
4657207
4670275
4707337
4726595
4728207
4738103
4764357
4776369
4789910
4795482
4802018
4817372
4832016
4838056
4843620
4856378
4858102
4868430
4879234
4885872
4906500
4908232
4925731
4931739
4949157
4986413
4992225
4998489
5013863
5034515
5055796
5065868
5076544
5081266
5103882
5116756
5122456
5145630
5184129
5185613
5249327
5252067
5261915
5271703
5279333
5289129
5299473
5312762
5319222
5325710
5339458
5343152
5362884
5369352
5381206
5383834
5394210
5409564
5419472
5429352
5431972
5444995
5472969
5486597
5515917
5522229
5539595
5577108
5579608
5589728
5599276
5616658
5641528
5654092
5667968
5669490
5689606
5711393
5772185
5777749
5783789
5798433
5801171
5839436
5851448
5868806
5904096
5909548
5916052
5931434
5957650
5983297
6037563
6048131
6087685
6099746
6111318
6128744
6169922
6195396
6205960
6258961
6298345
6310301
6320977
6327715
6349851
6361916
6367728
6388356
6390902
6412034
6430608
6432092
6442212
6452776
6457562
6468118
6480226
6493765
6499465
6505777
6521103
6558599
6564171
6570227
6587597
6602241
6625874
6627486
6637862
6655256
6677664
6695986
6702474
6717876
6738624
6744076
6785121
6819935
6826643
6832939
6850325
6870113
6887818
6890310
6910002
6917824
6927372
6952230
6964818
6980204
6994080
7000344
7070209
7084337
7096901
7106697
7147748
7154216
7160720
7216200
7218820
7244546
7345715
7357767
7373177
7393805
7399617
7415082
7425170
7440556
7451232
7463188
7476042
7481734
7487550
7544915
7611793
7621673
7637015
7673480
7679044
7700930
7739940
7741672
7752016
7815301
7871621
7874121
7909635
7935312
7947812
7963162
8004400
8014472
8024132
8065065
8159905
8247296
8261778
8407870
8417778
8435148
8445044
8447672
8458655
8465235
8471275
8484903
8488661
8502297
8508833
8527155
8539719
8549515
8555129
8564917
8575245
8577985
8590566
8597034
8603538
8618924
8632672
8638680
8645140
8661992
8681628
8685166
8699042
8705306
8722673
8725053
8735621
8745289
8775171
8787037
8793745
8800041
8815383
8835171
8854920
8857412
8877104
8882882
8892430
8917756
8944452
8947126
8967874
8973326
8985385
8987109
8996957
9007761
9014371
9049989
9055561
9061617
9076943
9091587
9117264
9118876
9129252
9144602
9167010
9182098
9183582
9193702
9204266
9211096
9221652
9233760
9245255
9250955
9257267
9274637
9315367
9341345
9363481
9389130
9404532
9425664
9449052
9455588
9469224
9470938
9484566
9490606
9497186
9510213
9512841
9522737
9538063
9547971
9572841
9579301
9585309
9599057
9602723
9639996
9642736
9653064
9662852
9690114
9709362
9719434
9729094
9734836
9744504
9755072
9757452
9770027
9798497
9818133
9836679
9839179
9876737
9900370
9912870
9930264
9969190
9970922
9981266
9996652
10007456
10017304
10019028
10044551
10059961
10086657
10101139
10111019
10128405
10162826
10168390
10192320
10229576
10235268
10241084
10298449
10359345
10371397
10428712
10438800
10491734
10497434
10533584
10539880
10545572
10559107
10560591
10586569
10597125
10608753
10621487
10627299
10633563
10650981
10671633
10690870
10700942
10711618
10718384
10741000
10755640
10757364
10767692
10778496
10783090
10803718
10805450
10824993
10831001
10846375
10885953
10887565
10897461
10914827
10949268
10954840
10961376
11017696
11020076
11030164
11039832
11045546
11055206
11068178
11080757
11093825
11128843
11147417
11149909
11170081
11211084
11217792
11223608
11240966
11277454
11284034
11305924
11319560
11325616
11373073
11420291
11474978
11541388
11553016
11563572
11570374
11580938
11604569
11610261
11616557
11633939
11674681
11685249
11722759
11736864
11748436
11763818
11801314
11806766
11813270
11830696
11856912
11880515
11960529
12002434
12028164
12063034
12075598
12089474
12093040
12113156
12132899
12194883
12223241
12300304
12326996
12329624
12340000
12390785
12588970
12594534
12600542
12615186
12630572
12637076
12642648
12657843
12668171
12683573
12704321
12705933
12718803
12724255
12730791
12748185
12774433
12786438
12788170
12798066
12815436
12826240
12852932
12864944
12880270
12890946
12902454
12916497
12928101
12943451
12984689
12994761
13005317
13046376
13052068
13058332
13075746
13114652
13117392
13127272
13137060
13142614
13152410
13162786
13178057
13184517
13206403
13244517
13247145
13257489
13308336
13320900
13334536
13374578
13387526
13402936
13422668
13429376
13479969
13504779
13534785
13574674
13638512
13640124
13660872
13667386
13690242
13701797
13707369
13713873
13770249
13771973
13797699
13839632
13845672
13861014
13898270
13904082
13910378
13927764
13948448
13967623
13995137
14042131
14057517
14147648
14160326
14166794
14172850
14190220
14203968
14227475
14340225
14387744
14424232
14426724
14446864
14500361
14619652
14686390
14688890
14699458
14709006
14726448
14736520
14739012
14750051
14762519
14779945
14821123
14846597
14856265
14881818
14910288
14929956
14946776
14953236
14959276
14973024
14976658
15013901
15016641
15078561
15158784
15214796
15221108
15238474
15278361
15288481
15352845
15368243
15410272
15475106
15484954
15502372
15696008
15733868
15740576
15746840
15762214
15781970
15823873
15864085
15876705
15931584
15933964
15998210
16026184
16035972
16262166
16288144
16310312
16351301
16466178
16532672
16656385
