175
13904
14752
33586
36034
83616
84304
132456
133784
176138
287496
334856
413744
467136
544968
598072
683008
725760
787856
789088
901121
1073250
1103104
1118354
1157632
1343572
1443329
1575173
1736864
2120194
2154640
2172162
2199648
2371589
2525440
2655748
2752593
3146688
3148848
3358724
3932170
4211740
4293000
4375104
4392994
4460866
4498464
4727426
4757520
5247528
5382416
5523584
5833792
6301768
6427776
6619664
6832416
8439848
8454732
8536450
8619024
8661010
8688256
8918050
8954176
9446536
9574464
9765152
9978384
10490136
10625568
10765376
11077760
12583152
12586752
12677120
13500420
15761409
