325338
366943
896916
1448877
1559094
1604972
1782010
1797395
2012769
2217446
2240459
2325148
2420081
2557685
2661565
2814727
3038882
3100985
3242595
3327071
3586195
3663240
3728116
3769259
3951066
4010437
4017677
4448619
4613917
4672718
4740030
4795117
4841249
5119441
5171384
5214375
5289359
5372368
5475993
5514227
5528635
5600932
5949378
5984853
6088775
6352430
6469552
6536261
6633898
6713462
6982259
7045596
7079279
7301952
7347926
7423864
7708733
7804675
7879449
8116234
8181012
8228064
8266382
8542067
8561343
8646368
8666343
8741372
9099478
9157001
9202475
9422149
9502229
9527178
9803185
9924623
9963485
10078329
10273966
10384272
10422979
10565421
10884510
10980395
11082736
11194136
11223662
11401252
11413597
11444706
11596090
11643086
11772753
11808440
11822918
12016720
12098883
12293764
12325431
12619258
12792774
12833852
13040898
13056561
13152629
13245967
13389428
13567912
13731431
13789786
13970761
14066900
14203554
14279436
14489756
14504290
14582043
14764343
14977989
15299784
15581842
15896809
16409637
