5821
21366
21963
43749
44377
59826
60942
76650
77014
92221
94081
102830
104211
119909
133628
139105
150187
150807
159902
176952
177541
209963
225760
231539
242246
248612
248984
269006
270587
272199
287660
292145
302243
317800
334768
335117
369012
370376
382998
385571
407846
426978
427102
442549
444169
457344
459373
460241
473176
475450
476806
534512
536941
548498
549659
550055
564105
564532
596519
612689
629834
631235
647828
648488
669873
688981
689385
708899
721626
722278
737677
738865
752644
790935
792362
807649
830034
840844
846085
857684
863329
878730
888889
919883
931010
936476
937376
996097
1018052
1058110
1061795
1072220
1073621
1074793
1087815
1104433
1120489
1137954
1154692
1155853
1156273
1171546
1210633
1212827
1213991
1227794
1229516
1230192
1247144
1249589
1262403
1315673
1316324
1331247
1353884
1355552
1365570
1381530
1386771
1403460
1429889
1444741
1444921
1455628
1460434
1486945
1542666
1578099
1593784
1595141
1610270
1615915
1633472
1649060
1650200
1659078
1676128
1706802
1707150
1722469
1733200
1805569
1814664
1843765
1844617
1859938
1942534
1999148
2000528
2031779
2049096
2101158
2103611
2116429
2116849
2127556
2143586
2158761
2175601
2191623
2197909
2199081
2208796
2214594
2232551
2249617
2250028
2266762
2272003
2287700
2304652
2305328
2315346
2330953
2374081
2393528
2396965
2408787
2425739
2425911
2440706
2441436
2443104
2497684
2498845
2500257
2515530
2578465
2597010
2652960
2654899
2655503
2668678
2671076
2672216
2687804
2692513
2703467
2761130
2762262
2775240
2778433
2857488
2859045
2885805
2887441
2896536
2903110
2984226
3010624
3019120
3058696
3084302
3161125
3178621
3180481
3193416
3195690
3196054
3211762
3212878
3228325
3228953
3242128
3285860
3286232
3299846
3301427
3316128
3401216
3410531
3420246
3426612
3427976
3485992
3509328
3544323
3592216
3609280
3672788
3673448
3688835
3699722
3715345
3786764
3805737
3839044
3876930
3965130
3982369
3998021
4014610
4087940
4204943
4206131
4221656
4222308
4231787
4247837
4249504
4264901
4265336
4280499
4307233
4338003
4354597
4360854
4361514
4377025
4387912
4393753
4394149
4404880
4409422
4462709
4479747
4496920
4498321
4498477
4513990
4530718
4531618
4545728
4546889
4589364
4592041
4605027
4686087
4702800
4725218
4742185
4760358
4760730
4774468
4776049
4790428
4793001
4793621
4810306
4849727
4851587
4864522
4866920
4867284
4948400
4949516
4991288
4992644
5001306
5018945
5067044
5083778
5147169
5156884
5180434
5249836
5250449
5284328
5285460
5298314
5301507
5315154
5316711
5333808
5334156
5374705
5375309
5388484
5390758
5391898
5473474
5488681
5516362
5526164
5531809
5542194
5576225
5607500
5688324
5704032
5730306
5773000
5778241
5793814
5804197
5837067
5886992
5911840
5933144
5982848
6087176
6103248
6160966
6177041
6304180
6305545
6327152
6327500
6342695
6353426
6360387
6369482
6375848
6376980
6427228
6432873
6450306
6460465
6492962
6541444
6553966
6555346
6570553
6571397
6584332
6652129
6669322
6723650
6742304
6759492
6816217
6817381
6831184
6832782
6833458
6914134
6931201
6953221
6988480
7036952
7090211
7129232
7146056
7230976
7340823
7341227
7360865
7439000
7439652
7512078
7543816
7545217
7637257
7648384
7669894
7744016
7900674
7931953
7942660
7999634
8127392
8127516
8391635
8391791
8402522
8408888
8411557
8433719
8450881
8466841
8468260
8489564
8490464
8505611
8516738
8524559
8525234
8540281
8562890
8574484
8580129
8590540
8595781
8612370
8622753
8665641
8683981
8685169
8698948
8700570
8701222
8720739
8733461
8733865
8790740
8791400
8805386
8806787
8821009
8904716
8928515
8946042
8947398
8962605
8963473
8976408
8978677
8980297
8993472
8995746
8995870
9050198
9052771
9068852
9070216
9115944
9151568
9177956
9178328
9193523
9204230
9220512
9293312
9311269
9343560
9392272
9451888
9470900
9475369
9486563
9503291
9504135
9517070
9519468
9520848
9575064
9576621
9578257
9593926
9675042
9689152
9701802
9702934
9719105
9728200
9799717
9810448
9851680
9867398
9907328
9963805
9965217
9974932
9980490
10055713
10061970
10097089
10136068
10163714
10257155
10272852
10289804
10290480
10362906
10490856
10491221
10507811
10529068
10530448
10539086
10556054
10561699
10579016
10604848
10619445
10620297
10635618
10718214
10756914
10757262
10771024
10772581
10852488
10855681
10911787
10929344
10944932
10946072
11017740
11019141
11019321
11034834
11049057
11117066
11174044
11175712
11206931
11223620
11292937
11310098
11347988
11405954
11541698
11542859
11559452
11560352
11606785
11641028
11698770
11714821
11732065
11747466
11800753
11855874
11883524
11929676
12063014
12112512
12128344
12209168
12330560
12596449
12611882
12617913
12619525
12628620
12635218
12650806
12652170
12667489
12677204
12725152
12725276
12735170
12751204
12801281
12816410
12845735
12846363
12859538
12861936
12863052
12944168
12944532
13018626
13048324
13049905
13108652
13112113
13123911
13206563
13222088
13278336
13279497
13312134
13404174
13437313
13448200
13527104
13631710
13633378
13648777
13648949
13663744
13730129
13746694
13768739
13820048
13836872
13906181
13929152
13977624
14029904
14200898
14207264
14224452
14307340
14418025
14435458
14690886
14701720
14706961
14717315
14749741
14784064
14862856
14878928
14949664
14983256
15032960
15074113
15089686
15262724
15278432
15292418
15336522
15351969
15470788
15767572
15770145
15803410
15860024
15861380
15995402
16263304
16744448
