2271
5431
7843
9713
14923
18131
19755
20729
23366
24925
27308
30260
33709
35193
36294
38601
39348
41086
44809
47654
48212
51813
52113
53916
54604
55410
57879
58594
67133
68547
72492
76920
80909
83150
85602
86442
86881
92338
101204
103664
106368
107206
110862
111009
114901
116520
119059
126088
132054
132495
136734
137555
141075
141546
142033
142885
150836
150977
153996
154649
156884
157226
160456
162576
164467
166698
167090
172976
177600
185475
188558
197865
199128
200326
203876
205170
205404
205475
213278
226592
230217
231596
235074
241812
244232
254500
268114
268953
269637
272499
273609
274479
274886
279183
279957
283820
285059
290307
293160
296502
303970
305616
306218
308516
315040
317962
321096
325649
335432
336029
336689
337422
337632
338252
339218
344684
345115
356888
357441
362549
362890
366785
372840
377101
380998
396378
397793
398897
403516
410058
411817
426077
427788
432772
435842
442662
450881
454816
458934
460113
462120
463528
475793
477296
489476
491972
492579
497682
527957
529181
533450
534194
534940
541050
546563
549475
550041
556416
561351
564238
565670
569905
571666
574896
577344
578581
585828
592399
594864
596058
602441
603206
607345
608976
612421
616710
618627
623946
625689
632929
645384
656697
659048
660820
661705
664389
665228
668456
674342
676018
689671
691592
696664
698946
704677
705562
709200
722722
725541
728208
738825
739466
746002
753941
765986
786899
789289
789444
789543
791118
793712
795756
795915
797272
800932
803036
812166
813069
817218
819307
820365
836242
848640
852270
862849
872489
873744
890369
893012
901344
903171
919984
925974
930000
939524
953872
954424
954690
983746
992304
1007880
1051122
1051829
1053148
1054392
1058108
1059606
1059688
1059867
1061794
1064580
1066341
1067789
1077905
1082090
1084524
1090497
1095178
1103879
1109280
1114427
1116876
1117454
1118834
1120395
1120533
1126981
1129792
1132627
1136696
1139466
1141281
1147655
1148322
1164564
1168032
1181601
1183556
1184045
1184843
1188367
1191994
1196629
1201376
1204529
1206403
1208644
1215761
1216902
1220761
1222924
1233665
1237096
1246418
1247271
1250240
1250437
1253800
1268226
1272848
1284384
1286211
1296452
1311143
1312106
1314512
1315595
1315636
1316950
1318304
1320007
1329434
1333345
1335689
1335846
1345065
1347985
1349188
1353488
1359988
1377170
1380097
1389698
1409368
1411170
1417392
1419273
1425985
1430536
1442424
1451172
1452680
1461253
1463314
1479202
1509908
1519649
1525280
1573593
1573734
1574804
1576586
1580073
1581111
1586000
1590287
1591636
1593878
1595682
1606426
1610284
1610850
1615009
1620104
1622073
1626560
1630469
1641696
1643812
1647160
1657217
1658372
1663124
1673362
1684496
1687590
1704163
1706251
1706629
1716609
1718368
1723458
1733640
1738804
1745092
1753736
1769804
1803304
1811200
1837618
1839840
1852952
1870145
1879044
1900645
1904668
1908810
1933956
1967681
1982506
2015504
2031635
2033024
2052160
2104197
2106170
2107787
2109328
2109619
2109868
2115402
2116824
2122134
2125124
2126952
2135085
2135123
2140364
2149509
2152616
2155049
2159234
2159873
2163684
2164115
2165529
2165835
2168988
2175810
2177066
2180756
2181345
2191397
2198566
2204305
2205957
2212464
2214412
2234177
2234421
2241049
2247457
2256032
2261720
2263070
2265316
2268704
2270320
2270474
2271267
2277716
2278929
2294318
2295688
2308176
2310723
2314568
2318473
2326663
2327628
2328898
2360135
2360437
2360780
2362224
2368666
2373249
2380060
2380736
2382882
2384163
2392980
2396466
2398536
2400481
2404944
2424926
2425545
2429027
2429461
2430008
2443794
2450180
2458274
2478224
2495888
2497282
2497548
2499268
2500384
2508934
2510400
2515032
2524328
2548740
2556171
2597136
2622110
2624572
2626950
2636817
2638133
2650138
2656841
2657154
2659480
2662429
2670731
2672164
2688269
2689315
2691188
2693568
2696769
2704426
2708104
2720056
2724358
2736516
2741312
2752938
2763312
2768974
2769632
2778384
2790017
2793618
2807810
2826344
2828420
2838545
2888993
2893332
2904197
2904624
2916708
2925192
2932817
2943008
2949297
2951716
2965826
2985088
3014770
3015448
3025216
3026947
3049477
3081222
3147341
3148378
3149855
3150534
3152081
3152228
3163222
3164206
3166625
3170844
3172464
3178851
3182712
3189826
3193600
3214888
3220515
3220620
3232006
3248393
3260616
3270144
3283106
3285442
3285601
3290118
3294596
3295888
3338256
3375634
3391521
3408556
3411075
3416121
3416334
3420481
3424434
3425041
3428426
3435528
3441692
3449347
3459332
3480192
3539093
3540490
3542064
3571782
3576833
3604832
3620876
3670571
3672135
3673416
3679440
3683872
3686808
3703472
3704577
3719746
3722256
3744386
3766272
3802212
3805956
3817793
3869697
3870730
3933458
3936294
3940768
3950784
3966986
3998288
4195678
4199130
4203125
4204456
4204729
4204846
4205796
4208790
4211898
4212263
4218192
4221281
4223753
4230730
4233609
4234769
4236108
4245266
4248131
4253722
4262454
4273667
4277728
4281868
4282568
4283425
4288788
4297258
4297797
4309161
4310104
4325439
4328356
4330794
4335956
4337735
4344071
4346754
4357122
4359736
4360389
4368770
4371040
4391664
4392724
4395150
4401163
4405408
4458265
4458827
4462897
4465074
4468272
4473569
4473642
4476676
4477013
4482076
4491907
4494240
4494474
4497705
4507752
4510768
4522105
4522892
4523203
4527252
4534354
4539216
4546698
4557836
4589504
4590689
4594256
4596250
4596881
4600136
4612133
4620656
4636824
4643072
4655489
4685898
4688416
4719767
4722082
4724844
4731021
4731654
4733632
4735430
4736300
4740752
4741139
4745748
4752616
4754032
4761607
4762768
4767821
4777473
4784837
4792350
4792546
4792721
4796160
4797480
4800779
4804772
4809288
4818209
4823060
4850251
4852370
4854168
4857089
4858147
4859472
4862004
4866257
4868424
4869252
4892712
4898914
4924421
4931640
4948492
4951042
4981432
5005424
5013788
5014598
5017637
5030273
5047826
5048454
5048672
5091456
5112420
5129219
5137024
5154048
5181700
5246492
5247653
5248387
5249857
5250086
5252869
5255408
5259700
5260904
5262728
5268164
5276465
5277739
5284998
5288468
5294288
5296408
5311121
5313562
5316809
5316964
5324935
5335052
5341213
5342856
5344304
5357890
5376312
5378579
5378636
5385288
5390426
5408036
5410984
5431810
5457153
5476432
5505182
5506722
5511720
5519620
5524034
5529619
5540004
5541122
5541961
5575174
5575776
5591424
5636421
5640386
5679120
5686336
5702153
5773064
5777490
5777929
5780545
5793026
5802756
5804674
5812512
5833812
5836835
5867592
5882384
5899314
5906570
5951492
5996673
6029845
6035585
6048800
6070848
6161154
6162444
6293671
6295885
6300355
6307964
6308179
6309761
6313154
6324838
6325003
6327648
6336004
6337570
6344726
6357354
6363206
6366233
6367880
6375810
6381776
6382114
6394560
6397996
6399360
6407171
6410528
6422961
6423708
6426115
6445576
6447936
6458128
6488149
6490380
6492201
6492434
6497346
6554163
6556056
6559268
6563152
6564609
6571049
6586818
6587653
6619444
6626560
6627335
6652440
6662208
6703121
6705248
6718017
6718482
6763008
6816720
6817994
6820065
6820875
6824612
6830344
6834352
6835265
6845444
6852881
6914130
6951458
6963717
6979846
6983752
7013536
7014976
7069696
7080020
7082130
7086153
7089154
7117312
7161864
7342816
7345201
7354371
7357066
7362692
7372947
7373196
7374416
7379976
7381061
7390368
7391745
7405752
7407952
7426113
7471668
7472321
7479561
7487778
7603016
7610466
7611024
7667908
7685136
7737368
7800834
7865862
7868738
7872788
7884840
7889025
7930656
7997824
8127624
8290336
8389054
8390626
8391416
8391798
8392588
8393303
8393883
8395023
8399194
8399389
8401633
8402217
8402324
8404498
8407702
8408141
8409460
8409882
8410211
8410757
8412336
8414083
8414478
8415271
8416529
8419136
8419465
8422685
8424673
8425264
8426162
8426436
8427722
8429925
8431148
8431171
8431763
8432040
8437851
8437996
8439380
8439434
8444193
8448772
8450090
8450256
8454387
8455061
8455532
8455947
8460690
8461393
8462954
8463383
8464526
8464692
8465988
8468104
8469249
8471858
8473731
8474136
8474653
8477956
8479128
8479313
8479908
8483334
8484960
8487454
8489031
8489609
8490132
8491362
8494120
8495161
8496464
8503843
8505792
8507976
8521305
8522147
8524681
8525604
8526036
8527176
8528332
8528438
8531096
8536263
8536621
8537512
8538170
8539906
8542785
8548371
8552913
8553578
8555084
8556583
8557708
8561285
8564809
8565506
8566832
8569696
8570901
8574224
8577560
8578081
8586040
8587858
8589637
8594817
8596514
8597548
8597698
8603913
8605857
8610888
8612480
8618100
8619270
8619680
8622609
8634514
8653358
8653587
8653881
8655053
8655720
8658054
8659876
8660131
8661698
8662368
8663224
8664138
8668504
8668961
8669393
8675414
8675433
8677008
8679685
8683854
8684946
8685957
8687729
8689176
8692932
8694305
8697868
8700935
8704392
8704548
8707136
8708400
8716713
8718564
8721027
8721445
8721856
8722992
8724803
8733062
8734794
8735237
8749776
8750153
8752642
8753428
8757286
8758024
8773761
8782133
8782492
8783088
8783430
8785537
8787203
8788066
8790314
8790864
8791053
8796544
8798882
8800580
8802318
8815115
8816920
8817700
8841218
8847969
8848522
8851544
8857617
8864788
8868608
8893440
8896552
8913575
8913777
8916432
8918244
8918570
8919352
8921167
8921812
8922904
8923938
8924293
8925298
8927556
8931651
8931748
8933777
8934082
8935948
8937532
8947345
8949852
8949929
8951105
8952323
8957000
8959106
8962825
8964248
8965154
8966406
8970912
8978774
8979640
8981320
8982049
8982924
8984084
8984614
8995017
8996736
9003297
9011587
9012004
9021968
9023493
9028620
9031728
9035842
9044186
9044750
9046117
9047059
9050784
9052337
9053506
9057793
9058314
9061637
9061936
9064552
9070672
9072772
9077042
9078918
9085972
9087233
9094336
9109547
9109984
9111580
9122064
9126468
9131010
9148480
9150600
9176094
9176776
9177227
9179554
9181205
9182976
9184337
9191475
9192212
9194080
9200064
9200138
9204768
9207988
9208389
9209128
9209938
9241113
9241698
9248914
9250052
9250856
9253440
9263232
9277450
9306441
9310738
9316868
9325576
9339776
9347168
9359361
9371781
9373954
9437309
9439641
9440775
9442630
9443089
9443379
9443500
9444960
9446042
9446632
9448834
9449607
9450252
9453739
9453847
9454158
9454748
9457993
9460608
9460746
9462114
9463305
9467924
9470166
9471816
9472294
9475124
9476432
9478411
9478768
9487745
9488936
9495570
9496641
9503178
9504449
9505121
9505442
9507369
9512736
9513168
9519668
9523396
9535653
9539736
9540611
9542148
9543756
9552992
9564416
9568996
9569091
9569562
9572784
9574018
9574936
9578537
9578566
9581648
9585702
9586888
9597472
9601812
9602117
9607297
9609378
9612800
9621570
9634865
9635340
9636228
9637910
9650512
9658373
9668618
9700017
9701961
9702676
9711716
9711890
9714689
9716012
9716930
9720400
9726112
9732154
9732576
9735304
9740309
9745024
9749250
9764879
9765700
9771272
9774104
9781896
9785378
9816080
9832594
9833248
9835013
9835560
9838785
9846809
9856256
9879684
9899072
9904642
9928961
9961925
9962408
9962787
9963090
9963626
9972784
9973785
9978096
9980433
9981989
9987140
9988360
9996301
9996992
10002832
10002950
10016256
10028166
10031874
10032200
10037251
10039456
10043418
10059857
10063104
10093705
10099716
10101028
10101320
10109314
10125857
10129672
10158736
10176544
10225188
10227779
10228880
10231948
10232577
10242054
10262560
10272840
10289456
10306561
10354772
10388482
10488149
10488419
10489002
10490307
10490428
10491600
10493449
10494793
10495068
10495537
10495622
10501156
10502541
10503088
10504552
10506406
10510538
10510948
10516738
10519378
10521252
10521859
10522773
10524064
10527881
10529290
10530886
10531096
10535617
10535992
10541584
10553389
10554118
10555624
10555697
10556430
10559685
10559906
10562824
10569025
10571858
10573344
10585282
10585605
10586200
10598528
10600714
10608660
10617491
10618021
10619840
10620436
10621514
10622002
10625287
10625704
10628161
10629472
10633329
10634251
10637464
10638404
10643468
10649897
10656004
10666502
10674560
10684592
10687108
10688515
10690586
10699044
10723904
10734592
10748810
10749222
10754074
10754209
10754628
10756497
10760738
10765836
10766388
10767744
10769425
10785537
10791952
10797154
10799113
10815248
10821744
10825737
10839042
10846227
10846348
10848544
10879084
10891284
10895634
10904065
10912304
10913088
10915970
10947080
10961088
11010331
11011177
11011908
11017282
11020310
11020512
11023232
11027032
11027602
11031816
11038208
11038785
11042862
11043272
11044913
11047520
11061316
11076146
11080833
11084300
11091975
11094288
11117600
11141524
11144480
11145229
11159681
11165730
11173955
11175432
11207425
11207760
11272390
11273731
11274508
11274896
11276624
11280421
11288744
11310084
11313410
11339841
11387392
11412608
11472928
11535141
11535728
11537604
11538730
11542611
11542708
11545217
11548744
11553825
11555331
11564160
11567641
11568674
11576580
11579425
11585666
11587596
11599974
11600156
11602962
11612688
11616401
11618880
11624488
11633536
11665550
11675920
11682568
11699344
11700320
11731017
11736320
11796696
11797014
11797769
11798850
11800964
11806272
11812933
11863200
11872260
11898944
11927587
11950080
11968520
12059669
12065025
12067850
12075652
12095506
12108064
12126344
12132672
12189752
12192258
12193984
12288004
12325384
12345360
12353665
12584393
12584628
12586277
12587811
12588152
12589536
12589844
12592338
12595537
12595594
12599609
12599922
12600133
12601867
12603072
12604072
12607637
12610600
12611660
12615823
12616297
12616600
12616755
12617788
12621318
12624150
12626018
12628132
12631296
12632482
12637193
12651842
12652619
12653156
12653730
12654725
12656909
12657600
12657761
12662808
12664878
12666964
12667680
12683537
12690442
12698244
12703746
12714342
12716593
12717070
12719125
12723504
12725000
12726928
12732816
12736548
12738784
12740100
12747458
12748545
12749904
12750874
12763404
12779673
12780039
12780740
12781672
12787200
12804354
12816768
12822532
12828737
12845290
12845524
12849206
12850444
12850753
12853897
12855042
12855365
12862564
12863628
12864530
12865858
12876288
12880704
12884112
12886104
12890115
12894737
12910874
12912168
12912675
12919316
12921984
12923168
12927152
12961024
12976211
12982281
12984454
12993096
12997760
13009057
13013060
13108749
13109337
13109830
13110145
13112594
13114504
13115752
13115923
13116454
13121569
13124682
13124769
13133954
13141380
13142282
13148353
13152776
13156688
13172789
13173386
13177040
13193729
13198352
13207104
13207712
13238444
13242499
13243200
13254678
13262857
13276192
13289984
13305096
13312544
13369607
13374084
13379856
13389848
13402658
13405185
13426692
13434956
13502656
13517088
13598736
13632390
13633731
13633868
13640097
13642276
13644354
13648977
13652114
13653280
13656848
13666834
13668613
13669568
13683716
13688968
13697624
13698448
13700105
13705266
13710340
13714946
13730088
13738497
13763114
13765792
13766753
13768962
13770780
13771779
13779585
13803840
13811760
13848584
13894789
13895792
13903882
13912321
13926924
13935648
13963281
13983808
13992066
14025096
14026256
14090276
14157972
14159886
14160432
14165632
14178368
14188644
14189592
14204931
14237956
14287121
14352450
14417961
14419264
14486016
14561280
14680780
14681159
14681626
14682418
14683281
14686850
14688299
14690692
14690896
14692869
14697748
14708784
14713072
14719041
14721824
14729253
14738496
14745750
14746273
14750472
14763144
14772225
14778692
14783504
14811480
14812546
14812768
14824456
14829634
14831873
14846088
14852113
14893584
14909474
14942237
14942561
14945352
14954688
14958723
14967048
14976640
14977030
14979112
15008322
15028228
15074052
15083552
15139841
15206952
15208740
15212696
15213825
15221506
15237652
15257728
15272964
15282178
15286368
15302665
15341584
15343684
15467568
15532416
15597578
15729708
15732480
15732820
15732873
15745472
15747096
15753222
15761482
15794435
15800352
15861765
15897088
15933568
15995906
16007712
16023824
16253090
16253505
16295936
16401408
