1005
1847
11079
11985
13486
13940
19755
20729
20942
27616
31020
35690
36550
38279
38601
47654
52113
54632
57879
67544
68894
71521
74955
76920
78308
80909
83527
84326
88595
91924
92938
94776
95378
98607
99954
104688
111777
113730
119846
124169
124608
124978
127116
133358
134597
136271
137526
137771
146563
149022
149217
154649
156069
156884
162576
168792
169170
172976
174350
177476
178824
180566
182377
184500
199849
203532
205170
205475
213047
216612
218704
226592
229581
232800
246664
249867
264572
265674
268114
270581
274989
275094
276353
279183
279957
282280
285059
290307
291528
296804
298509
301984
306218
309441
313510
313944
323609
324866
329914
330689
333098
335432
337328
337422
344397
357444
361265
371332
372840
377882
397491
404502
406083
406808
410978
413993
414160
416388
418572
427100
427401
434348
434451
435842
450629
463528
470784
471302
477600
489480
492579
525690
527932
528447
532037
534194
534940
535651
537227
538374
539240
541291
549290
554005
556416
562584
563860
564238
565593
568594
579665
586308
591269
592179
592399
594864
596058
606892
607348
608976
616524
623329
625689
639380
645888
668097
668188
672405
673608
674593
674886
688810
689265
689671
692501
698946
714788
717832
722322
725541
729988
739466
746002
748545
770136
786899
791118
795756
795915
800932
803036
805145
805925
808074
817170
822022
824339
827527
836001
837186
864305
869123
873744
886984
890400
897408
920738
930592
953872
954424
954690
983746
985200
988169
1024513
1032198
1051122
1052577
1055893
1058189
1058878
1060971
1061084
1061794
1065940
1066341
1067789
1074488
1077905
1079490
1084506
1085726
1088777
1090217
1092708
1095173
1102470
1116828
1118547
1119770
1121584
1132633
1135784
1139747
1148322
1149699
1155521
1161233
1164309
1183568
1188367
1196728
1197203
1201540
1202183
1213740
1219618
1221657
1237761
1245781
1255984
1257609
1259840
1267856
1287300
1296452
1315636
1315929
1316548
1320007
1321251
1321864
1333304
1335858
1344202
1347985
1353488
1359988
1363232
1368078
1377170
1377334
1379857
1382484
1395844
1409368
1411170
1414156
1425985
1443981
1445386
1450388
1475110
1484880
1513505
1523978
1540272
1573593
1573734
1574999
1581621
1586000
1594561
1595682
1597590
1606996
1608472
1608835
1610284
1622073
1623306
1641696
1646862
1650184
1655144
1657217
1673268
1675458
1675553
1704163
1705140
1706251
1720604
1724032
1724937
1736782
1739168
1748995
1794240
1803072
1807376
1840389
1843290
1843936
1845393
1852952
1870145
1881152
1894912
1900645
1901098
1901960
1907714
1967681
1972496
1986720
2040864
2100660
2102947
2104197
2105814
2112176
2114670
2118498
2120844
2123656
2124329
2125124
2125839
2130549
2131999
2133656
2135820
2137172
2139175
2139466
2147792
2150451
2157728
2164452
2165529
2169030
2173640
2176259
2177066
2181345
2183817
2196043
2202145
2204305
2214412
2220384
2230058
2236573
2238515
2239268
2242825
2247046
2257538
2261402
2269409
2274848
2278929
2283712
2296906
2298065
2303497
2309136
2311330
2314568
2318406
2318609
2329218
2360952
2366785
2368666
2369625
2369638
2376164
2376402
2380060
2382882
2392980
2404644
2404944
2413066
2424926
2425991
2428112
2429027
2433797
2436129
2441766
2451984
2453664
2491297
2492611
2495001
2499268
2510400
2515000
2530312
2590740
2627737
2628362
2635056
2638134
2640546
2655011
2655429
2669569
2670731
2672164
2676776
2679568
2693472
2695337
2698370
2699412
2703810
2704906
2724358
2730244
2741312
2754898
2755212
2756710
2757032
2761297
2774049
2790017
2795664
2818664
2840580
2893332
2904197
2904624
2910496
2919520
2925192
2982050
2983169
3014679
3016745
3027016
3064072
3080344
3080516
3146439
3146811
3150744
3152466
3154284
3162458
3166625
3167254
3168804
3170844
3180753
3182820
3183754
3188876
3193600
3195971
3213122
3214597
3215538
3215948
3236228
3252772
3260616
3260946
3278536
3278940
3280949
3286305
3286546
3295553
3309957
3325994
3338256
3344680
3359265
3359768
3383554
3408556
3432585
3433508
3436864
3446789
3449347
3480192
3481794
3491843
3506217
3542064
3543648
3544193
3638784
3672229
3673416
3678595
3679440
3680836
3688193
3703472
3706953
3711074
3722256
3727365
3740708
3805956
3815456
3868689
3870730
3933458
3944454
3966986
3998288
4014092
4079682
4197596
4199130
4206218
4207970
4213356
4216862
4218192
4219590
4220504
4221041
4223139
4223753
4227509
4229795
4232293
4233542
4239921
4240412
4245266
4245714
4248131
4262454
4264284
4269701
4277728
4277809
4280613
4281868
4282568
4287494
4296456
4296851
4297258
4300885
4305668
4309161
4327709
4328137
4330913
4334181
4335796
4336066
4342925
4346630
4346922
4352546
4355137
4359334
4364584
4364805
4391664
4392273
4395150
4400706
4401163
4419604
4425236
4428872
4432152
4459157
4462897
4468272
4477013
4481318
4489814
4497586
4497705
4510768
4514400
4516224
4522105
4522892
4527252
4528172
4528898
4532552
4534354
4539216
4545537
4546698
4559169
4587567
4589504
4590689
4594256
4596250
4596881
4600868
4604468
4620656
4636824
4653443
4655174
4656152
4677665
4688416
4694208
4719767
4720451
4727865
4736300
4737221
4742688
4745748
4754032
4760450
4768456
4775962
4777473
4780320
4784937
4786566
4789318
4792546
4792721
4795680
4799104
4802616
4804874
4825132
4834434
4852370
4853508
4855884
4858147
4859080
4882969
4894800
4898914
4919346
4921601
4981432
4983138
4985288
4989764
4993066
5003524
5008448
5017613
5018384
5047489
5047826
5089282
5129219
5137024
5154048
5197888
5244700
5246227
5247653
5249857
5263462
5267501
5270657
5277195
5284500
5285895
5286192
5286472
5292836
5296664
5298336
5309027
5310641
5324935
5333664
5357890
5375062
5378579
5388032
5390411
5393672
5406952
5484576
5505182
5506722
5509387
5513809
5518472
5521633
5524034
5539078
5539865
5545472
5571658
5571873
5591424
5636421
5640386
5662724
5686336
5702153
5768808
5777576
5779844
5784626
5800329
5833412
5835088
5845057
5871624
5900326
5902488
5908993
5915216
5951492
5964805
6032396
6046213
6062288
6161154
6292239
6292433
6296857
6297639
6304530
6308026
6312596
6313154
6317075
6336004
6336897
6340700
6343690
6357354
6359621
6364544
6381776
6394560
6406913
6426115
6427076
6445576
6447936
6455852
6458128
6469634
6472992
6492201
6497540
6554163
6556056
6556384
6563152
6571049
6575872
6586818
6652440
6652964
6670400
6687876
6689058
6703121
6717513
6718482
6763008
6817696
6817994
6820065
6825997
6829632
6832457
6841476
6848824
6882339
6914130
6947868
6979846
7069696
7080020
7082130
7084545
7086147
7152648
7342185
7351362
7352872
7372854
7373985
7374416
7406384
7408138
7411201
7413785
7423044
7479408
7487652
7603016
7604516
7616528
7619728
7643204
7737356
7865862
7868738
7950352
8003848
8290336
8391578
8391823
8394162
8395097
8397087
8398668
8404768
8409239
8415448
8416900
8422487
8425953
8430818
8432961
8435210
8435753
8437822
8439180
8444002
8446754
8450324
8459468
8462439
8463058
8463241
8466965
8472360
8474000
8475298
8482889
8488579
8489272
8498312
8514049
8524188
8525457
8526406
8529001
8530321
8536428
8545539
8548464
8555696
8558851
8563220
8569113
8574988
8586269
8589418
8593592
8599684
8604232
8626437
8634592
8652387
8653516
8655418
8660505
8664272
8665226
8669058
8670292
8672068
8675658
8676001
8685619
8690948
8692120
8716770
8724780
8727074
8732755
8733212
8734857
8757259
8769824
8782614
8783524
8803400
8814741
8815425
8817730
8825120
8843776
8850064
8852994
8867845
8873088
8881424
8915246
8916745
8930536
8935476
8936065
8946640
8947787
8949926
8953024
8958721
8966674
8980049
8981092
8984744
8989716
8991042
8996102
9008640
9011978
9023512
9027905
9044359
9044531
9052388
9057298
9064515
9069096
9093892
9101441
9113684
9120008
9130368
9144353
9151552
9175845
9180512
9183286
9185872
9193666
9203724
9209884
9240718
9265248
9292800
9306544
9439801
9442122
9445555
9447844
9449797
9452550
9454019
9462922
9468424
9470556
9472277
9472456
9474189
9474595
9478482
9480834
9489984
9499680
9503464
9504073
9508736
9508995
9521194
9523249
9523468
9524290
9535844
9568625
9568682
9573476
9577240
9588762
9589440
9602818
9617445
9633990
9636114
9640968
9670721
9706656
9710085
9710664
9716497
9716749
9721921
9724100
9740385
9748648
9798848
9800200
9801746
9831043
9831576
9833729
9842705
9962897
9965090
9966648
9969961
9980228
9986129
9986944
9994394
10027122
10027796
10059783
10076704
10094800
10102276
10110240
10119170
10131968
10133552
10256674
10257028
10293761
10305680
10363200
10387465
10422276
10486694
10487025
10487085
10490473
10492947
10498213
10500124
10500544
10507800
10512515
10518734
10521412
10522808
10527025
10527892
10539904
10553667
10555786
10558980
10559832
10569749
10571876
10576908
10584342
10587170
10612738
10616923
10618182
10621744
10633385
10633797
10635794
10640640
10674248
10682894
10709024
10750475
10752263
10758418
10760968
10770576
10782214
10783873
10815592
10818608
10846277
10879432
10885156
10928131
11010646
11019905
11026840
11035714
11043341
11053600
11061506
11075731
11078528
11144197
11150082
11175296
11239952
11273258
11276992
11280772
11291140
11309089
11352064
11420688
11535924
11547657
11567912
11612448
11642944
11650304
11676800
11677762
11700230
11739156
11796820
11805328
11815176
11862401
11964672
12059788
12060976
12075043
12103808
12255392
12587123
12588768
12588805
12592662
12594456
12595353
12602435
12608688
12612132
12616013
12618254
12619988
12625188
12636298
12649286
12649626
12655113
12661800
12679424
12681765
12683457
12686594
12698704
12730577
12731296
12738574
12748900
12755011
12767552
12774400
12781730
12818448
12829186
12846278
12853697
12859488
12894984
12896261
12914849
12928034
12993796
13014017
13046024
13107371
13113744
13115978
13116208
13123861
13125188
13136064
13143080
13150340
13197315
13238554
13243524
13303881
13320228
13370456
13373056
13378565
13436945
13467908
13500940
13506562
13631783
13641812
13648524
13657408
13676808
13681040
13698212
13705602
13715984
13754372
13764129
13770885
13832708
13844737
13893740
13899024
13918232
13926960
13968896
14032930
14059648
14090320
14156256
14160514
14161925
14197762
14238728
14683488
14688488
14697857
14700840
14713442
14734340
14745741
14747208
14778784
14787585
14813240
14816336
14817409
14852736
14946378
14970881
14985224
15024768
15089760
15204532
15271184
15274528
15338048
15344672
15351938
15372296
15597825
15728850
15737601
15751170
15765521
15860746
15991873
16253464
16302144
16777662
16779234
16780024
16780406
16781196
16781911
16782491
16783631
16787802
16787997
16790241
16790825
16790932
16793106
16796310
16796749
16798068
16798490
16798819
16799365
16800944
16802691
16803086
16803879
16805137
16807744
16808073
16811293
16813281
16813872
16814770
16815044
16816330
16818533
16819756
16819779
16820371
16820648
16826459
16826604
16827988
16828042
16832801
16837380
16838698
16838864
16842995
16843669
16844140
16844555
16849298
16850001
16851562
16851991
16853134
16853300
16854596
16856712
16857857
16860466
16862339
16862744
16863261
16866564
16867736
16867921
16868516
16871942
16873568
16876062
16877639
16878217
16878740
16879970
16882728
16883769
16885072
16892451
16894400
16896584
16909913
16910755
16913289
16914212
16914644
16915784
16916940
16917046
16919704
16924871
16925229
16926120
16926778
16928514
16931393
16936979
16941521
16942186
16943692
16945191
16946316
16949893
16953417
16954114
16955440
16958304
16959509
16962832
16966168
16966689
16974648
16976466
16978245
16983425
16985122
16986156
16986306
16992521
16994465
16999496
17001088
17006708
17007878
17008288
17011217
17023122
17041966
17042195
17042489
17043661
17044328
17046662
17048484
17048739
17050306
17050976
17051832
17052746
17057112
17057569
17058001
17064022
17064041
17065616
17068293
17072462
17073554
17074565
17076337
17077784
17081540
17082913
17086476
17089543
17093000
17093156
17095744
17097008
17105321
17107172
17109635
17110053
17110464
17111600
17113411
17121670
17123402
17123845
17138384
17138761
17141250
17142036
17145894
17146632
17162369
17170741
17171100
17171696
17172038
17174145
17175811
17176674
17178922
17179472
17179661
17185152
17187490
17189188
17190926
17203723
17205528
17206308
17229826
17236577
17237130
17240152
17246225
17253396
17257216
17282048
17285160
17302183
17302385
17305040
17306852
17307178
17307960
17309775
17310420
17311512
17312546
17312901
17313906
17316164
17320259
17320356
17322385
17322690
17324556
17326140
17335953
17338460
17338537
17339713
17340931
17345608
17347714
17351433
17352856
17353762
17355014
17359520
17367382
17368248
17369928
17370657
17371532
17372692
17373222
17383625
17385344
17391905
17400195
17400612
17410576
17412101
17417228
17420336
17424450
17432794
17433358
17434725
17435667
17439392
17440945
17442114
17446401
17446922
17450245
17450544
17453160
17459280
17461380
17465650
17467526
17474580
17475841
17482944
17498155
17498592
17500188
17510672
17515076
17519618
17537088
17539208
17564702
17565384
17565835
17568162
17569813
17571584
17572945
17580083
17580820
17582688
17588672
17588746
17593376
17596596
17596997
17597736
17598546
17629721
17630306
17637522
17638660
17639464
17642048
17651840
17666058
17695049
17699346
17705476
17714184
17728384
17735776
17747969
17760389
17762562
17825917
17828249
17829383
17831238
17831697
17831987
17832108
17833568
17834650
17835240
17837442
17838215
17838860
17842347
17842455
17842766
17843356
17846601
17849216
17849354
17850722
17851913
17856532
17858774
17860424
17860902
17863732
17865040
17867019
17867376
17876353
17877544
17884178
17885249
17891786
17893057
17893729
17894050
17895977
17901344
17901776
17908276
17912004
17924261
17928344
17929219
17930756
17932364
17941600
17953024
17957604
17957699
17958170
17961392
17962626
17963544
17967145
17967174
17970256
17974310
17975496
17986080
17990420
17990725
17995905
17997986
18001408
18010178
18023473
18023948
18024836
18026518
18039120
18046981
18057226
18088625
18090569
18091284
18100324
18100498
18103297
18104620
18105538
18109008
18114720
18120762
18121184
18123912
18128917
18133632
18137858
18153487
18154308
18159880
18162712
18170504
18173986
18204688
18221202
18221856
18223621
18224168
18227393
18235417
18244864
18268292
18287680
18293250
18317569
18350533
18351016
18351395
18351698
18352234
18361392
18362393
18366704
18369041
18370597
18375748
18376968
18384909
18385600
18391440
18391558
18404864
18416774
18420482
18420808
18425859
18428064
18432026
18448465
18451712
18482313
18488324
18489636
18489928
18497922
18514465
18518280
18547344
18565152
18613796
18616387
18617488
18620556
18621185
18630662
18651168
18661448
18678064
18695169
18743380
18777090
18876757
18877027
18877610
18878915
18879036
18880208
18882057
18883401
18883676
18884145
18884230
18889764
18891149
18891696
18893160
18895014
18899146
18899556
18905346
18907986
18909860
18910467
18911381
18912672
18916489
18917898
18919494
18919704
18924225
18924600
18930192
18941997
18942726
18944232
18944305
18945038
18948293
18948514
18951432
18957633
18960466
18961952
18973890
18974213
18974808
18987136
18989322
18997268
19006099
19006629
19008448
19009044
19010122
19010610
19013895
19014312
19016769
19018080
19021937
19022859
19026072
19027012
19032076
19038505
19044612
19055110
19063168
19073200
19075716
19077123
19079194
19087652
19112512
19123200
19137418
19137830
19142682
19142817
19143236
19145105
19149346
19154444
19154996
19156352
19158033
19174145
19180560
19185762
19187721
19203856
19210352
19214345
19227650
19234835
19234956
19237152
19267692
19279892
19284242
19292673
19300912
19301696
19304578
19335688
19349696
19398939
19399785
19400516
19405890
19408918
19409120
19411840
19415640
19416210
19420424
19426816
19427393
19431470
19431880
19433521
19436128
19449924
19464754
19469441
19472908
19480583
19482896
19506208
19530132
19533088
19533837
19548289
19554338
19562563
19564040
19596033
19596368
19660998
19662339
19663116
19663504
19665232
19669029
19677352
19698692
19702018
19728449
19776000
19801216
19861536
19923749
19924336
19926212
19927338
19931219
19931316
19933825
19937352
19942433
19943939
19952768
19956249
19957282
19965188
19968033
19974274
19976204
19988582
19988764
19991570
20001296
20005009
20007488
20013096
20022144
20054158
20064528
20071176
20087952
20088928
20119625
20124928
20185304
20185622
20186377
20187458
20189572
20194880
20201541
20251808
20260868
20287552
20316195
20338688
20357128
20448277
20453633
20456458
20464260
20484114
20496672
20514952
20521280
20578360
20580866
20582592
20676612
20713992
20733968
20742273
20973001
20973236
20974885
20976419
20976760
20978144
20978452
20980946
20984145
20984202
20988217
20988530
20988741
20990475
20991680
20992680
20996245
20999208
21000268
21004431
21004905
21005208
21005363
21006396
21009926
21012758
21014626
21016740
21019904
21021090
21025801
21040450
21041227
21041764
21042338
21043333
21045517
21046208
21046369
21051416
21053486
21055572
21056288
21072145
21079050
21086852
21092354
21102950
21105201
21105678
21107733
21112112
21113608
21115536
21121424
21125156
21127392
21128708
21136066
21137153
21138512
21139482
21152012
21168281
21168647
21169348
21170280
21175808
21192962
21205376
21211140
21217345
21233898
21234132
21237814
21239052
21239361
21242505
21243650
21243973
21251172
21252236
21253138
21254466
21264896
21269312
21272720
21274712
21278723
21283345
21299482
21300776
21301283
21307924
21310592
21311776
21315760
21349632
21364819
21370889
21373062
21381704
21386368
21397665
21401668
21497357
21497945
21498438
21498753
21501202
21503112
21504360
21504531
21505062
21510177
21513290
21513377
21522562
21529988
21530890
21536961
21541384
21545296
21561397
21561994
21565648
21582337
21586960
21595712
21596320
21627052
21631107
21631808
21643286
21651465
21664800
21678592
21693704
21701152
21758215
21762692
21768464
21778456
21791266
21793793
21815300
21823564
21891264
21905696
21987344
22020998
22022339
22022476
22028705
22030884
22032962
22037585
22040722
22041888
22045456
22055442
22057221
22058176
22072324
22077576
22086232
22087056
22088713
22093874
22098948
22103554
22118696
22127105
22151722
22154400
22155361
22157570
22159388
22160387
22168193
22192448
22200368
22237192
22283397
22284400
22292490
22300929
22315532
22324256
22351889
22372416
22380674
22413704
22414864
22478884
22546580
22548494
22549040
22554240
22566976
22577252
22578200
22593539
22626564
22675729
22741058
22806569
22807872
22874624
22949888
23069388
23069767
23070234
23071026
23071889
23075458
23076907
23079300
23079504
23081477
23086356
23097392
23101680
23107649
23110432
23117861
23127104
23134358
23134881
23139080
23151752
23160833
23167300
23172112
23200088
23201154
23201376
23213064
23218242
23220481
23234696
23240721
23282192
23298082
23330845
23331169
23333960
23343296
23347331
23355656
23365248
23365638
23367720
23396930
23416836
23462660
23472160
23528449
23595560
23597348
23601304
23602433
23610114
23626260
23646336
23661572
23670786
23674976
23691273
23730192
23732292
23856176
23921024
23986186
24118316
24121088
24121428
24121481
24134080
24135704
24141830
24150090
24183043
24188960
24250373
24285696
24322176
24384514
24396320
24412432
24641698
24642113
24684544
24790016
25166187
25167529
25168326
25169482
25170574
25172517
25173377
25174512
25175098
25176172
25178406
25178712
25180227
25183176
25183763
25184540
25187372
25191617
25193008
25199367
25199832
25201233
25204758
25205512
25208704
25211921
25215153
25216322
25219141
25223302
25231949
25232934
25233435
25235636
25236760
25238208
25241761
25247864
25252099
25256260
25264298
25265441
25274626
25276960
25281296
25282596
25285760
25298070
25301049
25301330
25305173
25305227
25305889
25308420
25310368
25316448
25317908
25319554
25322050
25325832
25330084
25332258
25332745
25335360
25340096
25363330
25363523
25368864
25372176
25378956
25395528
25428596
25429317
25432976
25438356
25438473
25441796
25444506
25446690
25448672
25448969
25460781
25460931
25465890
25469458
25473344
25479808
25486344
25494673
25495888
25496588
25497670
25501896
25511488
25522192
25532417
25560840
25561095
25561256
25566224
25575809
25583652
25608272
25624626
25657860
25690269
25691444
25691530
25692338
25695239
25699936
25701000
25706598
25708585
25711392
25711696
25714962
25715205
25723448
25725280
25726468
25731107
25731340
25753600
25757957
25759841
25764873
25774594
25788612
25789458
25821889
25822284
25824016
25858192
25870346
25889920
25891336
25894918
25903121
25953090
25958472
25963522
25964673
25969796
25985297
26018464
26034440
26084385
26087684
26091544
26215218
26217768
26218128
26218705
26223653
26225472
26231393
26232580
26232914
26232965
26248206
26251368
26251650
26257432
26281044
26288401
26288772
26292234
26296736
26307584
26313282
26329097
26345741
26346944
26347572
26366977
26370192
26378259
26378888
26390532
26396928
26413569
26419296
26476710
26480668
26480929
26483202
26485288
26494000
26501123
26510849
26511428
26543362
26607690
26677376
26739032
26739211
26741825
26743364
26747074
26752256
26759304
26772640
26787860
26804268
26810384
26873890
27003264
27107328
27148800
27263031
27265225
27267404
27268866
27269232
27271956
27275410
27279572
27279914
27282177
27282438
27287577
27288864
27296868
27298192
27299851
27305989
27329176
27329376
27329924
27337219
27341888
27351048
27394274
27395345
27396362
27408896
27412096
27426844
27436034
27447328
27460648
27461700
27492481
27525432
27525765
27526226
27528736
27530376
27533326
27551808
27558472
27566240
27574532
27592834
27607073
27660353
27730176
27787681
27790360
27791889
27793540
27799592
27820674
27828304
27837441
27852874
27877504
27889920
27918884
27935040
28069890
28114964
28215296
28312707
28314124
28316320
28320136
28321826
28329032
28332304
28344641
28351488
28369408
28381189
28409904
28443216
28524546
28575761
28705796
28836102
28902912
28975105
29098080
29360222
29360357
29360531
29360940
29362000
29366314
29367364
29368994
29369484
29371905
29380996
29382673
29389826
29396098
29397296
29397633
29401668
29410848
29411400
29417729
29428104
29428784
29430290
29442242
29443077
29450760
29462540
29466768
29493569
29493892
29495496
29501458
29507619
29508632
29532200
29557012
29569025
29623307
29623712
29624856
29630513
29639174
29656084
29688577
29720672
29757984
29762624
29786370
29837312
29888777
29896724
29901456
29904128
29921346
29950242
29960256
30015600
30017026
30024064
30048261
30148644
30163009
30179464
30217216
30408888
30409237
30409826
30414344
30416969
30423168
30425354
30443553
30476294
30478656
30556228
30639104
30671552
30679300
30724096
30957600
30966528
30998657
31066120
31195154
31462433
31465794
31475872
31478336
31491336
31506450
31522897
31531044
31558144
31588873
31592454
31725824
31850640
31982784
31983619
31997964
32252416
32515088
32538756
32637216
32833544
