4095
31871
32739
237006
237459
244327
244636
249305
249468
249639
255603
255886
258286
258515
258873
372570
374198
374477
382379
382682
383670
383829
387437
387514
387787
437685
437946
438093
440150
447853
448181
449195
449370
452982
453333
466163
473543
473724
473907
478446
479132
484601
485267
487900
488238
630012
630387
630574
637401
642503
642873
648668
651900
652167
699819
701813
702134
702283
710074
710349
711019
711093
711382
715437
732598
732875
734586
734637
734933
743083
743254
744269
747893
748218
826599
833998
834364
834451
838905
839566
845038
845619
848115
863595
863917
864085
865978
873845
874315
874874
874925
879318
925148
925294
925497
925575
932089
937587
943559
943740
946791
947097
1015935
1016803
1047555
1088951
1093086
1095579
1096047
1097338
1097415
1101499
1103663
1104509
1105357
1105747
1107677
1108215
1109369
1109814
1110878
1111275
1111484
1112750
1112981
1122141
1126295
1128254
1129179
1129718
1129913
1133950
1136251
1136879
1138364
1138571
1140143
1141213
1142389
1142478
1143479
1144282
1144647
1145203
1145645
1187503
1191741
1193591
1194430
1195477
1195854
1199831
1201406
1202651
1203559
1204026
1206107
1207183
1207533
1207731
1208701
1210041
1210262
1210987
1211100
1279866
1280981
1282795
1287094
1289499
1289700
1291791
1292240
1293992
1294829
1299517
1300386
1300567
1301352
1302212
1304734
1305313
1306434
1308001
1309104
1318267
1322607
1324285
1325911
1326771
1326989
1330621
1332695
1334174
1334902
1335001
1337022
1338171
1338827
1339228
1340111
1340782
1341237
1341690
1341863
1410556
1411961
1414099
1416286
1417136
1417959
1423841
1423901
1424996
1426350
1428751
1429224
1433026
1434679
1435588
1437473
1437851
1438562
1438960
1440648
1476537
1477107
1479527
1482013
1482465
1483726
1488987
1489826
1490376
1491708
1494078
1494992
1498916
1500303
1501032
1502434
1503716
1503767
1505153
1505904
1509110
1510317
1511930
1516405
1519134
1519553
1520699
1521572
1523042
1524683
1528911
1529712
1530013
1530594
1531297
1534231
1534440
1535664
1537736
1538884
1541543
1541741
1542510
1543066
1544437
1545052
1547403
1549017
1549099
1551431
1553564
1554486
1556950
1557171
1560085
1561875
1563150
1565786
1566777
1569037
1580766
1584379
1586639
1587901
1588604
1589035
1593167
1595293
1596215
1596661
1596846
1598839
1600126
1601191
1601434
1601979
1603181
1603283
1604054
1604441
1673131
1673718
1676141
1680346
1682575
1683184
1684765
1684962
1687361
1688309
1693207
1693640
1693758
1694625
1695088
1697883
1698660
1699240
1701540
1702594
1738483
1739687
1741294
1743931
1744834
1745788
1751319
1751780
1752880
1754073
1756317
1757025
1760488
1762800
1762846
1765252
1765455
1766312
1767010
1767873
1771463
1772270
1774524
1776791
1777508
1778169
1783855
1784776
1785057
1786739
1789410
1789467
1793936
1795165
1796001
1797736
1798430
1798896
1799620
1800994
1803996
1804085
1804747
1804985
1806771
1806966
1809485
1810791
1811341
1813564
1815635
1817114
1818874
1819470
1821974
1823886
1825049
1827883
1829383
1831061
1869773
1870586
1872821
1876459
1879133
1879906
1881239
1881832
1883556
1885046
1889566
1889761
1890843
1891268
1892002
1894447
1895344
1896129
1898320
1898856
1902446
1903580
1905401
1908200
1908239
1909683
1915038
1915760
1916802
1917415
1920087
1920932
1924705
1926427
1926882
1928656
1929277
1930177
1931048
1931492
1934707
1935254
1935597
1936199
1938126
1938234
1940533
1941973
1942204
1945107
1946670
1947915
1950137
1950315
1952922
1954905
1955975
1959437
1960220
1962070
1967605
1969003
1971158
1975021
1977399
1978280
1979486
1980257
1982160
1983418
1987739
1988324
1988879
1989104
1990472
1993245
1993666
1994084
1996194
1997473
2000346
2000558
2001340
2001525
2003321
2003851
2006550
2007286
2007891
2010382
2012697
2013325
2015943
2016045
2018379
2020391
2021468
2024725
2025619
2027578
2032875
2033497
2034387
2034486
2036173
2036391
2039066
2040238
2040442
2043033
2045191
2046037
2048380
2048917
2051117
2053660
2054195
2057366
2058318
2060811
2137790
2142011
2143855
2144701
2145739
2146140
2150095
2151677
2152919
2153838
2154293
2156375
2157470
2157818
2157991
2158971
2160307
2160525
2161270
2161369
2170231
2174590
2176251
2177871
2178727
2178970
2182587
2184655
2186141
2186861
2186963
2188989
2190135
2190806
2191193
2192094
2192764
2193195
2193653
2193838
2236125
2239735
2242014
2243259
2243961
2244406
2248542
2250651
2251567
2252011
2252220
2254191
2255485
2256558
2256789
2257335
2258554
2258631
2259405
2259795
2328043
2329462
2331597
2335482
2337839
2338736
2339933
2340706
2342593
2343861
2348183
2348776
2349342
2349537
2350928
2353691
2354116
2354536
2356644
2357922
2366895
2371037
2373527
2374014
2375285
2375374
2379447
2381630
2382459
2383322
2383687
2385627
2386159
2387315
2387757
2388829
2389238
2389433
2390716
2390923
2459571
2460135
2462574
2465051
2465506
2466780
2472023
2472868
2473424
2474745
2477117
2478017
2481960
2483358
2484080
2485476
2486760
2486799
2488194
2488929
2524903
2526126
2527740
2530359
2531268
2532217
2537743
2538216
2539297
2540499
2542747
2543458
2546928
2549217
2549277
2551688
2551902
2552752
2553444
2554306
2557914
2558709
2560939
2564598
2567259
2568036
2569359
2569968
2571688
2573165
2577693
2577890
2578967
2579400
2580132
2582590
2583457
2584258
2586433
2586992
2590165
2590396
2591161
2591339
2593139
2593686
2596365
2597101
2597703
2600220
2602515
2603162
2605774
2605882
2608214
2610222
2611289
2614539
2615431
2617397
2629467
2633615
2635581
2636503
2637037
2637235
2641277
2643575
2644222
2645689
2645910
2647486
2648539
2649707
2649820
2650799
2651605
2651982
2652519
2652986
2721517
2722746
2724341
2728811
2731549
2731970
2733111
2733992
2735460
2737110
2741342
2742113
2742427
2743012
2743714
2746639
2746864
2748065
2750160
2751304
2787278
2788092
2790329
2792591
2793320
2793971
2799678
2800592
2800866
2802535
2805220
2805271
2809729
2810971
2811810
2813552
2814237
2814689
2815432
2816804
2819964
2821081
2822899
2825712
2825758
2827175
2832541
2833249
2834308
2834926
2837583
2838440
2842210
2843927
2844388
2846145
2846779
2847682
2848560
2849000
2852086
2852691
2853575
2853677
2855386
2855598
2858261
2859452
2859637
2862227
2864398
2865227
2867577
2868107
2870330
2872857
2873383
2876557
2877532
2880022
2918261
2919371
2921206
2925485
2927895
2928104
2930206
2930625
2932400
2933242
2937915
2938788
2938959
2939760
2940616
2943133
2943714
2944836
2946402
2947489
2950649
2952051
2954183
2956381
2957217
2958062
2963938
2963995
2965096
2966460
2968862
2969328
2973124
2974767
2975688
2977570
2977943
2978660
2979041
2980752
2983342
2983546
2984316
2984853
2986219
2986841
2989206
2990803
2990902
2993230
2995353
2996269
2998733
2998951
3001867
3003655
3004956
3007573
3008563
3010842
3016630
3017197
3019642
3023829
3026078
3026657
3028251
3028452
3030850
3031787
3036687
3037136
3037245
3038114
3038561
3041367
3042152
3042736
3045032
3046084
3049177
3049259
3049942
3050163
3051943
3052141
3054682
3055982
3056538
3058745
3060807
3062293
3064053
3064668
3067149
3069084
3070227
3073078
3074574
3076235
3081575
3082125
3082490
3083086
3085020
3085109
3087403
3088843
3089081
3091975
3093564
3094806
3097011
3097206
3099797
3101779
3102862
3106330
3107097
3108941
3249881
3250036
3252042
3253614
3254181
3254963
3255241
3259092
3262954
3263324
3263845
3264935
3265266
3270066
3273385
3312983
3313549
3315962
3316303
3321049
3322526
3322677
3323271
3325029
3327291
3327606
3331868
3332659
3333522
3334333
3334603
3336302
3337769
3339476
3341066
3347886
3348197
3350194
3352275
3352425
3352956
3353514
3357093
3361447
3361746
3362505
3363316
3363673
3368788
3371370
3378357
3381547
3386482
3387734
3388618
3393178
3397001
3398405
3400269
3402292
3443958
3444315
3447447
3447597
3452476
3453103
3453402
3454067
3456786
3458397
3458955
3462350
3463577
3464297
3465534
3465845
3468039
3468692
3470890
3471557
3477149
3477291
3479739
3480022
3485070
3486007
3486317
3487513
3488969
3491061
3491422
3495463
3496060
3497748
3498319
3498906
3500243
3501162
3503493
3504690
3512204
3513638
3515843
3516664
3520844
3525222
3525795
3527473
3532433
3535448
3544553
3544915
3546484
3548604
3548906
3549895
3550066
3554121
3557753
3558324
3558826
3560110
3560389
3565221
3568338
3577464
3579052
3581734
3582865
3586360
3590604
3591814
3592419
3597891
3600721
3607885
3611226
3615956
3617429
3618194
3622198
3626762
3627561
3629227
3631205
3642950
3646769
3648140
3656003
3657912
3708263
3708850
3710377
3712697
3712980
3713509
3713870
3717490
3721651
3721961
3722932
3723996
3724138
3729098
3732293
3738814
3739093
3742013
3742315
3746919
3748187
3748758
3749084
3751476
3753615
3753786
3757459
3758862
3759306
3760365
3760727
3762745
3763973
3765362
3766665
3771990
3775117
3780138
3780794
3781737
3786059
3790021
3791252
3793205
3795730
3804463
3804794
3807582
3808149
3813139
3813611
3813981
3814958
3816842
3818679
3818957
3822713
3823815
3825189
3826331
3826486
3828124
3828946
3831561
3831924
3839441
3841688
3843308
3844707
3848369
3853112
3853900
3855238
3859782
3862819
3872547
3874385
3876760
3877318
3881603
3885297
3886424
3887724
3892524
3895462
3904824
3909254
3909969
3917996
3920451
3937980
3938250
3940037
3941874
3942215
3942841
3943156
3947178
3951310
3951461
3952466
3953011
3953577
3958121
3961268
3968314
3971413
3976969
3977803
3978789
3982509
3986548
3987666
3990166
3991946
4003046
4005187
4007537
4008748
4012614
4017027
4017457
4018648
4023480
4027020
4036227
4040024
4040870
4049489
4051244
4066955
4069558
4074885
4075821
4077332
4081237
4085298
4085866
4088154
4090057
4101452
4105379
4106840
4114726
4117137
4134065
4138572
4139299
4147864
4149574
4234971
4238575
4240861
4242103
4242803
4243245
4247389
4249495
4250430
4250870
4251065
4253054
4254331
4255420
4255627
4256175
4257397
4257486
4258266
4258631
4267454
4271579
4274063
4274557
4275819
4275932
4279983
4282173
4282999
4283861
4284238
4286167
4286718
4287847
4288314
4289371
4289773
4289971
4291257
4291478
4333399
4337566
4339515
4340431
4340986
4341159
4345211
4347503
4348157
4349619
4349837
4351421
4352471
4353654
4353753
4354750
4355531
4355932
4356462
4356917
4425645
4426234
4428661
4432843
4435101
4435682
4437271
4437480
4439876
4440822
4445726
4446145
4446267
4447140
4447586
4450383
4451184
4451745
4454064
4455112
4464317
4468535
4470398
4471227
4472278
4472665
4476638
4478203
4479439
4480380
4480811
4482895
4483997
4484341
4484526
4485495
4486823
4487066
4487789
4487891
4556526
4557756
4559353
4561967
4562888
4563827
4569374
4569840
4570914
4572103
4574359
4575076
4578529
4580834
4580891
4583312
4583517
4584353
4585064
4585924
4622300
4623097
4625331
4627614
4628336
4628967
4634685
4635585
4635876
4637550
4640232
4640271
4644738
4645975
4646820
4648545
4649243
4649698
4650448
4651816
4654955
4656086
4657901
4662202
4664591
4664816
4666909
4667330
4669089
4669941
4674615
4675496
4675678
4676449
4677328
4679835
4680420
4681544
4683108
4684194
4687571
4687670
4688333
4688551
4690350
4690554
4693077
4694396
4694933
4697139
4699214
4700683
4702443
4703065
4705562
4707481
4708615
4711469
4712988
4714646
4726127
4730493
4732151
4733790
4734638
4734869
4738487
4740574
4742043
4742778
4742855
4744891
4746031
4746701
4747091
4747997
4748665
4749110
4749547
4749756
4818901
4819691
4821942
4825581
4828247
4829032
4830366
4830945
4832688
4834170
4838683
4838884
4839951
4840400
4841128
4843581
4844450
4845252
4847426
4847969
4884345
4885459
4887271
4890081
4890141
4891566
4896923
4897634
4898696
4899324
4901982
4902832
4906596
4908303
4908776
4910530
4911159
4912068
4912929
4913392
4916723
4918119
4920270
4922459
4923298
4924156
4930020
4930071
4931184
4932537
4934941
4935393
4939208
4940862
4941776
4943652
4944015
4944744
4945122
4946817
4949358
4949914
4950261
4950876
4952793
4952875
4955190
4956630
4956851
4959758
4961337
4962573
4964775
4964973
4967563
4969543
4970652
4974101
4974867
4976730
5015030
5016429
5018586
5022453
5024830
5025697
5026907
5027684
5029570
5030827
5035151
5035760
5036317
5036514
5037889
5040663
5041096
5041520
5043624
5044900
5048231
5048814
5051260
5053719
5054180
5055449
5060687
5061544
5062081
5063411
5065787
5066690
5070640
5072029
5072737
5074152
5075440
5075486
5076868
5077602
5080523
5080761
5081523
5081718
5083495
5084045
5086746
5087482
5088078
5090585
5092871
5093525
5096156
5096245
5098573
5100604
5101651
5104918
5105806
5107755
5113594
5114805
5116395
5120886
5123611
5124036
5125167
5126064
5127528
5129165
5133405
5134178
5134487
5135080
5135780
5138718
5138913
5140130
5142209
5143376
5145837
5146439
5147342
5147450
5149141
5149372
5152011
5153209
5153387
5155975
5158172
5158998
5161331
5161878
5164085
5166611
5167150
5170330
5171289
5173773
5178812
5178997
5179769
5180299
5181686
5182291
5184653
5186247
5186349
5188700
5190803
5191738
5194202
5194414
5197334
5199118
5200409
5203019
5204007
5206293
5346519
5349142
5350525
5351983
5353356
5355313
5355725
5356707
5360411
5360747
5362078
5363302
5363960
5365393
5367189
5368259
5369432
5370426
5371212
5372198
5410668
5412187
5412788
5413848
5416126
5416901
5417449
5417559
5419761
5422378
5424614
5425469
5425898
5427855
5428082
5430437
5432227
5435026
5437001
5437780
5445021
5447221
5448911
5449851
5451555
5453420
5454219
5455192
5458494
5459162
5460759
5461233
5462470
5463340
5465869
5467032
5467302
5468278
5469827
5470801
5475697
5479235
5485254
5490104
5497516
5541830
5543402
5543517
5544684
5547311
5547762
5548699
5548916
5551032
5553477
5556067
5556574
5557157
5558455
5559241
5561650
5562865
5565609
5568148
5569098
5574371
5576350
5576549
5577638
5580119
5580713
5580989
5581770
5583340
5586514
5588945
5589490
5589583
5591355
5591796
5594441
5596024
5598516
5600426
5601925
5606617
5610035
5616007
5621532
5628014
5641999
5643373
5645723
5646558
5647992
5649635
5651226
5652102
5654647
5655958
5657149
5658060
5659537
5660227
5662251
5663526
5664081
5664981
5666104
5666988
5672723
5675207
5681710
5686393
5693852
5705420
5708472
5714353
5719878
5726563
5738026
5739698
5740948
5744212
5744933
5746793
5752005
5753481
5755210
5759762
5805182
5807514
5809719
5810973
5811665
5814150
5814389
5815884
5818767
5819949
5820635
5822264
5823075
5823814
5825750
5826796
5827875
5829387
5829809
5831320
5836721
5837999
5838802
5839331
5842420
5842523
5843262
5843685
5845862
5848713
5850872
5851799
5852009
5853533
5854122
5856852
5858252
5860682
5862693
5863602
5869222
5872044
5878136
5883587
5890897
5901816
5903671
5904105
5905265
5908125
5908330
5908815
5909426
5911491
5913780
5916588
5916859
5917652
5919205
5919326
5922442
5923558
5926469
5928274
5929257
5934183
5937934
5943516
5948819
5956153
5967246
5970044
5976857
5981735
5988563
6000393
6002250
6002898
6006066
6007444
6009381
6014068
6015301
6017193
6021514
6035003
6036683
6039326
6039959
6040806
6043096
6044214
6044977
6047965
6049557
6049903
6051715
6052652
6053048
6055034
6056561
6057612
6058381
6059590
6060355
6066008
6068945
6075043
6079852
6087078
6098492
6101401
6107251
6112462
6120199
6131077
6133033
6133866
6137482
6138194
6140692
6145586
6146228
6148677
6152393
6163875
6166886
6173516
6178481
6185688
6196436
6198917
6199849
6202697
6203562
6205842
6211338
6212178
6213940
6217829
6229106
6231380
6232837
6235301
6236745
6238410
6243721
6244650
6247058
6251060
6395378
6395719
6397289
6399417
6399732
6400718
6400869
6404946
6408563
6409129
6409652
6410940
6411210
6416042
6419141
6458686
6458997
6461789
6462347
6467335
6467830
6468187
6469180
6471060
6472879
6473178
6476915
6478030
6479402
6480535
6480685
6482329
6483141
6485778
6486121
6493881
6494164
6495946
6497765
6498126
6498739
6499049
6503092
6507228
6507370
6508357
6508903
6509490
6514034
6517161
6524566
6527149
6532490
6533434
6534921
6538827
6542885
6543476
6545749
6547666
6589775
6590362
6592757
6593118
6597843
6599325
6599467
6600078
6601834
6604087
6604397
6608665
6609447
6610309
6611131
6611414
6613116
6614578
6616265
6617876
6622445
6622807
6625935
6626106
6630969
6631614
6631893
6632551
6635269
6636891
6637462
6640860
6642067
6642802
6644029
6644331
6646542
6647177
6649396
6650058
6657649
6659256
6661932
6663043
6666545
6670808
6672012
6672614
6678086
6680899
6690158
6690725
6692274
6694579
6694857
6695402
6695772
6699365
6703527
6703858
6704809
6705881
6706036
6710996
6714186
6723011
6725265
6726904
6728294
6731939
6736689
6737496
6738828
6743372
6746406
6753589
6756683
6762258
6763094
6764074
6767802
6771817
6772933
6775437
6777236
6788440
6792358
6793809
6801708
6804099
6854076
6854378
6856357
6858439
6858610
6859129
6859700
6863274
6867630
6867909
6868690
6869481
6869843
6874953
6877556
6885019
6885174
6887607
6887885
6892956
6893871
6894202
6895379
6896850
6898923
6899293
6903342
6903929
6905609
6906206
6906773
6908103
6909044
6911370
6912549
6917466
6920789
6925513
6926987
6927749
6931757
6936340
6937138
6938806
6940778
6950077
6950347
6953275
6953590
6958190
6959447
6960013
6960345
6962729
6964894
6965045
6968711
6970140
6970580
6971642
6971983
6974003
6975242
6976613
6977938
6985510
6987331
6989713
6990284
6994566
6998243
6999377
7000696
7005496
7008428
7017708
7019846
7022179
7023416
7027276
7031686
7032099
7033297
7038129
7041688
7050403
7054936
7055654
7064209
7065932
7083731
7083881
7085908
7087484
7088042
7088807
7089106
7092937
7096820
7097177
7097706
7098798
7099109
7103909
7107250
7113899
7117110
7122021
7123277
7124180
7128725
7132562
7133962
7135834
7137833
7149464
7150892
7153094
7153905
7158104
7162476
7163046
7164707
7169667
7172689
7181900
7185699
7187096
7194950
7196849
7212621
7215770
7220788
7221429
7222386
7226710
7230666
7231881
7233835
7236357
7247153
7251596
7252291
7260344
7262790
7280262
7284049
7284908
7293507
7295288
7347662
7348115
7354983
7355292
7359961
7360124
7360295
7366259
7366542
7368942
7369171
7369529
7374317
7374558
7375549
7375738
7377339
7377877
7381367
7381739
7384546
7387080
7388214
7390031
7390134
7395233
7396196
7396491
7400176
7400981
7402586
7403789
7407031
7407563
7407983
7408374
7410526
7410605
7414266
7414493
7417808
7419810
7421013
7422651
7422837
7427944
7428833
7429402
7432676
7433261
7435414
7436811
7444011
7448346
7448982
7450179
7451820
7456981
7458925
7460177
7461510
7465272
7472989
7473082
7473653
7473883
7475895
7476075
7479727
7480278
7483300
7485296
7486605
7487870
7488237
7493346
7494120
7495190
7498689
7498827
7501077
7501882
7507619
7510438
7516524
7522001
7529304
7541882
7546422
7547669
7548088
7550275
7555469
7557323
7558796
7559473
7563846
7569870
7570323
7583758
7584192
7598099
7598688
7603887
7604086
7604670
7605197
7606653
7607034
7611227
7611317
7614305
7616228
7617803
7619051
7619287
7624176
7625666
7625781
7629736
7629978
7632397
7632982
7638449
7641443
7648070
7653048
7660236
7671160
7674705
7680707
7685548
7692966
7701566
7702813
7704101
7704667
7707018
7709207
7712884
7716360
7717007
7718098
7724100
7725833
7728386
7730209
7731344
7738582
7742581
7744045
7744838
7747224
7752459
7754138
7755043
7756364
7760049
7767197
7768123
7769290
7770391
7772724
7774287
7778697
7781456
7782942
7784197
7789832
7790706
7793700
7795842
7797249
7799399
7799708
7818247
7818464
7827484
7828352
7832930
7834436
7836360
7840432
7842945
7845124
7848353
7853584
7854114
7858248
7865723
7866101
7867223
7867307
7868918
7869135
7873214
7873389
7876328
7878113
7880218
7881149
7881690
7886788
7887792
7887949
7891810
7892246
7894059
7895189
7902989
7906699
7907546
7908652
7910993
7915638
7918133
7918758
7919960
7924355
7933772
7936728
7942833
7947622
7954851
7963097
7963260
7963431
7976985
7977760
7982108
7982976
7988231
7988448
7999174
8002220
8008120
8013635
8020337
8029723
8030359
8032020
8032303
8034505
8036638
8041010
8043777
8044637
8045674
8051760
8053125
8055944
8058372
8058946
8062039
8063503
8064105
8065182
8067858
8069181
8073413
8076322
8077595
8078740
8084609
8086058
8089104
8090696
8091908
8095400
8096176
8098145
8102722
8105028
8107152
8110788
8115458
8116744
8120353
8131989
8135885
8136811
8138385
8140070
8145466
8147734
8148568
8149155
8153420
8159859
8160142
8178707
8179296
8187918
8188352
8193295
8194142
8195474
8196637
8198245
8200347
8205066
8207492
8208439
8209961
8216066
8216788
8219713
8221968
8222760
8226625
8227522
8229540
8233384
8236080
8238146
8241520
8246408
8247553
8251908
8257774
8258003
8258361
8264718
8265152
8271891
8272480
8283161
8283936
8291748
8292712
8295248
8299201
8302082
8303656
8307362
8311873
8312964
8317200
8324816
8325793
8327586
8331620
8334600
8336897
8340296
8344612
8345680
8349826
8429391
8433565
8435511
8436446
8436981
8437166
8441207
8443518
8444155
8445607
8445850
8447419
8448463
8449645
8449747
8450749
8451542
8451929
8452476
8452907
8462011
8466223
8468093
8468919
8469965
8470355
8474333
8475895
8477150
8478073
8478518
8480606
8481691
8482027
8482236
8483183
8484526
8484757
8485498
8485575
8527230
8531579
8533231
8534877
8535740
8535947
8539567
8541661
8543127
8543861
8543950
8545975
8547134
8547802
8548167
8549083
8549747
8550189
8550646
8550841
8619765
8620971
8622582
8627053
8629783
8630216
8631358
8632225
8633712
8635354
8639579
8640356
8640655
8641264
8641960
8644893
8645090
8646308
8648386
8649537
8658647
8662270
8664539
8665775
8666471
8666938
8671067
8673167
8674109
8674541
8674739
8676733
8678007
8679097
8679318
8679870
8681067
8681180
8681941
8682318
8751065
8751859
8754087
8756381
8757089
8757742
8763451
8764354
8764648
8766332
8769008
8769054
8773508
8774735
8775592
8777314
8778007
8778468
8779201
8780592
8816499
8817607
8819438
8822242
8822299
8823740
8829079
8829796
8830864
8831481
8834141
8834977
8838760
8840478
8840944
8842692
8843311
8844232
8845090
8845537
8848877
8850298
8852437
8856299
8858685
8859554
8860759
8861544
8863428
8864694
8869022
8869601
8870171
8870372
8871746
8874511
8874960
8875361
8877488
8878760
8881402
8881998
8882908
8882997
8884683
8884921
8887574
8888755
8888950
8891534
8893721
8894541
8896871
8897421
8899627
8902151
8902716
8905877
8906835
8909338
8920509
8924631
8927134
8927611
8928886
8928985
8933054
8935227
8936047
8936907
8937308
8939215
8939773
8940910
8941365
8942423
8942842
8943015
8944307
8944525
9013110
9014221
9016058
9020341
9022750
9022945
9025051
9025476
9027234
9028075
9032751
9033648
9033821
9034594
9035457
9037975
9038568
9039696
9041256
9042340
9078247
9079662
9081820
9083991
9084836
9085689
9091560
9091599
9092705
9094067
9096475
9096930
9100752
9102397
9103297
9105192
9105566
9106288
9106660
9108354
9111470
9112060
9114489
9116943
9117416
9118675
9123934
9124784
9125314
9126631
9129015
9129924
9133857
9135259
9135970
9137392
9138657
9138717
9140104
9140836
9143737
9143915
9144691
9145238
9146605
9147207
9149594
9151182
9151290
9153625
9155719
9156661
9159125
9159356
9162253
9164060
9165331
9167958
9168942
9171211
9209786
9210357
9212779
9216982
9219227
9219812
9221391
9221616
9224008
9224941
9229853
9230274
9230391
9231272
9231716
9234526
9235297
9235874
9238177
9239248
9242364
9243577
9245171
9247806
9248720
9249639
9255197
9255649
9256740
9257934
9260175
9260904
9264354
9266660
9266711
9269121
9269339
9270178
9270896
9271752
9275079
9275181
9275866
9276078
9277884
9278069
9280587
9281913
9282443
9284647
9286748
9288214
9289974
9290579
9293077
9294995
9296142
9299002
9300505
9302157
9308107
9308918
9311149
9314810
9317455
9318256
9319581
9320162
9321889
9323381
9327895
9328104
9329182
9329601
9330352
9332795
9333668
9334472
9336644
9337186
9340284
9340821
9341163
9341785
9343699
9343798
9346093
9347533
9347751
9350684
9352243
9353498
9355694
9355898
9358486
9360462
9361561
9365003
9365767
9367637
9373142
9373363
9374119
9374317
9376110
9376666
9379349
9380085
9380700
9383187
9385486
9386123
9388761
9388843
9391194
9393209
9394247
9397517
9398428
9400374
9541007
9543213
9544923
9545854
9547576
9549411
9550234
9551174
9554487
9555158
9556765
9557228
9558481
9559331
9561867
9563014
9563313
9564277
9565848
9566796
9604856
9606807
9607017
9608113
9610589
9611178
9611439
9612242
9613795
9616980
9619404
9619956
9620059
9621822
9622245
9624906
9626470
9628965
9630898
9632393
9639707
9641067
9643422
9644247
9645670
9647352
9648918
9649809
9652349
9653653
9654831
9655747
9657228
9657944
9659962
9661233
9661772
9662669
9663782
9664675
9670339
9673382
9679276
9684817
9691512
9736108
9737403
9738196
9738744
9741797
9741918
9742647
9743081
9745265
9748106
9750246
9751197
9751402
9752911
9753522
9756229
9757635
9760082
9762089
9762996
9768422
9770301
9770730
9771884
9774735
9774962
9775451
9776052
9778136
9780389
9783203
9783486
9784261
9785833
9785943
9789074
9790193
9793097
9794900
9795882
9801107
9803879
9810702
9815609
9822428
9836094
9837786
9840407
9841053
9841905
9844166
9845301
9846060
9849039
9850637
9851003
9852824
9853731
9854118
9856118
9857644
9858691
9859467
9860689
9861464
9866791
9869710
9875580
9880787
9888537
9899448
9902449
9909059
9914028
9921222
9931892
9934149
9935625
9938089
9939530
9941202
9946506
9947442
9949844
9953829
9999581
10002197
10003567
10005051
10006403
10008364
10008779
10009784
10013470
10013818
10015127
10016369
10016998
10018444
10020237
10021336
10022470
10023478
10024259
10025265
10030947
10032478
10033061
10034118
10036407
10037193
10037738
10037853
10040044
10042674
10044913
10045743
10046194
10048155
10048372
10050729
10052536
10055316
10057290
10058053
10063212
10066776
10072785
10077606
10085027
10096593
10098162
10098255
10099427
10102075
10102516
10103454
10103653
10105766
10108233
10110840
10111319
10111913
10113213
10113994
10116404
10117612
10120362
10122885
10123858
10128590
10132028
10138009
10143495
10150003
10161948
10164441
10170931
10175598
10183047
10194482
10196148
10197381
10200645
10201385
10203242
10208457
10209930
10211666
10216212
10228855
10231190
10233405
10234639
10235340
10237841
10238061
10239555
10242459
10243627
10244318
10245926
10246776
10247505
10249429
10250467
10251576
10253082
10253484
10254982
10260145
10262947
10269030
10274520
10281804
10292345
10296083
10301639
10306972
10314286
10325770
10327634
10328276
10331444
10332805
10334761
10339429
10340681
10342570
10346898
10358598
10361548
10367672
10372451
10379697
10390921
10392874
10393714
10397330
10398036
10400517
10405428
10406053
10408521
10412234
10423493
10425993
10426922
10429770
10430642
10432916
10438418
10439252
10440997
10444905
10589982
10591354
10593687
10594525
10595953
10597606
10599189
10600076
10602607
10603917
10605115
10606040
10607491
10608198
10610230
10611500
10612035
10612939
10614065
10614968
10653169
10655023
10655474
10656611
10659483
10659700
10660190
10660773
10662854
10665129
10667960
10668215
10669001
10670570
10670685
10673812
10674924
10677834
10679621
10680626
10688055
10689750
10692381
10693007
10693868
10696145
10697261
10698019
10701019
10702603
10702974
10704774
10705720
10706097
10708085
10709603
10710680
10711450
10712652
10713414
10718630
10721644
10728280
10733219
10740433
10784632
10786135
10786729
10787793
10790077
10790858
10791410
10791503
10793699
10796340
10798572
10799419
10799860
10801822
10802021
10804394
10806182
10808965
10810962
10811721
10817484
10819060
10819163
10820344
10822974
10823397
10824343
10824553
10826673
10829130
10831718
10832221
10832810
10834095
10834898
10837285
10838499
10841266
10843785
10844756
10850055
10852558
10859068
10863731
10871193
10884221
10886549
10888751
10890011
10890691
10893196
10893419
10894936
10897822
10899002
10899671
10901297
10902118
10902860
10904781
10905848
10906918
10908438
10908835
10910353
10914926
10918684
10924249
10929543
10936883
10948433
10951363
10957478
10962296
10969516
10980553
10983050
10983986
10986834
10987700
10989957
10995476
10996293
10998057
11001962
11048347
11050539
11052254
11053175
11054886
11056760
11057558
11058513
11061821
11062485
11064079
11064547
11065804
11066680
11069210
11070353
11070636
11071597
11073158
11074115
11079398
11081373
11081578
11082668
11085135
11085746
11086011
11086804
11088376
11091525
11093955
11094501
11094622
11096375
11096809
11099474
11101041
11103529
11105460
11106954
11112152
11115185
11121059
11126604
11133286
11145123
11146430
11147205
11147750
11150825
11150935
11151677
11152106
11154284
11157138
11159281
11160207
11160434
11161947
11162548
11165257
11166680
11169108
11171114
11172005
11177372
11180153
11186963
11191854
11198663
11210297
11213203
11219047
11224284
11232014
11242597
11244873
11246346
11248810
11250258
11251924
11257234
11258164
11260549
11264553
11277519
11280141
11281531
11283006
11284376
11286307
11286746
11287718
11291415
11291766
11293085
11294316
11294961
11296387
11298187
11299270
11300433
11301429
11302232
11303212
11308387
11311942
11317964
11322801
11330232
11341011
11344423
11350414
11355929
11362428
11374132
11375781
11377033
11380297
11381034
11382898
11388106
11389586
11391316
11395845
11407020
11409848
11415921
11421382
11428675
11439890
11441748
11442373
11445541
11446921
11448874
11453545
11454794
11456690
11461012
11472266
11474226
11475060
11478676
11479365
11481865
11486757
11487401
11489866
11493586
11546458
11548086
11548365
11556267
11556570
11557558
11557717
11561325
11561402
11561675
11568765
11569095
11569902
11570075
11571447
11572156
11574756
11575801
11576111
11582312
11583001
11583966
11584371
11587490
11590748
11593441
11595022
11596752
11596839
11597971
11601135
11601849
11602419
11602750
11604445
11604839
11608001
11608699
11609038
11614946
11615278
11617020
11617175
11620208
11623559
11625960
11628051
11629476
11629657
11630876
11636057
11636628
11639017
11639379
11645575
11645746
11650364
11650666
11657390
11657669
11666907
11667310
11668087
11668444
11670265
11670415
11673512
11673854
11674547
11680240
11680851
11682279
11682621
11685604
11689241
11691970
11693116
11694945
11695246
11696647
11706118
11712716
11717731
11724177
11727416
11734670
11734821
11737276
11737546
11743545
11743860
11748594
11748935
11755859
11756425
11764830
11766301
11767963
11768945
11771959
11773484
11774723
11779336
11780367
11782552
11784390
11787300
11791490
11793921
11794512
11798259
11798430
11798781
11799463
11801070
11801403
11804514
11805143
11805564
11811780
11811996
11813487
11813849
11816417
11820558
11823024
11824199
11825896
11826451
11827257
11836611
11844134
11849489
11854968
11858316
11869745
11876739
11881688
11888396
11890790
11895642
11921434
11922240
11930931
11931241
11934023
11934610
11940069
11940430
11945145
11945428
11952796
11952938
11960758
11961037
11973654
11974336
11982861
11983264
11994263
11995183
11997470
11998412
12001373
12002403
12003896
12008962
12010011
12012294
12013969
12016705
12021008
12022824
12023940
12027777
12028130
12030756
12033168
12034504
12040225
12042864
12045832
12051524
12054786
12060156
12060471
12061135
12061561
12063358
12063699
12066544
12067559
12067741
12073889
12074247
12075259
12075950
12079048
12082227
12085092
12086425
12087778
12088860
12089422
12094631
12094930
12097838
12098149
12104028
12104586
12109459
12109609
12116212
12116569
12131736
12138609
12144172
12149958
12153603
12158011
12159255
12161103
12162598
12165662
12166929
12167564
12172417
12173469
12175555
12177528
12181008
12184648
12186884
12187682
12196972
12204824
12209542
12215843
12218577
12222891
12223194
12235787
12236128
12245018
12245824
12255926
12256085
12276758
12277440
12281877
12282528
12289476
12290664
12293008
12295234
12296417
12302852
12305186
12307713
12313648
12316808
12324074
12324444
12327577
12327732
12333235
12333513
12338510
12339077
12345639
12345970
12355087
12355742
12357693
12359448
12362011
12363142
12363985
12368964
12370007
12372076
12374563
12377346
12381217
12383376
12384776
12386669
12386746
12387019
12397581
12397984
12399642
12400448
12408843
12409184
12420336
12421921
12423618
12426280
12427876
12433680
12436360
12438660
12445186
12447809
12453149
12453979
12456471
12457347
12460175
12461272
12462182
12467248
12468286
12470833
12473100
12475528
12480004
12481602
12482817
12486242
12487556
12488936
12492289
12493616
12499074
12501441
12504144
12510472
12513316
12519208
12519888
12522081
12524804
12526466
12531784
12533988
12536866
12543105
12546576
12686716
12687274
12688805
12691111
12691410
12691956
12692313
12695914
12700078
12700389
12701362
12702419
12702569
12707529
12710740
12750011
12750294
12753207
12753517
12758140
12759375
12759962
12760275
12762674
12764829
12764971
12768654
12770073
12770505
12771573
12771934
12773927
12775188
12776554
12777861
12785351
12785522
12787529
12789113
12789684
12790446
12790725
12794578
12798441
12798803
12799348
12800444
12800746
12805546
12808869
12815962
12819093
12824105
12824747
12825701
12830029
12834004
12835218
12837174
12839690
12881213
12881515
12884315
12884886
12889870
12890349
12890711
12891705
12893577
12895422
12895701
12899431
12900572
12901940
12903055
12903226
12904851
12905674
12908293
12908658
12914014
12914581
12916971
12917341
12922055
12923547
12923702
12924316
12926068
12928303
12928634
12932883
12933678
12934538
12935351
12935629
12937337
12938789
12940498
12942089
12948934
12951171
12952817
12954220
12957862
12962595
12963409
12964760
12969304
12972332
12981689
12982004
12983978
12986062
12986213
12986739
12987305
12990900
12995260
12995530
12996293
12997106
12997447
13002578
13005161
13014828
13016646
13019011
13019608
13023884
13027558
13028675
13030001
13034801
13037752
13044918
13048109
13053034
13054298
13055177
13059723
13063557
13064980
13066837
13068850
13079843
13084312
13084998
13093041
13095500
13145779
13146057
13147860
13149674
13150044
13150631
13150962
13154985
13159129
13159284
13160266
13160814
13161381
13165925
13169074
13176058
13176399
13179550
13179701
13184563
13185213
13185483
13186158
13188874
13190487
13191053
13194457
13195655
13196389
13197627
13197942
13200156
13200786
13202985
13203668
13208875
13211990
13217541
13218381
13219380
13223093
13227122
13228234
13230746
13232521
13242007
13242157
13244591
13244890
13249945
13250878
13251189
13252359
13253829
13255926
13256283
13260348
13260915
13262610
13263197
13263755
13265102
13266025
13268372
13269546
13276408
13278540
13280870
13282097
13285976
13290380
13290790
13291971
13296803
13300369
13309841
13311288
13313484
13314275
13318481
13322872
13323436
13325094
13330054
13333059
13342348
13346115
13347000
13355590
13357361
13374949
13375310
13376882
13378995
13379305
13380316
13380458
13384517
13388135
13388722
13389225
13390521
13390804
13395636
13398730
13405837
13408442
13413780
13414709
13416210
13420118
13424170
13424745
13427019
13428933
13440611
13442225
13444920
13446022
13449507
13453777
13455000
13455596
13461068
13463878
13473105
13477036
13478467
13486392
13488774
13503829
13507147
13511890
13513366
13514122
13518138
13522697
13523493
13525165
13527156
13538470
13542993
13543724
13552259
13554008
13571672
13575462
13576849
13584716
13586595
13643189
13643450
13643597
13645654
13653357
13653685
13654699
13654874
13658486
13658837
13665779
13666110
13666781
13667175
13668987
13669326
13672162
13673212
13673367
13679524
13679900
13680879
13681593
13684673
13687854
13690736
13692039
13693416
13694483
13695065
13698679
13699036
13699833
13699983
13701374
13702067
13704688
13705703
13706045
13712225
13712903
13713883
13714286
13717416
13720659
13723364
13724953
13726658
13726780
13727886
13733052
13733322
13736249
13736564
13742419
13742985
13747854
13748005
13754610
13754951
13763837
13764519
13765102
13765435
13767127
13767548
13770692
13771375
13771737
13777640
13777977
13779699
13779870
13782882
13786268
13788641
13790734
13792176
13792327
13793555
13802883
13809766
13815345
13821144
13824780
13831495
13832082
13834469
13834830
13841052
13841194
13845811
13846121
13852857
13853140
13861935
13863198
13865053
13866552
13869595
13870854
13871505
13876356
13877399
13879500
13881443
13884930
13888577
13890832
13891624
13895119
13895545
13896318
13896659
13898471
13898653
13901729
13902075
13902766
13908450
13909070
13910524
13910839
13913840
13917447
13920200
13921331
13923172
13923481
13924892
13933681
13941507
13946264
13952556
13955270
13967128
13973713
13978732
13985158
13988387
13992373
13992634
13992781
14005269
14005920
14013466
14014272
14018573
14018976
14028441
14028596
14031027
14031305
14037287
14037618
14042346
14042716
14049614
14050181
14058326
14084118
14084800
14091355
14092823
14094479
14095462
14098494
14100017
14101260
14105857
14106909
14109059
14110936
14113840
14118024
14120452
14121026
14124496
14125665
14128002
14130248
14131428
14137872
14140200
14142724
14148642
14151809
14157550
14157723
14158071
14158780
14160377
14160687
14163816
14164446
14164851
14171088
14171283
14172797
14173127
14175716
14179865
14182306
14183516
14185185
14185742
14186535
14191849
14192211
14195335
14195506
14201006
14201285
14206297
14206868
14213436
14213738
14228684
14236216
14241542
14247011
14250385
14255645
14256283
14258231
14259971
14262543
14263704
14264518
14269520
14270558
14272625
14275116
14277896
14281764
14283906
14285313
14294566
14301580
14306499
14313233
14315640
14319981
14320309
14330893
14331296
14341141
14341792
14353067
14353242
14373899
14374240
14379034
14379840
14386402
14388004
14389704
14392353
14393968
14399746
14402433
14404752
14411272
14413892
14421294
14421605
14424412
14424970
14430452
14430809
14435495
14435794
14443155
14443305
14451991
14452815
14455326
14456204
14459037
14460099
14461048
14466082
14467131
14469670
14471953
14474369
14478864
14480456
14481668
14483830
14484181
14494742
14495424
14506005
14506656
14517864
14519184
14520545
14523908
14525218
14530696
14533060
14535746
14542081
14544944
14550174
14551101
14553371
14554321
14557271
14558316
14559779
14564872
14565903
14568216
14569862
14572612
14576898
14578721
14579856
14583585
14584258
14586468
14589200
14590856
14596161
14598384
14601256
14607492
14610946
14616452
14616808
14619440
14621826
14623169
14628900
14631522
14634497
14640208
14643464
14687475
14694855
14695036
14695219
14699758
14700444
14705913
14706579
14709212
14709550
14714715
14714805
14715371
14715607
14717615
14717814
14721470
14721997
14725032
14727009
14728346
14729597
14729978
14735076
14735856
14736909
14740418
14740566
14742795
14743605
14747326
14747501
14748093
14748634
14750075
14750453
14754647
14754731
14757730
14759656
14761238
14762486
14762703
14767585
14769092
14769195
14773168
14773397
14775834
14776397
14783693
14787691
14789178
14789964
14792337
14797590
14799253
14800166
14801496
14805155
14812535
14812907
14814031
14814134
14815725
14815966
14820029
14820218
14823152
14824930
14827029
14827963
14828501
14833608
14834593
14834778
14838628
14839053
14840886
14841995
14847692
14850744
14856625
14862150
14868835
14882187
14886106
14887030
14888579
14890284
14895669
14897933
14898769
14899366
14903640
14909683
14916627
14917216
14943738
14943965
14944955
14945141
14946743
14947275
14950767
14951158
14953956
14956496
14957613
14959454
14959533
14964642
14965608
14965910
14969569
14970379
14971989
14973210
14978726
14981548
14987640
14993091
15000401
15011235
15014246
15020876
15025841
15033048
15041691
15042615
15043796
15044879
15047209
15048798
15053202
15055937
15057437
15058698
15064336
15065189
15068200
15070340
15071746
15079194
15082902
15083733
15084856
15087171
15091821
15094315
15094956
15096145
15100550
15107607
15108239
15109897
15110206
15112402
15114525
15118885
15121666
15122523
15123572
15129633
15131018
15133840
15136264
15136836
15139271
15139452
15139635
15153159
15153376
15158300
15159168
15164435
15165024
15173032
15174000
15176513
15180482
15183364
15184944
15188644
15193154
15194248
15198465
15205807
15206358
15206782
15207149
15209309
15209402
15213045
15213275
15216577
15218596
15219787
15221431
15221611
15226736
15227618
15228181
15231464
15232058
15234189
15235606
15242357
15246893
15248139
15248561
15250758
15255962
15257814
15259288
15259939
15264332
15273329
15276867
15282886
15287736
15295148
15302894
15303580
15309838
15310272
15331356
15332224
15339352
15342289
15348387
15353196
15360422
15369295
15370782
15371378
15372445
15375109
15376443
15380682
15383588
15384855
15385993
15391874
15393332
15396353
15397968
15399176
15402270
15403101
15404421
15405595
15407210
15409303
15414036
15416456
15417391
15418930
15425028
15425737
15428674
15430913
15431728
15435457
15436450
15438244
15442280
15445264
15447554
15450960
15455272
15456321
15460484
15472182
15476501
15477133
15478342
15479992
15485131
15487098
15488323
15489676
15493425
15499513
15500179
15506457
15507232
15527955
15528544
15533117
15534363
15535658
15536215
15538580
15540751
15544425
15547920
15548574
15549637
15555656
15557394
15559940
15561762
15562881
15566180
15567688
15569616
15573665
15576194
15578376
15581602
15586817
15587364
15591504
15598044
15598382
15611932
15612800
15623182
15623616
15632048
15632801
15634786
15639364
15641672
15643777
15647432
15652100
15653392
15656994
15664962
15665860
15667880
15671728
15674401
15676484
15679841
15684752
15685890
15690248
15768725
15769424
15772947
15773284
15774960
15775246
15775787
15776449
15781224
15781402
15782969
15783362
15784007
15784840
15787085
15787428
15788188
15788833
15790358
15790754
15801613
15802020
15805665
15805980
15807539
15807940
15808602
15808936
15813686
15814338
15815758
15816592
15816857
15817506
15819915
15820609
15821063
15821416
15823216
15823381
15830665
15833266
15839525
15844948
15851850
15867233
15867403
15871015
15871432
15873116
15873921
15874198
15874882
15879253
15879600
15881363
15882020
15882510
15882864
15885594
15885992
15886562
15886873
15888429
15889092
15898008
15898181
15901894
15901993
15902833
15903370
15911250
15911468
15913140
15913731
15928618
15931732
15938121
15942821
15950482
15959317
15959880
15960139
15960784
15962646
15962785
15966349
15966626
15974458
15974756
15998010
15998664
16002137
16002946
16004231
16004904
16005397
16005808
16010381
16011076
16012572
16012897
16013540
16013843
16016738
16016918
16017454
16017872
16019531
16019873
16028780
16029330
16033108
16033315
16033957
16034584
16042374
16042569
16044241
16044330
16061609
16062214
16065937
16066122
16066764
16066866
16074851
16075412
16077125
16077368
16090183
16090928
16091585
16091662
16093340
16093794
16097337
16098180
16105704
16105747
16125522
16128645
16134314
16139593
16146740
16155873
16155918
16156764
16157474
16159172
16159257
16162963
16163432
16171047
16171920
16188941
16189090
16189594
16189860
16191541
16191848
16195851
16196432
16203862
16204481
16260182
16260514
16264334
16265008
16266521
16266850
16267620
16267789
16272651
16273057
16274664
16274951
16275516
16275905
16278581
16279248
16279635
16280452
16281754
16282440
16289093
16292426
16298644
16303410
16310441
16323779
16323892
16327800
16328325
16329033
16329254
16337066
16337681
16339340
16339538
16352406
16352673
16353325
16353634
16355610
16356164
16359509
16360136
16368139
16368304
16389450
16389681
16393394
16393996
16394627
16394836
16402648
16402725
16404582
16405129
16417852
16418690
16419044
16419097
16420947
16421672
16425424
16425479
16433294
16433761
16450713
16451172
16451635
16452488
16453872
16453895
16457806
16458529
16466370
16466460
16518324
16521513
16527698
16533130
16540229
16548954
16549572
16550421
16550568
16552075
16552368
16556086
16556385
16564493
16565058
16582088
16582163
16582791
16583280
16584750
16585601
16589026
16589084
16597081
16597796
16647211
16647536
16648470
16649025
16650317
16650946
16654874
16655012
16662677
16662952
16817533
16821879
16823550
16825179
16826041
16826262
16829886
16831963
16833423
16834155
16834268
16836271
16837437
16838101
16838478
16839383
16840039
16840506
16840941
16841139
16850639
16854269
16856535
16857790
16858478
16858933
16863063
16865182
16866107
16866554
16866727
16868731
16869999
16871091
16871309
16871869
16873078
16873177
16873931
16874332
16915899
16920015
16922525
16922999
16924269
16924371
16928445
16930615
16931454
16932310
16932697
16934622
16935163
16936316
16936747
16937807
16938229
16938414
16939687
16939930
17008598
17009389
17011642
17015285
17017950
17018721
17020059
17020644
17022370
17023851
17028367
17028592
17029661
17030082
17030817
17033271
17034152
17034960
17037128
17037668
17047390
17051547
17053487
17054429
17054955
17055164
17059183
17061501
17062135
17063598
17063829
17065399
17066462
17067642
17067719
17068731
17069517
17069907
17070457
17070902
17139559
17140686
17142524
17145316
17145367
17146809
17152143
17152872
17153921
17154547
17157211
17158050
17161840
17163549
17164001
17165768
17166398
17167312
17168164
17168610
17204718
17206140
17208281
17210447
17211304
17212147
17218032
17218078
17219170
17220519
17222935
17223396
17227201
17228859
17229762
17231664
17232029
17232737
17233128
17234820
17237941
17238507
17240950
17245133
17247383
17247976
17249566
17249761
17252176
17253114
17258011
17258436
17258543
17259440
17259880
17262685
17263458
17264036
17266338
17267393
17270137
17270667
17271030
17271635
17273543
17273645
17275962
17277402
17277614
17280537
17282087
17283349
17285564
17285749
17288333
17290332
17291411
17294870
17295630
17297483
17309367
17313598
17315451
17316271
17317338
17317703
17321691
17323247
17324509
17325427
17325869
17327965
17329047
17329398
17329593
17330558
17331900
17332107
17332853
17332942
17401338
17402741
17404875
17408758
17411131
17412004
17413199
17414000
17415880
17417133
17421469
17422050
17422615
17422824
17424196
17426974
17427393
17427810
17429921
17431216
17467324
17467897
17470323
17472798
17473264
17474503
17479773
17480609
17481156
17482478
17484847
17485768
17489698
17491095
17491812
17493217
17494498
17494555
17495952
17496680
17499897
17501107
17502695
17505341
17506241
17507182
17512731
17513186
17514280
17515484
17517726
17518448
17521892
17524200
17524239
17526658
17526871
17527716
17528417
17529296
17532365
17532583
17533358
17533562
17535356
17535893
17538571
17539307
17539929
17542407
17544732
17545366
17547987
17548086
17550421
17552435
17553486
17556762
17557657
17559597
17598187
17599414
17601005
17605498
17608207
17608656
17609789
17610658
17612129
17613781
17618007
17618792
17619102
17619681
17620400
17623323
17623524
17624744
17626820
17627970
17631187
17631975
17634222
17636507
17637218
17637884
17643575
17644484
17644784
17646457
17649121
17649181
17653640
17654878
17655728
17657444
17658127
17658600
17659330
17660705
17663221
17663836
17664729
17664811
17666518
17666739
17669389
17670567
17670765
17673372
17675539
17676378
17678702
17679258
17681462
17683982
17684537
17687691
17688647
17691157
17696621
17697754
17699573
17703851
17706269
17706466
17708567
17709000
17710756
17711606
17716286
17717153
17717339
17718116
17718978
17721487
17722096
17723201
17724784
17725864
17728947
17729142
17729895
17730445
17731834
17732430
17734805
17736412
17736501
17738835
17740942
17741867
17744331
17744569
17747482
17749273
17750535
17753165
17754172
17756438
17761998
17762106
17762773
17763004
17764793
17764971
17767510
17768819
17769366
17771566
17773657
17775117
17776877
17777479
17779979
17781895
17783068
17785909
17787411
17789082
17929902
17930181
17931986
17933801
17934163
17934780
17935082
17939109
17943239
17943410
17944393
17944953
17945524
17950068
17953194
17992939
17993309
17996443
17996598
18001454
18002103
18002381
18003065
18005769
18007390
18007957
18011335
18012572
18013300
18014511
18014842
18017043
18017674
18019877
18020562
18027891
18028457
18030004
18032316
18032586
18033138
18033479
18037097
18041273
18041588
18042538
18043598
18043749
18048709
18051922
18058541
18061658
18067220
18068053
18069042
18072758
18076778
18077897
18080395
18082181
18124446
18124597
18127037
18127307
18132359
18133307
18133622
18134812
18136276
18138362
18138703
18142771
18143342
18145034
18145623
18146189
18147545
18148453
18150802
18151977
18156719
18157018
18159934
18160245
18164851
18166109
18166667
18166990
18169386
18171543
18171693
18175385
18176775
18177221
18178294
18178651
18180668
18181906
18183273
18184596
18191587
18193745
18196088
18197286
18201155
18205585
18206008
18207180
18212012
18215558
18224860
18225002
18227013
18228583
18229170
18229945
18230228
18234058
18237925
18238286
18238834
18239923
18240233
18245033
18248372
18257798
18259235
18261457
18262252
18266438
18270819
18271409
18273080
18278040
18281036
18288203
18291350
18296357
18297005
18297972
18302293
18306258
18307466
18309434
18311945
18323089
18326860
18327715
18336344
18338086
18388468
18388825
18390378
18392494
18392805
18393811
18393961
18398036
18401660
18402218
18402725
18404007
18404306
18409138
18412233
18418999
18419309
18422095
18422682
18427673
18428149
18428510
18429479
18431365
18433211
18433494
18437244
18438355
18439730
18440861
18441003
18442638
18443465
18446100
18446442
18452117
18454699
18460050
18460982
18462474
18466394
18470441
18471013
18473293
18475220
18484571
18485142
18487533
18487895
18492636
18494095
18494266
18494867
18496626
18498877
18499179
18503438
18504249
18505097
18505918
18506197
18507879
18509364
18511050
18512645
18519660
18521254
18523939
18525080
18528556
18532806
18534019
18534641
18540113
18542936
18552280
18554508
18556134
18557553
18561208
18565932
18566726
18568067
18572611
18575665
18584902
18588849
18590284
18598179
18600600
18617767
18618098
18620073
18622169
18622324
18622830
18623397
18626994
18631347
18631625
18632404
18633194
18633564
18638666
18641253
18648406
18651725
18656458
18657946
18658697
18662699
18667269
18668084
18669749
18671730
18683697
18685528
18687884
18688451
18692753
18696440
18697548
18698854
18703654
18706595
18715832
18720326
18721073
18729612
18731331
18746554
18749749
18754665
18755915
18756805
18761357
18765204
18766610
18768470
18770474
18781763
18785592
18786950
18794833
18796716
18814252
18818691
18819416
18827430
18829905
18978365
18980053
18982671
18983323
18984163
18986444
18987563
18988344
18991326
18992922
18993271
18995089
18996006
18996396
18998381
18999928
19000966
19001750
19002947
19003729
19042243
19043813
19043934
19045094
19047735
19048169
19049117
19049322
19051436
19053906
19056497
19056975
19057586
19058875
19059668
19062057
19063288
19066036
19068554
19069509
19076207
19078541
19080763
19082014
19082712
19085187
19085434
19086918
19089815
19090998
19091677
19093292
19094129
19094851
19096779
19097830
19098929
19100437
19100856
19102348
19107660
19110616
19116721
19121510
19128739
19173105
19175055
19175282
19176355
19178843
19179444
19179710
19180485
19182054
19185225
19187672
19188201
19188311
19190077
19190506
19193172
19194732
19197226
19199141
19200658
19206072
19207351
19208137
19208689
19211754
19211869
19212591
19213042
19215203
19218068
19220204
19221147
19221364
19222878
19223461
19226186
19227590
19230021
19232050
19232937
19238446
19241372
19247225
19252423
19260179
19272923
19275531
19276926
19278391
19279750
19281720
19282134
19283121
19286813
19287157
19288463
19289699
19290348
19291800
19293594
19294673
19295820
19296813
19297606
19298595
19303644
19307065
19313043
19318542
19325031
19336867
19339686
19345772
19351249
19358552
19369362
19371316
19372133
19375749
19376457
19378954
19383849
19384490
19386962
19390676
19437335
19438710
19441053
19441871
19443308
19444977
19446541
19447427
19449979
19451275
19452478
19453382
19454872
19455569
19457589
19458851
19459416
19460314
19461420
19462310
19467756
19469627
19470068
19471224
19474078
19474277
19474775
19475369
19477457
19479722
19482534
19482813
19483594
19485170
19485263
19488389
19489507
19492434
19494217
19495220
19500465
19503459
19510086
19515064
19522252
19533670
19535197
19535786
19536844
19539119
19539922
19540468
19540571
19542776
19545381
19547619
19548478
19548901
19550871
19551081
19553458
19555249
19558025
19560020
19560778
19566361
19568851
19575335
19580028
19587470
19598451
19602183
19607758
19613081
19620412
19631306
19633810
19634740
19637588
19638437
19640713
19646213
19647049
19648810
19652722
19666334
19668538
19670231
19671165
19672881
19674726
19675541
19676492
19679791
19680461
19682075
19682552
19683779
19684646
19687190
19688332
19688611
19689579
19691153
19692120
19697350
19700396
19706296
19711811
19718513
19729799
19732590
19739420
19744307
19751129
19762281
19764554
19766034
19768498
19769940
19771589
19776916
19777829
19780233
19784234
19795320
19798865
19804867
19809708
19817126
19828261
19829929
19831178
19834442
19835186
19837044
19842258
19843732
19845445
19849993
19861268
19863109
19863753
19866921
19868298
19870258
19874922
19876178
19878068
19882373
19930364
19930739
19930926
19937753
19942855
19943225
19949020
19952252
19952519
19957431
19957611
19958191
19958742
19960190
19960557
19964765
19964858
19967856
19969762
19971349
19972597
19972827
19977704
19979201
19979322
19983268
19983501
19985942
19986507
19989885
19990266
19991387
19991477
19993067
19993303
19997359
19997558
20000484
20002288
20004365
20005310
20005837
20010946
20011944
20012118
20015969
20016395
20018229
20019354
20026778
20030678
20031605
20033176
20034851
20040237
20042507
20043340
20043953
20048198
20055542
20055759
20056766
20056941
20058557
20059098
20062587
20062965
20065761
20068292
20069419
20071255
20071339
20076464
20077410
20077717
20081384
20082202
20083789
20085014
20090296
20093297
20099907
20104876
20112070
20125462
20129173
20129997
20131110
20133464
20138091
20140602
20141219
20142412
20146833
20152572
20152947
20153134
20159516
20160384
20171795
20172384
20177934
20178368
20186555
20187093
20187511
20187883
20190031
20190134
20193773
20194014
20197320
20199329
20200538
20202173
20202362
20207460
20208368
20208909
20212194
20212790
20214923
20216341
20221292
20224856
20230865
20235686
20243107
20254534
20257484
20263608
20268387
20275633
20284695
20285519
20286857
20288030
20289650
20291741
20296453
20298882
20299835
20301364
20307457
20308170
20311120
20313352
20314148
20321845
20326157
20326795
20328017
20329638
20334810
20336758
20338008
20339331
20343084
20349999
20351262
20352562
20353117
20355461
20357659
20361322
20364804
20365463
20366537
20372546
20374292
20376833
20378672
20379784
20382169
20396057
20396832
20416336
20417217
20419234
20423076
20425768
20427841
20431208
20436100
20437264
20441602
20449118
20449197
20449786
20450013
20452027
20452213
20455863
20456395
20459426
20461416
20462742
20463983
20464374
20469473
20470244
20471307
20474832
20474965
20477210
20477997
20485323
20489338
20490806
20491587
20493964
20499221
20500877
20501809
20503110
20506808
20516547
20519590
20525484
20531025
20537720
20545991
20546361
20559879
20560096
20571161
20571936
20582065
20584867
20590950
20596440
20603724
20612254
20613181
20614341
20615451
20617770
20619351
20623764
20626504
20627983
20629266
20634884
20635753
20638754
20640897
20642320
20645405
20646043
20647690
20647991
20650196
20652303
20656681
20659472
20660318
20661349
20667432
20668818
20671620
20674050
20674625
20678050
20679012
20681544
20685520
20688385
20689956
20693665
20698192
20699266
20703496
20714605
20719147
20720410
20720812
20723025
20728214
20730069
20731526
20732216
20736579
20742620
20756508
20757376
20776027
20777495
20778100
20779151
20781833
20783166
20787410
20790305
20791581
20792714
20798608
20800037
20803080
20804676
20805890
20809416
20810416
20812193
20816226
20819204
20821520
20824900
20829218
20830280
20834433
20841084
20841351
20859932
20860800
20869127
20869344
20874593
20876098
20878020
20882088
20884624
20886786
20890032
20895240
20895777
20899908
20907684
20908456
20910448
20915009
20917314
20919432
20923074
20927745
20929028
20932656
21075067
21077387
21079614
21080855
21081542
21084056
21084278
21085777
21088669
21089845
21090511
21092131
21092972
21093720
21095642
21096689
21097772
21099277
21099686
21101187
21139366
21140669
21141450
21141996
21145074
21145167
21145915
21146356
21148536
21151365
21153507
21154462
21154661
21156183
21156777
21159506
21160913
21163337
21165364
21166250
21173470
21176090
21177463
21178941
21180305
21182246
21182677
21183660
21187343
21187693
21189019
21190264
21190883
21192326
21194134
21195212
21196355
21197355
21198161
21199160
21204664
21207473
21213539
21219020
21226310
21269987
21271870
21272293
21273446
21276311
21276521
21277021
21277610
21279692
21281970
21284785
21285039
21285842
21287412
21287515
21290633
21291768
21294676
21296458
21297445
21303153
21304655
21305266
21306307
21308603
21309396
21309925
21310046
21312230
21314857
21317112
21317943
21318377
21320349
21320554
21322932
21324716
21327498
21329477
21330258
21335164
21338905
21344467
21349774
21357095
21370263
21372470
21374173
21375087
21376812
21378673
21379469
21380419
21383739
21384395
21386014
21386470
21387736
21388593
21391125
21392259
21392568
21393530
21395084
21396038
21400985
21403763
21410567
21415484
21422286
21433702
21437260
21443288
21448099
21455537
21466885
21468745
21469386
21472554
21473938
21475892
21480562
21481812
21483685
21488009
21534255
21535949
21538587
21539230
21540088
21542339
21543482
21544230
21547223
21548822
21549181
21550988
21551921
21552291
21554283
21555814
21556881
21557653
21558872
21559628
21565400
21566953
21567063
21568241
21570877
21571306
21572239
21572466
21574563
21577044
21579628
21580123
21580724
21582014
21582789
21585194
21586406
21589157
21591698
21592649
21598019
21600966
21607084
21611889
21619128
21630700
21632667
21632884
21633976
21636446
21637029
21637303
21638089
21639665
21642826
21645254
21645802
21645917
21647663
21648114
21650757
21652323
21654834
21656745
21658260
21663283
21666183
21672046
21677273
21685020
21695687
21699118
21705116
21710611
21717113
21728660
21730597
21731433
21735049
21735754
21738258
21743146
21743794
21746260
21749957
21763869
21765237
21767567
21768411
21769827
21771500
21773067
21773976
21776510
21777818
21778999
21779921
21781382
21782092
21784109
21785400
21785926
21786838
21787939
21788849
21794220
21797240
21803857
21808806
21816003
21827342
21829852
21836345
21840999
21848467
21859538
21862036
21862949
21865797
21866665
21868938
21874441
21875274
21877042
21880948
21892817
21895843
21901734
21907288
21913964
21924970
21927250
21928724
21931188
21932613
21934281
21939589
21940521
21942922
21946930
21958185
21959850
21961106
21964370
21965108
21966949
21972180
21973637
21975369
21979914
22031787
22033781
22034102
22034251
22042042
22042317
22042987
22043061
22043350
22047405
22054649
22054799
22055166
22055859
22057447
22057789
22060897
22061531
22061934
22068162
22068366
22069879
22070236
22072816
22076935
22079400
22080595
22082276
22082841
22083644
22087150
22087483
22088151
22088572
22090351
22090713
22093544
22094579
22094750
22100912
22101267
22102269
22102951
22106052
22109241
22112098
22113436
22114785
22115854
22116423
22121701
22122062
22125212
22125354
22130873
22131156
22136135
22136722
22143283
22143593
22152830
22153171
22153959
22154141
22155515
22156206
22158818
22159868
22160183
22166372
22167068
22168015
22168441
22171553
22174798
22177520
22179079
22180808
22180915
22182041
22191313
22198819
22204184
22209644
22212998
22219955
22220233
22223143
22223474
22229326
22229893
22234777
22234932
22241514
22241884
22251031
22251663
22253630
22255372
22257949
22259075
22259928
22264898
22265947
22268006
22270513
22273281
22277168
22279304
22280708
22283511
22284220
22284793
22285103
22286814
22287219
22290384
22291069
22291399
22297313
22297639
22299374
22299547
22302568
22305939
22308324
22310425
22311842
22312028
22313230
22322744
22329745
22334668
22341382
22343779
22355340
22362232
22367782
22373571
22377233
22380971
22393867
22394208
22416732
22417290
22419700
22420057
22426259
22426409
22431022
22431333
22438055
22438354
22446453
22446774
22446923
22457365
22458016
22467606
22468288
22472715
22473056
22479933
22481179
22483031
22484515
22487567
22488856
22489478
22494352
22495390
22497489
22499436
22502920
22506564
22508802
22509601
22512872
22514480
22516161
22518820
22520418
22526216
22528900
22531202
22537729
22540368
22545885
22546279
22547067
22547406
22549244
22549399
22552484
22552815
22553529
22559208
22559833
22561267
22561598
22564578
22568220
22570945
22572078
22573936
22574215
22575635
22580537
22580852
22583635
22584201
22589682
22590023
22594748
22595018
22602382
22602533
22617190
22625036
22629763
22636081
22638808
22643998
22644829
22647323
22648209
22651031
22652108
22653027
22658088
22659119
22661688
22663942
22666372
22670850
22672449
22673680
22683395
22689990
22695025
22701464
22704684
22708666
22708941
22721562
22722368
22730765
22731168
22741355
22741429
22741718
22752267
22752608
22754325
22754976
22763542
22764224
22775393
22776706
22778084
22781456
22782760
22788225
22790608
22793288
22799620
22802466
22810247
22810418
22812846
22813125
22819132
22819434
22824169
22824531
22831449
22832020
22840475
22841399
22843663
22844614
22847582
22848625
22850092
22855169
22856221
22858499
22860184
22862928
22867208
22869028
22870146
22872749
22893581
22893984
22906660
22907336
22909552
22912258
22913921
22919236
22921442
22924321
22930576
22934024
22938703
22940190
22941853
22942840
22945851
22947366
22948625
22953220
22954263
22956428
22958275
22961186
22965377
22967824
22968392
22972304
22972641
22975266
22977672
22979012
22984752
22987368
22990340
22996034
22999297
23004610
23005796
23008136
23010369
23011568
23017986
23020321
23022864
23028776
23031940
23080374
23080651
23082362
23082413
23082709
23090859
23091030
23092045
23095669
23095994
23102935
23103356
23104111
23104473
23106291
23106462
23109552
23109885
23110567
23116257
23116871
23118318
23118651
23121640
23125267
23128004
23129145
23130978
23131292
23132686
23135975
23136157
23136507
23137198
23138812
23139127
23142244
23142863
23143289
23149512
23149721
23151230
23151571
23154146
23158300
23160737
23161934
23163632
23164167
23164979
23170343
23170674
23173454
23174021
23179498
23179868
23184563
23184841
23192217
23192372
23201273
23201583
23202270
23202675
23204477
23204807
23207649
23208686
23208859
23215010
23215374
23216375
23217084
23220176
23223335
23226216
23227539
23228900
23229977
23230556
23239800
23247633
23252364
23258662
23261379
23268596
23268953
23272083
23272233
23277735
23278034
23283036
23283594
23290158
23290469
23299355
23300183
23302671
23303558
23306398
23307473
23308396
23313441
23314493
23317027
23319320
23321744
23326216
23327812
23329026
23332475
23332814
23333628
23333783
23335151
23335865
23338472
23339507
23339838
23346032
23346707
23347677
23348071
23351204
23354457
23357154
23358748
23360449
23360558
23361671
23371532
23378136
23383142
23389571
23392817
23403718
23411244
23416579
23422065
23425432
23429558
23429835
23442454
23443136
23451659
23452000
23465134
23465413
23468348
23468650
23474521
23475092
23479943
23480114
23486697
23487059
23495034
23495085
23495381
23505946
23506752
23507981
23508384
23517205
23517856
23528990
23529629
23531579
23533329
23535895
23537036
23537859
23542856
23543887
23545976
23548454
23551236
23555106
23557249
23558672
23561828
23563144
23564528
23567874
23569185
23574660
23577026
23579713
23586064
23588904
23594238
23594931
23595495
23595837
23597531
23597934
23601090
23601783
23602140
23608036
23608380
23610105
23610255
23613281
23616654
23619056
23621127
23622568
23622739
23623961
23629468
23629610
23632057
23632340
23638323
23638633
23643365
23643726
23650631
23651218
23666211
23673222
23678161
23684888
23687276
23692431
23693374
23695645
23696600
23699547
23700582
23702065
23707140
23708183
23710476
23712131
23714882
23719169
23721008
23722120
23731601
23738467
23744056
23749836
23753478
23757483
23757654
23778315
23778656
23783446
23784128
23790413
23816205
23816608
23824176
23824833
23827042
23829768
23831428
23836752
23838952
23841828
23848066
23851521
23858515
23859081
23861490
23861831
23868046
23868197
23872825
23873140
23879868
23880138
23888989
23890459
23892119
23893091
23896111
23897656
23898886
23903504
23904542
23906705
23908556
23911464
23915652
23918082
23918657
23921013
23921338
23931925
23932576
23942170
23942976
23955330
23955684
23958312
23960705
23962064
23967778
23970401
23973392
23979080
23982340
23987255
23988495
23990366
23991852
23994909
23996163
23996824
24001666
24002715
24004806
24006769
24010241
24013904
24016136
24016932
24020424
24021616
24023937
24026180
24027362
24033800
24036132
24038658
24044577
24047760
24052961
24054562
24056260
24058928
24060520
24066305
24069008
24071304
24077828
24080450
24157229
24157892
24161372
24162177
24163475
24164132
24164634
24165032
24169622
24170306
24171790
24172144
24172770
24173081
24175969
24176139
24176679
24177096
24178773
24179120
24190027
24190369
24194183
24194856
24196380
24196705
24197474
24197654
24202517
24202928
24204516
24204819
24205358
24205776
24208442
24209096
24209497
24210306
24211597
24212292
24218794
24222004
24228169
24233605
24240722
24255642
24256328
24259865
24260194
24261864
24262151
24262709
24263376
24268132
24268301
24269884
24270273
24270931
24271748
24274006
24274338
24275086
24275760
24277259
24277665
24286310
24286857
24290634
24290865
24291506
24292108
24299907
24300116
24301784
24301861
24317266
24320581
24326794
24331561
24338612
24347725
24348354
24349210
24349348
24350869
24351144
24354859
24355184
24363286
24363841
24386838
24387234
24390896
24391182
24392761
24393154
24393805
24394148
24398891
24399553
24400967
24401800
24402076
24402721
24405141
24405840
24406291
24406628
24408424
24408602
24417460
24418051
24421784
24421957
24422598
24422697
24430705
24431242
24432978
24433196
24450257
24450346
24454252
24454802
24455508
24455715
24463525
24464152
24465798
24465993
24479172
24479257
24479891
24480360
24481831
24482704
24486113
24486158
24494172
24494882
24514196
24516777
24523058
24528458
24535365
24544339
24545064
24545744
24545799
24547470
24547937
24551484
24552322
24559844
24559897
24577163
24577456
24578102
24578401
24580365
24580930
24584282
24584900
24592917
24593064
24649072
24649237
24652851
24653252
24654926
24655760
24656011
24656705
24661082
24661416
24663193
24663842
24664327
24664680
24667405
24667812
24668385
24668700
24670262
24670914
24677961
24681106
24686757
24692052
24699178
24712517
24712760
24716457
24717062
24717713
24717898
24725708
24725810
24727651
24728212
24740917
24741224
24742155
24742736
24744022
24744641
24748557
24748706
24756378
24756644
24778124
24778322
24782019
24782132
24782968
24783493
24791369
24791590
24793258
24793873
24806640
24806663
24807502
24808225
24809922
24810012
24813721
24814180
24821811
24822664
24839214
24840065
24840418
24840476
24842329
24843044
24846792
24846867
24854663
24855152
24907045
24910154
24916564
24921266
24928905
24938006
24938145
24938637
24938914
24940602
24940900
24944917
24945480
24952907
24953552
24970396
24970850
24971321
24972164
24973544
24973587
24977479
24978224
24986049
24986126
25036058
25036612
25036885
25037512
25039371
25039536
25043094
25043361
25051181
25051490
25269683
25269993
25271988
25274076
25274218
25274727
25275314
25278889
25283257
25283540
25284298
25285093
25285454
25290565
25293170
25333391
25333562
25335998
25336277
25341331
25342269
25342571
25343758
25345226
25347309
25347671
25351737
25352295
25353989
25354587
25355158
25356508
25357426
25359753
25360948
25368042
25368412
25369957
25372071
25372402
25373401
25373556
25377610
25381230
25381797
25382322
25383603
25383881
25388713
25391828
25398603
25401942
25406661
25408141
25408916
25412917
25417490
25418282
25419962
25421929
25463991
25464269
25467183
25467514
25472121
25473374
25473941
25474247
25476645
25478811
25478966
25482652
25484051
25484498
25485547
25485917
25487918
25489161
25490548
25491850
25496891
25497206
25499991
25500557
25505564
25506042
25506383
25507379
25509266
25511101
25511371
25515118
25516249
25517609
25518750
25518901
25520519
25521364
25523978
25524325
25532216
25534028
25536390
25536977
25541272
25544940
25546054
25547363
25552163
25555121
25564839
25565138
25566921
25568756
25569113
25569710
25570021
25574066
25578195
25578345
25579348
25579900
25580458
25585002
25588133
25597169
25599320
25601644
25602851
25606737
25611160
25611564
25612742
25617574
25621123
25628314
25630901
25636233
25637163
25638661
25642573
25646644
25647218
25649494
25651402
25662636
25667139
25667896
25676422
25678161
25728718
25728869
25730898
25732467
25733033
25733820
25734090
25737925
25741810
25742151
25742697
25743801
25744116
25748916
25752234
25759069
25759627
25762038
25762395
25767118
25768599
25768749
25769369
25771113
25773374
25773685
25777927
25778748
25779604
25780399
25780698
25782387
25783850
25785541
25787154
25791661
25794874
25799796
25801045
25801938
25806486
25810314
25811721
25813579
25815589
25824501
25824862
25827997
25828139
25832999
25833659
25833942
25834620
25837332
25838927
25839514
25842899
25844110
25844842
25846071
25846381
25848601
25849221
25851442
25852105
25859971
25861425
25863640
25864422
25868611
25873009
25873592
25875244
25880204
25883206
25892454
25894051
25896753
25897868
25901350
25905603
25906833
25907448
25912920
25915724
25925201
25929004
25930371
25938264
25940134
25957753
25958324
25959850
25962158
25962437
25962985
25963347
25966964
25971132
25971434
25972389
25973447
25973618
25978578
25981769
25988693
25991819
25996850
25997494
25998442
26002778
26006729
26007941
26009901
26012436
26023372
26025606
26027235
26028664
26032300
26037030
26037827
26039185
26043729
26046776
26055974
26060433
26061132
26069155
26071640
26086710
26089805
26095370
26096218
26097193
26100907
26104933
26106068
26108565
26110354
26121880
26125638
26126513
26135116
26136867
26154307
26158264
26159686
26167601
26169996
26221799
26229198
26229564
26229651
26234105
26234766
26240238
26240819
26243315
26248637
26249178
26249595
26249973
26252119
26252203
26255862
26256079
26259396
26261424
26262605
26264254
26264429
26269538
26270440
26270998
26274273
26274859
26277013
26278426
26281807
26281910
26282477
26282718
26284733
26284922
26288571
26289109
26292129
26294116
26295435
26296695
26297067
26302192
26302946
26304021
26307528
26307674
26309901
26310710
26317942
26322485
26323725
26324134
26326360
26331531
26333402
26334851
26335532
26339921
26347195
26347381
26347959
26348491
26349935
26350326
26354526
26354605
26357608
26359521
26361114
26362362
26362589
26367460
26368976
26369069
26373026
26373270
26375691
26376277
26381670
26385228
26391256
26396067
26403505
26416341
26420333
26421803
26422609
26424966
26430234
26431894
26432824
26434115
26437804
26444007
26450951
26451168
26477950
26478317
26479453
26479546
26481141
26481371
26485431
26485611
26488546
26490344
26492438
26493359
26493910
26499009
26500004
26500171
26504048
26504469
26506298
26507405
26513219
26516166
26522284
26527089
26534328
26545873
26548899
26554790
26560344
26567020
26575965
26577435
26578026
26579095
26581780
26583087
26587337
26590256
26591518
26592645
26598536
26599986
26603012
26604610
26605825
26613133
26617035
26617978
26619532
26621233
26626614
26628885
26629702
26630328
26634563
26641691
26642519
26643860
26645007
26646633
26648734
26653458
26655873
26656829
26658346
26664464
26665157
26668104
26670340
26671138
26673614
26673980
26674067
26687502
26687936
26698780
26699648
26701843
26702432
26707652
26708648
26710448
26714465
26717442
26719752
26723138
26727457
26728516
26732688
26740203
26740439
26741423
26741622
26743230
26743757
26747261
26747642
26750448
26752962
26754101
26755931
26756021
26761128
26762081
26762394
26766052
26766861
26768470
26769675
26777146
26781462
26782101
26783320
26784931
26790093
26792043
26793292
26794641
26798374
26807992
26810801
26816867
26822348
26829638
26837241
26837902
26844185
26844960
26865678
26866112
26873260
26876280
26882897
26887846
26895043
26903607
26904847
26906153
26906718
26909074
26911261
26914917
26918402
26919067
26920148
26926145
26927882
26930448
26932264
26933380
26936463
26937406
26938578
26939677
26941989
26943579
26947978
26950724
26952215
26953481
26959106
26959988
26962977
26965136
26966536
26969456
26970945
26972866
26976932
26979464
26981633
26984872
26990084
26990640
26994754
27006731
27010458
27011286
27012387
27014732
27019381
27021869
27022513
27023686
27028120
27033838
27034419
27040782
27041216
27059219
27059808
27067934
27068573
27070213
27070523
27072714
27074839
27079220
27081992
27082831
27083890
27089956
27091337
27094146
27096577
27097168
27100834
27101604
27103592
27108176
27110465
27112580
27116225
27120912
27122178
27125800
27132147
27139091
27139680
27166536
27167440
27169441
27173282
27175972
27178064
27181412
27186306
27187464
27191809
27198881
27199842
27202372
27206344
27209232
27210786
27214512
27219016
27220097
27224324
27274603
27274925
27275093
27276986
27284853
27285323
27285882
27285933
27290326
27297019
27297710
27298300
27298615
27300303
27300729
27303880
27304574
27304915
27310832
27311155
27312871
27313053
27316068
27319449
27321826
27323932
27325345
27325518
27326727
27330014
27330419
27331197
27331527
27333358
27333531
27336610
27336951
27337660
27343332
27343964
27345401
27345711
27348705
27352334
27355088
27356199
27358056
27358355
27359769
27365011
27365161
27367591
27367890
27373870
27374181
27378932
27379289
27386204
27386762
27395836
27395991
27396335
27397049
27398643
27398974
27402096
27402717
27403111
27409345
27409543
27411067
27411406
27413992
27418131
27420580
27421785
27423458
27424028
27424814
27434540
27441560
27446470
27453187
27455601
27462972
27463274
27466073
27466644
27472105
27472467
27477166
27477445
27484807
27484978
27493533
27494459
27496727
27497667
27500623
27501688
27503142
27508240
27509278
27511569
27513228
27515976
27520260
27522082
27523201
27526631
27526973
27527643
27528046
27529847
27530204
27533028
27534073
27534223
27540392
27540761
27541758
27542451
27545538
27548732
27551585
27552910
27554288
27555335
27555923
27565446
27572332
27577891
27583697
27587352
27597923
27605766
27610513
27616824
27619532
27623787
27624109
27624277
27634699
27635040
27644941
27645344
27650069
27650720
27659506
27659847
27662990
27663141
27668668
27668938
27673939
27674505
27681081
27681396
27689658
27710490
27711296
27723023
27723870
27726365
27727256
27730075
27731142
27732081
27737124
27738167
27740716
27742979
27745410
27749889
27751504
27752712
27756322
27756996
27759208
27761921
27763600
27768898
27771105
27774000
27780232
27783684
27788911
27789273
27790067
27790238
27791613
27792295
27794913
27795950
27796283
27802466
27803150
27804119
27804540
27807664
27810887
27813608
27815187
27816900
27817017
27818140
27823438
27824005
27826410
27826780
27832985
27833140
27837735
27838066
27844787
27845065
27860753
27867331
27872376
27878796
27882022
27886679
27888143
27889822
27890796
27893821
27895331
27896600
27901186
27902235
27904390
27906257
27909153
27913360
27915784
27916356
27925720
27933233
27938572
27944038
27947395
27951477
27951947
27962389
27963040
27977739
27978080
27984250
27984301
27995162
27995968
27997197
27997600
28018568
28018928
28021537
28023940
28025282
28031016
28033636
28036610
28042305
28045584
28052665
28052948
28055859
28056169
28062023
28062610
28067484
28067626
28074213
28074574
28083262
28084509
28086363
28087857
28090903
28092172
28092803
28097672
28098703
28100824
28102758
28106244
28109890
28112129
28112944
28115670
28137494
28138176
28149185
28150370
28152708
28154960
28156136
28162561
28164912
28167432
28173348
28176514
28182043
28182679
28184623
28186374
28188958
28190097
28190924
28195905
28196957
28199011
28201528
28204304
28208168
28210308
28211714
28214500
28216104
28217808
28220450
28222049
28227844
28230530
28232833
28239376
28241992
28247664
28248961
28250338
28253704
28255012
28260496
28262856
28265540
28271874
28274721
28351755
28352161
28355816
28356103
28357692
28358081
28358742
28359074
28363829
28364496
28365907
28366724
28366990
28367664
28370074
28370760
28371225
28371554
28373348
28373517
28384616
28384794
28388409
28388802
28390471
28391304
28391573
28392272
28396621
28396964
28398748
28399393
28399891
28400228
28402966
28403362
28403952
28404238
28405803
28406465
28413234
28416325
28422730
28427433
28435092
28449846
28450498
28453966
28454800
28456089
28456738
28457229
28457636
28462219
28462913
28464391
28464744
28465377
28465692
28468592
28468757
28469299
28469700
28471386
28471720
28480682
28481297
28485004
28485202
28485827
28485940
28493944
28494469
28496201
28496422
28511828
28514953
28520626
28525898
28533029
28542475
28542640
28543126
28543393
28545069
28545378
28549402
28549956
28557397
28558024
28580949
28581296
28585107
28585764
28587278
28587632
28588385
28588555
28593434
28593832
28595426
28595737
28596263
28596680
28599341
28600004
28600412
28601217
28602518
28603202
28611800
28611877
28615782
28616329
28617034
28617265
28625074
28625676
28627331
28627540
28644690
28644908
28648628
28649219
28649880
28650053
28657862
28657961
28659825
28660362
28673166
28673633
28674108
28674946
28676324
28676377
28680275
28681000
28688848
28688903
28708005
28711210
28717396
28722834
28729929
28739010
28739100
28739737
28740196
28741683
28742536
28745968
28745991
28753998
28754721
28771386
28771684
28772629
28773192
28774475
28775120
28779030
28779169
28786829
28787106
28843149
28843844
28847388
28847713
28849380
28849683
28850234
28850888
28855650
28855830
28857390
28857808
28858457
28859266
28861515
28861857
28862599
28863272
28864789
28865200
28872330
28874932
28881193
28886597
28893522
28906886
28907081
28910801
28910890
28911724
28912274
28920148
28920355
28922021
28922648
28935437
28936002
28936282
28936900
28938773
28938920
28942475
28942768
28950582
28950881
28972131
28972692
28976453
28976696
28977321
28977926
28985745
28985930
28987596
28987698
29000793
29001508
29002184
29002259
29003911
29004400
29007918
29008769
29016290
29016348
29033704
29033747
29034567
29035312
29036993
29037070
29040796
29041250
29048889
29049732
29101385
29104722
29110917
29115700
29122730
29131925
29132200
29132843
29133168
29135126
29135681
29139021
29139650
29147674
29147812
29164583
29165456
29165793
29165838
29167708
29168418
29172164
29172249
29180051
29180520
29230166
29230785
29231629
29231778
29233306
29233572
29237301
29237608
29245707
29246288
29367772
29367918
29368121
29368199
29374713
29380211
29386183
29386364
29389415
29389721
29394287
29394678
29395806
29395885
29397498
29397725
29401787
29401973
29404897
29406692
29408779
29409719
29410251
29415376
29416354
29416533
29420392
29420826
29422637
29423766
29427189
29427419
29428407
29428587
29430191
29430742
29434238
29434605
29437416
29439937
29441082
29442909
29443002
29448100
29449072
29449357
29453026
29453846
29455435
29456661
29464341
29468045
29468875
29470001
29472326
29476986
29479478
29480120
29481283
29485708
29492670
29493197
29493629
29494010
29496155
29496245
29499883
29500119
29503426
29505448
29506646
29508271
29508470
29513569
29514468
29515019
29518320
29518901
29521050
29522445
29527889
29530819
29536934
29541752
29548972
29562413
29566731
29567386
29568588
29570225
29575382
29577333
29578566
29579928
29583651
29589980
29590126
29590329
29590407
29603868
29604736
29608974
29609408
29615129
29615904
29618183
29618400
29624151
29624235
29624822
29625039
29627070
29627245
29630909
29631450
29634480
29636450
29637781
29639035
29639413
29644520
29645281
29646362
29649860
29649997
29652246
29653035
29658840
29661873
29667747
29673292
29679974
29691564
29694392
29700465
29705926
29713219
29722127
29722782
29724434
29724733
29726917
29729051
29733418
29736196
29737047
29738089
29744162
29745556
29748353
29750800
29751368
29758571
29763130
29764374
29764771
29766988
29772181
29774029
29775505
29776166
29780568
29787230
29788701
29789285
29790363
29793034
29794359
29798612
29801512
29802767
29803922
29809796
29811241
29814274
29815873
29817104
29819129
29826073
29826848
29853345
29854114
29856100
29860680
29862992
29865090
29868752
29873416
29874689
29878308
29886141
29886330
29886907
29887445
29888887
29889259
29893455
29893558
29896548
29898480
29900045
29901293
29901534
29906402
29907912
29908022
29911969
29912203
29914645
29915226
29922710
29926613
29927533
29929094
29930808
29936171
29938458
29939267
29939884
29944145
29953446
29956460
29963096
29968035
29975249
29983347
30002195
30002784
30018915
30022470
30028492
30033329
30040760
30049565
30050395
30051722
30052887
30054516
30056591
30061321
30063760
30064702
30066213
30072328
30073042
30075972
30078210
30079009
30082107
30083351
30084660
30085199
30087561
30089758
30093426
30096897
30097565
30098634
30104656
30106373
30108936
30110756
30111874
30115652
30116552
30118576
30122401
30125090
30127176
30130530
30135425
30136580
30140944
30151898
30155894
30157365
30158168
30160515
30165773
30167435
30168364
30169681
30173350
30179783
30179964
30193671
30193888
30198812
30199680
30213271
30214191
30215369
30216478
30218802
30220381
30224773
30227522
30229019
30230292
30235905
30236778
30239792
30241928
30243332
30246320
30247265
30249794
30253764
30256648
30258209
30261928
30266436
30267536
30271746
30278247
30278553
30297095
30297312
30306329
30307104
30312130
30313124
30314920
30318960
30321921
30324228
30327617
30331952
30332994
30337160
30344552
30346064
30347969
30352034
30354564
30356752
30359972
30365186
30365736
30369857
30448730
30449064
30452889
30453538
30455047
30455400
30456176
30456341
30461197
30461604
30463201
30463516
30464051
30464452
30467126
30467778
30468174
30469008
30470283
30470977
30481558
30482242
30485774
30486128
30487778
30488089
30488621
30489284
30494049
30494219
30495783
30496200
30496860
30497665
30499925
30500272
30501011
30501668
30503194
30503592
30510420
30513737
30519954
30524714
30531749
30547221
30547632
30551268
30551571
30553134
30553552
30554187
30554529
30559290
30559944
30561369
30562178
30562439
30563112
30565517
30566212
30566684
30567009
30568802
30568982
30577868
30577970
30581859
30582420
30583109
30583352
30591145
30591750
30593425
30593610
30609029
30611626
30617908
30623314
30630217
30639258
30639524
30640181
30640488
30642443
30643024
30646358
30646977
30654989
30655138
30678372
30678541
30682172
30682561
30684243
30685060
30685338
30686024
30690390
30690722
30692494
30693168
30693657
30693986
30696715
30697121
30697704
30697991
30699573
30700240
30709065
30709286
30713002
30713617
30714252
30714450
30722243
30722356
30724216
30724741
30741891
30742100
30745816
30745893
30746726
30747273
30755146
30755377
30757042
30757644
30770227
30771080
30771440
30771463
30773326
30774049
30777794
30777884
30785689
30786148
30805289
30808402
30814789
30819508
30827146
30835847
30836336
30836782
30837633
30839010
30839068
30842969
30843684
30851528
30851603
30868758
30869313
30869581
30870210
30872090
30872228
30875797
30876072
30883883
30884208
30940203
30940865
30944327
30945160
30946460
30947105
30947606
30948002
30952597
30953296
30954771
30955108
30955760
30956046
30958952
30959130
30959673
30960066
30961741
30962084
30969010
30972197
30978378
30983817
30990932
31003761
31004298
31008082
31008300
31008948
31009539
31017368
31017541
31019206
31019305
31032395
31033040
31033878
31034017
31035533
31035810
31039546
31039844
31047957
31048520
31069349
31069976
31073670
31073865
31074513
31074602
31082604
31083154
31084884
31085091
31098305
31098382
31099036
31099490
31100985
31101828
31105256
31105299
31113287
31114032
31130716
31131426
31132100
31132185
31133843
31134312
31137831
31138704
31146209
31146254
31198794
31201940
31207593
31212869
31220018
31228973
31229282
31230234
31230788
31232085
31232712
31236619
31236784
31244438
31244705
31261924
31261977
31262803
31263528
31265232
31265287
31269006
31269473
31277116
31277954
31327765
31327912
31328395
31328688
31330358
31330657
31334669
31335234
31342682
31343300
31497570
31497750
31501358
31501776
31503449
31504258
31504525
31505220
31509579
31509921
31511687
31512360
31512860
31513185
31515925
31516336
31516900
31517203
31518778
31519432
31530037
31530704
31534163
31534980
31536270
31536944
31537419
31537825
31542426
31543112
31544601
31544930
31545576
31545863
31548772
31548941
31549500
31549889
31551574
31551906
31559237
31562378
31568052
31573330
31580457
31595597
31595940
31599772
31600417
31601939
31602276
31603048
31603226
31608086
31608482
31610096
31610382
31610937
31611330
31613995
31614657
31615047
31615880
31617173
31617872
31626580
31626787
31630501
31631128
31631750
31631945
31639761
31639850
31641708
31642258
31657129
31660338
31666501
31671956
31679050
31687734
31688033
31688973
31689538
31690842
31691460
31695381
31695528
31703179
31703472
31726731
31727425
31730951
31731304
31732961
31733276
31733814
31734466
31739248
31739413
31740979
31741380
31742030
31742864
31745114
31745448
31746201
31746850
31748365
31748772
31757713
31757898
31761612
31761714
31762531
31763092
31770949
31771192
31772841
31773446
31790200
31790725
31794505
31794726
31795370
31795985
31803788
31803986
31805635
31805748
31818978
31819036
31819865
31820580
31822280
31822355
31826055
31826544
31834158
31835009
31853898
31857236
31863433
31868197
31875250
31884345
31885188
31885544
31885587
31887431
31888176
31891905
31891982
31899804
31900258
31917141
31917768
31918603
31918768
31920278
31920545
31924269
31924578
31932698
31933252
31989018
31989416
31993058
31993369
31994919
31995336
31995989
31996336
32001069
32001732
32003164
32003969
32004243
32004900
32007318
32008002
32008462
32008816
32010593
32010763
32017716
32020809
32027218
32031914
32039557
32052402
32053004
32056707
32056916
32057560
32057637
32065638
32066185
32067914
32068145
32081434
32081572
32082069
32082344
32084011
32084336
32088342
32088897
32096333
32096962
32117958
32118057
32121969
32122506
32123218
32123436
32131252
32131843
32133528
32133701
32146579
32147048
32147495
32148368
32149729
32149774
32153692
32154402
32162244
32162329
32179664
32179719
32180366
32180833
32182332
32183170
32186596
32186649
32194643
32195368
32247442
32250021
32256298
32261705
32268628
32277771
32278352
32278614
32279233
32281101
32281250
32284826
32285092
32292917
32293224
32310350
32311073
32311746
32311836
32313497
32313956
32317491
32318344
32325872
32325895
32375949
32376226
32376890
32377188
32379157
32379720
32383051
32383696
32391702
32391841
32505983
32506851
32537603
33521667
