7999
12263
14329
14815
22239
23542
26047
27263
173855
200351
230389
260188
261344
348351
374815
384045
392992
426987
441869
453655
459231
482588
488590
494949
495274
497100
497443
498098
498505
501187
501560
502566
504489
504658
510406
510584
512465
516522
516933
563391
569951
638009
642079
676255
703578
718863
734239
744502
753472
754606
757098
757428
759025
760180
760522
763116
764131
764824
766642
771497
772899
774764
778953
811807
848179
848967
850972
851648
852982
867597
867862
888658
890470
890776
891604
894854
895596
897460
902578
902985
903409
904076
906115
910034
941083
949664
951036
957093
959960
960099
961411
962917
968394
969318
971377
983917
986825
988792
989609
993740
993905
995690
1001172
1002385
1004326
1008037
1016179
1016519
1020896
1025681
1027083
1028876
1036600
1038357
1041760
1043104
1083358
1084271
1085943
1090491
1096807
1097080
1097370
1097605
1098493
1105077
1105130
1105678
1105745
1109212
1109291
1109699
1109812
1111382
1111497
1111609
1111718
1112467
1112492
1112653
1112690
1116027
1116669
1119166
1123055
1129884
1129891
1130059
1130100
1131479
1137785
1138022
1138326
1138569
1141933
1142002
1142547
1142604
1144007
1144122
1144536
1144613
1145173
1145290
1145390
1145521
1148095
1150411
1152365
1152915
1153845
1154785
1156821
1156910
1157558
1157753
1159418
1162192
1164918
1165543
1166170
1167266
1167836
1168043
1172365
1172964
1176424
1181167
1182647
1184507
1188829
1195341
1195474
1195571
1195692
1196926
1203591
1203640
1203802
1203813
1207406
1207665
1207957
1208202
1209515
1209588
1210140
1210179
1210585
1210678
1211078
1211177
1215862
1216409
1218247
1218987
1219196
1222076
1223507
1224432
1225166
1225397
1226596
1230067
1230669
1231534
1233273
1234849
1235912
1237722
1237799
1239522
1249069
1250741
1250926
1251574
1253316
1254649
1255254
1255879
1256122
1258379
1260386
1263066
1263979
1264540
1265384
1266381
1266483
1270389
1271728
1274337
1283554
1288136
1289121
1297252
1299184
1312701
1313534
1315791
1319799
1326286
1326389
1326801
1326890
1327611
1334603
1334740
1334844
1334947
1338777
1338790
1338966
1338985
1340531
1340780
1341069
1341330
1341626
1341669
1342215
1342296
1347277
1347379
1349038
1349881
1350486
1351903
1353561
1354407
1355233
1356139
1356700
1357544
1361351
1361594
1362300
1364691
1365858
1366960
1368501
1368686
1371076
1379103
1379770
1379943
1382236
1382867
1383085
1386163
1386862
1388482
1389270
1389369
1390064
1394037
1394574
1395417
1398500
1399649
1401084
1401675
1403816
1412968
1415652
1422242
1427408
1434337
1445109
1446207
1447385
1447606
1448858
1449840
1451386
1451911
1452747
1452860
1454701
1456616
1458847
1460011
1460653
1460851
1462209
1462510
1463125
1466838
1468130
1471396
1478564
1481442
1487809
1492456
1500016
1513384
1517409
1518308
1526256
1528770
1541399
1542203
1544349
1548830
1555536
1556559
1564161
1567874
1569828
1571080
1574647
1575899
1577853
1581566
1588406
1588457
1589017
1589062
1590191
1596627
1596717
1597132
1597234
1600858
1600965
1601063
1601208
1602958
1602993
1603157
1603178
1603708
1603939
1604235
1604500
1609338
1611004
1611595
1612237
1613736
1615315
1615533
1616245
1616782
1618742
1620708
1623957
1624790
1624889
1625584
1626554
1626727
1630443
1632097
1635266
1641710
1642325
1642719
1644217
1644922
1645447
1647975
1649372
1650596
1651117
1651315
1652673
1656523
1656636
1657267
1659726
1660392
1661666
1663449
1663670
1665904
1677168
1681122
1681896
1690561
1692580
1707484
1707691
1709427
1710805
1710894
1712703
1713870
1714617
1716072
1716455
1717082
1718178
1721782
1721977
1723207
1725116
1726416
1726948
1728877
1729427
1731297
1740738
1743713
1749488
1754852
1762216
1773025
1776560
1782504
1787746
1795012
1803357
1804574
1806383
1810583
1818116
1819163
1825928
1829936
1832193
1833026
1838998
1840858
1840935
1841771
1842658
1844651
1844860
1845491
1846093
1847765
1850273
1852653
1853902
1854133
1855332
1855862
1856409
1861576
1864432
1873860
1877936
1878882
1886952
1888737
1904368
1907656
1913700
1918881
1925602
1933735
1934863
1935447
1937691
1941565
1948801
1949854
1956898
1961220
1963080
1964560
1971937
1975780
1977296
1985442
1987432
1999674
2000027
2001437
2003038
2007311
2014248
2015287
2022672
2026561
2029058
2029700
2032702
2033807
2036247
2039899
2047234
2048285
2055236
2059784
2061456
2062369
2069571
2074897
2076810
2081925
2082058
2082860
2089044
2131887
2132727
2135003
2139005
2145491
2145581
2145996
2146098
2146814
2153818
2153925
2154023
2154168
2157966
2158001
2158165
2158186
2159740
2159971
2160267
2160532
2160822
2160873
2161433
2161478
2164477
2165726
2167663
2171383
2178229
2178282
2178830
2178897
2180027
2186460
2186539
2186947
2187060
2190678
2190793
2190905
2191014
2192787
2192812
2192973
2193010
2193511
2193784
2194074
2194309
2199445
2201302
2201401
2202234
2203120
2204319
2205114
2205287
2205948
2206539
2208205
2210728
2213099
2214355
2214573
2215777
2216309
2216846
2220854
2222018
2224868
2230231
2231163
2232829
2237374
2243705
2243942
2244246
2244489
2245359
2251949
2252018
2252563
2252620
2256071
2256186
2256600
2256677
2258261
2258378
2258478
2258609
2259356
2259363
2259531
2259572
2263455
2264779
2264892
2266547
2267374
2267989
2271929
2272744
2273658
2274183
2275042
2278873
2279094
2279783
2282204
2283376
2284452
2285997
2286195
2288577
2297462
2299111
2299738
2300363
2301858
2303452
2303659
2304365
2304915
2306869
2308833
2312077
2312917
2313006
2313700
2314678
2314873
2318586
2320232
2323408
2332609
2336676
2337648
2345698
2347496
2361214
2361839
2364343
2368251
2375047
2375096
2375258
2375269
2376669
2382958
2383217
2383509
2383754
2387115
2387188
2387740
2387779
2389209
2389302
2389702
2389801
2390349
2390482
2390579
2390700
2395574
2395769
2398023
2398684
2398891
2401980
2402675
2404304
2405077
2405166
2405860
2409023
2409837
2410387
2411214
2412985
2414305
2415464
2416871
2417498
2419618
2428147
2428749
2430638
2431350
2431897
2434425
2435783
2437025
2437547
2437756
2439112
2442970
2443047
2443708
2446163
2446818
2448112
2449870
2450101
2452324
2461412
2464706
2470753
2475944
2482672
2491583
2493914
2495851
2496412
2497325
2498280
2500301
2500403
2501045
2501230
2502902
2505668
2508405
2509049
2509654
2510768
2511303
2511546
2515851
2516449
2519906
2527074
2529761
2536368
2541508
2548456
2561892
2565872
2566626
2575304
2577313
2590235
2590813
2593054
2596911
2604168
2605207
2612272
2616577
2618434
2619908
2622971
2624445
2626302
2630607
2637131
2637268
2637372
2637475
2638711
2645401
2645414
2645590
2645609
2649203
2649452
2649741
2650002
2651322
2651365
2651911
2651992
2652366
2652469
2652881
2652970
2657517
2659790
2660021
2661270
2662244
2663798
2664345
2665178
2665255
2669026
2672442
2673067
2673276
2674632
2674931
2675533
2679253
2680560
2683809
2688799
2689151
2690503
2690746
2692476
2693837
2693939
2696915
2697646
2699106
2699513
2700118
2701232
2704821
2705006
2706265
2708135
2709444
2709985
2711915
2712476
2714344
2725608
2729441
2730948
2739120
2741090
2755957
2756494
2758361
2759098
2759271
2762151
2763612
2764516
2765267
2765485
2766689
2770172
2770763
2771635
2773358
2774952
2776002
2777814
2777913
2779632
2789281
2792176
2798536
2803170
2810724
2822096
2825064
2830820
2836193
2843554
2851998
2853391
2854999
2859291
2866210
2867261
2874628
2878536
2881040
2881665
2887467
2888031
2889133
2889331
2889973
2891713
2893038
2893653
2894297
2894518
2896794
2898800
2901462
2902394
2902919
2903778
2904779
2904892
2908781
2910116
2912744
2922402
2926440
2927329
2935268
2937808
2952680
2956196
2962146
2967408
2974657
2982507
2982967
2984091
2986525
2990174
2997520
2998543
3005505
3010050
3011716
3012648
3020272
3024834
3025832
3033953
3035876
3048270
3048733
3049534
3051663
3056151
3062852
3063899
3071496
3075216
3077153
3078402
3081295
3082519
3084347
3088541
3096065
3097118
3103874
3107876
3110152
3110992
3118124
3119634
3123334
3125321
3137586
3160824
3161027
3165937
3166150
3172259
3175281
3190287
3192091
3200158
3201111
3205181
3222621
3224623
3228652
3233307
3234078
3238039
3271706
3275809
3278840
3281894
3288343
3290269
3298383
3299387
3303966
3312826
3315156
3316365
3319698
3320618
3320997
3322454
3323465
3327285
3328617
3330277
3331370
3332754
3334475
3336532
3373069
3374352
3378247
3380363
3380788
3381523
3382600
3384434
3384589
3385546
3385877
3387449
3389732
3393038
3393590
3393929
3395152
3395674
3396357
3399836
3401345
3403938
3419198
3421719
3429661
3430543
3434587
3444053
3446665
3447098
3450661
3451508
3452234
3453101
3454130
3458635
3459314
3461578
3462740
3463461
3465878
3467913
3477131
3479346
3480149
3483242
3483881
3485332
3486042
3487045
3490998
3492293
3494804
3495081
3496522
3498285
3500338
3511374
3514116
3515545
3516679
3518017
3519784
3520610
3525148
3525832
3526707
3528322
3529040
3532336
3532964
3535233
3554315
3562518
3576871
3579266
3581020
3582099
3583280
3585668
3586593
3590414
3591268
3592729
3593537
3594408
3598088
3598914
3600592
3609810
3610125
3610670
3611937
3613749
3614090
3614806
3615497
3616903
3618992
3621977
3623066
3623461
3624258
3625076
3625227
3629587
3630660
3633800
3638497
3640208
3641960
3645892
3654434
3681435
3683422
3691575
3693085
3696911
3726347
3734608
3738934
3741285
3741867
3745012
3746258
3747113
3748501
3749514
3753293
3754890
3756841
3757394
3758260
3760730
3762757
3771929
3773498
3773829
3774556
3776066
3777611
3778324
3778701
3779122
3780878
3782977
3785875
3786858
3787029
3788420
3789001
3789334
3792935
3794088
3797296
3804749
3806442
3807574
3810761
3812229
3812946
3813675
3814708
3819162
3820340
3822194
3823237
3823945
3825845
3827882
3839507
3841217
3843118
3844185
3845768
3847490
3848976
3852423
3853858
3854620
3855536
3856964
3859844
3860769
3862632
3872025
3873904
3876359
3876924
3878212
3880097
3881352
3885139
3886849
3887246
3888712
3889442
3892418
3893904
3895844
3901224
3901668
3904386
3908193
3916240
3959829
3964040
3968142
3970153
3970326
3971591
3972752
3974341
3974682
3975211
3975572
3977299
3979848
3982396
3983437
3984146
3984545
3985557
3985962
3989785
3990818
3993924
4002972
4005416
4007187
4008462
4009122
4011600
4012228
4016185
4017552
4018247
4019492
4020865
4023393
4024648
4027138
4031938
4033313
4034800
4039560
4047460
4066355
4068437
4069130
4069529
4070564
4072598
4073001
4073573
4073754
4076060
4078210
4080903
4081876
4082187
4082984
4083757
4084114
4087886
4089168
4092481
4097648
4098504
4100900
4104418
4113281
4130692
4131426
4133313
4137776
4145384
4164628
4228983
4229627
4232125
4236030
4242841
4242854
4243030
4243049
4244431
4250739
4250988
4251277
4251538
4254906
4254949
4255495
4255576
4256974
4257077
4257489
4257578
4258123
4258260
4258364
4258467
4261374
4262831
4264695
4269019
4275546
4275653
4275751
4275896
4277117
4283790
4283825
4283989
4284010
4287612
4287843
4288139
4288404
4289718
4289769
4290329
4290374
4290771
4290861
4291276
4291378
4295263
4296506
4298155
4298364
4298989
4300744
4302067
4302669
4303310
4303541
4305814
4307812
4310485
4311414
4311961
4312816
4313818
4313895
4317803
4319137
4321762
4327355
4328189
4330462
4334447
4340956
4341035
4341443
4341556
4342263
4349270
4349385
4349497
4349606
4353427
4353452
4353613
4353650
4355175
4355448
4355738
4355973
4356277
4356330
4356878
4356945
4361653
4361838
4362367
4364121
4364743
4364986
4368039
4368764
4370372
4371149
4371251
4371937
4375915
4376476
4377299
4379054
4380392
4381538
4382969
4383574
4385712
4394219
4396499
4396717
4397973
4398945
4399295
4400501
4401038
4401878
4401977
4403834
4405744
4409142
4409786
4409959
4411330
4411644
4412235
4415949
4417252
4420520
4429744
4433762
4434664
4442593
4445124
4458223
4459479
4461435
4465149
4471981
4472050
4472595
4472652
4473790
4480199
4480314
4480728
4480805
4484437
4484554
4484654
4484785
4486556
4486563
4486731
4486772
4487289
4487526
4487830
4488073
4492540
4493131
4495027
4495733
4496270
4498798
4500185
4501416
4501946
4502119
4503490
4507350
4507449
4508071
4510556
4511216
4512484
4514259
4514477
4516705
4525529
4525750
4527463
4528843
4528956
4531932
4532659
4534128
4534510
4535125
4536228
4539821
4540019
4541262
4544449
4545000
4546938
4547463
4549346
4558306
4561825
4567792
4573028
4580296
4591501
4593365
4593454
4594294
4595172
4597174
4597369
4597991
4598618
4600267
4602786
4605178
4606428
4606635
4607848
4608365
4608915
4612917
4614096
4616929
4624097
4627408
4633448
4638626
4645348
4658914
4662760
4664257
4672420
4674416
4686909
4688030
4690447
4694103
4701444
4702491
4709448
4714000
4715649
4716578
4720605
4721534
4723183
4727735
4734062
4734321
4734613
4734858
4735739
4742315
4742388
4742940
4742979
4746457
4746550
4746950
4747049
4748621
4748754
4748851
4748972
4749703
4749752
4749914
4749925
4754902
4756858
4757383
4758315
4759266
4761291
4761404
4762029
4762227
4763893
4766657
4769389
4770030
4770645
4771748
4772313
4772534
4776295
4776858
4777448
4780912
4787565
4788115
4789966
4790710
4790905
4793785
4795207
4796129
4796892
4797099
4798312
4801767
4802394
4803260
4804979
4806562
4807632
4809429
4809518
4811236
4822500
4827088
4828066
4836200
4838113
4853466
4853543
4855228
4856051
4856653
4859731
4860590
4861410
4862326
4862873
4863728
4867534
4867765
4868473
4870855
4872036
4873121
4874667
4874876
4877256
4886384
4889064
4895652
4900801
4907746
4919208
4922084
4928450
4933104
4940641
4949263
4950071
4952219
4956701
4963393
4964446
4972034
4975748
4977704
4978960
4982079
4984437
4985503
4986105
4986710
4987354
4988848
4990407
4990650
4991339
4991900
4993837
4995816
4999051
4999885
4999987
5000673
5001653
5001838
5005558
5007202
5010372
5019489
5023460
5024240
5032898
5034920
5050308
5053282
5059041
5064424
5071792
5079737
5080155
5081373
5083198
5087375
5094920
5095959
5102736
5106721
5108994
5109828
5117896
5121953
5122916
5130992
5132770
5146142
5146703
5148951
5152827
5160066
5161117
5168164
5172488
5174352
5175809
5178519
5179931
5181533
5185822
5192752
5193775
5201153
5205058
5207556
5208200
5213701
5216522
5220440
5227796
5228675
5235210
5255090
5256682
5256933
5265138
5265257
5270378
5270437
5278708
5283095
5290043
5295183
5301790
5304477
5315646
5322895
5328157
5334107
5337623
5344625
5346521
5347768
5348550
5350791
5352220
5354156
5356291
5359427
5360179
5361196
5361774
5366470
5367192
5369969
5381275
5388829
5393463
5399823
5402718
5430300
5436435
5440490
5442982
5445383
5446307
5447448
5449276
5449843
5452497
5453932
5457260
5458126
5459153
5460377
5464920
5465635
5468550
5475851
5478485
5479809
5483816
5484826
5486210
5487152
5489814
5491810
5494096
5494948
5496877
5498628
5499457
5501128
5508073
5512719
5519447
5524638
5530685
5533979
5568526
5569793
5598215
5602344
5606670
5607057
5608982
5609511
5610072
5612602
5613643
5614692
5615763
5615948
5617185
5620828
5620899
5621901
5624085
5625608
5626242
5628198
5628441
5630160
5639864
5641340
5642956
5643363
5645523
5646734
5649222
5650833
5653937
5655321
5656326
5657127
5661027
5661900
5665336
5672071
5672280
5674251
5675308
5675539
5679157
5680674
5681241
5681318
5682960
5686318
5686865
5687382
5689498
5690756
5691585
5693724
5694083
5695592
5704781
5708054
5709348
5713057
5713963
5715528
5716162
5719578
5721480
5723426
5724816
5726357
5727344
5728580
5731073
5736132
5737282
5738849
5743024
5751464
5774429
5781790
5787163
5792919
5795887
5803852
5805614
5806438
5807665
5809273
5810375
5812643
5814488
5818072
5818780
5819779
5821203
5825201
5829388
5862428
5864961
5868698
5872141
5872744
5877058
5877846
5878960
5880196
5882933
5885712
5887556
5888289
5890315
5891265
5892744
5894690
5913607
5930056
5934163
5934252
5936277
5937433
5937798
5940502
5941786
5943041
5943356
5943875
5944712
5948728
5948935
5949483
5951565
5952706
5953648
5955726
5955921
5958180
5966905
5967430
5968986
5970076
5970243
5973131
5974285
5975440
5976369
5976590
5977284
5981459
5981836
5982741
5985377
5986856
5988423
5988536
5991170
5998241
5999312
6001480
6005092
6013346
6033091
6034835
6036305
6036876
6039310
6040121
6041976
6044198
6047398
6047847
6048888
6050012
6054316
6055697
6058179
6061074
6065206
6068363
6070018
6073936
6074901
6075684
6076513
6079757
6081732
6084225
6084936
6086746
6088232
6088866
6091152
6098211
6098460
6100013
6101070
6101169
6104149
6105238
6106312
6107399
6107800
6108258
6112409
6112582
6113562
6115851
6116912
6118148
6119475
6120012
6121857
6129064
6130340
6132418
6136641
6144368
6163733
6166586
6167760
6172292
6172813
6174017
6175496
6177867
6180385
6182056
6183490
6185494
6186370
6187312
6189156
6194530
6195617
6197936
6202056
6210372
6227792
6228328
6230436
6234786
6243009
6279174
6299107
6306284
6306737
6311416
6318028
6321062
6333411
6335543
6338077
6345999
6346907
6350942
6368414
6370391
6378557
6380047
6383899
6405131
6420501
6434331
6436126
6444183
6445149
6449199
6458701
6461322
6461750
6465321
6466149
6466898
6467755
6468788
6473306
6473972
6476242
6477381
6478121
6480533
6482570
6511642
6519876
6524051
6526058
6526229
6527513
6528644
6530249
6530582
6531130
6531461
6535746
6538279
6539339
6540052
6540456
6541453
6541874
6545678
6546736
6549825
6555633
6564943
6566971
6575646
6576407
6580381
6587372
6590106
6592308
6593101
6596210
6596842
6598277
6598998
6600009
6603957
6605257
6607749
6608042
6609490
6611243
6613300
6622517
6624873
6625466
6628581
6629844
6630698
6632077
6633106
6636875
6638482
6640426
6640980
6641829
6644310
6646345
6657159
6659618
6661404
6662675
6663344
6665796
6666433
6670382
6671748
6672473
6673697
6675080
6677608
6678850
6681360
6714381
6716930
6722643
6725377
6726798
6727961
6729288
6731042
6731888
6736391
6737090
6737980
6739600
6740292
6743588
6744225
6753806
6755382
6755721
6756423
6757968
6759514
6760197
6760587
6761012
6762771
6764872
6767772
6768754
6768909
6770305
6770890
6771221
6774841
6775970
6779172
6784464
6785832
6787300
6792066
6799969
6817766
6824952
6827293
6829199
6837339
6838334
6842903
6878230
6884939
6886642
6887765
6890954
6892425
6893140
6893882
6894885
6899350
6900517
6902388
6903433
6904138
6906029
6908082
6917180
6919245
6919954
6920334
6921377
6923413
6923818
6924393
6924566
6926855
6929040
6931737
6932677
6933018
6933794
6934571
6934932
6938707
6939972
6943304
6950070
6952389
6953611
6956948
6957874
6958249
6959701
6960714
6964525
6965866
6967529
6968626
6970004
6971738
6973765
6984761
6987152
6988871
6989980
6991140
6993537
6994472
6998291
6999137
7000590
7001416
7002274
7005954
7006800
7008452
7018012
7019720
7021619
7022670
7024258
7026000
7027460
7030937
7032368
7033095
7034020
7035457
7038337
7039272
7041122
7046756
7047618
7050017
7053552
7062408
7108619
7109892
7113991
7115988
7116299
7116851
7118120
7119917
7120274
7120981
7121674
7123097
7125156
7128142
7129238
7129641
7130448
7131237
7131418
7135772
7136833
7139970
7148814
7150692
7153177
7153703
7155009
7156904
7158146
7161948
7163656
7164051
7165506
7166256
7169232
7170692
7172641
7178113
7178864
7180744
7185188
7192802
7212121
7214234
7214629
7215388
7216450
7218292
7218443
7219410
7219725
7221294
7223585
7226899
7227445
7227786
7228996
7229526
7230217
7233671
7235208
7237808
7242984
7244676
7246434
7250369
7258928
7276322
7276769
7279504
7283304
7291332
7319572
7341787
7356256
7371801
7376029
7379486
7380084
7380611
7384632
7385167
7386886
7387530
7387729
7390267
7392422
7393033
7394705
7395532
7397655
7398610
7398700
7399523
7401816
7402021
7409175
7411803
7413138
7413324
7417027
7418141
7419000
7420230
7420457
7423119
7425125
7425688
7427622
7428881
7430206
7431345
7431946
7432588
7434452
7434531
7439820
7440050
7441097
7441190
7442659
7443284
7446890
7447441
7455141
7455352
7474270
7477519
7478609
7478826
7483148
7483447
7484803
7485637
7485752
7489053
7490964
7491139
7492824
7493734
7495835
7496809
7497350
7498289
7499948
7500562
7504087
7504431
7505797
7506546
7507235
7508425
7510193
7512884
7516824
7520490
7521606
7529036
7538481
7538936
7539525
7541106
7541644
7545257
7545446
7553475
7553716
7605531
7608381
7609545
7609638
7613553
7614622
7616044
7616675
7617300
7619671
7621964
7622194
7624451
7625112
7627279
7628165
7628376
7629280
7630954
7631505
7635070
7635741
7636778
7637221
7638598
7639954
7641411
7643753
7647537
7651796
7653004
7659704
7667933
7669364
7670218
7670956
7672613
7674502
7676146
7680579
7685001
7685432
7692625
7734502
7735113
7735668
7736195
7737770
7737969
7741912
7742117
7750354
7750444
7832868
7833762
7836289
7840336
7848264
7867439
7870615
7871672
7872261
7875974
7877147
7877841
7878770
7879308
7882014
7883978
7884081
7885932
7887395
7888989
7890243
7890484
7891736
7893385
7893574
7898548
7898723
7899601
7899818
7901893
7902008
7905516
7906130
7913833
7914374
7930429
7931113
7932820
7933272
7934570
7936300
7938501
7942310
7947058
7947857
7955075
7996183
7996882
7998249
7999121
7999732
8002136
8004490
8008012
8012389
8012963
8020262
8095041
8096048
8097960
8102532
8110658
8127845
8128408
8128946
8129132
8131014
8131241
8135380
8135459
8143089
8143690
8226376
8227140
8229154
8233121
8241808
8291970
8292929
8294736
8298792
8306852
8324272
8325768
8327748
8331586
8339745
8355865
8420383
8423163
8424413
8426366
8430063
8436907
8436980
8437532
8437571
8438711
8445145
8445238
8445638
8445737
8449357
8449490
8449587
8449708
8451463
8451512
8451674
8451685
8452206
8452465
8452757
8453002
8456143
8457079
8458747
8463293
8469619
8469868
8470157
8470418
8471294
8477882
8477925
8478471
8478552
8481998
8482101
8482513
8482602
8484171
8484308
8484412
8484515
8485273
8485286
8485462
8485481
8490605
8492270
8492885
8493526
8495012
8496601
8496822
8497530
8498055
8500011
8501986
8503647
8505242
8506059
8506172
8506856
8507821
8508019
8511733
8513392
8516545
8521597
8522238
8524719
8528631
8535438
8535473
8535637
8535658
8537051
8543356
8543587
8543883
8544148
8547510
8547561
8548121
8548166
8549587
8549677
8550092
8550194
8550746
8550853
8550951
8551096
8555751
8556378
8558268
8558957
8559507
8562035
8563406
8564642
8565174
8565369
8566736
8570581
8570670
8571321
8573767
8574436
8575713
8577500
8577707
8579944
8588757
8589919
8590710
8591257
8592186
8593136
8595162
8595239
8595883
8596092
8597741
8600520
8603243
8603891
8604493
8605601
8606158
8606389
8610710
8611298
8614756
8623976
8627937
8628708
8637392
8639394
8652279
8653755
8655613
8659934
8666454
8666569
8666681
8666790
8668015
8674707
8674732
8674893
8674930
8678503
8678776
8679066
8679301
8680629
8680682
8681230
8681297
8681692
8681771
8682179
8682292
8685695
8687054
8687285
8689017
8690394
8690471
8693447
8694204
8695652
8696051
8696653
8697761
8701355
8701564
8702803
8704686
8705992
8706530
8708470
8709017
8710896
8717887
8719723
8720284
8722131
8722869
8723054
8725934
8727385
8728296
8729031
8729274
8730466
8733945
8734550
8735399
8737148
8738736
8739780
8741581
8741683
8743393
8753089
8756080
8761832
8767202
8774564
8785718
8787386
8787559
8788203
8789954
8791292
8791883
8792531
8792749
8795029
8797025
8799693
8800629
8801166
8802020
8803030
8803129
8807034
8808360
8810992
8818160
8821672
8827620
8832865
8840130
8852961
8857540
8858544
8866658
8868584
8881246
8882447
8884279
8888475
8896002
8897053
8903812
8907816
8910096
8910913
8914878
8915695
8917975
8921979
8928455
8928570
8928984
8929061
8929789
8936789
8936906
8937006
8937137
8940956
8940963
8941131
8941172
8942713
8942950
8943254
8943497
8943789
8943858
8944403
8944460
8949643
8951501
8951603
8952437
8953313
8955317
8955502
8956153
8956758
8958426
8960944
8963318
8964551
8964794
8965986
8966507
8967068
8971053
8972228
8975080
8982230
8982329
8983975
8984828
8985419
8988508
8989363
8990192
8991093
8991630
8992484
8996307
8996525
8997230
8999641
9000801
9001896
9003450
9003623
9006018
9017282
9021352
9022305
9030372
9032176
9045215
9046815
9047469
9047667
9049934
9050585
9050806
9053881
9054567
9056193
9056971
9057084
9057768
9061754
9062279
9063132
9066210
9067376
9068782
9069397
9071524
9080552
9083844
9089890
9095088
9101793
9113444
9116130
9122721
9127880
9134832
9143831
9144411
9146653
9150526
9157776
9158799
9165857
9170178
9172036
9173512
9178362
9180636
9180843
9182093
9183080
9183423
9184621
9185171
9186005
9186094
9187958
9189860
9193269
9193910
9194105
9195472
9195751
9196378
9200075
9201377
9204642
9213680
9217506
9219016
9227169
9229156
9244578
9247457
9253840
9258468
9266024
9274525
9275934
9277519
9281815
9288740
9289787
9297160
9301072
9303553
9304194
9312164
9316208
9317090
9325032
9327553
9339951
9341079
9343515
9347165
9354497
9355550
9362498
9367044
9368712
9369648
9372955
9373757
9375902
9380367
9387080
9388119
9395728
9399425
9401378
9402628
9407538
9409798
9416837
9423000
9429257
9449385
9456611
9459626
9459653
9464308
9477214
9484559
9489949
9495707
9498679
9504756
9510171
9517117
9522263
9528847
9531550
9536489
9539398
9541159
9541987
9543224
9544828
9545939
9548209
9550028
9553612
9554318
9555345
9556761
9560760
9561187
9564934
9575471
9582743
9587998
9593949
9597467
9630734
9632897
9637240
9639132
9640364
9641155
9643411
9644814
9646758
9648913
9652049
9652793
9653798
9654375
9659075
9659788
9662584
9669773
9673238
9673828
9678145
9678923
9680040
9681282
9684026
9686792
9688642
9689392
9691413
9692368
9693828
9695777
9704434
9706653
9714206
9718843
9725207
9728079
9755655
9762841
9792540
9797184
9800793
9800870
9802906
9804060
9804419
9807115
9808397
9809680
9809966
9810513
9811332
9815340
9815571
9816117
9818198
9819329
9820264
9822343
9822552
9824802
9833891
9836307
9837233
9838348
9840174
9840761
9843416
9844838
9848166
9849031
9850072
9851292
9855820
9856561
9859459
9866300
9866819
9868365
9869454
9869649
9872533
9873686
9874824
9875768
9875975
9876674
9880857
9881222
9882138
9883691
9884784
9886244
9887827
9887916
9890561
9899541
9902170
9903504
9907492
9908493
9909889
9910824
9913483
9915489
9917768
9918626
9920566
9922306
9924804
9930416
9931464
9933636
9937250
9945505
9969175
9970661
9975899
9981071
9987134
9990429
9998033
9999769
10001240
10001798
10004231
10005052
10006892
10009123
10012323
10012787
10013804
10014926
10019238
10020632
10023121
10042382
10056723
10058912
10062891
10066069
10067713
10071624
10072602
10073378
10074224
10077462
10079426
10081936
10082628
10084429
10085924
10088840
10124308
10128689
10128910
10130486
10131527
10131640
10135691
10136772
10137875
10138252
10138721
10142876
10143043
10144013
10146325
10147368
10148610
10149945
10150470
10152336
10161415
10161816
10163723
10164275
10164812
10167341
10168405
10169442
10170521
10170694
10171952
10175566
10175665
10176662
10178842
10180356
10180993
10182947
10183196
10184904
10192292
10193570
10195649
10199888
10207592
10227372
10228846
10230470
10230897
10233049
10234247
10236739
10238360
10241464
10242844
10243843
10244659
10248561
10249414
10252844
10259738
10262573
10263752
10268290
10268822
10270032
10271492
10273877
10276400
10278052
10279489
10281483
10282369
10283304
10285154
10292371
10292556
10294549
10295590
10295833
10299450
10300961
10301532
10301603
10303240
10306599
10307160
10307659
10309773
10311042
10311888
10313998
10314385
10315876
10323297
10324400
10326696
10330820
10339138
10357846
10361099
10362402
10366128
10367029
10369217
10372621
10374532
10376481
10377864
10379418
10380392
10381634
10384144
10389320
10389860
10391970
10396321
10404560
10421954
10423105
10424688
10428840
10437284
10462232
10497972
10497994
10499570
10507753
10508020
10513125
10513266
10523621
10526235
10532957
10538135
10544175
10547486
10558543
10565911
10571294
10577053
10580027
10587864
10589596
10591052
10591619
10594067
10594862
10596710
10598961
10602161
10602617
10603622
10604743
10609059
10610444
10612952
10624285
10626025
10631230
10636379
10642967
10645647
10679321
10681380
10686275
10688051
10688881
10690092
10691694
10692825
10695096
10696902
10700486
10701191
10702232
10703644
10707628
10708081
10711811
10718261
10721434
10723088
10726980
10727949
10728737
10729576
10732811
10734785
10737288
10737986
10739798
10741282
10741936
10744196
10755127
10762395
10767631
10773598
10777117
10796046
10812944
10837017
10843143
10849592
10849799
10851371
10852435
10852524
10855501
10856597
10857666
10858777
10859142
10859632
10863758
10863953
10864918
10867226
10868260
10869505
10870844
10871363
10873224
10879988
10882412
10884302
10885542
10886353
10888601
10889991
10891939
10894104
10897240
10897980
10898979
10899571
10904273
10904966
10907756
10915091
10915468
10917397
10917945
10918470
10921014
10922074
10923105
10924188
10924355
10925608
10929223
10929336
10930315
10932493
10934018
10934672
10936625
10936846
10938564
10947734
10951179
10951778
10956112
10956885
10957988
10959233
10961965
10964740
10966593
10967336
10969370
10970312
10971778
10973744
10978722
10980001
10982096
10986312
10994020
11017374
11024911
11027434
11029565
11035931
11038807
11046566
11048039
11049667
11050104
11052252
11053459
11055953
11057548
11060652
11062030
11063057
11063865
11067768
11068611
11072038
11106332
11107585
11111693
11114550
11115716
11120257
11120779
11121992
11123458
11125850
11128360
11130018
11131472
11133461
11134352
11135268
11137121
11156499
11168782
11177113
11177286
11179290
11180323
11180572
11183627
11184173
11185712
11186254
11186353
11187972
11191347
11191884
11192405
11194518
11195777
11196616
11198727
11199128
11200610
11209820
11209891
11211917
11213070
11213457
11216149
11217430
11218696
11218983
11219544
11220354
11224358
11224601
11225146
11227211
11228368
11229284
11231379
11231564
11233825
11240816
11241896
11244196
11248322
11256641
11275697
11278105
11279032
11280134
11281959
11282556
11285196
11286627
11289955
11290835
11291852
11293070
11297606
11298360
11301265
11308107
11311381
11312673
11316392
11317306
11318850
11319504
11322902
11324802
11326768
11328132
11329677
11330660
11331905
11334408
11340846
11341393
11342934
11344007
11344216
11347098
11348235
11349380
11350316
11350547
11351233
11355420
11355779
11356685
11358261
11359336
11360802
11362393
11362470
11365136
11372356
11372898
11375009
11379376
11387592
11406874
11409485
11410824
11414818
11415830
11417232
11418148
11420821
11422832
11425092
11425953
11427883
11429633
11430472
11432130
11437761
11438928
11440488
11444644
11453090
11470504
11471556
11473730
11477345
11485616
11539357
11566976
11572285
11574853
11576407
11577502
11578569
11578662
11580522
11581073
11581778
11585819
11587210
11588111
11588940
11589170
11589795
11590420
11592884
11594117
11594328
11596073
11605143
11607380
11609374
11610651
11611320
11611909
11613577
11613766
11614688
11618351
11619913
11620445
11621578
11621681
11622514
11623052
11626130
11626819
11627060
11628709
11632951
11633246
11634371
11635537
11637112
11638538
11641260
11642409
11642981
11649702
11651284
11653522
11671070
11672882
11674683
11675727
11676788
11677315
11679064
11679269
11679913
11683997
11685189
11686167
11687078
11687689
11688330
11688529
11691594
11692242
11692332
11694740
11699625
11699814
11700675
11700916
11702986
11703089
11706616
11707205
11714930
11715468
11731291
11732812
11733350
11735459
11736169
11739825
11740357
11741588
11748056
11750162
11751978
11801691
11803818
11805839
11807005
11808146
11808332
11810004
11810083
11811461
11815447
11816244
11817022
11818085
11818648
11819334
11819561
11822409
11823281
11823882
11825746
11830508
11831122
11831657
11832198
11833780
11833955
11837905
11838122
11846341
11846456
11863512
11863717
11864786
11864876
11866342
11866953
11870580
11871107
11878826
11879025
11928157
11928945
11930040
11932332
11933061
11936454
11937556
11938354
11944771
11946090
11948233
12027649
12028016
12030344
12034596
12042434
12064015
12066441
12068381
12068919
12070225
12070442
12072108
12072722
12073556
12077150
12078258
12079259
12080532
12080707
12081349
12081464
12084517
12085353
12085894
12087626
12091567
12093112
12094156
12096326
12096722
12099939
12101002
12102409
12108209
12110373
12111988
12125546
12126097
12126629
12126840
12128716
12128946
12133065
12133158
12140771
12141396
12191444
12191523
12191985
12192586
12194149
12198322
12198508
12206534
12206761
12289224
12290820
12292194
12296577
12304944
12321083
12321438
12322214
12323491
12325585
12326452
12329816
12330098
12331210
12337516
12339593
12342021
12354528
12420642
12421313
12423952
12427368
12435844
12486032
12487208
12488900
12493570
12501089
12518500
12519810
12522017
12525776
12534536
12550158
12590828
12598136
12598214
12602854
12603249
12609272
12609475
12627035
12629054
12637719
12638493
12642447
12659983
12661915
12670046
12671031
12675613
12710925
12713026
12719089
12725309
12727823
12731372
12735771
12736670
12740695
12750486
12752677
12753483
12756596
12757234
12758665
12759381
12760394
12764333
12765642
12768137
12768434
12769876
12771642
12773669
12794902
12811528
12815641
12817605
12817946
12818492
12819746
12821547
12821908
12822605
12823314
12824718
12826785
12829779
12830869
12831274
12832068
12832873
12833046
12837383
12838472
12841616
12856471
12858461
12866607
12868123
12871966
12881197
12883562
12884150
12887273
12888517
12889394
12890763
12891796
12895578
12897172
12899122
12899653
12900521
12902997
12905034
12911608
12914266
12915956
12917069
12920274
12921738
12922437
12923190
12924201
12928661
12929833
12931685
12932746
12933458
12935339
12937396
12948755
12950625
12953102
12953657
12954952
12956834
12958096
12961863
12963586
12963996
12965456
12966180
12969156
12970625
12972584
12999701
13003787
13014169
13016624
13018375
13019676
13020324
13022785
13023432
13027379
13028737
13029454
13030696
13032066
13034594
13035856
13038340
13044775
13046859
13047572
13047955
13049000
13051021
13051442
13052010
13052181
13054489
13056644
13059342
13060297
13060630
13061424
13062202
13062533
13066332
13067585
13070914
13076360
13077092
13078978
13083425
13091056
13119006
13120791
13128861
13129807
13133883
13163546
13167637
13172480
13173731
13175989
13178313
13179546
13182853
13183796
13184170
13185613
13186642
13190443
13191794
13193450
13194548
13195909
13197654
13199689
13208654
13210774
13211177
13211911
13213008
13214821
13215002
13215956
13216267
13217843
13220136
13223452
13223981
13224338
13225537
13226069
13226762
13230233
13231746
13234340
13241675
13244306
13244725
13248298
13249129
13249876
13250746
13251749
13256278
13256933
13259220
13260361
13261098
13263501
13265554
13276252
13280403
13281550
13282882
13284656
13285476
13290009
13290704
13291559
13293188
13293889
13297185
13297832
13300098
13308974
13311364
13313113
13314183
13315361
13317768
13318690
13322524
13323368
13324819
13325634
13326512
13330192
13331012
13332673
13337826
13339521
13341296
13345224
13353764
13401153
13405715
13407285
13407626
13408345
13409860
13411414
13412105
13412506
13412901
13414684
13416770
13419655
13420660
13420811
13422216
13422802
13423117
13426734
13427888
13440519
13442242
13444156
13445203
13446800
13448516
13449985
13453454
13454884
13455641
13456545
13457992
13460872
13461794
13463664
13469488
13469928
13472644
13476450
13484481
13503644
13505650
13505805
13507086
13508225
13509834
13510165
13510710
13511049
13512775
13515344
13517881
13518938
13519621
13520034
13521035
13521460
13525267
13526308
13529416
13534660
13536034
13537505
13542288
13550184
13567585
13568464
13570856
13574372
13583234
13636407
13640317
13662944
13669519
13671753
13673757
13675031
13675697
13676298
13677970
13678156
13678900
13682750
13684306
13684827
13685972
13686051
13686885
13687448
13690501
13691206
13691433
13693098
13702685
13704485
13706295
13707358
13708393
13708934
13710673
13710890
13711538
13715611
13716810
13717775
13718700
13719314
13719956
13720131
13723220
13723845
13723960
13726345
13731672
13732204
13734310
13735026
13738659
13739210
13740425
13746897
13748997
13750836
13767767
13769908
13771934
13773083
13774213
13774424
13776073
13776166
13777546
13781519
13782313
13783101
13784170
13784721
13785420
13785650
13788498
13789347
13789972
13791813
13796817
13797034
13798085
13798200
13799660
13800274
13803881
13804422
13812148
13812323
13828414
13828759
13829475
13830577
13832888
13833610
13837004
13838089
13838885
13845318
13846644
13848786
13899038
13901458
13903387
13903919
13905219
13905460
13907128
13907717
13908553
13912157
13913253
13914263
13915529
13915718
13916362
13916465
13919530
13920370
13920908
13922644
13927796
13928323
13928874
13929073
13930968
13931173
13935314
13935404
13943014
13943625
13960905
13960998
13961443
13962068
13963626
13964177
13967781
13976012
13976242
14024891
14025039
14026156
14027430
14029507
14030377
14033745
14034021
14035156
14041464
14043538
14045962
14124136
14125444
14127650
14131393
14140176
14160955
14163530
14165071
14166173
14167250
14167340
14169204
14169731
14170437
14174487
14175892
14176798
14177624
14177829
14178470
14179081
14182304
14182794
14182993
14184754
14188894
14189211
14190278
14191427
14193009
14194452
14197176
14198322
14198890
14205612
14207177
14209413
14222770
14222956
14223814
14224041
14226132
14229745
14230346
14238053
14238616
14288120
14288709
14289266
14289804
14291369
14291558
14295491
14295732
14303946
14304049
14386946
14387297
14389648
14393896
14401732
14419633
14420696
14422860
14423237
14426470
14427540
14428946
14434723
14436906
14438505
14483487
14517456
14519048
14520420
14524802
14533153
14583332
14584002
14586625
14590064
14598536
14615937
14617136
14618824
14623492
14631010
14654464
14680927
14681783
14700988
14716190
14719023
14720202
14720305
14724832
14725271
14726691
14727352
14727941
14730333
14732611
14732852
14735128
14735750
14737947
14738825
14739014
14739665
14741618
14742156
14748731
14751901
14752934
14753545
14757265
14758430
14759116
14760052
14760579
14763287
14765266
14765356
14767203
14768696
14770255
14771544
14771749
14772998
14774666
14774865
14779753
14780294
14780852
14781027
14782929
14783146
14787269
14787384
14794988
14795602
14814351
14817815
14818405
14818968
14822950
14823515
14825233
14825874
14826060
14828606
14830769
14831370
14833600
14833859
14835997
14836948
14837027
14837880
14840134
14840361
14845746
14846185
14847569
14848916
14850392
14852714
14856492
14860741
14861955
14868646
14878117
14878328
14879180
14879410
14881481
14881574
14885091
14885716
14893418
14893969
14909471
14910432
14945821
14948446
14949780
14949955
14953688
14954767
14955622
14956881
14957098
14959771
14961769
14962310
14964273
14965516
14966839
14967980
14968594
14969219
14971077
14975183
14976613
14977490
14978211
14979881
14981777
14983412
14987864
14992266
14992678
14999884
15004064
15008158
15009002
15010693
15011142
15012466
15014179
15016393
15020209
15024948
15025740
15032984
15074755
15076042
15076145
15077624
15078213
15081842
15082380
15090089
15090278
15173186
15173953
15175984
15179944
15188612
15207511
15210779
15211852
15212082
15216387
15216701
15218072
15218889
15218982
15222287
15224197
15224408
15226054
15226993
15229086
15230058
15230609
15231532
15233187
15233812
15238385
15238986
15239525
15240088
15241650
15241836
15245766
15245993
15254228
15254307
15270107
15271380
15272746
15273612
15274213
15276614
15278994
15282499
15286889
15287480
15294769
15335995
15337353
15338100
15338808
15339978
15341740
15344421
15348358
15352050
15353169
15360579
15435408
15436360
15438148
15442210
15450273
15468242
15468332
15468774
15469385
15470964
15471491
15475114
15475313
15483352
15483557
15565988
15567490
15569473
15573328
15581480
15631649
15632560
15635080
15639108
15647042
15664456
15665444
15667362
15671937
15680080
15721472
15762914
15764385
15766256
15770568
15776900
15778660
15785000
15789328
15791169
15792642
15796136
15796964
15799234
15803233
15810064
15811056
15817857
15821858
15824132
15824968
15828014
15829127
15831571
15835225
15843612
15861473
15862736
15864680
15868388
15875138
15877026
15883780
15887496
15889456
15890689
15893579
15894805
15896634
15900813
15909398
15926425
15927836
15929422
15933703
15941683
15959124
15960330
15962149
15966354
15974921
15992772
15993698
15995361
15999920
16006408
16007912
16014416
16018945
16020610
16021540
16024726
16026123
16027733
16032026
16039981
16057613
16058422
16060555
16065045
16072794
16090161
16091288
16093708
16097350
16105731
16123399
16123987
16126233
16130108
16138382
16156184
16156748
16158982
16162851
16171153
16173344
16183304
16188690
16189481
16191636
16194304
16196106
16199776
16203845
16214032
16254832
16255464
16257956
16261858
16268321
16270273
16276738
16280644
16283144
16283792
16286995
16287801
16289948
16294414
16302151
16320026
16320589
16322838
16326699
16334997
16352773
16353362
16354688
16355593
16357920
16359476
16367754
16368736
16385077
16386202
16388621
16392278
16400651
16418060
16418854
16420995
16422464
16425489
16426144
16427328
16433240
16450694
16452099
16453713
16458008
16465964
16516188
16517390
16519207
16523411
16531993
16549001
16550420
16552010
16556293
16564274
16581699
16582929
16584760
16588940
16597510
16601408
16647210
16648325
16650770
16654409
16659460
16662804
16663744
16671264
16811517
16812990
16814831
16819159
16825685
16825802
16825902
16826033
16827259
16833948
16833955
16834123
16834164
16837753
16837990
16838294
16838537
16839853
16839922
16840467
16840524
16840903
16841018
16841432
16841509
16844727
16845563
16847837
16851838
16858329
16858422
16858822
16858921
16859631
16866637
16866770
16866867
16866988
16870791
16870840
16871002
16871013
16872558
16872817
16873109
16873354
16873643
16873716
16874268
16874307
16878838
16881095
16881338
16882571
16883554
16885099
16885660
16886477
16886579
16888437
16890337
16893741
16894389
16894574
16895940
16896249
16896854
16900570
16901864
16905136
16910078
16911311
16913271
16916987
16923834
16923877
16924423
16924504
16925629
16932046
16932149
16932561
16932650
16936267
16936404
16936508
16936611
16938393
16938406
16938582
16938601
16939123
16939372
16939661
16939922
16944595
16944813
16946542
16947926
16948025
16951001
16951719
16953185
16953596
16954187
16955304
16957663
16958906
16959079
16960348
16962227
16963522
16964080
16966005
16966542
16968420
16976191
16979659
16979772
16980589
16981480
16983469
16983667
16984302
16984917
16986582
16989092
16991477
16992729
16992950
16994160
16994682
16995207
16999211
17000385
17003234
17012452
17016304
17017794
17025960
17027937
17041371
17042301
17043966
17048495
17054844
17055075
17055371
17055636
17056503
17063094
17063145
17063705
17063750
17067219
17067309
17067724
17067826
17069402
17069509
17069607
17069752
17070478
17070513
17070677
17070698
17075578
17076103
17077023
17077980
17078701
17078899
17081779
17083214
17084130
17084889
17085110
17086320
17089774
17090389
17091257
17092967
17094564
17095617
17097419
17097532
17099240
17108693
17108782
17110457
17111271
17111898
17114951
17115836
17116644
17117549
17118099
17118945
17122780
17122987
17123699
17126094
17127272
17128354
17129910
17130105
17132496
17141680
17144552
17150916
17155553
17163106
17174123
17175795
17176397
17177045
17178529
17179231
17180110
17180341
17181046
17181593
17183546
17185520
17188758
17189594
17189671
17190370
17191339
17191548
17195245
17196900
17200072
17207240
17210212
17215970
17221360
17228705
17242064
17246114
17247080
17255137
17256932
17269658
17269903
17271319
17272923
17277213
17284129
17285182
17292546
17296452
17298952
17299600
17303407
17304055
17306555
17310461
17317267
17317292
17317453
17317490
17318878
17325159
17325432
17325722
17325957
17329333
17329386
17329934
17330001
17331420
17331499
17331907
17332020
17332566
17332681
17332793
17332902
17335967
17338165
17339830
17340025
17342416
17343719
17344346
17344988
17345195
17347469
17349480
17352139
17353069
17353619
17354465
17355477
17355566
17359478
17360802
17363428
17370539
17370748
17373011
17373646
17373877
17375647
17376942
17377657
17379272
17380058
17380135
17380834
17383999
17384822
17385369
17386183
17387964
17389296
17390436
17391859
17392461
17394593
17405857
17409892
17410800
17418722
17421256
17435897
17436502
17438375
17439083
17439644
17442172
17443539
17444784
17445301
17445486
17446852
17450701
17450803
17451438
17453913
17454561
17455848
17457607
17457850
17460066
17468900
17472418
17478369
17483624
17490896
17501922
17505217
17511280
17516452
17523176
17531963
17533085
17535518
17539151
17546504
17547543
17554512
17559041
17560706
17561636
17567181
17569141
17569678
17570614
17571556
17573590
17573689
17574330
17574503
17576171
17578946
17581690
17582332
17582923
17584040
17584595
17584813
17589744
17593185
17602024
17606593
17607588
17615728
17617634
17633121
17635824
17642408
17647554
17654500
17662202
17663262
17664047
17666199
17670683
17677378
17678429
17686020
17689736
17691696
17692929
17700706
17704680
17705441
17714116
17716144
17728405
17728599
17729819
17731645
17735838
17743376
17744399
17751169
17755170
17757444
17758280
17761821
17762398
17764623
17768503
17775748
17776795
17783848
17788176
17790017
17791490
17798417
17810962
17813539
17813644
17833457
17833894
17841100
17846232
17854968
17855334
17870110
17872023
17880157
17881135
17885723
17900529
17902651
17905182
17913111
17914013
17918031
17939469
17956354
17968271
17970267
17978430
17979927
17983773
17990636
17993301
17994985
17996122
17999301
18000788
18001482
18002221
18003250
18007691
18008882
18010730
18011796
18012485
18014390
18016425
18045963
18050070
18058286
18060374
18061065
18061447
18062512
18064538
18064933
18065524
18065675
18067987
18070152
18072860
18073810
18074125
18074913
18075701
18076042
18079833
18081090
18084420
18099741
18101519
18109595
18110558
18114615
18123947
18126290
18127509
18130826
18131753
18132148
18133594
18134597
18138422
18139749
18141428
18142505
18143882
18145613
18147666
18156886
18159493
18159915
18163508
18164338
18165065
18165941
18166954
18171469
18172138
18174409
18175570
18176308
18178714
18180741
18191420
18193800
18195539
18196622
18197794
18200208
18201124
18204953
18205808
18207239
18208068
18208929
18212609
18213448
18215106
18248725
18250818
18257422
18259140
18261049
18262087
18263681
18265416
18266882
18270364
18271784
18272531
18273442
18274896
18277776
18278692
18280545
18287769
18289765
18289946
18291228
18292354
18293972
18294283
18294829
18295186
18296910
18299457
18302003
18303061
18303754
18304164
18305174
18305577
18309383
18310440
18313552
18318946
18319809
18322224
18325736
18334596
18361431
18363453
18372111
18372891
18376862
18412570
18413589
18419341
18421546
18422358
18425449
18426085
18427538
18428235
18429268
18433210
18434516
18437010
18437285
18438729
18440501
18442538
18451731
18453706
18454037
18455844
18457654
18457993
18458714
18459397
18460828
18462882
18465863
18466955
18467380
18468168
18468978
18469133
18473486
18474576
18477697
18482147
18484538
18486900
18487469
18490610
18491850
18492709
18494102
18495113
18498901
18500489
18502437
18502986
18503858
18506315
18508372
18519303
18521186
18523676
18524211
18525520
18527396
18528641
18532430
18534148
18534553
18536001
18536744
18539720
18541186
18543152
18551955
18554401
18556174
18557465
18558120
18560578
18561232
18565159
18566530
18567260
18568496
18569860
18572388
18573633
18576136
18581392
18582120
18584004
18588450
18596065
18639883
18644004
18648156
18650253
18650674
18651406
18652481
18654314
18654485
18655433
18655766
18657319
18659632
18662937
18663482
18663813
18665026
18665547
18666260
18669715
18671236
18673832
18682969
18685712
18687111
18688284
18689604
18691361
18692200
18696723
18697409
18698286
18699912
18700610
18703906
18704560
18706820
18711780
18713474
18715233
18719184
18727720
18746887
18748459
18748820
18749523
18751048
18752589
18753298
18753685
18754090
18755865
18757956
18760846
18761833
18762006
18763408
18763973
18764314
18767932
18769057
18772258
18777889
18778352
18781064
18784868
18792898
18810312
18811684
18813154
18817921
18825840
18847753
18888554
18888613
18896818
18897386
18899956
18901865
18914447
18922007
18926654
18933021
18935899
18942949
18947613
18954334
18959515
18965559
18968847
18976419
18977907
18979537
18979948
18982094
18983321
18985816
18987398
18990502
18991879
18992920
18993724
18997612
18998481
19001891
19012695
19020059
19025423
19031198
19034173
19053596
19070017
19074764
19076494
19077958
19078545
19080985
19081767
19083619
19085880
19089080
19089532
19090531
19091667
19095985
19097350
19099852
19107094
19109931
19111106
19115664
19116181
19117380
19118849
19121229
19123748
19125409
19126856
19128858
19129736
19130658
19132528
19139570
19141609
19143966
19150895
19156061
19162651
19165335
19192851
19201288
19231772
19233921
19238044
19238211
19240205
19241265
19241486
19244565
19245110
19246632
19247175
19247288
19248898
19252281
19252806
19253338
19255435
19256720
19257540
19259667
19260044
19261537
19271505
19273273
19274104
19275302
19276903
19278044
19280300
19282115
19285699
19286419
19287436
19288846
19292838
19293304
19297041
19303502
19303601
19305622
19306759
19307160
19309850
19311115
19312388
19312691
19313228
19314049
19318051
19318300
19318829
19320917
19322056
19322978
19325081
19325254
19327536
19336250
19339405
19341064
19344962
19345942
19346736
19347556
19350805
19352784
19355268
19355969
19357771
19359265
19359912
19362178
19367272
19368356
19370658
19374785
19383120
19405883
19413149
19418391
19424335
19427870
19434936
19437340
19438252
19439363
19441203
19441774
19444422
19445873
19449201
19450073
19451078
19452295
19456835
19457580
19460504
19487758
19494931
19500117
19503386
19504688
19508388
19509293
19510849
19511496
19514891
19516801
19518760
19520130
19521686
19522658
19523920
19526404
19557401
19561988
19565607
19566168
19567691
19568787
19568972
19571853
19573013
19574146
19575078
19575321
19576016
19580174
19580561
19581462
19583034
19584100
19585569
19587164
19587235
19589896
19598636
19598867
19600437
19601497
19601574
19604566
19605658
19606721
19607836
19608195
19608680
19612807
19613016
19613963
19616269
19617314
19618576
19619886
19620433
19622276
19629890
19630433
19632560
19636904
19645124
19664230
19666119
19667363
19668184
19670428
19671827
19673777
19675916
19679052
19679790
19680817
19681401
19686104
19686787
19689574
19697165
19699798
19701124
19705121
19706123
19707528
19708450
19711130
19713128
19715394
19716272
19718197
19719952
19720772
19722433
19729689
19730054
19731994
19732540
19733059
19735595
19736653
19737712
19738766
19738961
19740196
19743827
19743916
19744917
19747094
19748609
19749256
19751224
19751431
19753154
19760848
19761992
19763556
19767714
19776161
19795083
19798549
19799137
19803464
19804250
19805346
19806608
19809334
19812098
19813968
19814692
19816717
19817668
19819137
19821096
19826340
19827394
19829569
19833200
19841448
19858849
19860144
19862216
19866436
19874146
19953376
19954695
19958875
19962141
19963206
19963433
19967761
19968062
19969420
19970260
19970339
19973655
19975570
19975756
19977411
19978360
19980431
19981413
19981976
19982886
19984561
19985162
19991823
19994679
19995845
19995960
19999846
20000923
20002353
20002988
20003602
20005982
20008273
20008490
20010764
20011968
20013597
20014484
20014659
20015320
20017257
20017798
20022520
20023109
20023666
20024204
20025769
20025958
20029891
20030132
20038346
20038449
20057149
20060318
20061347
20061972
20065688
20066831
20067526
20068458
20069009
20071707
20073673
20073766
20075633
20077100
20078679
20079948
20080178
20081411
20083077
20083288
20087582
20088266
20089637
20090502
20091122
20093507
20095881
20099409
20103796
20104364
20111672
20120948
20121475
20122026
20122225
20124120
20124325
20128466
20128556
20136166
20136777
20188311
20191771
20192370
20192908
20196899
20197469
20199192
20199817
20200006
20202543
20204728
20205317
20206982
20207825
20209950
20210890
20210993
20211820
20214083
20214324
20218267
20219796
20220522
20221228
20222405
20224166
20226866
20230787
20234473
20235608
20243025
20251198
20252457
20252916
20254296
20255626
20257100
20259429
20263206
20267474
20268689
20275363
20317618
20317804
20318662
20318889
20320980
20321059
20324593
20325194
20332901
20333464
20382688
20416136
20417092
20418882
20422945
20431024
20450846
20453455
20454794
20454993
20458700
20459799
20460643
20461912
20462117
20464797
20466804
20467331
20469304
20470534
20471867
20472998
20473609
20474257
20476114
20476204
20481737
20481830
20482275
20482900
20484458
20485009
20488613
20488824
20496844
20497074
20514418
20515273
20516017
20517684
20519576
20521194
20525644
20530053
20530467
20537670
20545567
20578430
20578703
20579557
20581266
20581699
20583017
20584753
20586964
20590776
20595498
20596294
20603532
20677794
20679297
20681296
20685128
20693284
20710865
20711082
20712133
20712248
20713708
20714322
20717929
20718470
20726196
20726371
20809008
20809896
20812420
20816450
20824385
20874564
20875554
20877473
20882064
20890184
20907585
20908368
20910376
20914340
20923010
20960256
20983273
20983540
20989930
20994004
20994533
20998642
21009394
21011517
21018782
21024027
21029975
21033487
21044375
21051931
21056559
21062942
21065821
21073324
21075726
21076646
21077777
21079609
21080167
21082819
21084280
21087608
21088476
21089475
21090707
21095249
21095974
21098892
21104613
21110302
21117007
21122205
21128251
21131543
21158919
21167152
21171889
21173369
21175000
21175398
21177543
21178780
21181260
21182851
21185955
21187347
21188364
21189166
21193062
21193944
21197361
21200512
21204058
21207309
21208616
21212322
21213238
21214800
21215428
21218837
21220752
21222692
21225611
21226593
21227848
21230338
21240923
21248285
21253655
21259407
21262398
21296153
21298308
21299327
21331024
21335091
21335628
21337173
21338265
21338438
21341334
21342490
21343617
21344547
21344796
21345480
21349639
21350040
21350923
21353570
21355056
21356622
21356721
21359364
21368518
21370247
21371715
21372312
21374748
21375539
21377393
21379628
21382828
21383278
21384305
21385433
21389752
21391107
21393606
21400870
21401113
21402682
21403740
21403811
21406795
21407885
21408976
21410062
21410449
21410916
21415059
21415244
21416213
21418518
21419553
21420808
21422119
21422680
21424514
21433611
21436469
21437633
21442714
21443906
21445392
21447766
21450274
21451952
21453380
21455373
21456260
21457185
21459048
21464897
21465456
21467560
21471908
21480130
21503247
21510199
21515358
21521949
21524635
21532003
21533907
21535153
21535948
21538190
21539609
21541560
21543686
21546822
21547559
21548600
21549180
21553868
21554577
21584921
21591047
21597718
21600331
21601666
21605680
21606677
21608068
21608993
21611661
21613668
21615937
21616808
21618746
21620488
21621314
21622992
21657628
21658882
21663004
21663363
21665293
21665838
21666385
21668917
21669974
21671016
21672071
21672280
21673506
21677145
21677222
21678234
21680395
21681936
21682564
21684524
21684755
21686465
21695630
21695825
21697814
21698872
21699079
21702170
21702699
21704228
21704787
21704876
21706497
21709884
21710403
21710925
21713045
21714312
21715138
21717273
21717638
21719152
21726920
21728068
21729634
21733793
21742256
21761880
21763644
21764460
21765667
21767283
21768398
21770662
21772497
21776081
21776793
21777798
21779207
21783203
21783660
21787416
21793941
21797402
21798000
21802308
21803085
21804193
21805448
21808171
21810945
21812808
21813538
21815574
21816514
21818000
21819940
21826631
21826744
21828747
21829907
21830284
21834261
21835522
21835833
21836358
21837200
21841201
21841422
21841974
21844058
21845188
21846113
21848220
21848387
21850664
21857954
21859009
21861200
21864808
21873060
21892141
21895318
21896964
21900865
21901835
21902632
21903458
21906714
21908680
21911170
21911888
21913685
21915184
21915812
21918081
21923248
21924520
21926596
21930818
21938529
21955940
21957026
21959329
21963472
21971784
21996556
22021950
22022775
22052288
22058523
22060330
22062127
22063197
22064242
22064780
22066499
22066740
22067365
22071447
22072660
22073630
22074552
22075141
22075785
22075974
22079049
22079690
22079793
22082194
22090831
22092969
22095005
22096151
22097290
22097489
22099154
22099244
22100628
22104606
22105394
22106171
22107252
22107779
22108504
22108709
22111557
22112422
22113033
22114890
22118747
22119055
22119782
22120867
22123185
22123924
22127320
22128402
22129194
22135628
22136937
22139077
22156573
22159072
22160919
22161470
22162758
22162985
22164657
22165258
22166098
22169691
22170794
22171791
22173074
22173260
22173908
22173987
22177076
22177893
22178456
22180169
22185682
22186214
22186825
22188404
22188931
22192554
22192753
22200792
22200997
22217309
22218168
22219436
22221510
22222386
22225731
22226026
22227145
22233457
22235525
22237972
22287415
22290004
22291550
22292635
22293701
22293816
22295657
22296198
22296906
22300943
22302345
22303261
22304081
22304298
22304940
22305554
22308018
22309268
22309443
22311205
22316453
22316664
22317516
22317746
22319817
22319910
22323427
22324052
22331754
22332305
22349041
22349642
22350181
22350744
22352306
22352492
22356422
22356649
22364884
22364963
22415011
22416081
22418264
22418634
22421868
22422921
22424325
22430118
22432308
22433906
22446111
22513026
22514209
22515920
22520584
22528100
22549662
22551890
22553883
22555151
22555811
22556436
22558085
22558296
22559017
22562877
22564421
22564951
22566089
22566182
22567018
22567569
22570634
22571340
22571570
22573236
22577463
22579025
22579576
22581676
22582373
22586022
22586580
22587794
22594243
22596362
22598185
22604806
22611395
22611636
22612682
22612785
22614264
22614853
22618482
22619020
22626729
22626918
22643680
22676841
22677382
22677940
22680017
22680234
22684357
22684472
22692076
22692690
22774896
22776200
22778404
22782146
22790913
22806703
22806877
22808268
22809414
22810979
22812425
22815153
22816293
22816884
22823608
22825170
22827402
22906628
22906978
22909313
22913584
22921416
22971585
22973200
22974568
22978948
22987298
23004712
23005380
23008002
23011425
23019920
23085694
23097248
23106654
23108786
23110811
23111951
23113108
23113283
23114949
23115064
23116425
23120413
23121189
23121975
23123049
23123590
23124305
23124522
23127370
23128236
23128850
23130708
23139611
23142026
23143951
23144509
23145804
23146034
23147683
23148308
23149125
23152727
23153844
23154846
23156101
23156312
23156937
23157030
23160105
23160938
23161489
23163218
23167294
23168433
23169720
23171788
23172645
23176006
23176308
23177426
23183715
23185802
23188233
23204911
23207497
23209053
23210135
23211210
23211313
23213170
23213708
23214420
23218462
23219858
23220763
23221571
23221812
23222456
23223045
23225509
23226761
23226950
23228896
23233763
23234388
23234922
23235473
23237029
23237240
23241164
23241394
23249609
23249702
23265615
23266982
23268035
23270225
23270612
23273848
23274898
23276298
23282092
23284265
23285861
23336093
23338309
23340311
23341598
23342246
23342857
23344522
23344721
23345458
23349307
23350858
23351375
23352530
23352620
23353460
23353987
23357076
23357784
23357989
23359657
23365062
23365289
23366356
23366435
23367921
23368522
23372133
23372696
23380402
23397746
23398284
23398825
23399014
23400899
23401140
23405258
23405361
23412984
23413573
23462205
23462543
23463640
23464780
23466342
23467794
23470499
23471658
23472233
23478961
23480517
23482772
23561776
23562440
23565060
23568482
23576961
23598615
23600436
23602238
23603291
23604325
23604888
23606598
23606825
23607466
23611535
23612745
23613725
23614641
23615242
23615890
23616076
23619154
23619796
23619875
23622277
23625917
23626319
23627116
23628198
23630499
23631241
23634641
23635717
23636532
23642968
23644274
23646410
23660229
23660344
23660780
23661394
23662953
23663494
23667124
23667299
23675345
23675562
23723008
23725482
23725681
23726552
23726757
23728850
23728940
23732454
23733065
23740788
23741315
23823748
23824930
23826625
23831312
23838824
23856963
23857521
23859640
23860330
23863980
23864521
23865733
23872198
23874324
23876146
23954529
23955856
23958056
23961796
23970562
24020744
24021092
24023426
24027681
24035536
24052930
24054529
24055920
24060296
24068644
24084487
24117726
24151780
24153026
24154977
24158704
24165448
24167336
24174096
24177793
24179746
24180996
24184784
24185704
24187364
24191906
24198401
24199905
24206402
24210948
24212616
24213552
24217116
24217678
24219911
24223795
24232089
24250210
24250849
24253360
24257256
24263716
24265668
24272136
24276048
24278529
24279170
24282166
24283275
24285717
24289370
24297741
24314963
24316185
24318012
24322190
24330759
24347689
24348820
24350464
24351242
24354885
24363282
24369153
24371744
24380904
24382372
24384226
24388545
24394896
24396656
24402977
24407298
24409156
24410632
24413261
24414486
24416299
24420501
24429082
24446106
24447501
24449110
24453387
24461365
24479235
24479825
24482072
24482976
24485932
24487232
24488576
24494214
24498752
24511758
24512551
24514707
24519193
24526940
24544529
24545336
24547468
24551942
24559683
24577157
24578578
24580169
24584468
24587272
24592426
24600768
24643489
24644336
24646600
24650596
24657410
24658402
24665220
24669224
24671504
24672321
24675463
24676883
24678489
24682780
24690734
24708373
24709178
24711309
24715798
24723531
24741130
24741925
24744082
24748553
24752224
24756308
24774155
24774741
24776986
24780845
24789142
24806552
24807948
24809542
24813827
24821809
24839244
24840454
24842275
24843904
24846481
24855064
24856736
24904761
24905884
24908302
24911943
24920339
24937554
24938761
24940596
24944778
24953349
24954240
24970278
24971395
24973841
24977496
24985868
25036308
25036874
25039109
25041440
25042994
25051273
25094144
25173731
25173944
25181137
25192166
25192369
25194979
25195436
25207800
25210013
25211983
25220155
25221662
25225495
25236454
25243159
25244957
25253007
25253979
25258046
25287701
25291787
25296256
25308254
25310263
25318941
25319695
25323675
25333035
25335410
25335989
25339114
25340361
25341236
25342618
25343621
25347414
25348997
25350964
25351497
25352362
25354829
25356882
25392154
25398812
25400365
25400722
25401422
25402945
25404501
25405194
25405590
25405993
25407751
25409872
25412761
25413733
25413914
25415298
25415892
25416203
25419827
25420964
25424168
25429996
25439515
25441438
25449559
25450557
25455119
25464406
25466085
25467211
25470420
25471890
25472585
25473333
25474346
25478797
25479978
25481833
25482898
25483604
25485498
25487525
25496749
25499082
25500310
25503625
25504549
25504946
25506379
25507412
25511226
25512564
25514226
25515301
25516681
25518421
25520458
25531929
25533648
25535527
25536604
25538180
25539905
25541384
25544851
25546273
25547022
25547944
25549378
25553200
25555044
25589782
25591297
25597212
25599080
25601555
25602094
25603394
25605296
25606532
25610329
25612048
25612423
25613892
25614625
25617601
25619080
25621026
25627731
25629845
25630250
25631001
25632068
25633897
25634070
25635013
25635354
25636924
25639202
25642503
25643051
25643412
25644616
25645133
25645842
25650832
25653409
25659172
25659618
25662337
25666160
25674184
25701423
25703963
25711902
25712791
25716829
25738262
25754664
25759066
25761684
25762093
25765682
25766506
25767237
25768118
25769129
25773653
25774313
25776581
25777738
25778482
25780875
25782932
25791623
25793652
25793803
25795091
25796232
25797842
25798157
25798709
25799050
25800793
25803332
25805870
25806934
25807625
25808048
25809050
25809445
25813276
25814305
25817410
25824917
25827113
25827930
25831013
25831668
25833098
25833805
25834834
25838763
25840082
25842570
25842868
25844293
25846070
25848105
25859214
25861668
25863449
25864711
25865377
25867848
25868482
25872444
25873800
25874515
25875746
25877136
25879664
25880900
25883393
25891911
25894658
25896092
25897235
25898576
25900324
25901153
25905678
25906372
25907257
25908865
25909576
25912872
25913506
25915792
25920961
25922352
25923816
25928580
25936482
25981965
25984144
25988153
25990234
25990917
25991324
25992354
25994379
25994804
25995378
25995533
25997838
26000001
26002707
26003658
26003989
26004772
26005558
26005897
26010952
26014288
26018227
26025345
26027086
26028185
26029352
26031746
26032688
26036487
26037346
26038812
26039632
26040484
26044164
26044993
26046664
26052200
26053060
26055458
26058977
26067856
26086670
26088649
26088982
26089511
26090800
26092602
26092933
26093643
26094356
26095763
26097832
26100828
26101901
26102322
26103105
26103914
26104085
26108441
26109506
26112644
26118018
26118753
26120656
26125096
26132708
26150128
26151816
26153572
26157506
26166049
26206214
26223439
26238816
26250295
26253467
26254508
26255122
26258819
26259997
26260696
26261609
26262150
26264847
26266821
26266936
26268774
26270257
26271838
26273105
26273322
26274572
26276244
26276419
26283166
26286607
26287210
26287761
26291756
26292311
26294019
26294661
26294872
26297405
26299555
26300180
26301848
26302662
26304795
26305737
26305830
26306673
26308940
26309170
26314154
26314353
26315224
26315429
26317522
26317612
26321126
26329460
26329987
26349083
26351709
26353033
26353222
26357216
26358046
26358892
26360131
26360372
26363031
26365042
26365580
26367523
26368792
26370095
26371256
26371845
26372486
26374346
26374449
26378363
26378653
26379508
26381194
26381644
26382949
26384678
26386898
26390691
26395433
26396248
26403473
26412486
26412713
26413780
26413859
26415345
26415946
26419557
26420120
26427826
26428012
26479695
26482967
26484056
26484261
26488582
26488891
26490257
26491090
26491180
26494494
26496394
26496593
26498252
26499171
26501277
26502260
26502787
26503736
26505382
26505993
26509871
26510793
26512180
26513048
26513642
26516044
26518405
26521926
26526322
26526897
26534179
26542299
26544018
26544745
26545457
26546644
26548408
26551082
26555020
26558693
26559811
26567238
26609349
26609464
26609900
26610514
26612073
26612614
26616244
26616419
26624465
26624682
26707280
26708264
26710180
26714754
26722881
26742045
26744894
26746068
26746147
26750072
26751119
26752550
26753201
26753802
26756187
26758470
26758697
26760977
26761612
26763799
26764690
26764876
26765507
26767461
26768024
26772850
26773388
26773929
26774118
26776003
26776244
26780362
26780465
26788088
26788677
26804335
26805022
26806053
26806514
26807875
26809225
26810705
26813044
26816824
26821066
26822278
26828972
26871402
26872261
26872998
26874674
26876547
26878185
26882641
26887060
26887468
26894680
26969668
26970434
26972449
26976432
26985096
27002083
27002708
27003242
27003793
27005349
27005560
27009484
27009714
27017929
27018022
27100801
27101776
27103560
27107620
27115682
27165864
27167364
27169346
27173185
27181360
27198754
27199649
27202192
27206216
27214148
27230229
27263423
27267707
27301143
27303572
27305502
27306043
27307352
27307557
27309222
27309833
27310666
27314255
27315369
27316381
27317642
27317841
27318482
27318572
27321650
27322484
27323011
27325280
27333694
27336274
27337819
27338895
27339988
27340067
27341925
27342488
27343177
27347229
27348613
27349527
27350342
27350569
27351217
27351818
27354282
27355538
27355724
27357492
27362988
27364038
27366211
27366601
27369841
27370885
27372308
27378104
27380274
27381866
27399323
27401546
27403535
27404829
27405484
27406098
27407764
27407939
27408677
27412535
27414100
27414622
27415749
27415864
27416681
27417222
27420297
27421009
27421226
27422898
27428197
27428760
27429298
27429484
27431366
27431593
27435732
27435811
27443441
27444042
27460254
27461329
27462488
27464044
27465477
27468198
27469364
27469938
27476643
27478218
27480457
27530767
27532585
27534397
27535447
27536490
27537041
27538764
27538994
27540384
27543710
27544914
27545883
27546787
27547412
27548037
27548248
27551301
27551945
27552038
27554442
27559626
27559729
27560184
27560773
27562354
27562892
27566505
27566694
27574723
27574964
27592116
27592291
27593169
27593386
27595461
27595576
27599084
27599698
27607401
27607942
27658054
27658595
27660721
27661428
27665080
27665618
27666826
27673292
27675401
27677221
27755716
27757314
27758689
27763088
27771432
27792477
27794597
27796631
27797790
27798921
27799110
27800778
27800881
27802258
27806235
27807018
27807791
27808882
27809420
27810115
27810356
27813204
27814072
27814661
27816521
27820379
27821475
27822769
27824856
27825706
27829068
27829353
27830469
27836774
27838868
27841298
27854054
27854665
27855220
27855747
27857322
27861464
27861669
27869906
27869996
27919820
27920050
27921097
27921190
27922659
27923284
27926890
27927441
27935141
27935352
28018209
28018896
28021512
28024932
28033410
28050808
28051884
28054182
28054930
28058307
28059402
28060201
28066641
28067941
28070100
28149128
28150308
28152002
28156673
28164208
28180511
28214370
28215681
28217904
28221640
28230404
28247824
28248168
28250500
28254754
28262593
28293120
28312279
28346216
28346852
28349346
28353249
28359728
28361680
28368129
28372034
28374532
28375176
28378593
28380080
28381928
28386244
28392578
28394338
28400676
28405000
28406864
28408321
28411161
28411964
28414094
28418567
28426323
28444580
28445410
28447681
28451696
28458504
28459496
28466320
28470305
28472578
28473412
28476941
28477526
28479755
28483637
28491930
28509223
28510355
28512793
28516444
28524814
28542482
28543049
28545300
28549162
28557445
28575472
28576712
28578660
28582370
28589121
28591009
28597762
28601476
28603432
28604688
28607546
28608653
28611094
28614731
28623125
28640341
28641562
28643373
28647574
28656139
28673286
28674083
28676241
28680728
28688460
28692768
28705948
28707342
28708935
28713235
28721209
28738691
28740113
28741720
28745996
28747936
28753958
28758656
28771402
28772613
28773920
28774450
28776640
28778633
28787220
28837826
28838753
28840432
28844968
28851460
28852964
28859464
28864016
28865665
28866594
28869710
28870919
28872755
28876953
28885532
28902539
28903957
28905562
28909837
28917814
28935316
28936714
28938309
28942610
28950569
28952320
28958912
28968214
28969003
28971157
28975642
28983373
29000785
29002008
29003820
29008006
29016579
29033528
29034636
29037062
29037888
29040707
29042976
29049105
29051456
29099539
29100121
29102364
29106222
29114503
29131813
29132946
29135369
29136992
29139028
29147402
29165068
29165638
29167875
29171761
29180056
29230345
29231156
29233290
29237765
29245522
29254016
29374432
29396495
29399127
29400453
29400664
29404358
29405467
29406321
29407564
29407794
29410462
29412458
29413009
29414956
29416195
29417533
29418659
29419284
29420480
29421769
29421862
29428829
29432094
29433155
29433396
29437720
29437999
29439366
29440202
29440305
29443611
29445513
29445702
29447377
29448300
29450391
29451378
29451916
29452835
29454520
29455109
29460180
29460259
29460721
29461322
29462885
29463448
29467058
29467244
29475270
29475497
29494551
29497403
29498578
29498668
29502563
29503645
29505080
29505702
29506313
29508687
29511000
29511205
29513478
29514129
29516318
29517194
29517393
29518028
29519988
29520515
29524535
29525609
29526484
29527224
29528874
29530764
29532389
29536838
29541266
29541681
29548867
29557996
29558610
29559145
29559686
29561268
29561443
29565393
29565610
29573829
29573944
29625406
29628559
29629617
29630218
29633932
29635095
29635779
29636709
29637272
29639965
29641940
29642019
29643896
29645350
29646939
29648198
29648425
29649681
29651346
29651532
29655447
29656306
29657993
29658449
29659764
29661496
29663690
29667500
29672229
29673027
29680262
29688591
29689285
29690674
29691523
29692137
29694545
29696916
29700440
29704810
29705382
29712684
29754730
29755281
29755813
29756024
29757900
29758130
29762249
29762342
29769955
29770580
29852833
29854352
29856328
29860164
29868322
29887643
29891101
29891689
29892230
29896241
29896798
29898508
29899156
29899331
29901879
29904044
29904658
29906307
29907160
29909263
29910213
29910328
29911142
29913425
29913642
29918680
29918885
29919954
29920044
29921510
29922121
29925748
29926275
29933994
29934193
29951882
29952613
29953318
29954514
29956259
29958953
29962897
29966580
29967692
29975128
30015613
30015902
30017332
30017770
30019148
30020485
30021958
30024306
30028067
30032329
30033560
30040241
30115112
30116004
30118530
30122561
30130512
30148009
30148198
30149059
30149300
30151370
30151473
30155000
30155589
30163314
30163852
30208003
30246210
30247201
30249136
30253704
30261828
30278624
30312016
30312776
30314788
30318754
30327425
30344836
30345794
30347585
30351664
30359720
30375962
30443440
30444264
30446532
30450530
30457345
30458337
30465154
30471432
30472272
30476002
30477249
30479216
30482920
30489668
30491556
30498312
30502032
30503969
30505218
30508179
30509593
30511196
30515470
30523431
30541768
30542692
30544354
30548897
30555408
30556912
30563393
30567938
30569604
30570536
30573850
30574637
30576790
30581259
30589013
30606862
30607431
30609683
30613561
30621852
30639365
30640178
30641344
30642313
30646804
30654538
30663040
30672737
30673392
30675880
30679780
30686242
30688194
30694660
30698568
30701072
30701697
30705173
30705754
30707981
30711862
30720139
30737451
30738581
30741018
30744653
30753046
30770316
30771718
30773315
30777617
30785592
30794754
30803033
30804252
30806062
30810247
30818835
30835782
30836995
30838833
30843032
30844192
30845504
30851596
30855488
30868532
30869642
30872069
30875730
30884105
30934500
30935970
30937825
30942160
30948488
30950248
30956592
30960897
30962754
30964228
30966844
30967950
30970375
30974035
30982425
30999638
31000843
31002677
31006874
31015437
31032393
31033620
31035434
31039621
31048210
31057952
31065229
31066646
31068235
31072533
31080506
31097891
31099025
31101464
31105100
31113478
31117472
31131153
31131736
31133964
31137830
31140480
31146115
31196423
31197235
31199385
31203868
31211598
31229450
31230021
31232274
31236137
31240384
31244436
31261976
31262764
31264902
31269379
31270048
31271232
31277137
31327378
31328777
31329376
31330388
31332736
31334666
31342629
31344384
31420416
31492033
31492976
31494632
31499172
31505666
31507170
31513668
31518216
31519888
31520801
31524708
31525346
31527841
31531760
31538216
31540168
31546640
31550529
31553026
31553668
31556679
31557907
31559737
31563932
31572494
31589872
31591336
31593188
31597506
31603841
31605601
31611938
31616260
31618120
31619600
31622293
31623706
31625293
31629590
31637547
31655196
31655982
31658119
31662611
31670361
31687818
31689221
31690834
31695113
31703092
31721378
31722209
31724496
31728488
31735300
31736292
31743112
31747120
31749377
31750210
31753483
31754293
31756442
31760909
31768662
31786518
31787083
31789333
31793210
31801485
31818840
31820044
31821862
31826051
31834641
31836320
31851571
31852697
31855132
31858766
31867143
31884332
31885446
31887875
31891537
31893120
31899928
31917577
31918164
31919488
31920394
31924261
31932562
31933536
31941376
31983336
31984580
31986530
31990241
31997008
31998896
32005633
32009346
32011300
32012552
32015897
32016476
32018702
32022567
32030867
32048173
32049302
32051723
32055381
32063770
32080946
32082057
32084500
32088138
32092544
32096517
32113754
32114957
32116790
32120971
32129557
32146950
32147523
32149777
32152584
32153656
32161932
32179459
32180273
32182424
32186892
32194630
32198944
32244878
32246279
32247891
32252185
32260156
32277780
32278570
32279744
32280709
32283392
32285202
32292937
32294432
32310417
32311832
32313420
32317702
32319040
32325667
32330368
32375877
32377106
32378921
32383124
32391690
32506227
32506554
32506669
32509036
32509137
32512387
32515241
32516276
32519194
32520205
32525323
32526634
32526661
32528406
32530630
32530840
32531477
32542242
32544036
32548432
32549160
32556232
32563969
32580912
32582210
32583873
32584456
32589186
32590113
32610624
32643184
32654888
32655682
32748544
32771856
32773442
32773761
32780676
32787012
32788656
32792673
32813600
33035426
33039688
33040004
33049224
33051216
33194880
33358624
33377280
33521728
