47982
61939
106127
123679
135007
160463
168893
192045
204211
214958
231678
243292
261313
277959
318645
339755
348859
355046
365942
373705
380505
416566
417673
419796
443243
471285
478565
501176
502807
512391
548059
572841
603047
609847
616890
620138
634693
643797
671381
686936
696951
732281
741865
750870
766107
773387
815517
823535
829410
859873
866846
869628
877425
887724
922579
931180
936398
945731
951966
954161
979617
983359
1026768
1030434
1040461
1063835
1080918
1091449
1104617
1124727
1135847
1160597
1202645
1211690
1226919
1230135
1259177
1264441
1273012
1274724
1288779
1316573
1338189
1346111
1395998
1407393
1415379
1424428
1434947
1471635
1480161
1483500
1487134
1501297
1523024
1524210
1541901
1543842
1593726
1603521
1611443
1633059
1644733
1664301
1672287
1674736
1684306
1709455
1724306
1730591
1739117
1752672
1771363
1793100
1809281
1819036
1828369
1845015
1858183
1859128
1860314
1875274
1885797
1919083
1941686
1943833
1954953
1969270
1980617
1983833
2008107
2010500
2042405
2052874
2068600
2129571
2138065
2151998
2167263
2190415
2198845
2221778
2224301
2235629
2253181
2288608
2323345
2331363
2349836
2371189
2373466
2380773
2405015
2412295
2423096
2440345
2465915
2476500
2503083
2509883
2534729
2540774
2543833
2558874
2564935
2570856
2605621
2618378
2632662
2634489
2641769
2666011
2675595
2680244
2710917
2736487
2741592
2754042
2764071
2773175
2798021
2804821
2807914
2824564
2828004
2835035
2859817
2877574
2908719
2917213
2935474
2952531
2958734
2977987
2986417
3009569
3025084
3054723
3072275
3084941
3085874
3131264
3167673
3192011
3197275
3202404
3218554
3220458
3226309
3229525
3253799
3272072
3288792
3295847
3320597
3331717
3334330
3345862
3351835
3365003
3392617
3395670
3409263
3419570
3447181
3466269
3469922
3478332
3479427
3500563
3509089
3523214
3545777
3546638
3565345
3573331
3606621
3676643
3685660
3689646
3695731
3733649
3738383
3792386
3802685
3855152
3871953
3878958
3893569
3901491
3945637
3950901
3975239
3981800
4001428
4007497
4059396
4064166
4076116
4114953
4132136
4146183
4200427
4214262
4221563
4257433
4290711
4299237
4304616
4308250
4318325
4355493
4363479
4367322
4385095
4397785
4406374
4417353
4425275
4427668
4471469
4474685
4489056
4499023
4543953
4550958
4568227
4573491
4597107
4610275
4619292
4623662
4635025
4672015
4681090
4682322
4742065
4742926
4744172
4758652
4766403
4769619
4797645
4802909
4827183
4867183
4891933
4893874
4905101
4926227
4936252
4937347
4952398
4967009
4983655
5018426
5019525
5040661
5052811
5057844
5063574
5071899
5080425
5082310
5091940
5117113
5131940
5138729
5145076
5146715
5178965
5217800
5258481
5286332
5299587
5320221
5329805
5330738
5336016
5382959
5400290
5413234
5423709
5440892
5452227
5459027
5481614
5483809
5492913
5509559
5524394
5532711
5539066
5541205
5552728
5566661
5571419
5593204
5610246
5621156
5628457
5639785
5657926
5673611
5674548
5687446
5708933
5711930
5719704
5726485
5734503
5736904
5770555
5796011
5804505
5809876
5813542
5827657
5839720
5850570
5857863
5866293
5868186
5903077
5911642
5916920
5932968
5934599
5982502
6010900
6037629
6060306
6078735
6096430
6107793
6115073
6121612
6163228
6177331
6202177
6255648
6259986
6322633
6330555
6350123
6353748
6362805
6384421
6392407
6407096
6429575
6430520
6448663
6457189
6475402
6490475
6496694
6526345
6547481
6564127
6575247
6604909
6610002
6626636
6628060
6637155
6661905
6675073
6688894
6698689
6703953
6728227
6742412
6753520
6759469
6803808
6829459
6859121
6865118
6870241
6885282
6897232
6931981
6942770
6957645
6959970
7011584
7015454
7026849
7030065
7054403
7084245
7093290
7097752
7103813
7111735
7146041
7210763
7262726
7287064
7291050
7309573
7341982
7352131
7353964
7361235
7386017
7392817
7403534
7422015
7446861
7456994
7483549
7490829
7521744
7539372
7545457
7586563
7657224
7672041
7681046
7703563
7747876
7757899
7766329
7871030
7872137
7889689
7897707
7916420
7933029
7939256
7966855
7995735
8006026
8052773
8066820
8131952
8137440
8184962
8200483
8241233
8258764
8268817
8278401
8329282
8395511
8415079
8425402
8452997
8484235
8492281
8496116
8513897
8550585
8559051
8564422
8568116
8578139
8591301
8597882
8605144
8612437
8620839
8665009
8678828
8680060
8694611
8705731
8725853
8739021
8748082
8766511
8792175
8828045
8833309
8851004
8862339
8865555
8872094
8889953
8923965
8935085
8941296
8964687
8981870
8993233
9020723
9022620
9033891
9057507
9062771
9085358
9098641
9119247
9133856
9135042
9149522
9176699
9198932
9214617
9215526
9234185
9245847
9260682
9267463
9273818
9275509
9312677
9317658
9323448
9331765
9340231
9342184
9351754
9374537
9392230
9409300
9449965
9456765
9481487
9490591
9525806
9526929
9529036
9541980
9552499
9580083
9589667
9590556
9606254
9614033
9621313
9650511
9674813
9677202
9706667
9717430
9724219
9734630
9746244
9768519
9786728
9802405
9803290
9816248
9831285
9853018
9870120
9880970
9888263
9900441
9905446
9915268
9923593
9929940
10001605
10005448
10008634
10019157
10031819
10032756
10045654
10061702
10063401
10099526
10110436
10117737
10126107
10128052
10161429
10175546
10186885
10204424
10235233
10244337
10253326
10257724
10269059
10275859
10292018
10306077
10315152
10320448
10381474
10428499
10455054
10469665
10515669
10524071
10545207
10550856
10558377
10559254
10577465
10585931
10604196
10622619
10644235
10652281
10666902
10683511
10693802
10721429
10740997
10751198
10770835
10795233
10798449
10801486
10825664
10856973
10871202
10886498
10887922
10896973
10939536
10945004
10955057
10966177
10995779
11024527
11027743
11052141
11062722
11076286
11086435
11088716
11122305
11127569
11145100
11151185
11164353
11191843
11202588
11225133
11256048
11277769
11284790
11298905
11307307
11330244
11339557
11391528
11405847
11484164
11502617
11543135
11549552
11584301
11597074
11612339
11619619
11643985
11653569
11667774
11681153
11706723
11716812
11732912
11744834
11794464
11800345
11825801
11852308
11876618
11886693
11895063
11931847
11940920
11963429
11993643
12063637
12064554
12086789
12109464
12124537
12134820
12181515
12192843
12199062
12226729
12261912
12288581
12327020
12337987
12362289
12387554
12454352
12460301
12506176
12590493
12616063
12629618
12652401
12670046
12677857
12686227
12687148
12709379
12736876
12753438
12754593
12764348
12772145
12783791
12798642
12813794
12815437
12827456
12857563
12864843
12887446
12889145
12898729
12919351
12933912
12949610
12960581
12988165
12997269
12998186
13003464
13014360
13044054
13058169
13082891
13084836
13118551
13128135
13137208
13152437
13159717
13189931
13198502
13214297
13240118
13251465
13258265
13265300
13268548
13312357
13334538
13338936
13352983
13387838
13401217
13416716
13426787
13448514
13453792
13469360
13507184
13518034
13533741
13536130
13569059
13583628
13603009
13645447
13650711
13659290
13661002
13675109
13706347
13729028
13732918
13744265
13747481
13773145
13784265
13791286
13813803
13831946
13846053
13853096
13900737
13910492
13919825
13928227
13930124
13961517
14000834
14004528
14025759
14044464
14072834
14094924
14125585
14157645
14179426
14196496
14205362
14226849
14229790
14247985
14254316
14256451
14293139
14298156
14303886
14312707
14320753
14373200
14389794
14428683
14439204
14454870
14486616
14525445
14549354
14567493
14590104
14683695
14717645
14736162
14752963
14759996
14764430
14770515
14815729
14824718
14838881
14847251
14872707
14877469
14931472
14945204
14951273
14957126
14991899
15004708
15009082
15020421
15027221
15058120
15089959
15114325
15140486
15210842
15214282
15221365
15246087
15263912
15271380
15281417
15290521
15325252
15337702
15343675
15384905
15406184
15471267
15472156
15502913
15532111
15542418
15607200
15688193
15732200
15738165
15751333
15778887
15782008
15798630
15813193
15851668
15866964
15868868
15902217
15925466
15935495
15992947
15999150
16028817
16050433
16064032
16126738
16171680
16188737
16287773
16320019
16386849
16469120
16518406
16532521
16581512
16711732
16799639
16805834
16824037
16829301
16857323
16860539
16887206
16898457
16922073
16951611
16962731
16983861
16997029
16997914
16999160
17014120
17024583
17063022
17070801
17079203
17080092
17088958
17098291
17110445
17125296
17131581
17140047
17153602
17176735
17196303
17204349
17206738
17216368
17238643
17256796
17273390
17274513
17288332
17296129
17308621
17317234
17327709
17336111
17396913
17405379
17408718
17412412
17426515
17452348
17463683
17471729
17480718
17491297
17517794
17531826
17533469
17577611
17582875
17591446
17593158
17607273
17638503
17661192
17665082
17676421
17679637
17705301
17716421
17723450
17745959
17764102
17778217
17785252
17857677
17869554
17883247
17896433
17904974
17910252
17919585
17925820
17927955
17953411
17964739
17971324
17974494
17982291
17992590
18025519
18059469
18065344
18068530
18099291
18108875
18117940
18133177
18140457
18170663
18179242
18195029
18220858
18232197
18238997
18246040
18249288
18293097
18315270
18319668
18333723
18362583
18369863
18392474
18394165
18403749
18424379
18438932
18454630
18465609
18493193
18502297
18503206
18508484
18519380
18549082
18563189
18587911
18589864
18619793
18622766
18630540
18645363
18647260
18699346
18716448
18729346
18743887
18766176
18782738
18793648
18813091
18818076
18844737
18889141
18916695
18926840
18929863
18951001
18952822
18962121
18991659
19004436
19009206
19015275
19021636
19053193
19056409
19067174
19084423
19089687
19114085
19120586
19141875
19163491
19199361
19203615
19256082
19270445
19324448
19339713
19358801
19367203
19400831
19436701
19458317
19470995
19471916
19490563
19498609
19534622
19535777
19556913
19565379
19579564
19596621
19606928
19657280
19664356
19670329
19683497
19711051
19714164
19730794
19745349
19783832
19799128
19801032
19834373
19857622
19867659
19927727
19959373
19974050
19998878
20028577
20046129
20057457
20063660
20082913
20091283
20114435
20126498
20144653
20171408
20191574
20195014
20202105
20226827
20244644
20252120
20262149
20271253
20305992
20318442
20324407
20365637
20386916
20450232
20456293
20462154
20496919
20509736
20514102
20525449
20532249
20563140
20594987
20619353
20645514
20712995
20746945
20789296
20807725
20854018
20906769
20983149
20992253
21016975
21023775
21039934
21053313
21063068
21068364
21078883
21115571
21122851
21129390
21147217
21156801
21176415
21199152
21217581
21273801
21277636
21280822
21291353
21304007
21312632
21317850
21333898
21335589
21371722
21382632
21389925
21398295
21400248
21433625
21447734
21459081
21476612
21503143
21513914
21520695
21531114
21542728
21565003
21583204
21598889
21599766
21612724
21627769
21649494
21666596
21677446
21684747
21696917
21701930
21711752
21720069
21726424
21759326
21770721
21777521
21800108
21802243
21811347
21832461
21846562
21849792
21862736
21911312
21927010
21956716
21971267
21995569
22021751
22043992
22059669
22060586
22079237
22090907
22105734
22112523
22118870
22120569
22157737
22162710
22168500
22176825
22185291
22187236
22196806
22219589
22237290
22254360
22293297
22303262
22304417
22319468
22334019
22351202
22365261
22391952
22454690
22456333
22488579
22563373
22572448
22573680
22619473
22632641
22646028
22660131
22685795
22704396
22708286
22721665
22726929
22744624
22765714
22821956
22823142
22840857
22874135
22888760
22917130
22938917
22957066
23036548
23078896
23085903
23110205
23128466
23135470
23145523
23155107
23179473
23186753
23202268
23223441
23249522
23254092
23270738
23276226
23323808
23335833
23336742
23358985
23381652
23396725
23407016
23453703
23465031
23471258
23498917
23534100
23560777
23596821
23622277
23648792
23673094
23683177
23691547
23728331
23737396
23759913
23790119
23857806
23863891
23905057
23988530
24002589
24037568
24122821
24129850
24143957
24152359
24175304
24184617
24236580
24250907
24329224
24347669
24382524
24393859
24397075
24421473
24445618
24458048
24514432
24571920
24576270
24594465
24644818
24650767
24695106
24711260
24750593
24790593
24838624
24906057
24912276
25039400
25189857
25196830
25214099
25244317
25251597
25261904
25313855
25322930
25328226
25338701
25374019
25383123
25392172
25396510
25407905
25414705
25431351
25456807
25465301
25470680
25474346
25488453
25500516
25511366
25518667
25527097
25528982
25563881
25564758
25577716
25593764
25595403
25643306
25671704
25694651
25709478
25717803
25724150
25726297
25737812
25751753
25756503
25778296
25795338
25813541
25824869
25843018
25858695
25859640
25894025
25897014
25904788
25911577
25919595
25921988
25969005
25993247
25995696
26029585
26039169
26055756
26092323
26106380
26133073
26150256
26190978
26217323
26252086
26253193
26274329
26286471
26291512
26297242
26305559
26314085
26315978
26325608
26350773
26365608
26372389
26378744
26380375
26412633
26451460
26486317
26500866
26502112
26516592
26542206
26555585
26560849
26583436
26585123
26611020
26625123
26649873
26663041
26694192
26710338
26742302
26753697
26756913
26763452
26781251
26814541
26833186
26901520
26905890
26919949
26936108
26954243
27005784
27034282
27036421
27067659
27085860
27134009
27148566
27176996
27214024
27268476
27273964
27276227
27283027
27307809
27316913
27321486
27331058
27337007
27377757
27382882
27405341
27414925
27449680
27465806
27476833
27501075
27531834
27532933
27550485
27558503
27577224
27593833
27600052
27627659
27656539
27666822
27713577
27727624
27842308
27857125
27866138
27870632
27888647
27932968
27936922
27942983
27951413
28051346
28063328
28112898
28117276
28131379
28156225
28181550
28192913
28200193
28248736
28317913
28326950
28331412
28337481
28345403
28379701
28444423
28496394
28520724
28524710
28543241
28592143
28623058
28689921
28705436
28715585
28773394
28836302
28846355
28857475
28887137
28908864
28910288
28971122
29024640
29041697
29099093
29109384
29168134
29370139
29383307
29384244
29385430
29400390
29410921
29444199
29466810
29468949
29480069
29494394
29505733
29508949
29533223
29535624
29567529
29577990
29593716
29624925
29643122
29694129
29699086
29704876
29713697
29721683
29758851
29761852
29779987
29786318
29788513
29842496
29868432
29890257
29896814
29904076
29911873
29918108
29919795
29951037
29969682
29998112
30017807
30057184
30060818
30115585
30150440
30164487
30171530
30240788
30245158
30263305
30286921
30313492
30343706
30426414
30437777
30445795
30454812
30488658
30491888
30507535
30509984
30553440
30558658
30574226
30605619
30623772
30662721
30679367
30701608
30705946
30720053
30738196
30804518
30819081
30827652
30901288
30935412
30949467
30974249
30976134
31020552
31072789
31103048
31130694
31199373
31204402
31214224
31229376
31261281
31402240
31470761
31476025
31500363
31506916
31526552
31532613
31584520
31589290
31601240
31640069
31657252
31671307
31735056
31739042
31753485
31787779
31852081
31928354
31982947
32020865
32039953
32052016
32096898
32120322
32180305
32186508
32243960
32253989
32379204
32512780
32530979
32539473
32580994
32637037
32647344
32707201
32773194
32835780
32841753
33031844
33097770
33112325
33162520
33456131
