1118583
1121912
1121927
1123003
1125707
1125812
1131741
1133357
1133522
1144593
1144862
1145057
1148702
1148897
1149166
1160237
1160402
1162018
1167947
1168052
1170756
1171832
1171847
1175176
1184478
1187118
1187281
1188333
1191453
1191650
1197940
1197963
1198203
1209415
1209528
1211208
1213623
1215303
1215416
1226628
1226868
1226891
1233181
1233378
1236498
1237550
1237713
1240353
1316075
1317659
1317860
1320743
1320920
1321175
1327550
1330766
1330865
1340018
1340045
1342850
1344125
1346930
1346957
1356110
1356209
1359425
1365800
1366055
1366232
1369115
1369316
1370900
1513282
1513549
1513650
1516657
1516686
1518465
1524247
1524456
1527064
1536292
1540395
1540564
1543716
1552920
1561729
1566786
1578829
1578930
1579197
1584014
1589991
1592599
1592808
1601835
1602004
1605156
1609259
1618664
1621272
1627249
1627278
1632066
1632333
1632434
1774619
1774820
1776404
1779496
1779751
1779928
1786190
1786289
1789505
1798786
1802866
1802893
1805698
1814849
1824808
1827860
1905198
1905361
1908001
1909021
1909218
1912338
1918852
1919092
1919115
1930312
1934407
1934520
1936200
1947780
1954066
1958433
1970552
1970567
1973896
1974859
1974964
1977668
1983533
1983698
1985314
1996817
2000657
2000926
2001121
2012194
2019908
2023816
2167533
2170141
2170338
2171358
2174510
2174673
2180935
2181048
2181303
2192500
2192523
2194308
2196603
2198388
2198411
2209608
2209863
2209976
2216238
2216401
2219553
2220573
2220770
2223378
2232763
2235979
2236084
2237047
2239864
2239879
2247454
2247649
2258722
2258989
2259154
2262829
2262994
2263261
2274334
2274529
2276113
2282104
2282119
2284936
2285899
2286004
2289220
2365297
2365326
2365566
2368701
2370381
2370482
2376411
2379051
2379220
2388247
2388456
2392551
2395671
2395880
2404907
2405076
2407716
2413746
2415426
2418561
2418801
2418830
2561063
2561240
2562856
2565908
2566171
2566372
2572658
2572685
2576002
2585153
2589262
2589361
2592065
2601346
2611220
2614312
2626775
2628391
2628568
2631451
2631652
2631915
2638205
2641522
2641549
2650702
2650801
2653505
2654910
2657614
2657713
2666866
2666893
2670210
2676500
2676763
2676964
2679847
2680024
2681640
2824065
2824305
2824334
2827341
2827442
2829122
2834987
2835156
2837796
2847000
2851095
2851304
2854424
2863652
2872386
2877569
2953547
2953652
2956868
2957944
2957959
2960776
2966558
2966753
2968337
2979874
2983714
2983981
2984146
2995217
3003016
3006788
3019293
3019490
3022098
3023150
3023313
3026465
3032904
3033159
3033272
3044484
3048564
3048587
3061832
3068193
3072530
4265150
4266830
4266929
4269938
4269965
4270205
4276715
4279835
4280036
4289063
4289240
4291880
4293335
4295975
4296152
4305179
4305380
4308500
4315010
4315250
4315277
4318286
4318385
4320065
4331287
4331751
4334811
4336427
4336596
4342461
4345165
4345266
4354417
4354446
4357761
4358526
4361841
4361870
4371021
4371122
4373826
4379691
4379860
4381476
4384536
4384791
4385000
4461021
4464173
4464338
4465390
4467998
4468193
4473975
4475768
4475783
4486980
4487243
4487348
4491083
4491188
4491451
4502663
4504456
4510238
4510433
4513041
4514093
4514258
4517410
4657780
4657803
4660612
4661575
4661688
4664904
4671265
4671534
4671697
4682770
4686877
4687074
4688658
4700193
4706632
4711044
4723323
4726132
4726155
4727223
4730439
4730552
4736814
4736977
4737246
4748317
4748514
4750098
4752621
4754205
4754402
4765473
4765742
4765905
4772167
4772280
4775496
4776564
4776587
4779396
4919597
4919762
4922914
4923934
4924129
4926737
4932728
4932743
4934536
4945988
4949828
4950091
4950196
4961416
4968977
4972834
5052184
5052439
5052648
5055531
5055700
5057316
5063245
5063346
5066050
5075329
5079409
5079438
5082753
5091906
5100580
5105688
5117006
5117105
5118785
5121922
5122162
5122189
5128475
5128676
5131796
5141032
5145127
5147944
5157140
5167234
5170241
7411492
7411755
7411924
7414807
7415016
7416600
7422577
7422606
7425409
7434562
7438669
7438770
7441986
7451265
7459864
7464996
7476338
7476365
7478146
7481153
7481422
7481521
7487783
7487960
7491112
7500308
7504411
7504612
7507220
7516456
7526465
7529602
7606855
7606968
7609672
7610740
7610763
7614084
7620370
7620637
7620834
7631905
7636014
7636177
7637793
7649298
7655812
7660104
7803153
7807522
7816260
7833736
7868702
7868897
7872017
7873069
7873234
7875874
7881803
7881908
7883588
7895176
7899016
7899256
7899271
7910468
7918114
7921937
8065608
8069508
8079378
8094753
8197250
8202305
8208680
8225300
8263716
8266776
8274561
8290626
8460075
8460244
8460507
8463591
8465175
8465384
8471166
8473969
8473998
8483149
8483250
8486466
8487357
8490573
8490674
8499825
8499854
8502657
8508439
8508648
8510232
8513316
8513579
8513748
8524925
8526706
8526733
8529742
8529841
8530110
8536535
8539687
8539864
8548891
8549092
8551700
8553195
8555803
8556004
8565031
8565208
8568360
8574785
8575054
8575153
8578162
8578189
8579970
8655543
8658247
8658360
8659323
8662644
8662667
8668957
8669154
8669421
8680494
8680657
8682273
8686382
8686545
8697618
8697885
8698082
8704372
8704395
8707716
8708679
8708792
8851742
8851937
8855057
8856109
8856274
8858914
8864843
8864948
8866628
8878216
8882056
8882296
8882311
8893508
8901154
8904977
8917486
8920606
8920801
8921821
8924461
8924626
8930491
8932171
8932276
8943496
8943736
8943751
8947576
8947591
8947831
8959051
8959156
8960836
8966701
8966866
8969506
8970526
8970721
8973841
9114183
9114296
9117000
9118068
9118091
9121412
9127698
9127965
9128162
9139233
9143342
9143505
9145121
9156626
9163140
9167432
9245810
9245837
9247618
9250625
9250894
9250993
9257255
9257432
9260584
9269780
9273883
9274084
9276692
9285928
9295937
9299074
9312036
9312299
9312468
9315351
9315560
9317144
9323150
9335106
9339213
9339314
9342530
9351809
9360408
9365540
11605070
11605169
11606849
11609986
11610226
11610253
11616539
11616740
11619860
11629096
11633191
11633368
11636008
11645204
11655298
11658305
11671320
11671575
11671784
11674667
11674836
11676452
11682381
11682482
11685186
11694465
11698545
11698574
11701889
11711042
11719716
11724824
11800877
11801042
11804194
11805214
11805409
11808017
11814008
11814023
11815816
11827268
11831108
11831371
11831476
11842696
11850257
11854114
11997828
12001608
12011553
12026898
12063348
12063371
12066180
12067143
12067256
12070472
12076833
12077102
12077265
12088338
12092445
12092642
12094226
12105761
12112200
12116612
12259618
12263953
12272776
12290116
12392472
12395556
12403266
12419457
12457025
12462210
12468500
12485160
13701661
13701858
13704466
13705518
13705681
13708833
13715272
13715527
13715640
13726852
13730932
13730955
13732740
13744200
13750561
13754898
13766987
13767092
13770308
13771384
13771399
13774216
13779998
13780193
13781777
13793314
13797154
13797421
13797586
13808657
13816456
13820228
13899649
13899889
13899918
13902925
13903026
13904706
13910571
13910740
13913380
13922584
13926679
13926888
13930008
13939236
13947970
13953153
14095400
14100500
14107010
14123585
14160935
14161112
14162728
14166043
14166244
14172530
14172557
14175874
14185025
14189134
14189233
14191937
14201218
14211092
14214184
14358657
14361666
14369316
14385432
14487876
14492296
14500881
14518306
14553618
14557473
14567496
14582916
14750072
14750087
14753416
14754379
14754484
14757188
14763053
14763218
14764834
14776337
14780177
14780446
14780641
14791714
14799428
14803336
14815790
14815953
14818593
14819613
14819810
14822930
14829444
14829684
14829707
14840904
14844999
14845112
14846792
14858372
14864658
14869025
14947355
14947556
14949140
14952232
14952487
14952664
14958926
14959025
14962241
14971522
14975602
14975629
14978434
14987585
14997544
15000596
15145026
15148161
15155736
15171876
15210306
15210573
15210674
15213681
15213710
15215489
15221271
15221480
15224088
15233316
15237419
15237588
15240740
15249944
15258753
15263810
15406100
15411240
15417665
15434370
15536673
15540498
15602056
15606340
15615010
15632401
17310846
17312625
17334747
17338068
17347095
17357697
17499491
17499548
17500780
17500819
17512016
17512864
17518646
17518793
17523461
17525770
17535754
17538053
17539129
17539270
17548960
17549648
17630773
17630922
17631546
17631685
17642758
17644041
17650528
17652880
17653843
17653932
17666140
17666211
17671056
17673312
17679625
17680902
17695574
17695657
17697881
17697958
17707109
17707162
17716739
17717516
17720624
17722048
17733056
17734192
17737228
17737987
17743978
17744021
17838908
17839043
17841203
17841356
17847642
17847717
17848917
17849002
17852009
17852054
17852774
17852825
17864294
17864345
17865065
17865110
17868117
17868202
17869402
17869477
17875763
17875916
17878076
17878211
18023257
18023334
18025558
18025641
18034794
18034837
18044428
18045187
18048448
18049584
18060592
18062016
18064899
18065676
18071653
18071706
18154860
18154899
18156131
18156188
18167456
18168144
18174009
18174150
18178826
18181125
18191109
18193418
18194486
18194633
18204240
18205088
18220602
18220741
18221365
18221514
18232585
18233862
18240400
18242656
18243676
18243747
18255955
18256044
18260832
18263184
18269446
18270729
18906648
19023084
19190853
19303300
20448106
20448149
20450405
20450458
20459609
20459686
20469440
20470064
20473100
20474371
20485379
20486668
20489776
20490688
20496470
20496553
21108584
21279800
21398232
22545721
22545862
22546998
22547145
22558218
22558981
22564972
22565011
22569888
22572112
22582096
22584480
22585443
22585500
22595077
22595850
23790384
23792832
23801859
23838732
23920742
23920793
23946752
23959808
23987461
23988746
24006736
24027296
24118876
24118947
24119635
24119724
24130960
24132192
24138505
24140806
24141882
24142021
24154165
24154314
24158982
24161289
24167776
24169104
24315146
24316421
24334496
24354896
24445888
24448048
24457228
24494083
24510569
24510614
24537344
24548864
25461918
25487688
25576049
25578881
26740307
26740396
26741084
26741155
26752352
26753680
26759942
26762249
26763317
26763466
26775610
26775749
26780425
26782726
26789264
26790496
27983962
27984037
28006912
28026112
28115724
28118019
28127424
28164144
28182160
28182880
28205065
28217350
28312886
28313033
28314169
28314310
28325381
28326154
28332131
28332188
28336976
28339360
28349344
28351568
28352620
28352659
28362250
28363013
28509792
28510608
28532742
28545033
28639317
28639402
28660992
28682752
28705539
28707852
28717104
28754112
29894420
30082569
30083334
30105744
30117984
30213536
30214736
30232586
30253061
30277692
30277827
30292992
30327552
30409573
30409626
30411882
30411925
30421078
30421161
30430768
30431680
30434563
30435852
30446860
30448131
30451392
30452016
30457945
30458022
30605363
30605516
30618368
30657536
30737926
30738697
30761056
30773392
30803280
30804640
30822405
30842890
32262276
32277576
