2489
8813
36514
42292
61636
72777
84550
105232
114986
132556
142872
164501
174401
200764
265989
271569
297052
304008
340257
394066
403620
427049
464512
529345
537698
538645
578584
591409
622802
680336
705120
823814
852109
896000
923912
1054292
1080576
1085709
1115044
1124464
1186337
1254405
1280136
1315048
1377560
1409601
1486864
1575980
1613985
1651208
1704025
1737986
1837712
1843524
2103948
2109784
2143745
2172072
2197541
2265504
2294537
2311248
2366512
2427328
2433556
2494533
2632480
2637990
2692356
2755713
2793484
2885192
2916625
3147105
3179064
3215505
3279124
3285696
3418121
3441796
3708992
4128800
4199589
4241448
4252178
4260181
4270721
4294156
4331728
4338436
4394272
4461081
4494656
4538544
4661320
4728073
4753796
4850314
4952065
4982881
5112852
5245768
5251228
5275750
5278737
5514784
5576708
5636481
5771568
5784768
6293392
6302788
6324425
6361696
6430769
6553900
6720000
6883352
7090304
7446784
7476232
7864837
8395108
8401584
8457364
8464192
8495129
8525073
8556618
8585441
8664076
8689793
8718888
8880388
8913692
8923336
8946757
9046066
9176480
9261120
9314817
9438857
9480708
9486672
9540640
9576744
9699381
9833536
10029313
10096772
10488401
10494341
10521864
10601088
10618404
10696704
10788960
10879128
11014185
11599948
11800834
12067856
12584056
12616481
12652936
12716045
12756096
12845764
12855568
13114880
13180964
13643841
13828624
14450696
14716948
15008769
15335744
15730848
16783144
16794328
16814193
16853260
16876929
16920713
16948228
16982562
17043860
17054272
17106020
17219714
17238033
17304912
17311364
17336841
17373344
17432869
17571896
17828037
17834769
17867848
17958064
18026816
18123040
18219532
18464772
18617345
18875421
18907972
18917520
19007592
19137185
19238920
19277056
19472449
19534352
19935268
19992064
20447624
20974132
20980192
21050384
21104193
21135640
21236872
21274629
21499980
21824256
22057600
22085673
22685696
23075073
23265412
23626784
24379472
25177121
25198764
25235973
25299840
25305172
25428297
25462288
25735424
25887752
26220568
26550400
26739266
27268288
27328816
28051460
28475393
29460544
29757472
29884561
30409988
31465992
