23611
28489
29554
49854
56965
61900
67031
68588
79021
80534
104289
104794
108059
129576
135925
138446
140175
142772
167544
176441
179970
184907
214826
219921
226392
266607
270164
273966
291357
295897
307875
310424
314722
346763
349872
355524
381966
410791
414106
418536
447268
460365
460918
473356
498368
517377
529912
531395
535225
554634
558926
559477
570932
571407
609820
610855
643225
677133
686660
707464
721626
724193
734112
757868
762134
806289
809132
837161
842258
864314
867841
873288
893580
923234
923737
927512
928035
967764
1052570
1061083
1064672
1069993
1086231
1088812
1090157
1092694
1136717
1144580
1165000
1196892
1208366
1241744
1250947
1251512
1255874
1279029
1280526
1331910
1337522
1364088
1368842
1381657
1383202
1385571
1387096
1427732
1442363
1454913
1465864
1478797
1523921
1591914
1594961
1603864
1642894
1646836
1671992
1674499
1684034
1705644
1706135
1741850
1743393
1746272
1794569
1836342
1837837
1848396
1873792
1894465
1991044
2036244
2080802
2099807
2110750
2112293
2119276
2135762
2136297
2140072
2156819
2181301
2186632
2192065
2212621
2246297
2251426
2253014
2283548
2298694
2302524
2305031
2338954
2343280
2378552
2381571
2390090
2429148
2433446
2458218
2460753
2470672
2492869
2504324
2528584
2532402
2533897
2576425
2642836
2648544
2674986
2679384
2692171
2693744
2696497
2697994
2738246
2753385
2755922
2765331
2767912
2809893
2834819
2872832
2883827
2887368
2896265
2921029
2927876
3031566
3090576
3165379
3173004
3201856
3208201
3214889
3223912
3232282
3248804
3282736
3283211
3286602
3287153
3327238
3368096
3413162
3414673
3417552
3442204
3442727
3605384
3645508
3674173
3677702
3678535
3703435
3722288
3821768
3868964
3961376
3998853
4036616
4096273
4196157
4208199
4208764
4217614
4220145
4232587
4234160
4238026
4280554
4285336
4313684
4347840
4356233
4384268
4395039
4398628
4399461
4410514
4424361
4474458
4479585
4486440
4490476
4526981
4538675
4558600
4567113
4590236
4614480
4625937
4626474
4682242
4735693
4774984
4780801
4790034
4790569
4793960
4794451
4801956
4853259
4862282
4870712
4887174
4981674
4993744
5005414
5017884
5182600
5195781
5264540
5294617
5297698
5309259
5311856
5321265
5323786
5333127
5379177
5380690
5383443
5385000
5392612
5493000
5511624
5514889
5522757
5552644
5587500
5603482
5772132
5775902
5778469
5784018
5812392
5855872
5964870
6049803
6120464
6193736
6312281
6316587
6323728
6358670
6382914
6394936
6396419
6427052
6442273
6456090
6468192
6507080
6558262
6560781
6562636
6594709
6607496
6751508
6821537
6822042
6833175
6851116
6909964
7143961
7146530
7176640
7215872
7218241
7340792
7353218
7364916
7376974
7492101
7673408
7678209
7733602
7745560
7769216
7882504
7946337
8022018
8128596
8390379
8402833
8403370
8411864
8426589
8428134
8430887
8432412
8474940
8479310
8508290
8538669
8541718
8574120
8589769
8593587
8597128
8621380
8630789
8669068
8675779
8706313
8713792
8720979
8723560
8725289
8727826
8765541
8783217
8784714
8795147
8796720
8841222
8866208
8897048
8930075
8937248
8941673
8984260
8989061
9012338
9013833
9024776
9044454
9056412
9081680
9085482
9088017
9132042
9175676
9178183
9188102
9212106
9232688
9257110
9327233
9380900
9459018
9463352
9468419
9503389
9505958
9539627
9543184
9544017
9575300
9577669
9602825
9603378
9615432
9654880
9704997
9705502
9709924
9734824
9749523
9793672
9896199
9966258
9968777
9970632
10015244
10159504
10241248
10290698
10291249
10359080
10362962
10503602
10506383
10538506
10539569
10553176
10553699
10565154
10565657
10609684
10621050
10624577
10646280
10650316
10752992
10756762
10759329
10781014
10793004
10836484
10945730
11016524
11019789
11020342
11057792
11060545
11092648
11160708
11206741
11293720
11378691
11438176
11535150
11537685
11547220
11571608
11591778
11616708
11736076
11782145
11813449
11896096
11927732
11964930
12083345
12129025
12135488
12190755
12192280
12323202
12612260
12632936
12644378
12651066
12663616
12670473
12687500
12718883
12721432
12722777
12725346
12730773
12849337
12852866
12864564
12878351
12996684
13017480
13112366
13113877
13116756
13125795
13141656
13304588
13328576
13396488
13472288
13518082
13631607
13635148
13644045
13659520
13669057
13779594
13838356
13914896
13977666
14049313
14225496
14229794
14289217
14300672
14683017
14693576
14706757
14718724
14881424
14893094
15012106
15016048
15074856
15075347
15225410
15288592
15372297
15466789
15751208
15835656
15877200
16000006
16783270
16783773
16787164
16787687
16812843
16823402
16824913
16832280
16859769
16866882
16871691
16931176
16935450
16938529
16994956
17011250
17013769
17015624
17056244
17061065
17070976
17091148
17105694
17108261
17117796
17142184
17162322
17175612
17177095
17179974
17204874
17221681
17322078
17326892
17355488
17368969
17369522
17381576
17406724
17409093
17436843
17440400
17441233
17465885
17468454
17568561
17571082
17572427
17575024
17613063
17653921
17713346
17756168
17761299
17762856
17843727
17848884
17881226
17896400
17900202
17902737
17924454
17936412
17958130
17959625
17970568
17995332
18000133
18089832
18090323
18101778
18102313
18146340
18171266
18207233
18288714
18293040
18353604
18363013
18387273
18391091
18394632
18437160
18502402
18581584
18629272
18688006
18743397
18891722
18900357
18903224
18936326
18945557
18946094
18950484
18975384
18990115
19005751
19009292
19017805
19043201
19065920
19137197
19139734
19173403
19176992
19177825
19228168
19288656
19368194
19400250
19412800
19421705
19436684
19481808
19599640
19603554
19731074
19759156
19793312
19927651
19930200
19931929
19934498
19972181
20072848
20103720
20120897
20134400
20205836
20252896
20324483
20463782
20513356
20570368
20587540
20743234
20991656
20992659
21024813
21042508
21046326
21047821
21055937
21083776
21103214
21105749
21115668
21127586
21139672
21246094
21261315
21271362
21275192
21321752
21381897
21447776
21497187
21498712
21509145
21510690
21522580
21611018
21697089
21703936
21779972
21792905
22024506
22028033
22049352
22053772
22218264
22218787
22418080
22429718
22610197
22681612
22692993
22825248
23075524
23087218
23103049
23116040
23155488
23221258
23289873
23396423
23472164
23732872
23740740
23859304
23863570
24187017
24202244
24380465
24381962
24678928
25187141
25197580
25223817
25236634
25238177
25241056
25265708
25266199
25297848
25300355
25309890
25334030
25337972
25431577
25440600
25449002
25465492
25584784
25630464
25634881
25691317
25692814
25728515
25729080
25733442
25784848
25839176
25919777
26021901
26070016
26085652
26218732
26222998
26247770
26250337
26260256
26299144
26365977
26452994
26495109
26543188
26616332
26657088
26804419
26880160
27007552
27010305
27268393
27269906
27272275
27273832
27314468
27355266
27381832
27410657
27460107
27462704
27591057
27662472
27689989
27854086
27922980
27967506
28057796
28082952
28333696
28385317
28444742
28616720
28836208
28848138
29365872
29366347
29370122
29370673
29377734
29547008
29557074
29569064
29688520
29712644
29905288
29952100
30023687
30163025
30478854
30490800
30541092
30708744
30933545
30936082
31474204
31722816
31732225
31752354
32007200
32522499
33488896
