138991
193500
222702
241524
252207
261766
290759
324783
340847
364462
384604
391650
441253
445944
482249
490597
505576
517901
556412
571366
612239
637628
642279
650062
712517
719081
737065
749272
754669
783792
831085
851848
860144
879021
906601
914117
928746
941478
948751
956220
968398
975207
992935
1003772
1013570
1022566
1035154
1043498
1210151
1228202
1231846
1240143
1256335
1269204
1276522
1283918
1290471
1296060
1333226
1351015
1358542
1370940
1387772
1399463
1408270
1423252
1425871
1435238
1458008
1470121
1495661
1504705
1512877
1525339
1532912
1543877
1550697
1564448
1570968
1598191
1609690
1629742
1636743
1645038
1654343
1666978
1680687
1692532
1701066
1715685
1727416
1750669
1763176
1791713
1798477
1809528
1817536
1822089
1829413
1858765
1866593
1880568
1886117
1910729
1930808
1940237
1948833
1952488
1961296
1971143
1979502
1992092
2001071
2010886
2021706
2039434
2046260
2058438
2065890
2073180
2085895
2140655
2154420
2179018
2190895
2216686
2225479
2260365
2287333
2316152
2323155
2334177
2341453
2354088
2390776
2398157
2455457
2473272
2476901
2485449
2504180
2507695
2535068
2545863
2563847
2570414
2576098
2582876
2589807
2597830
2610570
2617908
2641897
2683693
2700525
2731909
2742744
2752096
2762575
2782890
2792334
2800679
2804348
2813378
2821564
2841678
2856660
2863466
2869030
2875535
2905703
2912718
2923754
2931538
2936079
2943654
2951887
2960742
2972458
2981012
2986407
2995726
3021165
3030721
3043120
3057065
3068896
3077208
3093400
3098053
3105385
3116872
3123440
3143937
3169103
3177702
3192444
3205006
3213287
3240380
3251343
3259174
3263850
3271380
3290089
3313453
3333832
3340656
3358384
3361005
3370817
3384792
3396485
3404841
3421851
3433837
3452896
3463593
3472901
3481193
3488197
3493784
3515053
3527920
3535688
3542478
3549799
3562556
3570562
3577510
3584271
3589972
3596522
3614506
3625318
3652674
3656206
3700688
3709669
3718473
3722035
3730616
3746680
3759397
3766921
3774376
3786317
3793377
3809122
3815644
3821191
3828014
3842996
3863110
3871279
3880326
3883978
3892340
3901767
3922082
3951092
3960394
3965806
3974343
3986076
3994914
4003164
4010722
4015278
4023047
4034100
4041098
4065016
4085513
4092069
4103568
4110888
4115553
4131745
4140045
4151888
4165833
4178232
4187776
4225966
4245359
4290292
4299719
4308078
4320668
4370377
4390456
4405752
4411301
4445389
4453217
4513505
4520269
4537997
4550504
4564453
4576184
4586515
4599087
4610932
4619466
4624878
4634183
4646818
4655068
4675118
4682119
4693172
4700938
4705606
4758957
4778992
4787131
4807277
4816321
4831064
4843177
4865938
4868559
4877926
4891900
4903591
4912398
4920679
4928206
4940604
4951567
4958630
4978772
4988750
4995303
5000892
5022607
5035476
5042794
5060010
5063654
5071951
5081468
5091010
5101710
5151448
5160288
5163817
5172357
5180649
5188421
5201176
5208736
5216129
5222445
5228144
5235144
5256655
5287591
5298428
5308226
5316412
5328590
5335399
5350378
5363110
5370383
5397865
5405381
5412848
5431725
5449325
5470088
5479081
5487877
5491544
5500128
5508077
5537200
5551913
5564120
5592901
5599465
5610952
5618288
5622829
5630849
5649084
5653735
5661518
5672554
5679572
5699622
5707855
5720490
5729812
5735207
5743758
5755586
5783272
5795597
5821385
5829733
5845925
5850616
5869409
5875917
5889680
5896488
5900206
5920348
5927394
5938374
5943387
5950772
5958282
5966580
5975370
5987078
6001052
6010402
6013038
6039412
6050095
6059654
6069154
6077468
6081095
6098311
6105646
6118498
6140230
6145802
6152372
6168101
6175113
6180800
6187128
6194509
6202081
6214824
6222608
6230888
6239440
6242957
6251809
6307685
6354408
6382541
6393592
6414089
6420645
6444998
6451311
6462812
6470370
6474926
6482695
6490990
6499527
6511260
6520098
6537716
6547018
6563566
6584092
6593071
6602118
6605770
6614132
6630324
6650438
6657890
6664410
6669959
6676782
6692776
6704717
6711777
6718931
6726520
6739237
6746761
6755045
6763849
6775992
6785421
6794785
6805608
6820860
6841767
6860586
6871398
6889126
6895887
6901586
6908138
6915534
6922855
6935612
6943618
6957741
6970608
6978376
6985321
6992325
6997912
7022560
7033257
7042565
7052080
7060616
7064257
7089624
7101317
7109673
7124656
7127277
7137089
7145261
7165640
7172464
7183429
7196064
7203352
7214223
7222054
7226730
7234260
7252046
7265794
7281090
7292967
7307946
7316756
7362221
7388056
7392709
7400041
7417257
7429088
7437400
7442797
7452353
7454907
7464752
7477671
7486990
7504591
7513446
7525162
7533714
7541994
7549780
7554319
7561894
7573378
7579708
7610068
7616874
7622438
7628943
7636412
7656526
7672718
7681063
7684732
7693762
7702758
7723284
7743365
7754200
7763552
7772993
7785136
7793928
7802224
7809736
7822465
7837208
7844256
7856197
7867503
7875526
7888266
7895604
7902983
7909550
7915234
7922012
7939740
7950535
7969354
7990278
8009016
8012645
8021193
8030696
8040016
8050701
8075361
8080936
8087952
8094885
8102665
8115520
8132065
8139341
8151976
8162953
8169765
8190144
8198328
8208128
8210761
8225744
8234088
8245793
8260378
8268962
8294516
8307078
8324678
8351754
8445390
8452711
8469927
8473596
8496847
8517418
8552416
8566125
8578459
8614573
8626072
8638057
8645061
8675117
8709097
8746456
8755437
8765249
8777392
8796046
8808060
8817487
8826086
8837802
8846612
8854890
8862420
8866959
8874790
8888764
8908878
8928205
8967928
9004901
9022952
9034657
9042957
9065326
9073863
9083380
9092682
9113542
9119855
9133620
9140618
9147566
9155335
9160028
9167586
9176559
9204660
9215623
9222446
9228130
9234652
9252634
9263431
9278410
9286772
9290287
9299334
9313075
9321656
9325285
9334089
9349072
9359757
9369121
9377357
9384417
9389992
9407781
9415305
9428160
9449326
9469596
9474991
9496052
9524335
9532358
9543394
9550172
9555719
9562286
9586637
9612024
9624741
9632521
9640805
9649353
9661752
9676705
9687528
9696848
9713381
9743757
9755600
9763944
9780136
9784801
9792077
9799544
9808083
9819785
9826597
9834420
9854534
9868506
9876322
9880878
9888391
9896686
9905479
9917212
9925794
9935238
9947252
9991593
10010416
10013037
10022593
10030765
10051400
10057968
10065349
10072681
10085272
10099983
10107558
10112234
10120018
10126951
10133966
10147714
10154044
10174887
10184206
10193706
10202260
10230396
10239426
10242958
10251303
10266282
10277094
10295078
10301583
10307284
10314090
10325070
10353154
10363693
10376560
10384072
10401861
10407448
10414496
10422744
10432096
10442793
10457776
10466568
10470209
10534569
10547032
10575557
10582377
10597360
10601901
10631996
10636647
10644174
10651626
10671631
10678694
10686927
10696294
10708884
10717863
10726670
10738498
10755046
10763343
10775978
10790695
10801532
10811074
10819260
10831694
10838247
10849748
10857066
10869798
10900713
10908485
10919536
10926536
10932097
10938413
10967472
10976776
10982185
10990725
10994392
11003232
11022068
11032751
11042566
11056540
11060167
11068526
11084718
11097570
11104860
11113563
11122886
11128458
11135284
11147173
11166200
11177165
11184993
11197736
11205264
11213544
11222352
11225869
11234465
11249208
11260005
11286376
11298445
11307960
11328073
11345289
11352613
11357304
11365312
11372257
11379021
11392784
11399336
11406894
11413895
11434082
11441478
11453620
11461386
11469684
11478218
11489926
11507740
11542008
11561893
11589473
11595981
11613965
11626216
11635657
11644005
11655736
11664768
11674799
11686644
11695434
11704430
11717020
11726370
11734620
11741666
11761671
11769140
11776650
11781318
11805660
11818375
11825710
11837194
11843764
11856198
11864367
11873926
11884746
11899463
11912098
11920410
11934349
11943201
11946856
11955408
11960805
11970121
11980851
11999168
12005496
12011045
12018057
12029096
12036880
12064462
12071271
12076860
12094886
12102159
12115028
12131218
12139562
12143206
12157180
12166978
12177678
12201864
12212673
12227416
12236000
12239529
12248325
12256617
12264133
12276888
12284704
12295681
12314696
12324677
12331241
12344992
12351768
12358701
12366721
12371400
12378736
12395952
12416065
12425568
12437637
12456362
12465684
12468303
12487362
12537090
12558374
12610797
12646277
12654569
12692269
12705136
12712648
12723175
12735932
12754726
12761231
12766932
12773738
12791466
12802278
12817020
12826050
12829582
12837927
12866255
12875110
12896679
12905998
12914279
12921294
12935042
12941372
12948751
12956326
12961002
12968788
12983749
12991081
13003672
13010605
13031240
13037808
13045947
13055792
13058413
13067969
13077472
13085784
13097477
13121071
13133770
13142766
13151559
13163290
13171874
13180124
13187938
13192494
13200007
13207476
13227590
13242232
13262473
13269285
13284264
13288929
13296205
13313421
13325264
13333608
13343049
13355192
13364992
13381537
13392360
13401680
13407077
13415625
13428024
13443832
13456549
13464329
13475368
13482384
13494369
13506274
13513052
13518599
13525166
13536650
13543988
13581318
13584970
13598919
13619490
13655251
13661048
13672013
13679073
13684648
13709264
13719949
13729313
13743288
13746917
13755721
13769674
13778036
13781551
13790598
13805340
13816135
13833863
13840686
13846370
13852890
13871686
13884426
13900974
13908743
13913436
13920994
13928390
13934703
13948468
13955466
13963764
13973066
13994652
14003490
14034408
14046113
14054413
14063928
14073472
14076105
14094089
14100645
14121280
14128225
14140816
14148136
14166460
14186574
14194026
14201556
14206095
14213926
14222159
14230758
14242474
14251284
14260263
14272962
14291181
14300993
14313136
14322565
14330921
14342752
14359968
14367256
14371909
14386888
14393712
14413953
14423960
14435945
14442949
14454000
14461768
14474497
14490305
14502704
14511240
14516649
14525957
14536792
14551398
14571668
14586382
14607426
14615612
14623618
14684047
14704234
14711252
14718183
14725966
14738108
14755196
14766887
14775438
14784938
14794260
14796879
14825176
14837545
14855600
14875713
14883885
14891905
14896584
14903920
14911301
14917865
14931616
14938392
14954925
14960624
14967131
14978409
14985925
14998680
15006496
15014744
15023328
15026857
15035653
15050632
15061441
15075580
15085378
15096078
15111060
15119402
15123046
15140262
15147535
15160402
15198338
15226189
15233761
15245248
15251576
15257125
15264137
15272421
15281737
15307405
15316257
15319912
15328464
15342151
15354786
15363100
15368495
15378054
15388874
15406858
15413428
15425862
15436898
15473972
15481482
15486150
15500892
15507938
15527943
15536238
15548828
15558178
15567622
15598537
15606885
15618616
15627648
15636641
15649104
15666832
15673640
15708736
15713289
15742882
15745518
15754823
15764340
15772874
15784582
15801670
15813812
15821578
15828526
15835527
15855714
15863521
15870285
15884048
15890600
15897993
15905317
15910008
15918016
15926200
15946313
15964368
15976737
16002616
16013413
16028392
16037200
16040717
16049313
16057549
16065377
16078120
16085648
16103433
16109120
16134342
16139914
16146740
16157703
16194082
16220490
16259881
16268421
16272088
16280928
16306608
16315912
16324208
16331208
16336769
16343085
16354584
16362144
16385492
16392810
16405542
16431362
16451726
16458771
16499220
16515751
16524558
16536386
16566314
16590932
16618626
16653384
16673281
16680736
16687256
16716037
16728288
16826127
16838378
16867174
16873679
16881148
16901031
16935789
16963497
16988101
17018029
17029872
17038664
17055209
17102704
17123053
17148888
17161605
17168937
17192271
17199846
17211330
17217660
17223207
17230222
17238503
17247822
17273487
17282342
17285994
17294546
17313651
17333925
17360333
17396712
17407689
17414501
17420088
17445295
17450996
17468782
17476295
17489052
17496866
17505114
17513698
17517230
17526023
17541002
17551814
17577692
17590062
17608116
17617115
17628230
17636399
17644422
17649098
17656436
17663815
17670382
17684130
17690908
17698701
17718888
17725904
17732837
17740617
17752760
17769848
17781541
17790089
17799592
17808912
17811533
17841140
17845679
17880775
17887598
17905326
17917788
17926767
17935814
17947530
17955892
17986808
17996237
18005601
18018192
18026472
18046477
18053537
18060691
18068280
18072933
18080457
18117517
18128568
18141001
18147557
18165541
18176376
18185920
18191329
18199629
18212264
18225966
18234503
18238172
18247010
18272692
18281994
18290292
18297290
18302854
18309167
18320668
18328226
18356077
18394025
18406880
18414168
18431384
18435013
18443369
18458352
18469037
18478849
18492988
18503783
18518762
18527572
18531087
18539686
18547919
18555750
18568490
18576020
18593806
18599490
18616038
18622799
18636562
18643114
18650510
18657831
18662524
18670530
18678716
18698830
18716884
18729254
18757536
18760169
18769477
18778992
18787528
18799233
18816321
18828464
18836232
18843177
18850181
18870368
18930797
18938817
18946989
18968048
18982761
19003032
19017638
19028458
19037780
19043175
19051726
19064124
19079932
19092647
19100430
19111466
19118484
19130470
19140476
19160718
19167527
19182506
19187174
19194447
19211663
19223508
19231850
19241294
19253436
19263234
19281453
19294152
19303145
19311941
19323672
19332256
19340504
19348320
19352873
19360389
19367856
19376155
19387969
19406279
19413614
19426202
19433135
19453770
19460340
19478324
19480943
19490502
19500002
19508316
19520007
19550925
19559777
19581349
19590665
19598949
19605961
19619712
19626040
19633421
19640993
19645672
19653456
19669989
19682744
19701537
19708045
19713744
19720552
19738280
19749089
19763832
19772864
19776393
19784741
19798708
19807498
19811142
19825116
19834466
19845166
19869767
19875356
19882402
19893382
19934925
19955496
19969445
19973112
19981427
20010441
20017765
20029264
20035816
20041377
20048141
20060060
20072046
20079047
20090100
20097866
20110598
20126406
20138804
20147338
20152750
20162055
20172890
20189423
20199238
20211380
20220807
20229166
20240994
20258210
20265500
20270151
20285130
20291956
20312198
20326840
20346953
20354408
20361936
20366477
20374305
20382541
20391137
20402856
20411664
20420645
20433344
20456938
20468646
20476943
20486460
20496002
20498638
20516622
20523175
20543810
20550758
20563348
20570666
20585641
20593413
20598104
20605664
20613057
20619373
20633136
20640136
20648432
20657736
20679320
20688160
20716488
20724848
20728365
20737409
20752152
20762949
20780677
20787497
20793184
20799704
20818497
20831240
20841767
20849294
20862146
20899860
20908138
20943618
20996056
21017325
21046523
21067053
21086112
21088745
21098053
21116778
21128847
21138364
21158478
21175694
21183015
21187708
21195714
21202662
21209423
21223188
21229738
21239719
21258748
21269711
21277542
21290282
21297812
21306090
21314900
21318415
21327014
21341756
21352551
21376752
21387437
21397249
21411224
21414853
21423209
21439401
21452256
21459544
21477569
21483144
21489968
21517550
21525319
21536372
21543370
21548934
21555247
21584308
21593610
21599022
21607559
21611228
21620066
21634017
21642317
21654952
21669669
21680504
21690048
21698232
21710665
21717221
21728720
21736040
21748769
21773112
21777765
21785289
21792744
21812749
21819809
21828045
21837409
21850000
21858981
21867785
21879616
21889647
21898694
21910410
21918772
21928199
21940450
21958434
21964956
21992522
22012422
22046689
22064504
22076197
22084745
22093029
22100809
22112952
22120333
22140520
22147536
22155079
22161646
22175394
22182172
22189103
22197126
22201802
22209140
22226356
22246470
22255970
22268039
22294410
22305222
22319964
22328546
22332078
22340871
22349166
22356679
22369434
22377250
22388230
22407242
22419145
22425957
22431544
22449569
22456845
22469712
22485904
22494248
22497889
22511864
22521664
22532361
22551183
22560038
22563690
22572244
22577639
22586958
22616002
22622332
22627879
22634894
22645930
22653714
22684632
22697349
22704681
22716168
22722736
22735169
22743341
22752897
22763720
22778437
22791072
22799384
22815917
22827760
22836552
22845545
22858136
22867488
22875736
22882784
22902789
22910256
22917768
22922433
22952514
22957070
22962323
22972052
22978858
23007398
23019860
23084220
23087847
23096654
23111636
23122319
23131686
23139919
23146982
23152554
23170343
23177870
23190722
23201261
23223323
23229360
23240325
23247145
23252832
23259352
23277336
23288133
23303112
23311472
23314989
23324033
23352169
23360709
23370224
23379528
23400385
23406701
23420464
23427464
23434409
23442181
23446872
23454432
23469158
23481748
23489066
23496462
23503015
23523650
23531836
23541378
23544014
23562836
23607177
23619192
23628621
23637217
23648936
23657744
23666024
23673552
23678093
23685921
23699896
23720009
23727818
23734644
23754886
23762338
23769628
23774279
23790471
23798830
23810658
23841034
23857582
23866887
23877724
23892678
23905076
23913610
23921908
23929674
23942406
23967778
23992144
23998696
24004257
24011021
24022072
24030080
24058377
24079424
24084833
24105104
24126255
24139124
24146634
24164423
24170012
24177058
24185308
24194658
24205358
24220340
24229130
24232774
24255096
24264128
24267657
24276005
24290984
24301793
24319777
24326285
24331984
24338792
24349769
24377856
24386829
24394401
24399080
24406864
24413797
24420809
24434560
24440888
24449363
24461733
24471049
24480552
24489104
24511458
24519770
24531463
24549514
24586502
24626210
24645552
24665665
24679640
24687456
24692009
24699525
24707817
24716613
24728344
24736928
24746369
24758384
24777038
24789180
24798978
24807974
24845332
24879298
24909354
24916372
24928358
24939842
24988290
25001999
25036997
25057568
25080833
25084488
25101704
25109040
25202661
25229752
25247352
25259913
25285453
25294049
25308636
25320327
25328686
25343668
25346287
25356102
25364271
25384650
25391476
25402439
25415074
25422364
25438895
25451764
25459530
25466478
25473479
25479068
25503714
25514414
25523719
25533236
25541770
25545414
25564152
25572467
25585061
25603880
25614689
25632417
25639181
25644880
25651432
25658825
25666149
25678904
25686912
25698218
25710159
25717222
25731964
25744679
25752206
25760487
25769294
25781436
25790863
25800230
25811050
25831145
25851672
25860653
25869697
25873352
25881712
25897904
25918017
25925472
25931992
25937541
25944361
25974721
25981037
25992536
26000096
26004649
26012421
26020713
26029253
26040984
26049824
26067440
26076744
26089678
26102076
26111618
26117030
26125327
26137172
26154388
26161706
26166374
26192194
26237673
26246469
26261448
26273325
26288621
26302384
26308891
26320169
26327685
26332376
26340192
26351078
26358351
26370986
26381966
26388775
26409154
26417340
26427138
26429774
26444756
26453098
26464806
26490172
26493799
26502350
26511850
26521172
26531855
26556518
26562090
26569108
26576039
26583822
26596674
26610797
26618817
26631560
26638896
26646277
26652841
26658528
26665304
26683032
26693829
26712648
26733569
26748807
26759644
26768994
26778438
26790580
26799370
26807668
26815178
26827910
26842652
26849698
26861639
26877648
26884456
26890017
26896525
26903992
26924105
26940297
26948645
26952312
26961344
26970337
26990864
27007397
27016713
27034317
27043169
27054888
27063440
27071720
27079504
27084045
27091617
27103104
27109432
27133770
27140340
27160838
27171874
27200007
27246730
27302620
27311458
27314990
27323527
27331822
27339591
27352348
27359906
27367302
27373615
27379316
27386314
27402057
27408613
27414200
27435917
27448784
27456104
27473320
27476961
27485261
27494776
27504320
27515017
27541392
27544013
27553377
27567352
27579045
27587849
27596133
27603657
27616056
27627021
27634081
27654224
27657927
27664750
27678498
27685018
27703814
27708490
27724682
27733044
27758818
27771143
27798829
27810672
27819208
27824617
27833925
27846560
27854808
27874857
27881861
27892912
27900680
27905345
27923580
27931586
27936142
27943463
27954962
27961514
27990310
28002516
28017230
28046338
28054287
28062886
28066538
28075348
28084327
28105090
28122690
28132499
28141582
28149034
28156564
28184032
28191320
28204037
28219016
28225840
28238017
28246189
28256001
28266824
28297760
28319271
28326286
28331970
28338300
28345679
28353254
28365994
28373780
28382058
28390610
28394127
28402982
28444891
28452720
28463405
28472961
28482464
28490776
28494405
28511621
28518953
28531808
28553537
28559112
28565680
28575657
28595800
28602848
28613825
28626224
28633736
28642032
28650824
28662529
28676504
28685856
28688489
28711252
28723366
28738108
28747138
28775438
28795458
28848824
28853477
28861257
28872296
28879312
28899361
28907597
28920232
28929552
28934949
28943497
28955328
28978246
28989962
29003911
29016418
29034146
29040924
29101212
29109026
29143114
29148678
29163974
29184052
29233761
29246352
29254696
29264137
29309056
29328464
29366639
29376198
29388596
29402542
29414370
29422682
29438876
29443527
29450862
29462346
29468916
29489414
29513317
29520329
29531368
29539152
29543693
29551265
29559501
29568353
29580072
29588624
29594021
29603337
29606483
29632333
29652648
29662089
29670437
29674104
29683136
29691320
29711433
29726416
29733224
29738785
29745293
29761052
29768098
29780039
29787508
29795018
29807750
29823814
29835956
29844746
29853742
29898224
29901741
29929112
29939909
29957893
29964457
29970144
29976920
29983853
29991873
30004616
30011952
30018727
30026510
30039362
30060646
30066218
30073236
30081514
30090836
30101519
30120578
30149586
30157930
30169638
30183612
30193410
30196046
30213774
30220583
30240962
30264340
30283049
30290565
30295256
30303072
30314049
30341128
30349424
30361985
30376728
30385312
30410492
30430990
30437543
30449044
30456362
30461030
30477222
30485519
30497364
30511310
30523708
30533250
30558704
30568008
30573417
30581957
30593688
30602528
30610776
30618336
30622889
30630661
30641712
30648712
30678880
30685400
30690949
30697769
30705179
30712752
30732865
30741037
30750081
30753736
30762096
30771525
30791840
30802319
30811686
30822506
30853890
30870722
30912530
30936521
30943845
30956600
30964608
30971553
30978317
30984016
30990568
31008552
31019361
31046720
31050249
31068980
31077514
31081158
31098972
31156258
31163654
31200327
31212962
31220252
31238278
31267082
31294050
31328936
31337744
31363520
31375397
31400009
31413760
31468520
31481249
31488525
31495992
31502995
31508169
31514981
31532709
31543544
31553344
31562337
31574928
31583272
31593134
31601927
31605596
31614178
31623622
31643700
31668298
31673862
31687834
31695650
31725002
31732340
31736879
31744902
31755938
31762716
31791239
31803746
31827014
31838730
31853349
31861897
31873728
31887437
31900072
31909392
31917672
31924688
31944737
31956224
31983462
31989967
32003732
32010538
32021518
32041538
32049724
32058754
32084308
32096422
32119192
32128544
32131177
32146160
32154952
32166657
32183489
32195888
32203400
32221189
32258369
32263944
32270512
32277893
32285225
32298080
32314272
32322584
32326213
32344264
32510917
32519273
32531864
32540845
32550657
32561480
32579208
32586032
32598209
32605664
32612952
32625669
32640298
32647828
32675394
32694286
32702567
32723330
32770638
32799746
32805158
32817362
32835348
32841898
32904368
32912136
32916801
32942176
32983064
32998017
33036514
33048839
33063818
33072180
33108486
33113162
33162765
33169825
33189968
33213568
33229632
33263656
33292664
33302208
33312905
33331728
33360929
33415424
