2029721
2037477
2375612
2730238
2741047
2999769
3639867
3831125
4074954
4689904
4973165
5029391
5069530
5460476
5479755
5531123
5844885
6512157
6748246
7027113
7517862
7657242
7680207
7784869
8256544
8449883
8550639
8904230
9081850
9325885
9827220
10173254
10208675
10725261
11352689
11777144
12118828
12340871
13058903
13170353
13228485
13888138
14493482
14559476
14603340
15035724
15051923
15075051
15360414
15423328
16062774
16271483
16352854
16424336
16687937
17132517
17489804
17768827
17954093
18273219
18647901
18658930
19055998
19718827
19815602
20007327
20290772
20413192
20617319
20685744
21052535
21440158
21918516
22067642
22302318
22921398
23022673
23125225
23228195
23434092
23599059
23768664
24085767
24672964
24764746
24912957
25394640
25501579
25661629
25773820
26651926
26780879
26860570
26885673
27588165
27866534
28043285
28348386
28467929
28657457
28794982
29118952
29233694
29812136
30083763
30388418
30422876
30561431
30573359
30595696
30779497
31226115
31498741
31552058
31771292
31856985
32705708
33133193
33733493
34544023
34966958
35022607
35150763
35239880
35514439
36003171
36136117
36206190
36798098
36949828
37015677
37268787
37474446
37487606
38122403
38174401
38438135
38532370
38717802
38857948
39426620
39465563
39881679
39921529
40691588
40839718
41394460
41567928
42837364
42961609
43066047
43467994
43802448
44161464
44471750
44491570
44571869
44655555
44756192
44764954
44865321
45398602
45810029
46018723
46157750
46545978
47018013
47247718
47409457
47586188
47683089
47783138
48005531
48350255
48444116
48945667
49313161
49425479
49660640
50622942
50720312
51330124
51514873
51582774
51815148
51998961
52062270
52606107
52632298
53055141
53262785
53465680
54330955
54646470
54772633
54844693
55143563
55383480
55818373
55913298
56053803
56149857
56528514
57231732
57557197
57729559
57940657
58078560
58203406
58959459
59033843
59292310
59397451
59622158
59647889
59857485
60062884
60473812
60791072
60969893
61090095
61214324
61968723
62311433
62728344
63146078
63450088
63705703
64292293
64710148
65126144
65489282
65712172
65823826
