249295
997180
3223807
3988720
4178707
4997059
12844081
12895228
14479375
15732535
15954880
16714828
19988236
22369621
22457001
22632874
22718038
23434918
23488858
23700889
23747173
26585494
26629738
26831449
26908069
27629929
27682453
27878758
27957914
30343411
39151258
39229798
39426709
39478633
40200613
40277593
40479338
40523158
43361893
43407769
43619674
43674278
44390998
44475818
44652201
44738901
50393971
51137599
51376324
51580912
53951491
54264781
57917500
62930140
63116047
63819520
66110659
66859312
