2813
10135
11642
54813
56548
61742
70831
73302
78776
80229
115382
124209
155522
160468
161849
164702
166311
173165
175792
213484
215829
224294
235329
241778
362603
466200
529884
532273
538806
574309
575928
582742
590323
592686
599780
601117
651457
671903
674418
693798
700693
742576
754233
755924
763266
801480
945409
1066992
1068333
1073383
1075742
1085817
1088404
1095362
1136946
1146369
1148262
1155669
1157292
1184435
1185902
1193380
1229882
1237889
1246876
1248369
1256258
1298469
1340492
1426200
1488961
1515817
1594028
1595477
1606837
1614642
1658050
1663380
1675294
1707286
1712376
1714725
1757506
1776001
1870936
2115182
2116787
2122077
2124708
2134231
2136634
2145665
2183793
2185372
2192706
2196728
2199077
2205974
2233133
2234864
2241566
2278804
2287810
2295602
2302133
2566220
2642710
2651173
2658114
2663068
2664561
2675850
2705281
2711610
2724260
2754133
2755756
2761062
2808321
2822850
2917673
3035224
3146174
3155513
3157204
3207344
3216661
3224102
3262785
3298497
3310308
3311645
3358806
3382274
3410825
3675250
3683137
3721254
3735661
3738288
3817777
3827202
4215034
4217383
4226324
4228723
4230302
4235764
4277461
4279864
4286851
4297324
4298929
4326841
4329316
4334254
4335703
4379440
4387843
4395414
4406464
4448284
4499737
4736422
4743857
4745324
4756355
4764728
4807488
4818708
4825127
4853989
4856348
4900544
4918787
4925744
5001485
5112910
5250371
5255325
5257840
5292311
5301796
5309349
5310812
5317810
5363072
5392564
5406923
5411924
5510952
5767894
5769275
5779328
5839908
5881968
5931308
6009344
6297268
6304051
6340781
6343252
6357535
6359270
6366508
6439747
6448240
6469668
6523776
6644416
6703400
6816632
6818197
6825155
6893652
6941696
6975872
6979762
7029284
7360868
7376176
7383555
7472167
7480084
7540792
7643240
7881756
7903424
7950339
8062272
8393702
8395039
8402161
8404524
8417931
8439235
8446584
8448149
8457652
8462558
8464947
8507732
8537765
8539228
8544690
8556732
8607811
8619031
8626980
8717645
8864270
8914618
8916071
8921517
8923988
8966195
8976128
8983189
8984696
9028652
9066788
9078128
9085507
9136768
9316378
9458838
9468352
9470511
9472242
9479452
9490056
9519289
9521764
9541168
9548035
9568725
9571128
9579651
9648148
9692224
9980675
9989168
10006628
10060736
10100288
10142228
10158246
10240360
10507576
10519473
10520940
10527910
10567975
10577428
10598976
10616955
10619542
10627008
10687588
10733616
10825753
11026676
11050004
11110531
11146499
11153968
11206940
11539036
11540645
11601475
11608432
11690028
11752192
11865128
12060452
12066839
12137600
12232960
12600220
12601713
12611138
12621093
12628502
12677284
12681530
12691073
12721202
12729089
12763238
12780272
12781613
12854315
13013320
13130881
13140061
13142692
13191190
13210690
13240770
13247636
13353217
13445185
13632748
13635093
13642022
13685313
13703810
13797122
13803569
13916184
14160304
14213250
14426636
14681430
14688869
14690488
14735618
14750145
14831637
14847041
14894210
15074840
15208494
15270961
15278850
15745586
15754497
15827092
15872066
16384641
16798133
16807474
16811948
16813397
16818363
16820838
16860446
16867885
16869616
16882114
16888980
16909558
16917361
16918940
16963606
16978013
16980644
17025161
17174057
17319033
17321620
17327042
17339120
17340461
17387622
17402930
17410817
17436986
17446529
17490084
17499429
17506838
17604940
17613354
17831525
17833144
17838422
17875164
17877553
17886466
17891962
17893527
17900993
17974054
17982485
18051202
18055600
18231832
18350877
18352612
18359342
18421506
18427953
18516610
18563649
18761740
18881830
18886892
18889237
18923890
18933313
18940884
18942265
18951810
19022520
19023973
19043377
19051266
19103790
19147075
19399335
19400798
19408304
19471425
19513365
19562945
19613954
19666444
19946050
19957270
19964197
20006052
20025985
20064306
20205609
20317450
20473985
20553794
20582548
20971887
20974514
20981340
20982949
21035648
21042544
21049923
21088548
21124140
21136021
21137528
21184563
21194496
21248014
21500951
21508900
21547075
21561532
21643604
21759809
21783688
21928960
22038147
22044984
22057126
22106644
22122048
22156224
22224996
22316045
22587412
22677040
22683907
22876232
23088576
23093398
23105820
23168259
23175728
23206019
23268372
23318592
23615536
23626852
23734848
24117489
24119852
24197376
24290432
24691456
25182807
25184430
25191780
25206275
25213232
25253568
25264357
25266716
25302804
25309223
25348928
25363331
25371704
25433178
25575705
25718812
25723286
25734336
25772848
25781251
25821804
25823409
25899328
26215731
26223284
26224729
26284332
26366064
26381348
26742979
26805332
26859520
26887552
27264157
27266672
27316772
27332786
27386240
27435092
27534120
27556864
27660865
27794304
27863076
28018176
28330260
28349760
28491779
28510400
28868664
29364793
29366484
29373826
29410480
29427238
29434133
29515969
29599746
29887768
29892722
30036482
30443905
30490946
30539806
30610433
30949413
31490754
31541761
31588772
31735884
32026625
33294338
33571643
33573334
33582281
33592754
33600165
33601628
33642276
33648663
33653149
33655664
33691256
33692821
33698243
33734897
33737260
33751655
33753274
33760596
33814784
33842356
33924122
34100803
34107760
34111726
34114071
34123044
34161244
34162853
34184832
34210740
34219059
34287660
34348074
34604127
34606758
34612076
34613681
34658315
34672884
34720788
34754844
34770368
34775190
34817283
34824752
34935309
35131687
35141140
35187264
35194168
35201667
35275876
35297328
35653093
35655452
35660530
35661871
35705792
35724035
35732528
35774564
35803302
35816971
35823928
35868224
35885588
35983720
36180153
36182628
36226608
36233475
36242582
36252096
36333588
36353088
36717205
36718712
36738092
36798515
36808448
36846208
36899108
37248256
37257556
37357635
37470336
37618216
37753685
37755308
37762150
37801729
37808178
37816258
37822585
37825172
37897750
37904677
37919298
37966465
37979300
38028632
38146075
38274605
38276336
38281502
38326420
38343218
38352129
38447233
38494274
38818865
38830776
38832229
38879278
38928754
38938177
39084802
39338433
39422210
39457922
39518229
39875112
39879462
39887893
39928240
39956610
39977180
39979569
39988482
40130625
40389250
40469057
40667148
40900630
40944706
40963201
41062657
41427108
41963629
41966256
41977556
41978937
41986946
42026098
42033985
42047526
42075438
42082845
42084580
42144049
42153474
42232076
42357896
42485013
42492454
42506561
42553730
42574000
42602582
42650626
42665153
42734360
42997633
43003962
43041188
43057942
43066405
43139778
43223553
43391234
43450456
43516529
43518108
43525442
43675649
44047554
44052884
44089374
44106412
44107861
44160001
44190081
44269890
44491264
44566834
44576257
44728357
45129921
45180930
45221040
45650434
46137527
46147376
46208028
46254152
46303508
46400201
46727524
46809144
47210580
47234048
47321636
47391104
47793664
48253988
48271472
48792960
49221632
49285952
50336414
50337907
50347840
50381863
50389780
50398897
50400364
50405798
50450488
50482480
50489859
50499940
50569920
50733162
50859395
50864341
50866744
50927892
50971968
51009728
51020828
51089411
51212800
51410980
51413827
51422320
51465088
51511469
51513940
51566080
51677480
51921074
51949952
52003364
52112384
52450388
52463796
52510915
52560151
52569636
52630912
52723801
52969772
53149808
53482288
53490691
53551132
53633344
54003392
54543076
54544413
54564033
54575498
54615042
54624342
54669488
54724929
54919948
55083313
55092738
55183398
55575956
55584962
55697409
56105473
56624186
56632193
56692773
57151810
57295873
57868802
58720760
58723109
58731542
58781762
58800257
58884658
58893569
58933396
59249828
59294337
59312706
59506703
59805717
59868290
60048449
60835586
60842033
60954664
61481090
61866086
62456065
62955564
63017728
63049344
64030768
64651328
65086528
65536532
66080896
