2925
3795
7089
13486
13940
19755
20970
22981
23890
24925
25785
26202
27616
31020
35187
37707
40344
43213
44085
47654
51598
52056
55074
57879
58470
67544
71521
74955
76920
84326
88595
91924
92938
94776
103664
108082
113730
114901
119830
125090
127116
136286
136936
137526
140403
141546
149324
150132
152966
154649
156069
157136
162576
164027
172976
175378
180566
182377
182915
184380
187908
200326
205161
205206
213047
216108
218704
223299
226592
231717
233025
234054
235272
240168
249867
254721
262619
263909
268054
276353
276771
279183
279957
281832
290307
291528
298509
301792
302099
303970
305816
307590
313906
323609
329914
330524
331015
333098
335432
336029
337328
337422
342209
345115
361068
377101
381122
396106
397740
398897
403516
406083
406808
409955
418566
422000
426214
431297
435784
443658
450629
460114
470784
475793
477600
489480
492579
493768
529254
532037
533450
533985
534940
537229
543942
549475
550939
554005
556416
560808
561351
563860
564516
565849
574739
576037
579665
586308
590062
592399
596058
600401
602379
607348
615466
623329
625689
632452
634984
645384
656697
658612
664389
670816
674600
689167
689764
692501
692874
700864
714242
725170
727812
731332
738066
739466
740672
745740
770136
788146
791249
793129
796838
803036
805762
808074
819994
836001
837440
855432
858464
864305
873744
887553
890400
893012
922662
923800
929868
930592
944161
953872
990209
1032198
1051124
1054093
1055371
1058756
1059606
1060394
1060971
1061084
1061794
1065689
1066341
1071224
1078531
1079490
1090217
1096209
1096836
1098406
1102228
1103879
1118547
1121584
1122599
1127570
1128461
1147697
1148322
1172160
1181601
1183074
1188367
1198257
1200213
1204536
1209356
1212807
1216868
1221657
1222924
1250468
1260096
1262178
1294728
1296452
1311531
1311799
1314241
1315929
1316942
1329434
1332896
1335689
1344202
1349188
1353488
1356072
1359988
1360019
1368078
1377170
1379857
1386594
1395844
1405441
1409368
1419648
1430536
1442424
1443981
1463314
1481984
1483300
1484880
1519876
1540272
1574999
1576090
1581621
1586000
1592904
1593650
1594561
1597590
1606996
1610284
1610850
1616194
1622073
1630469
1641696
1650758
1655144
1657217
1671438
1673268
1677442
1704163
1706251
1725185
1729696
1736908
1739168
1756161
1803072
1803304
1835293
1843290
1843936
1845393
1848834
1854752
1894912
1900645
1904777
1925378
1967492
1967681
1982506
2015504
2052160
2100540
2106158
2108082
2108742
2115335
2117711
2118481
2120844
2124329
2126952
2131126
2131999
2135085
2135683
2137172
2138339
2150451
2156296
2156626
2161665
2163066
2164115
2165450
2168985
2169252
2171478
2179260
2180804
2181345
2182165
2199815
2202145
2204305
2220384
2229021
2242825
2257538
2261716
2269304
2272416
2273804
2278929
2279728
2295433
2298658
2304517
2309136
2311330
2314568
2360938
2362224
2363636
2367976
2369625
2372615
2376402
2380060
2382882
2383930
2393393
2398536
2404944
2413066
2417284
2425397
2428112
2429027
2436129
2442024
2447617
2451984
2453664
2465866
2474384
2491477
2492611
2494790
2501642
2510400
2510885
2557196
2557990
2622110
2624551
2625290
2627692
2655011
2655322
2660112
2663493
2670731
2687069
2698370
2703810
2708104
2713672
2730244
2741312
2752938
2754242
2754898
2760905
2763288
2766084
2775046
2777361
2789540
2793618
2820704
2826292
2867233
2884761
2893332
2904624
2919520
2925096
2932757
2953734
2957592
2982050
2988048
3015329
3035520
3147341
3150450
3151050
3158293
3163222
3166625
3168804
3170844
3178906
3180753
3185410
3212331
3213122
3213447
3220065
3220620
3246345
3268611
3278940
3283106
3286344
3286546
3295553
3309621
3312646
3338256
3375186
3429696
3433508
3441731
3444774
3478548
3480192
3542064
3543185
3556488
3604832
3638784
3670189
3675681
3678595
3679440
3680836
3693584
3703472
3706953
3719746
3736868
3740048
3805716
3817572
3878920
3933458
3950784
3965700
3966986
3998288
4014092
4071430
4199130
4204456
4205796
4209737
4212626
4216862
4223139
4223753
4231709
4236675
4237776
4246595
4252700
4257408
4260662
4261461
4264376
4273667
4277728
4280613
4281489
4281868
4297258
4300998
4309161
4328137
4330539
4331591
4334188
4335893
4340866
4345997
4352546
4359736
4360966
4361349
4363586
4364584
4370977
4380864
4391363
4391664
4391820
4392522
4397392
4419604
4432152
4459157
4465191
4469572
4476680
4480005
4482369
4489814
4492330
4497586
4505960
4507924
4510768
4522105
4528172
4528898
4532552
4534354
4538439
4539216
4546698
4555940
4559169
4589504
4590689
4596250
4596881
4636824
4655684
4656152
4686624
4719289
4719452
4719767
4720451
4722082
4733632
4735716
4736300
4742658
4743494
4753733
4754032
4756384
4760617
4768270
4778272
4780050
4789572
4794505
4802610
4804742
4811268
4817052
4818224
4825858
4852370
4858147
4859472
4862008
4862470
4866257
4868172
4870410
4898914
4949122
4981106
4985288
4986145
4992544
5047489
5091456
5097536
5112372
5117448
5129219
5137024
5154048
5244975
5246492
5247653
5252174
5256241
5260346
5261736
5262146
5263462
5269088
5270657
5276609
5277195
5284500
5286472
5292109
5311237
5314760
5316948
5333017
5341207
5362192
5375192
5378579
5388032
5391140
5392518
5398610
5412884
5450016
5457153
5474944
5484546
5505182
5508738
5513809
5518472
5521633
5525515
5539078
5539865
5575776
5591424
5636421
5640386
5647364
5686336
5702153
5779844
5835032
5836835
5899301
5906570
5908545
5915160
5968912
6046740
6062288
6066689
6095882
6161154
6296857
6297653
6301377
6304530
6305960
6311472
6312596
6317075
6328716
6336004
6344792
6371396
6375692
6378754
6381776
6390888
6393216
6394560
6400048
6426115
6445576
6447936
6456612
6479882
6488165
6497286
6556056
6559268
6571049
6586818
6594660
6596865
6652440
6689072
6703121
6717513
6718482
6750376
6763008
6820363
6824049
6841476
6848913
6854690
6867976
6882960
6883617
6947868
6963717
7012371
7082053
7082130
7088194
7094310
7342816
7349538
7354371
7357066
7373985
7374416
7391745
7409690
7422256
7426113
7438884
7471382
7472772
7478336
7495713
7603016
7604516
7643650
7667908
7686146
7737356
7865736
7868738
7893504
7938053
8290336
8391578
8391823
8392469
8394162
8395097
8397511
8406768
8409239
8411910
8415448
8416900
8417585
8422487
8424780
8425953
8427172
8429973
8435210
8435753
8438428
8441248
8442450
8454517
8456995
8458287
8459468
8463241
8465856
8466965
8467266
8468530
8475088
8475298
8477729
8482889
8489648
8499331
8503374
8513553
8520999
8525325
8532868
8534161
8545832
8550468
8556814
8560963
8563220
8569113
8569906
8585893
8593592
8601898
8604232
8619408
8624152
8626189
8634592
8653516
8654970
8665226
8670292
8676001
8688905
8694052
8716770
8716883
8734857
8742918
8749206
8750136
8753800
8759872
8769824
8782172
8785282
8786083
8788737
8790226
8799024
8803400
8820868
8823176
8843776
8848484
8852994
8873088
8929720
8935476
8936065
8941582
8946640
8948105
8953024
8958721
8963176
8980099
8980264
8982096
8984744
8985858
8987162
8989732
8995649
9008640
9019808
9044531
9045656
9047082
9054536
9057298
9064515
9093892
9101441
9113985
9144323
9151552
9175273
9175845
9183255
9189904
9209884
9212004
9217168
9224707
9261061
9265248
9306758
9380353
9439801
9445555
9446738
9451073
9454019
9462922
9468424
9472075
9472900
9473136
9474595
9481473
9487556
9499680
9504073
9504924
9508736
9519623
9523468
9524290
9539080
9571908
9573652
9575560
9579168
9584670
9589440
9602818
9636114
9638448
9666598
9670721
9701216
9706532
9710085
9710664
9716749
9721921
9728132
9740385
9751554
9765253
9773108
9784064
9839650
9962897
9964070
9966648
9969961
9971212
9986129
9986944
10015040
10027122
10027720
10027796
10060805
10076704
10094800
10110216
10119170
10131968
10224710
10227978
10305680
10387465
10422276
10490665
10495243
10496353
10498213
10500124
10507290
10512515
10522808
10537568
10539904
10555786
10558980
10561184
10567958
10571876
10584364
10587170
10616923
10617285
10633385
10635794
10640640
10642437
10655810
10682894
10703361
10709024
10750475
10758418
10761264
10764618
10770576
10782214
10783873
10815592
10846277
10883608
10887748
10911786
11011426
11014230
11015752
11031712
11043341
11061506
11067428
11076657
11078528
11109512
11143189
11150082
11239952
11273260
11280772
11291140
11337987
11342016
11420688
11535924
11540928
11559136
11561220
11575318
11608152
11612448
11650304
11666529
11669763
11673644
11805328
11808834
11845656
11862562
11960512
12060976
12075043
12103808
12159040
12255392
12583997
12587633
12592662
12594456
12596485
12600905
12601712
12609549
12612132
12619988
12622083
12623899
12636298
12649626
12655113
12661800
12679424
12681554
12683457
12715368
12734640
12739089
12748900
12774400
12783714
12812337
12829186
12847374
12849305
12856192
12859488
12885504
12894341
12902466
12927004
12928034
12993796
13046024
13109450
13113744
13116208
13123861
13150214
13160481
13197315
13240481
13243524
13303881
13320228
13370456
13386280
13436945
13467908
13506562
13533760
13638432
13664540
13669394
13682832
13698593
13705602
13707792
13754372
13763472
13765649
13770885
13893740
13926960
13961376
13963780
14049288
14090320
14156256
14160514
14161925
14188586
14327824
14427137
14680486
14682948
14683784
14697240
14697857
14713411
14721224
14735364
14745741
14755850
14765120
14787585
14813240
14823504
14844576
14878464
14882944
14943761
14951554
14970881
14977104
15024768
15044610
15089760
15230992
15274528
15344672
15351938
15372296
15728850
15737601
15749160
15860746
15990791
16124416
16252953
16531712
16780006
16782801
16786108
16791234
16791575
16798254
16800464
16806962
16810613
16811924
16820505
16835665
16838984
16849228
16859569
16867358
16870536
16876686
16876869
16880261
16885032
16892802
16894008
16904225
16911753
16919299
16919628
16920678
16925267
16925816
16926876
16930890
16932907
16937477
16943556
16944650
16945368
16965826
16966916
16974692
16982616
16987145
16990285
16993298
16996896
17008738
17010992
17016976
17040745
17047758
17047793
17054340
17055805
17056664
17058830
17064292
17066130
17072407
17074984
17075288
17087520
17088682
17095169
17105609
17111051
17113873
17122864
17130050
17134596
17147909
17172531
17180320
17188036
17188361
17208068
17215498
17240085
17269266
17302733
17303067
17303614
17312417
17312850
17320205
17321009
17322569
17326312
17330946
17334700
17337475
17341248
17367450
17372204
17374352
17375367
17384965
17387618
17399859
17417376
17424656
17433489
17443120
17453380
17465697
17474312
17479684
17486856
17498792
17499426
17567909
17578248
17582416
17600568
17608769
17631426
17634176
17646664
17671170
17696872
17719316
17744416
17826142
17827622
17830550
17836392
17843481
17843843
17849412
17850439
17861676
17864730
17866980
17867811
17869442
17877129
17892501
17894336
17896970
17911976
17917248
17958058
17964545
17983872
17992240
18006540
18024208
18026882
18030753
18071569
18092866
18094496
18097418
18100760
18122900
18124813
18146432
18154148
18157776
18158849
18170132
18220060
18235720
18237476
18284611
18351554
18356486
18370588
18376208
18401376
18417705
18418194
18481241
18485856
18490625
18493584
18497669
18513942
18515584
18547780
18613360
18645282
18874583
18878085
18879432
18881633
18883877
18887088
18893588
18903124
18909769
18911338
18913414
18927908
18931864
18950529
18954760
18976796
18989648
19007020
19010708
19014787
19022094
19022625
19038349
19065344
19073304
19075265
19095684
19140114
19141708
19142018
19157129
19162384
19172612
19210284
19214656
19220548
19252225
19300768
19400920
19407712
19409929
19417603
19429408
19431750
19441024
19484689
19500544
19533850
19555392
19563568
19660815
19661108
19677281
19694272
19710216
19727492
19794688
19923299
19925388
19928083
19934228
19940528
19957505
19997444
20004901
20004938
20026400
20054680
20058153
20058448
20095041
20125700
20193413
20202001
20211720
20365314
20389904
20455474
20467842
20488204
20513409
20513816
20660480
20845568
20972111
20973361
20977060
20978226
20980165
20986178
20988967
20996742
21005986
21006568
21014336
21016713
21020954
21039508
21040736
21056129
21074066
21076996
21078540
21086308
21107017
21108292
21109632
21135406
21148688
21152129
21168214
21236788
21238810
21241024
21243945
21267848
21286918
21300237
21303841
21307654
21321744
21365346
21391424
21397840
21399682
21498131
21498660
21499208
21500074
21501569
21502036
21505300
21513368
21547140
21574160
21627270
21645056
21660163
21661720
21668000
21700928
21760577
21774866
21790794
21792260
21889161
22020491
22029829
22037033
22038549
22044940
22054982
22061360
22085692
22085858
22160064
22165512
22249732
22285072
22381120
22434304
22480000
22561089
22562826
22582528
22675752
22814788
23070883
23093321
23102485
23104144
23107080
23135041
23138416
23147648
23159328
23202144
23208328
23208468
23216178
23219204
23233728
23265922
23300097
23333388
23347588
23348290
23396497
23397664
23462147
23594084
23602690
23724616
23736321
23896080
23924744
24129572
24134212
24140032
24379434
24382465
24416384
24774784
25169080
25170740
25175697
25176404
25178394
25181952
25183628
25184837
25198759
25200850
25202209
25203276
25216011
25221154
25232490
25232924
25242627
25243872
25266694
25270656
25297610
25307270
25314822
25378947
25430417
25432516
25433640
25438754
25477441
25478180
25503768
25528064
25560656
25567493
25610248
25630784
25691042
25692259
25696778
25703560
25706586
25711873
25731650
25741840
25774368
25792592
25821229
25822432
25857280
25886868
25955968
25957396
25968902
25976841
26018372
26050689
26218597
26222621
26224032
26231632
26241057
26272002
26282065
26313056
26321936
26345777
26368016
26379336
26380293
26382496
26414112
26436096
26477070
26477714
26493026
26608257
26740812
26741505
26750979
26771608
26814592
26935306
27009296
27070496
27263713
27265287
27271338
27281452
27303985
27329872
27345161
27357186
27394164
27394450
27403288
27412672
27427648
27493380
27525276
27526179
27534088
27562256
27567168
27668608
27800068
27822240
27825154
27852838
27861057
27919873
27922720
28055553
28314690
28316936
28364801
28381760
28409986
28573769
28836392
28853252
29360600
29361347
29377283
29383688
29384760
29393193
29398112
29427749
29430033
29434948
29466658
29493259
29495324
29499489
29500674
29589640
29622357
29626658
29648384
29758465
29885068
29892754
29917236
29951360
30026240
30167168
30411908
30412874
30454272
30475016
30752769
30934592
31498500
31981834
32030784
32374788
32540680
33554878
33556450
33557240
33557622
33558412
33559127
33559707
33560847
33565018
33565213
33567457
33568041
33568148
33570322
33573526
33573965
33575284
33575706
33576035
33576581
33578160
33579907
33580302
33581095
33582353
33584960
33585289
33588509
33590497
33591088
33591986
33592260
33593546
33595749
33596972
33596995
33597587
33597864
33603675
33603820
33605204
33605258
33610017
33614596
33615914
33616080
33620211
33620885
33621356
33621771
33626514
33627217
33628778
33629207
33630350
33630516
33631812
33633928
33635073
33637682
33639555
33639960
33640477
33643780
33644952
33645137
33645732
33649158
33650784
33653278
33654855
33655433
33655956
33657186
33659944
33660985
33662288
33669667
33671616
33673800
33687129
33687971
33690505
33691428
33691860
33693000
33694156
33694262
33696920
33702087
33702445
33703336
33703994
33705730
33708609
33714195
33718737
33719402
33720908
33722407
33723532
33727109
33730633
33731330
33732656
33735520
33736725
33740048
33743384
33743905
33751864
33753682
33755461
33760641
33762338
33763372
33763522
33769737
33771681
33776712
33778304
33783924
33785094
33785504
33788433
33800338
33819182
33819411
33819705
33820877
33821544
33823878
33825700
33825955
33827522
33828192
33829048
33829962
33834328
33834785
33835217
33841238
33841257
33842832
33845509
33849678
33850770
33851781
33853553
33855000
33858756
33860129
33863692
33866759
33870216
33870372
33872960
33874224
33882537
33884388
33886851
33887269
33887680
33888816
33890627
33898886
33900618
33901061
33915600
33915977
33918466
33919252
33923110
33923848
33939585
33947957
33948316
33948912
33949254
33951361
33953027
33953890
33956138
33956688
33956877
33962368
33964706
33966404
33968142
33980939
33982744
33983524
34007042
34013793
34014346
34017368
34023441
34030612
34034432
34059264
34062376
34079399
34079601
34082256
34084068
34084394
34085176
34086991
34087636
34088728
34089762
34090117
34091122
34093380
34097475
34097572
34099601
34099906
34101772
34103356
34113169
34115676
34115753
34116929
34118147
34122824
34124930
34128649
34130072
34130978
34132230
34136736
34144598
34145464
34147144
34147873
34148748
34149908
34150438
34160841
34162560
34169121
34177411
34177828
34187792
34189317
34194444
34197552
34201666
34210010
34210574
34211941
34212883
34216608
34218161
34219330
34223617
34224138
34227461
34227760
34230376
34236496
34238596
34242866
34244742
34251796
34253057
34260160
34275371
34275808
34277404
34287888
34292292
34296834
34314304
34316424
34341918
34342600
34343051
34345378
34347029
34348800
34350161
34357299
34358036
34359904
34365888
34365962
34370592
34373812
34374213
34374952
34375762
34406937
34407522
34414738
34415876
34416680
34419264
34429056
34443274
34472265
34476562
34482692
34491400
34505600
34512992
34525185
34537605
34539778
34603133
34605465
34606599
34608454
34608913
34609203
34609324
34610784
34611866
34612456
34614658
34615431
34616076
34619563
34619671
34619982
34620572
34623817
34626432
34626570
34627938
34629129
34633748
34635990
34637640
34638118
34640948
34642256
34644235
34644592
34653569
34654760
34661394
34662465
34669002
34670273
34670945
34671266
34673193
34678560
34678992
34685492
34689220
34701477
34705560
34706435
34707972
34709580
34718816
34730240
34734820
34734915
34735386
34738608
34739842
34740760
34744361
34744390
34747472
34751526
34752712
34763296
34767636
34767941
34773121
34775202
34778624
34787394
34800689
34801164
34802052
34803734
34816336
34824197
34834442
34865841
34867785
34868500
34877540
34877714
34880513
34881836
34882754
34886224
34891936
34897978
34898400
34901128
34906133
34910848
34915074
34930703
34931524
34937096
34939928
34947720
34951202
34981904
34998418
34999072
35000837
35001384
35004609
35012633
35022080
35045508
35064896
35070466
35094785
35127749
35128232
35128611
35128914
35129450
35138608
35139609
35143920
35146257
35147813
35152964
35154184
35162125
35162816
35168656
35168774
35182080
35193990
35197698
35198024
35203075
35205280
35209242
35225681
35228928
35259529
35265540
35266852
35267144
35275138
35291681
35295496
35324560
35342368
35391012
35393603
35394704
35397772
35398401
35407878
35428384
35438664
35455280
35472385
35520596
35554306
35653973
35654243
35654826
35656131
35656252
35657424
35659273
35660617
35660892
35661361
35661446
35666980
35668365
35668912
35670376
35672230
35676362
35676772
35682562
35685202
35687076
35687683
35688597
35689888
35693705
35695114
35696710
35696920
35701441
35701816
35707408
35719213
35719942
35721448
35721521
35722254
35725509
35725730
35728648
35734849
35737682
35739168
35751106
35751429
35752024
35764352
35766538
35774484
35783315
35783845
35785664
35786260
35787338
35787826
35791111
35791528
35793985
35795296
35799153
35800075
35803288
35804228
35809292
35815721
35821828
35832326
35840384
35850416
35852932
35854339
35856410
35864868
35889728
35900416
35914634
35915046
35919898
35920033
35920452
35922321
35926562
35931660
35932212
35933568
35935249
35951361
35957776
35962978
35964937
35981072
35987568
35991561
36004866
36012051
36012172
36014368
36044908
36057108
36061458
36069889
36078128
36078912
36081794
36112904
36126912
36176155
36177001
36177732
36183106
36186134
36186336
36189056
36192856
36193426
36197640
36204032
36204609
36208686
36209096
36210737
36213344
36227140
36241970
36246657
36250124
36257799
36260112
36283424
36307348
36310304
36311053
36325505
36331554
36339779
36341256
36373249
36373584
36438214
36439555
36440332
36440720
36442448
36446245
36454568
36475908
36479234
36505665
36553216
36578432
36638752
36700965
36701552
36703428
36704554
36708435
36708532
36711041
36714568
36719649
36721155
36729984
36733465
36734498
36742404
36745249
36751490
36753420
36765798
36765980
36768786
36778512
36782225
36784704
36790312
36799360
36831374
36841744
36848392
36865168
36866144
36896841
36902144
36962520
36962838
36963593
36964674
36966788
36972096
36978757
37029024
37038084
37064768
37093411
37115904
37134344
37225493
37230849
37233674
37241476
37261330
37273888
37292168
37298496
37355576
37358082
37359808
37453828
37491208
37511184
37519489
37750217
37750452
37752101
37753635
37753976
37755360
37755668
37758162
37761361
37761418
37765433
37765746
37765957
37767691
37768896
37769896
37773461
37776424
37777484
37781647
37782121
37782424
37782579
37783612
37787142
37789974
37791842
37793956
37797120
37798306
37803017
37817666
37818443
37818980
37819554
37820549
37822733
37823424
37823585
37828632
37830702
37832788
37833504
37849361
37856266
37864068
37869570
37880166
37882417
37882894
37884949
37889328
37890824
37892752
37898640
37902372
37904608
37905924
37913282
37914369
37915728
37916698
37929228
37945497
37945863
37946564
37947496
37953024
37970178
37982592
37988356
37994561
38011114
38011348
38015030
38016268
38016577
38019721
38020866
38021189
38028388
38029452
38030354
38031682
38042112
38046528
38049936
38051928
38055939
38060561
38076698
38077992
38078499
38085140
38087808
38088992
38092976
38126848
38142035
38148105
38150278
38158920
38163584
38174881
38178884
38274573
38275161
38275654
38275969
38278418
38280328
38281576
38281747
38282278
38287393
38290506
38290593
38299778
38307204
38308106
38314177
38318600
38322512
38338613
38339210
38342864
38359553
38364176
38372928
38373536
38404268
38408323
38409024
38420502
38428681
38442016
38455808
38470920
38478368
38535431
38539908
38545680
38555672
38568482
38571009
38592516
38600780
38668480
38682912
38764560
38798214
38799555
38799692
38805921
38808100
38810178
38814801
38817938
38819104
38822672
38832658
38834437
38835392
38849540
38854792
38863448
38864272
38865929
38871090
38876164
38880770
38895912
38904321
38928938
38931616
38932577
38934786
38936604
38937603
38945409
38969664
38977584
39014408
39060613
39061616
39069706
39078145
39092748
39101472
39129105
39149632
39157890
39190920
39192080
39256100
39323796
39325710
39326256
39331456
39344192
39354468
39355416
39370755
39403780
39452945
39518274
39583785
39585088
39651840
39727104
39846604
39846983
39847450
39848242
39849105
39852674
39854123
39856516
39856720
39858693
39863572
39874608
39878896
39884865
39887648
39895077
39904320
39911574
39912097
39916296
39928968
39938049
39944516
39949328
39977304
39978370
39978592
39990280
39995458
39997697
40011912
40017937
40059408
40075298
40108061
40108385
40111176
40120512
40124547
40132872
40142464
40142854
40144936
40174146
40194052
40239876
40249376
40305665
40372776
40374564
40378520
40379649
40387330
40403476
40423552
40438788
40448002
40452192
40468489
40507408
40509508
40633392
40698240
40763402
40895532
40898304
40898644
40898697
40911296
40912920
40919046
40927306
40960259
40966176
41027589
41062912
41099392
41161730
41173536
41189648
41418914
41419329
41461760
41567232
41943403
41944745
41945542
41946698
41947790
41949733
41950593
41951728
41952314
41953388
41955622
41955928
41957443
41960392
41960979
41961756
41964588
41968833
41970224
41976583
41977048
41978449
41981974
41982728
41985920
41989137
41992369
41993538
41996357
42000518
42009165
42010150
42010651
42012852
42013976
42015424
42018977
42025080
42029315
42033476
42041514
42042657
42051842
42054176
42058512
42059812
42062976
42075286
42078265
42078546
42082389
42082443
42083105
42085636
42087584
42093664
42095124
42096770
42099266
42103048
42107300
42109474
42109961
42112576
42117312
42140546
42140739
42146080
42149392
42156172
42172744
42205812
42206533
42210192
42215572
42215689
42219012
42221722
42223906
42225888
42226185
42237997
42238147
42243106
42246674
42250560
42257024
42263560
42271889
42273104
42273804
42274886
42279112
42288704
42299408
42309633
42338056
42338311
42338472
42343440
42353025
42360868
42385488
42401842
42435076
42467485
42468660
42468746
42469554
42472455
42477152
42478216
42483814
42485801
42488608
42488912
42492178
42492421
42500664
42502496
42503684
42508323
42508556
42530816
42535173
42537057
42542089
42551810
42565828
42566674
42599105
42599500
42601232
42635408
42647562
42667136
42668552
42672134
42680337
42730306
42735688
42740738
42741889
42747012
42762513
42795680
42811656
42861601
42864900
42868760
42992434
42994984
42995344
42995921
43000869
43002688
43008609
43009796
43010130
43010181
43025422
43028584
43028866
43034648
43058260
43065617
43065988
43069450
43073952
43084800
43090498
43106313
43122957
43124160
43124788
43144193
43147408
43155475
43156104
43167748
43174144
43190785
43196512
43253926
43257884
43258145
43260418
43262504
43271216
43278339
43288065
43288644
43320578
43384906
43454592
43516248
43516427
43519041
43520580
43524290
43529472
43536520
43549856
43565076
43581484
43587600
43651106
43780480
43884544
43926016
44040247
44042441
44044620
44046082
44046448
44049172
44052626
44056788
44057130
44059393
44059654
44064793
44066080
44074084
44075408
44077067
44083205
44106392
44106592
44107140
44114435
44119104
44128264
44171490
44172561
44173578
44186112
44189312
44204060
44213250
44224544
44237864
44238916
44269697
44302648
44302981
44303442
44305952
44307592
44310542
44329024
44335688
44343456
44351748
44370050
44384289
44437569
44507392
44564897
44567576
44569105
44570756
44576808
44597890
44605520
44614657
44630090
44654720
44667136
44696100
44712256
44847106
44892180
44992512
45089923
45091340
45093536
45097352
45099042
45106248
45109520
45121857
45128704
45146624
45158405
45187120
45220432
45301762
45352977
45483012
45613318
45680128
45752321
45875296
46137438
46137573
46137747
46138156
46139216
46143530
46144580
46146210
46146700
46149121
46158212
46159889
46167042
46173314
46174512
46174849
46178884
46188064
46188616
46194945
46205320
46206000
46207506
46219458
46220293
46227976
46239756
46243984
46270785
46271108
46272712
46278674
46284835
46285848
46309416
46334228
46346241
46400523
46400928
46402072
46407729
46416390
46433300
46465793
46497888
46535200
46539840
46563586
46614528
46665993
46673940
46678672
46681344
46698562
46727458
46737472
46792816
46794242
46801280
46825477
46925860
46940225
46956680
46994432
47186104
47186453
47187042
47191560
47194185
47200384
47202570
47220769
47253510
47255872
47333444
47416320
47448768
47456516
47501312
47734816
47743744
47775873
47843336
47972370
48239649
48243010
48253088
48255552
48268552
48283666
48300113
48308260
48335360
48366089
48369670
48503040
48627856
48760000
48760835
48775180
49029632
49292304
49315972
49414432
49610760
50333063
50333877
50335553
50338844
50340147
50340678
50342800
50344459
50345029
50346146
50348498
50351652
50352689
50353352
50357032
50358468
50364792
50365345
50366507
50369618
50370660
50372224
50373320
50373808
50375686
50377236
50380854
50383426
50384136
50385027
50389005
50397404
50398866
50400672
50401338
50402128
50405925
50407497
50409617
50410754
50414304
50414633
50414662
50434313
50438532
50456064
50462751
50462953
50464084
50464291
50465068
50465986
50469137
50469382
50473568
50480004
50480273
50483490
50487617
50494464
50495882
50500136
50514080
50528422
50531333
50533472
50534536
50545162
50552880
50562072
50563840
50569219
50581508
50593895
50594394
50594988
50595349
50596296
50599216
50602268
50605576
50608208
50610443
50614420
50615810
50616360
50626713
50627206
50628192
50632962
50636033
50660130
50661398
50663948
50679873
50686208
50696352
50729664
50734098
50737185
50743824
50749576
50759745
50790800
50798660
50856556
50860362
50860696
50860805
50862273
50864521
50872405
50872462
50873696
50878482
50881539
50888930
50889765
50890498
50891028
50896922
50901280
50922051
50922769
50923632
50924164
50924554
50930880
50950152
50972673
50989577
50991156
50992512
50995842
50996264
51003672
51020368
51120417
51121220
51123209
51126832
51130374
51135105
51161216
51168272
51200036
51216704
51265602
51281932
51316224
51380877
51381323
51381816
51382868
51383050
51385505
51388462
51390725
51392960
51398960
51404888
51416081
51417665
51426312
51429700
51430032
51450148
51451970
51462913
51464204
51467280
51470466
51478802
51488800
51511410
51515468
51520017
51520644
51529280
51529731
51545376
51585288
51609792
51642705
51644288
51645474
51646602
51667460
51683394
51691553
51708008
51710081
51741700
51773702
51810320
51904659
51905804
51912801
51919360
51921442
51924096
51941508
51978260
52003336
52037952
52092928
52105217
52168728
52187392
52297888
52429284
52430232
52430926
52432985
52433174
52435744
52438114
52439096
52441228
52447880
52448336
52451333
52453537
52453906
52462348
52472128
52478225
52479108
52494475
52495412
52495944
52496913
52512802
52515200
52527201
52531714
52560453
52568272
52569856
52594706
52597761
52600868
52609096
52625730
52691122
52691497
52692161
52701187
52708160
52723796
52724746
52752384
52756741
52763648
52765312
52772888
52824196
52826376
52839456
52954784
52955522
52957219
52966416
52977924
52992008
52994561
53018920
53022788
53051536
53085190
53105152
53159936
53223496
53346321
53478082
53483012
53483664
53495042
53497952
53510151
53510312
53552129
53608833
53611528
53620738
53624852
53674528
53748000
53774848
54002448
54003748
54018057
54035520
54329346
54526673
54527274
54528154
54530093
54530246
54532680
54533123
54534260
54535193
54539808
54542876
54544481
54544646
54551936
54559043
54559820
54561285
54579968
54585360
54593284
54599848
54602242
54607891
54608200
54624816
54625409
54636608
54657810
54658696
54665290
54667393
54669572
54677584
54689940
54707202
54722849
54790816
54792577
54812706
54821156
54837440
54854736
54888456
54919224
54922496
54935557
54960640
54988802
55050672
55053840
55060492
55071748
55075392
55087121
55099432
55122176
55148550
55182401
55183394
55263360
55313160
55313538
55316576
55386113
55575392
55575574
55578904
55585856
55591076
55603201
55609728
55611426
55640133
55644800
55738377
55773200
55837187
55842820
55845008
55854088
56099016
56107266
56165408
56230404
56623654
56625417
56628544
56641025
56643594
56658976
56664194
56690880
56697104
56758432
56819724
56889872
56894468
57147474
57147525
57311488
57427968
57671729
57680392
57786368
58064960
58721049
58721393
58721988
58722947
58723602
58724776
58724962
58729800
58736933
58737826
58743104
58745876
58746890
58749568
58755212
58758404
58773528
58777696
58786062
58786241
58788392
58791425
58794066
58800132
58804368
58818581
58821696
58852016
58853464
58855557
58856458
58860044
58884166
58892560
58900993
58934528
58985220
58986515
58990978
58991169
58998860
59001857
59017264
59057184
59097090
59113824
59147392
59179017
59245078
59251744
59252900
59254801
59262472
59277385
59294080
59314306
59319040
59375875
59387968
59394052
59473952
59506730
59506896
59544064
59769236
59771104
59774985
59778562
59781168
59789318
59802148
59809921
59834403
59835528
59904768
59916328
60036160
60064008
60097040
60172288
60327938
60375104
60425232
60555269
60818445
60828800
60829953
60833859
60850466
60851728
60854464
60899844
60923912
60950561
61018128
61083684
61211138
61344320
61358128
61472904
61605120
61866010
61874244
61933824
62144640
62919824
62922759
62925088
62931081
62947850
63000608
63046692
63084544
63111744
63178818
63189000
63193360
63242372
63439172
63439393
63480832
63504408
63964417
63982080
63995984
64094338
65011816
65012608
65013780
65078274
65167360
65306625
66588672
