1022
7886
11510
14234
14780
19815
22123
22989
26291
27445
29529
31774
32704
36015
38455
39579
40267
42107
43229
45662
50493
51614
52813
54031
54471
55406
57687
69211
71453
72030
72890
75326
75887
77198
78135
79068
80534
83599
84183
86427
90301
100201
100842
103346
107252
107403
108723
109388
111942
113701
115322
115653
117081
117414
119980
122132
126034
128522
129161
134462
136591
137399
141079
141883
144029
145749
148827
149629
151774
154396
156239
158105
160045
165347
165596
166840
168678
171781
172462
173009
178281
179340
181100
181366
182153
187441
188645
189210
191750
193624
195075
197877
198570
199410
201684
202092
202387
205669
208216
212489
213481
213814
217415
217784
220293
223884
224308
226578
227402
230061
232868
240682
242376
243220
248099
250449
252352
254989
265879
267483
268893
271773
273182
274767
276025
279742
281135
282743
284435
287035
288346
291467
296881
297331
297708
299971
301270
301865
303783
303992
307434
307989
310790
311782
315146
318616
320713
322595
324876
325713
329464
330169
330694
330957
331570
332657
336364
342570
343107
344924
344995
345546
345653
351756
355473
356562
357414
358680
361262
363636
366981
368320
370274
381832
386104
387086
389379
394861
395218
395723
396148
397797
402345
402801
403086
403751
404184
408842
410346
415032
416401
416841
421381
423060
423986
426233
431560
433283
437273
438674
445025
445484
451124
455488
459130
464454
465736
468131
472960
478234
481364
483760
485417
494914
496737
497968
500944
502152
503972
509512
510724
512546
516737
527709
529534
530735
533711
534935
536103
536763
542295
543515
543925
545341
549534
550198
551027
558821
560073
561621
562026
562598
562777
565746
566061
566460
567107
572500
574388
579747
581138
584262
584842
586793
588037
591820
592739
594424
594631
597556
598950
602509
602738
605457
606574
606961
609682
613446
614868
614955
618008
619651
620588
623446
629092
632465
633144
634080
640706
644613
645386
651286
657081
657254
657905
658539
659348
660307
660396
661914
662117
664291
670776
672728
679171
681349
683084
684148
685585
686214
689031
691410
698820
701447
702609
706090
707936
709409
717324
721532
727241
730928
733962
735648
739556
740433
742428
747014
757384
758980
760386
763266
764673
766288
771233
772656
774248
778532
787956
788730
789413
791273
791446
795594
798289
800035
801938
803698
805180
805571
807345
807502
810026
814345
816197
817684
819627
822946
824972
830597
833547
840024
841312
844129
846098
852435
857314
859224
863120
866566
869481
874515
877317
878240
888097
890256
891048
894728
895524
897666
902468
903266
905409
909904
918229
924693
927916
930480
930953
935745
936262
939090
944928
953924
956162
956737
960033
960624
962856
968336
968904
971140
975010
986288
988712
989828
992356
993474
995905
1000738
1001857
1004304
1007944
1015838
1016768
1046528
1062483
1064099
1064724
1070745
1072472
1072677
1074955
1076329
1076870
1077818
1078474
1078577
1079698
1079884
1083278
1086157
1092202
1095496
1095950
1098643
1101250
1102250
1102452
1108022
1110172
1110465
1115862
1118830
1122937
1123690
1124229
1128680
1133450
1133614
1136290
1139783
1139952
1141005
1147195
1152480
1156262
1156433
1158914
1167537
1167692
1169960
1171989
1172872
1173700
1175650
1183569
1184427
1186887
1188668
1191061
1192177
1192774
1193014
1193384
1196725
1202593
1206160
1212527
1215689
1216052
1217690
1230560
1230983
1237202
1237545
1245533
1250595
1250904
1251373
1263928
1264198
1266528
1269811
1282243
1286297
1286407
1288544
1297552
1299462
1316650
1336017
1343962
1344061
1347424
1348700
1349733
1350418
1358000
1361002
1361669
1376491
1377047
1379732
1379881
1381511
1383328
1388938
1389108
1396033
1411281
1417896
1420360
1426242
1431682
1442227
1442398
1452364
1452675
1453154
1461184
1462609
1462924
1466646
1475782
1476376
1479010
1479376
1482810
1501441
1508435
1514632
1515969
1516322
1524005
1524370
1543173
1560600
1574746
1579697
1580188
1581909
1584496
1590055
1590737
1590956
1594637
1594722
1595477
1602145
1605815
1608982
1611064
1611395
1615776
1616163
1616524
1630489
1638814
1643595
1644754
1645317
1648732
1651648
1663177
1663762
1672408
1684492
1685569
1687612
1687635
1690016
1704155
1709582
1711396
1716330
1716628
1717569
1718864
1721445
1721738
1724033
1725616
1728992
1740886
1741067
1743072
1748232
1753394
1762324
1770554
1770637
1772992
1777961
1792034
1798149
1807377
1826826
1835385
1835663
1844401
1844806
1845984
1853606
1854040
1857928
1859629
1872025
1875010
1876276
1876553
1884400
1884968
1901992
1902273
1904844
1905187
1917195
1927216
1939476
1942531
1967728
1968426
1971073
1980449
1985808
2009094
2016265
2043922
2050060
2108723
2112618
2113169
2117174
2120914
2121004
2122869
2123943
2125204
2125379
2127032
2127621
2128198
2128425
2131566
2132661
2133368
2133891
2141722
2141892
2142563
2143371
2144537
2146987
2153153
2155746
2164519
2165564
2170756
2171322
2172137
2172756
2183412
2184269
2188569
2189186
2190000
2191900
2195791
2202125
2205990
2206289
2213395
2214752
2216248
2216518
2230701
2234164
2235484
2236668
2239844
2244851
2247380
2247466
2247822
2248129
2250266
2257360
2261789
2271382
2273669
2273834
2278802
2278949
2281625
2286496
2294359
2303299
2303640
2304960
2307184
2311211
2312524
2312835
2314000
2315656
2316836
2319556
2327641
2327687
2328977
2332480
2353176
2355330
2360683
2366115
2367862
2373442
2373774
2376313
2379553
2382091
2384323
2384556
2385997
2386768
2392471
2395338
2395924
2399522
2402364
2403649
2406984
2410432
2416852
2417417
2419330
2420897
2425054
2428384
2430222
2431081
2431378
2435349
2442354
2442629
2459205
2465933
2466326
2470336
2477065
2480656
2491035
2495660
2496081
2500320
2500785
2501190
2502746
2507847
2525269
2525466
2530176
2536516
2540114
2548746
2563329
2564486
2567180
2572563
2572814
2577088
2598915
2606100
2632308
2639267
2654526
2654931
2659505
2659660
2668304
2671706
2672812
2672963
2675168
2687099
2687893
2690260
2690602
2693856
2697369
2699466
2699813
2715969
2721217
2721392
2728211
2734212
2736306
2736713
2752982
2753071
2758770
2759433
2760322
2763022
2765664
2777193
2777876
2786838
2787746
2788176
2793574
2793880
2806849
2819748
2822531
2831620
2834800
2840720
2863113
2869254
2883773
2884423
2889632
2893112
2893443
2901517
2904358
2904728
2906308
2918625
2921044
2924033
2925346
2945090
2951564
2951729
2957729
2958020
2965589
2971138
2984978
3002380
3015973
3016266
3016839
3029264
3031652
3031938
3052568
3072005
3086346
3089425
3150895
3151824
3153481
3155102
3155809
3156450
3156509
3157896
3159268
3160357
3163450
3163845
3164251
3165092
3166487
3166952
3170729
3170902
3178981
3184809
3185798
3191124
3196084
3196233
3205265
3206432
3212146
3212412
3212683
3217706
3218004
3219669
3220238
3226944
3228205
3229258
3233932
3236148
3247202
3248804
3249413
3253769
3254410
3255316
3261136
3262738
3264523
3277769
3280202
3283589
3291288
3298435
3301701
3302026
3307072
3310886
3311249
3314792
3317923
3318360
3320580
3324929
3325982
3328392
3330244
3345064
3347604
3351589
3352649
3355408
3355658
3359138
3360789
3362898
3408628
3411109
3411538
3412365
3420741
3430449
3432064
3432626
3436896
3440814
3441489
3441691
3443014
3443352
3445953
3449968
3451425
3457315
3457612
3461520
3471364
3474737
3475084
3475471
3477688
3477827
3479136
3482818
3483748
3492386
3494660
3500416
3503120
3506819
3530817
3544338
3548692
3556144
3556560
3557897
3559466
3575815
3582144
3604534
3637322
3638432
3670954
3672269
3673385
3682610
3682953
3688082
3690304
3693059
3700896
3712042
3713106
3719778
3721748
3723301
3727748
3737937
3738246
3739677
3741448
3743916
3744323
3745168
3746592
3754088
3756592
3757248
3763202
3768858
3801443
3801756
3805350
3805528
3806753
3809303
3811074
3811713
3817772
3818065
3819714
3824648
3835929
3839360
3866801
3884289
3899668
3908224
3937418
3938856
3942548
3949217
3950853
3952713
3977473
3983370
4003969
4015140
4022792
4030505
4033088
4066369
4083732
4096146
4112704
4129285
4133152
4201581
4210053
4210264
4213963
4216142
4217415
4218022
4218633
4222289
4222506
4224114
4224652
4225236
4225315
4230982
4247785
4261238
4262140
4264299
4266705
4266790
4273570
4279748
4282421
4282792
4285126
4286742
4289043
4293031
4293213
4295829
4298072
4298374
4302784
4303171
4303512
4319777
4328046
4330105
4335049
4336794
4340520
4342613
4344274
4344489
4345363
4345636
4347233
4351033
4358359
4358955
4364404
4364681
4370912
4378899
4382826
4383124
4384386
4391582
4394023
4396768
4400300
4400721
4403258
4411555
4411980
4424882
4425029
4425953
4426626
4440583
4452616
4457927
4461402
4461993
4462196
4463900
4464514
4467305
4467765
4470937
4473305
4479688
4482945
4489342
4490125
4501701
4502066
4503844
4506834
4507177
4510236
4514528
4522555
4525162
4525829
4531475
4540256
4542733
4546676
4547338
4556845
4559521
4559684
4566146
4571340
4571921
4587695
4590678
4592934
4593304
4595233
4599568
4600936
4606257
4606598
4607368
4608928
4614337
4622017
4622696
4629254
4633857
4647432
4655251
4655374
4657923
4663968
4674577
4678916
4690956
4710418
4719859
4721366
4726370
4731238
4732438
4735693
4736376
4736902
4740250
4740769
4745892
4747548
4751707
4752046
4754490
4760881
4761164
4762464
4765064
4770086
4770385
4784911
4788128
4790676
4790825
4799044
4801929
4802098
4804697
4805924
4807298
4810050
4812976
4821442
4825257
4831266
4833892
4842628
4850077
4852933
4853514
4856768
4860444
4862162
4862725
4870667
4883595
4886627
4887320
4893732
4899240
4899650
4917418
4922386
4928545
4931629
4931866
4940672
4954117
4957208
4981047
4983950
4991139
4991320
4999648
5001388
5001539
5005461
5014760
5015332
5015732
5016138
5017870
5042689
5047461
5050507
5050901
5059360
5065748
5073032
5089297
5096458
5112892
5113351
5121440
5126658
5128972
5134360
5156884
5163011
5180425
5197830
5246433
5246494
5248248
5248775
5249307
5249764
5254348
5255311
5256048
5260343
5261256
5263024
5263571
5264172
5267549
5268386
5268836
5270296
5276401
5278012
5285059
5285432
5290505
5291104
5294296
5296675
5299072
5309368
5313932
5314097
5319212
5319730
5327249
5337129
5338880
5341641
5341750
5342223
5344424
5345492
5346058
5347617
5349477
5349778
5359233
5366344
5371920
5374444
5381162
5383558
5384312
5394534
5394840
5397696
5400613
5410051
5411649
5412004
5413382
5419084
5424209
5440617
5441298
5443204
5443607
5445808
5452068
5456069
5456426
5464400
5467144
5474330
5496992
5505894
5510243
5513404
5515020
5518784
5519434
5523564
5524227
5536288
5540902
5542504
5544076
5548624
5550360
5562417
5575362
5577240
5582929
5588486
5591344
5595267
5615622
5622024
5636213
5637002
5638533
5638706
5639752
5640393
5640980
5648546
5651460
5652507
5653826
5660968
5675025
5678216
5704992
5709837
5734435
5738880
5768131
5768494
5768853
5771868
5772486
5777617
5778182
5781556
5783737
5783894
5788433
5795200
5801076
5801737
5802378
5802533
5803712
5806416
5808158
5812802
5817506
5823489
5825168
5828896
5835376
5836056
5837025
5838862
5842568
5845251
5850188
5857318
5858321
5865578
5886088
5901361
5903138
5904515
5907044
5910553
5916184
5917000
5917702
5922956
5931539
5996678
5998112
6031389
6032708
6036033
6036640
6037618
6037897
6042244
6045898
6046260
6047009
6054720
6059010
6067728
6072360
6082628
6094919
6128140
6136000
6160937
6165768
6193240
6195968
6226193
6242400
6294954
6295125
6296727
6297448
6301168
6301199
6301790
6302625
6305970
6309037
6309714
6310173
6310626
6311995
6312900
6314800
6318536
6320714
6325108
6327589
6328730
6330962
6332064
6337574
6349106
6349381
6354240
6357962
6360393
6360722
6369618
6371596
6378755
6381120
6382217
6391012
6394921
6399050
6407944
6408276
6410373
6423269
6423674
6424793
6425366
6425780
6434985
6435412
6436120
6439307
6439484
6440521
6453888
6459692
6460035
6460624
6463515
6464609
6466096
6466944
6471846
6472024
6474497
6476384
6478852
6489505
6493701
6494404
6496616
6497302
6498826
6506546
6508820
6510601
6520885
6554546
6560404
6565126
6566186
6571316
6571658
6581408
6582545
6586681
6587078
6587555
6587992
6591876
6594892
6595217
6596706
6601744
6602767
6605348
6607618
6620189
6621475
6621772
6625040
6628744
6629584
6635697
6635846
6640168
6649858
6656019
6662912
6686532
6689136
6689803
6694021
6695177
6703178
6705298
6709794
6711316
6717763
6721026
6783497
6799648
6816233
6822053
6822218
6824730
6829123
6831392
6833477
6840490
6842048
6849890
6854154
6857874
6859028
6860912
6869257
6881628
6881955
6882488
6882886
6883351
6885681
6886028
6891265
6891906
6899905
6901858
6910984
6919188
6939138
6949176
6949443
6950942
6952036
6955345
6955654
6956584
6957280
6965636
6967496
6969088
6974465
6982728
6992130
6997040
7012646
7029890
7045202
7049376
7079521
7081360
7083058
7087188
7088645
7096361
7116930
7119881
7151630
7164288
7176453
7177856
7209037
7241770
7250496
7274644
7276864
7340651
7341734
7346826
7349525
7352649
7356785
7358614
7361564
7361952
7375650
7377122
7378500
7380232
7383204
7389721
7406405
7407673
7412772
7418402
7430170
7434308
7451776
7471826
7474189
7477345
7478800
7479342
7499824
7504056
7530498
7603278
7607073
7610593
7612720
7623248
7630984
7637065
7639092
7643658
7668012
7678977
7701824
7756032
7783040
7865433
7866160
7875144
7880932
7881230
7898252
7917586
7938580
7939168
7964816
7967233
7971080
7997524
8014368
8028353
8060939
8075264
8131589
8143128
8159648
8192770
8259720
8261698
8265988
8396182
8400540
8402094
8403162
8404300
8404530
8412276
8412803
8416453
8416568
8418697
8418886
8419505
8420106
8422842
8423879
8425169
8425260
8425901
8432917
8432994
8435940
8443240
8446668
8447513
8448045
8460972
8463826
8487292
8487575
8492195
8492620
8493141
8505528
8505923
8508128
8514320
8522445
8524249
8527752
8528598
8532387
8532588
8533067
8533840
8537516
8541709
8545319
8547140
8553022
8555621
8556306
8559456
8561811
8564296
8564850
8565513
8566052
8572548
8578369
8581288
8585403
8586062
8591627
8595756
8596113
8604576
8606001
8606342
8606818
8619240
8627076
8634706
8637704
8646724
8652459
8655100
8656242
8656773
8657959
8658536
8659187
8662722
8670098
8670291
8673557
8680048
8684315
8690058
8690228
8692790
8696736
8704057
8708485
8708650
8716687
8716918
8726023
8728777
8729362
8733908
8734473
8736036
8741824
8750756
8750928
8751382
8757446
8757809
8771656
8782141
8788046
8791224
8791366
8792544
8800419
8800600
8806485
8815706
8816149
8819028
8828933
8832800
8841282
8848430
8849733
8850058
8851906
8852260
8873488
8892426
8898577
8914835
8915854
8921781
8923369
8923986
8926640
8927769
8928036
8933154
8933618
8935499
8941843
8946255
8951744
8952092
8955224
8955526
8963339
8966470
8966801
8978653
8979258
8981618
8981893
8987705
8996320
9003109
9003402
9007688
9013712
9013864
9015476
9015625
9019932
9036834
9044087
9047776
9050324
9050666
9053722
9061577
9061940
9062919
9079114
9083913
9084971
9085206
9098512
9101920
9110936
9111075
9113690
9118050
9118376
9132292
9145364
9162755
9175390
9180460
9180739
9181325
9182992
9185120
9185585
9185868
9189474
9196930
9198113
9201872
9209400
9209902
9209945
9221137
9227072
9236516
9243042
9245392
9257516
9262128
9267714
9278470
9297929
9310471
9310748
9314854
9317379
9326088
9326944
9345042
9348108
9381912
9389061
9440315
9441220
9442755
9442876
9443824
9443855
9446617
9447206
9449757
9450210
9452353
9454686
9455521
9459910
9461911
9462632
9464355
9466276
9470819
9475174
9475857
9480305
9489158
9492745
9495826
9500192
9503697
9505063
9512728
9513155
9514592
9522706
9523416
9523971
9526656
9535730
9536269
9536709
9537066
9538864
9539614
9541954
9548368
9551977
9552276
9560706
9563137
9569016
9569927
9572654
9572949
9573580
9576621
9576787
9578033
9586897
9587244
9587973
9599072
9602512
9603969
9604110
9607203
9613446
9618488
9622088
9625868
9629713
9635946
9636628
9637025
9638277
9638450
9640640
9646408
9649168
9650191
9651848
9658945
9659680
9666954
9675842
9700268
9704856
9709958
9710136
9716039
9718922
9720358
9721056
9727744
9733832
9735683
9741608
9744908
9749649
9756760
9766786
9768006
9771276
9782307
9783940
9789713
9807906
9815052
9832471
9834128
9836708
9837888
9838794
9839365
9842992
9846898
9847177
9848388
9855648
9860104
9863324
9901569
9905284
9914626
9929222
9945280
9961958
9968906
9970787
9971084
9977024
9980291
9982060
9988372
9995293
9997633
9998738
9998889
10000964
10002644
10003210
10011940
10018977
10024962
10028720
10030604
10032464
10033208
10039441
10044550
10061835
10084672
10094376
10095704
10098961
10102960
10105347
10106892
10109828
10109971
10117190
10158617
10190924
10195712
10224021
10224234
10224850
10225189
10225780
10226441
10230402
10231835
10236072
10241352
10247172
10248482
10262816
10272790
10292241
10309698
10322200
10323040
10355474
10359842
10387505
10396032
10420355
10422816
10488911
10489776
10491965
10492866
10493281
10495367
10495608
10496465
10496558
10498536
10498583
10503323
10504036
10505928
10507825
10508696
10510622
10511073
10519462
10519891
10520205
10520875
10521180
10526905
10528291
10529164
10539395
10539564
10542848
10547273
10551779
10555993
10556817
10560614
10565408
10569841
10570118
10580018
10582208
10586313
10586674
10587460
10588266
10588948
10590624
10596993
10599426
10600477
10601761
10608804
10610240
10617713
10622723
10627171
10627864
10637432
10639429
10642514
10645024
10652824
10653921
10656273
10658242
10661916
10667084
10668336
10669059
10674694
10682477
10683282
10684446
10685730
10688848
10690953
10691124
10695234
10698954
10699525
10699952
10712065
10715348
10724624
10748888
10757324
10757905
10762324
10763648
10767116
10768593
10769482
10783793
10786448
10786883
10787852
10789476
10793222
10797288
10798360
10805267
10816643
10820102
10822306
10824008
10825772
10838168
10846247
10880116
10880394
10881234
10881573
10885416
10887183
10891585
10897025
10902544
10904136
10948629
10962240
10977548
10979424
11010796
11015384
11015718
11020486
11026777
11029048
11037568
11038868
11039840
11043945
11044244
11046466
11046939
11049608
11055266
11057472
11059397
11059986
11060896
11067688
11070468
11081804
11084016
11088152
11093059
11096232
11100689
11117704
11118625
11128912
11144236
11149732
11150916
11153457
11158790
11165827
11174030
11212304
11231244
11239480
11256192
11272395
11273012
11273239
11275908
11276389
11277066
11278512
11280786
11280937
11290192
11297092
11302920
11305074
11315728
11350019
11356432
11370641
11375136
11409984
11419674
11436547
11437248
11468870
11477760
11535027
11535594
11537692
11543444
11546702
11553553
11554915
11559949
11560384
11567928
11571349
11577351
11585698
11588744
11594248
11601316
11601429
11606561
11608107
11608776
11634732
11636352
11666022
11667595
11670553
11686544
11686948
11692164
11735564
11743392
11763731
11786240
11800994
11802824
11804725
11813570
11814440
11818241
11848768
11863113
11886598
11897089
11898948
11911216
11927749
11941890
11993680
12060171
12061392
12065156
12075440
12083748
12085313
12091785
12098576
12132613
12141592
12157218
12218624
12257544
12259393
12272130
12322851
12325393
12337292
12355328
12386752
12460128
12586330
12586661
12588516
12588571
12589227
12589908
12592215
12593064
12593423
12593904
12596833
12601406
12602305
12603549
12604258
12605328
12608692
12611909
12616658
12619402
12628298
12628628
12632629
12633428
12635552
12642438
12646976
12649193
12655178
12657429
12660901
12663136
12666026
12666437
12675148
12676736
12683972
12690962
12691508
12699909
12702217
12706000
12714932
12720421
12720786
12725766
12729504
12731698
12739205
12743192
12747110
12747417
12748972
12749137
12750863
12752258
12755256
12755523
12756164
12765730
12768004
12774416
12782024
12783152
12784777
12789002
12789842
12798100
12822537
12829732
12845546
12846201
12846870
12847317
12848306
12849555
12849709
12851529
12869801
12869970
12872209
12875040
12882086
12882513
12883720
12886045
12887440
12888264
12889632
12894508
12894851
12896368
12898752
12901378
12911948
12912273
12916258
12919078
12919384
12920032
12921217
12925960
12926999
12929218
12931169
12933888
12946497
12949648
12968452
12979010
12981317
12985865
12986410
12988808
12989458
12993232
12994573
12996660
13009484
13012228
13041739
13074565
13082944
13108069
13110580
13110857
13119785
13130252
13131072
13132372
13133315
13142242
13145170
13146882
13150277
13158537
13160490
13173164
13173331
13173790
13174961
13175110
13177960
13182500
13183752
13189411
13189784
13193412
13203457
13218052
13223954
13239619
13239948
13240347
13242552
13242950
13247600
13249057
13257488
13259137
13267972
13281024
13287452
13312007
13324832
13337098
13338912
13372072
13374612
13378241
13378821
13379606
13386852
13388042
13390354
13390857
13402266
13435526
13441060
13467732
13484192
13533449
13537920
13566002
13567552
13632206
13633138
13636489
13638677
13639456
13641830
13643827
13649177
13650316
13665430
13667144
13670593
13681320
13686820
13689601
13699746
13700304
13701197
13706050
13708548
13722160
13732369
13738124
13746246
13762787
13771804
13773448
13773889
13779478
13785601
13809920
13828645
13856770
13865056
13894797
13895489
13897814
13898416
13918404
13929496
13930757
13960244
13965315
13992736
14033041
14037568
14059650
14065700
14074128
14090408
14156248
14164493
14167568
14174786
14176263
14178448
14189332
14214152
14240800
14255488
14434385
14435968
14451010
14485576
14491681
14500100
14549006
14575616
14680310
14681795
14682476
14685453
14691353
14692160
14692660
14699019
14705298
14713916
14714312
14715027
14715489
14733488
14746675
14750308
14754244
14756008
14760464
14766408
14780696
14787589
14811818
14815315
14825544
14828565
14835812
14836872
14860329
14862528
14903552
14913793
14917666
14926352
14942629
14948378
14954690
14956577
14958684
14967873
14979209
14980192
15008081
15029252
15040898
15106070
15134720
15206556
15213154
15213729
15221186
15225409
15230224
15238673
15247370
15274130
15278153
15286324
15303488
15336024
15357954
15368740
15403648
15480320
15503632
15507588
15516168
15533344
15729765
15730328
15731011
15731252
15732908
15733522
15737226
15737425
15745225
15745318
15766531
15786004
15797258
15814673
15827105
15837248
15872005
15878168
15892868
15895584
15925552
15934976
16001036
16008210
16023760
16030208
16056418
16068864
16122184
16127104
16259081
16262150
16286338
16304384
16319016
16343168
16384769
16401472
16515652
16535584
16792333
16792777
16792870
16800057
16801162
16801361
16804188
16805036
16805650
16806293
16807235
16807476
16808037
16808600
16812839
16814908
16817764
16819653
16823446
16826731
16830930
16831141
16836103
16837441
16838707
16839272
16845653
16847758
16849315
16849528
16851802
16854736
16860600
16862259
16864346
16865803
16865988
16871880
16875710
16879126
16885027
16885388
16886688
16888345
16894252
16894609
16920952
16927621
16941467
16941685
16945088
16947397
16947978
16958666
16959252
16959571
16966832
16974127
16974553
16979110
16979281
16983520
16984248
16984390
16986251
16995873
17010928
17011585
17015113
17015442
17023033
17026116
17043288
17043898
17048467
17050682
17054512
17056173
17058894
17061544
17064184
17064774
17066134
17066657
17072335
17075305
17075602
17077294
17078752
17084532
17084809
17090613
17105021
17111242
17111589
17112360
17117920
17123591
17124994
17127600
17129669
17130034
17130832
17132104
17142420
17149441
17152018
17154134
17154573
17155296
17170775
17171132
17176416
17179948
17180227
17181892
17183254
17191203
17191512
17205350
17206033
17211541
17217032
17219952
17220292
17237637
17238480
17243664
17253160
17261704
17274889
17277958
17303926
17307429
17308807
17310169
17312453
17312554
17315339
17315918
17316080
17318343
17324452
17327329
17334941
17344678
17345112
17346308
17346842
17347682
17349153
17353440
17354936
17355331
17356161
17363140
17367607
17376339
17379433
17380116
17384564
17385226
17385549
17392480
17401969
17403996
17404051
17405600
17425480
17426435
17432813
17433374
17436041
17436210
17440328
17450912
17451054
17457554
17457701
17466488
17470276
17473953
17476673
17486884
17500520
17500833
17502733
17511568
17514595
17514892
17541132
17548306
17564251
17569094
17569425
17576092
17581195
17582417
17582732
17585088
17603632
17604665
17605134
17606336
17612908
17618950
17631275
17631381
17632864
17638025
17650820
17657866
17674245
17680408
17696860
17699124
17699466
17703528
17703812
17714209
17730570
17747985
17765379
17784852
17831198
17831649
17833618
17835069
17835970
17836187
17836900
17838379
17838804
17844712
17844759
17845556
17846351
17847216
17847748
17848930
17850738
17851021
17859497
17861930
17862277
17862778
17863047
17867542
17869894
17871498
17875157
17875502
17882272
17883429
17891828
17894738
17898572
17903794
17903941
17908901
17918033
17922336
17925956
17929268
17930640
17932993
17933338
17934377
17942602
17945106
17946629
17957738
17959126
17963314
17968664
17969737
17971872
17974569
17974866
17984832
17990679
17991857
17992268
17995298
17999617
18000258
18003136
18006342
18006680
18008864
18010209
18020360
18031496
18031892
18033157
18040969
18043146
18047080
18055691
18088901
18089078
18094420
18094729
18099473
18103872
18106004
18112841
18113952
18121912
18122051
18122782
18125105
18125382
18126720
18130468
18131720
18139524
18141384
18147424
18150401
18153806
18154161
18155692
18156099
18157595
18158800
18161976
18162310
18162785
18172688
18174337
18181124
18186840
18210960
18222852
18224202
18228048
18228370
18229300
18237509
18254928
18264324
18276866
18294794
18302000
18317586
18320000
18350834
18353748
18356394
18363480
18369603
18374836
18375242
18380416
18385730
18388037
18391400
18392201
18393109
18400816
18401426
18403604
18404362
18420012
18420305
18421122
18423823
18425028
18425954
18432344
18432643
18434596
18439184
18481592
18481735
18482339
18482508
18487056
18489638
18490001
18491592
18496514
18497565
18499696
18502184
18514257
18526256
18548755
18551904
18579493
18596416
18617385
18621217
18621706
18622994
18624706
18633221
18645261
18678812
18696384
18710666
18714944
18749584
18752517
18776596
18777376
18808905
18817184
18877597
18878306
18880599
18881448
18884729
18885510
18886718
18887617
18888076
18892047
18892528
18893203
18893420
18895974
18899428
18899483
18900808
18903714
18908108
18913030
18916568
18922004
18925766
18926360
18929161
18938240
18940646
18945580
18950348
18950691
18953746
18959877
18960579
18967648
18974747
18976328
18979458
18980978
18981637
18985128
18989449
18989620
18990402
19002372
19006371
19010126
19012645
19015057
19015206
19021568
19024433
19026310
19028192
19040609
19041548
19044408
19049096
19050577
19063043
19071429
19071546
19072210
19072777
19073140
19073418
19077697
19079197
19083908
19088676
19094530
19095713
19107862
19121792
19137009
19138862
19141752
19142019
19144202
19144875
19145308
19147160
19153242
19153543
19155043
19166400
19171112
19171952
19172359
19175569
19182083
19186828
19190084
19193894
19197976
19204993
19205201
19206946
19208220
19211440
19214406
19219992
19226892
19227651
19268638
19270960
19271892
19272233
19274050
19275877
19276554
19280288
19285154
19287616
19292816
19298305
19300403
19333908
19351684
19366040
19374624
19399544
19400334
19406100
19407980
19409681
19410368
19419249
19419916
19422752
19431668
19432203
19433578
19433861
19435152
19435721
19436082
19444004
19446792
19447831
19449412
19456336
19466672
19467523
19470374
19481745
19483216
19488824
19497997
19509824
19532580
19532870
19535144
19536012
19542552
19547651
19568643
19571844
19598360
19615812
19628561
19630272
19662021
19662610
19664040
19664911
19667233
19673416
19675776
19677588
19677738
19678560
19685953
19688464
19694117
19703876
19726617
19759171
19776256
19797508
19802146
19810568
19824902
19828832
19857452
19858816
19923765
19926341
19929268
19931832
19932235
19940163
19943578
19949582
19950272
19956146
19957276
19962625
19968013
19970082
19975682
19988841
19992112
19993095
20003336
20005910
20008200
20056976
20058736
20059784
20064552
20068420
20070439
20087430
20108304
20130944
20190500
20193543
20193890
20201532
20202376
20222218
20238880
20251690
20260608
20283413
20290560
20324492
20334610
20349313
20382788
20383777
20385922
20449153
20449889
20452930
20455708
20465954
20466820
20502592
20513356
20526081
20579380
20580874
20582661
20627616
20652352
20719625
20725830
20743240
20744464
20746372
20775024
20841152
20974871
20975336
20977822
20978529
20979120
20982883
20983899
20984740
20985617
20986562
20989410
20989469
20990193
20990734
20992124
20992899
20996143
20997072
21004792
21005971
21009521
21014636
21014929
21025164
21026592
21030153
21032128
21037932
21039418
21039751
21041337
21041750
21046392
21047046
21052960
21053779
21055590
21058328
21062802
21071242
21071397
21072082
21072649
21073248
21076132
21078039
21082416
21087824
21093384
21094724
21099136
21103558
21107907
21108492
21110963
21113603
21121228
21128261
21129824
21132672
21138566
21144912
21147800
21152193
21152803
21160465
21169179
21171778
21172325
21172626
21174920
21176532
21176873
21181248
21185864
21187744
21192994
21198852
21210241
21219600
21221442
21234403
21243089
21244454
21247114
21253253
21254342
21254705
21257312
21270028
21272664
21283656
21284102
21285032
21291075
21302424
21304904
21305617
21306374
21307842
21311523
21316484
21316652
21323801
21332252
21364954
21365541
21366164
21366314
21368129
21368861
21371460
21377665
21381225
21381906
21389476
21392386
21407777
21414936
21430665
21449217
21463121
21464832
21496753
21501496
21505411
21507220
21514648
21514787
21524617
21527296
21528982
21529193
21530639
21531809
21535016
21536970
21537332
21541185
21545074
21545733
21546632
21558288
21562832
21564945
21567555
21571876
21573766
21575704
21577960
21578759
21586444
21594309
21614625
21633286
21639212
21643620
21644561
21648016
21651544
21665281
21684230
21692494
21725443
21733472
21760201
21760788
21761314
21762154
21762437
21770832
21773313
21774366
21775536
21783170
21791765
21803168
21856294
21858688
21892736
21897227
21921932
21938720
21955096
21958848
22020953
22024650
22026279
22029720
22030897
22037093
22037646
22048790
22048992
22056720
22057316
22057493
22069530
22069954
22086435
22086741
22096200
22099010
22104092
22112770
22120710
22125120
22153921
22154340
22155802
22159713
22176516
22177936
22196227
22200372
22216818
22223873
22249768
22283624
22285506
22291144
22295298
22295600
22298901
22319250
22339596
22362240
22381700
22382640
22388993
22414865
22415640
22421574
22446304
22483488
22545292
22546522
22549523
22554177
22557956
22571076
22578694
22594880
22642713
22653952
22701088
22709392
22710306
22716936
22806740
22825992
22839937
22954368
23069031
23071188
23074339
23075353
23078086
23085865
23088154
23089024
23093404
23103297
23103542
23105953
23114504
23118952
23123074
23134833
23139652
23142667
23145744
23154702
23155760
23167762
23181313
23201835
23202632
23212130
23216214
23216560
23235601
23249418
23269464
23271712
23298628
23331052
23335190
23340321
23341075
23342152
23352584
23389696
23470136
23486784
23495716
23499280
23502978
23527431
23540736
23594404
23596144
23601988
23604738
23605648
23609419
23627032
23629894
23633955
23665792
23693856
23726226
23741452
23757696
23790657
23794178
23797896
23855498
23883780
23904448
23986337
24118449
24119050
24119689
24119878
24121541
24121656
24125556
24126083
24133964
24134194
24160280
24167429
24188946
24192012
24216200
24236288
24253446
24272905
24281633
24287360
24314020
24332352
24382484
24399875
24412932
24424512
24445328
24469536
24510754
24521216
24653834
24659985
24674896
24679456
24707266
24724992
24772712
24775936
24904001
24913024
25171037
25171874
25172330
25172629
25175323
25175780
25176119
25177032
25177889
25178454
25178793
25184399
25185136
25185609
25186785
25186846
25192074
25192674
25199338
25204914
25205321
25211960
25214592
25216169
25218086
25223762
25232293
25232491
25235081
25237812
25239360
25253132
25256233
25256596
25261216
25268676
25269522
25273428
25274501
25276964
25284746
25297394
25300138
25300308
25309364
25313835
25318552
25320736
25321802
25326272
25329831
25330520
25330993
25331270
25331741
25334083
25334412
25339272
25340112
25348200
25350704
25359362
25366952
25368074
25371698
25380226
25380901
25382985
25400325
25420296
25428841
25431621
25440549
25440842
25445674
25450540
25453617
25459008
25463096
25463430
25464855
25466401
25469100
25469265
25470722
25479361
25481314
25488392
25493811
25494220
25497944
25498243
25498724
25501726
25503272
25504516
25510054
25510481
25512328
25517057
25527321
25545248
25564048
25564425
25565296
25569554
25578004
25579653
25601120
25608206
25627720
25645074
25657396
25662016
25691092
25692371
25692717
25694603
25696581
25698426
25699079
25703058
25707858
25708165
25711651
25718336
25726152
25727344
25728532
25732133
25733385
25734162
25739682
25741834
25743373
25756966
25757272
25760961
25764003
25764172
25765760
25766448
25771012
25772059
25774849
25776528
25778272
25788693
25822223
25823523
25823896
25826692
25830594
25831524
25835040
25837745
25838156
25840064
25842434
25851920
25854252
25866312
25892994
25899265
25904168
25919625
25920832
25953697
25957028
25957402
25961545
25962634
25970738
25972820
25977616
25978885
26017976
26024456
26051090
26059040
26083478
26116165
26118304
26149130
26165888
26215322
26218058
26219340
26223025
26224717
26227719
26228064
26231986
26234933
26247860
26249491
26254596
26265352
26271755
26272900
26281416
26282792
26285700
26287138
26288659
26298692
26334272
26349715
26350369
26354116
26354190
26364546
26395141
26399104
26415174
26420233
26445328
26445889
26460194
26478384
26480782
26486401
26493392
26495265
26502210
26509606
26531856
26543365
26544274
26558986
26579104
26612756
26615843
26640936
26673504
26739401
26742160
26744854
26746369
26755342
26764545
26804547
26830856
26871941
26880768
26902554
26921984
26935504
27012128
27075136
27133064
27134018
27148324
27263420
27265253
27266579
27268888
27271986
27277323
27277920
27283660
27287623
27296657
27301028
27304974
27309313
27312186
27318305
27329904
27330829
27333296
27341186
27341896
27346466
27361833
27380752
27398500
27400577
27402394
27411108
27411553
27417096
27434048
27460748
27463715
27476248
27495168
27525574
27526189
27538466
27543577
27545904
27547778
27619840
27656298
27681796
27730112
27789594
27789986
27795597
27795809
27805064
27821187
27823392
27858961
27861514
27886212
27920457
27930630
27952648
27955344
27967554
27984480
28066051
28074144
28082204
28103680
28116481
28119300
28131400
28180816
28312788
28312867
28313714
28314252
28315985
28316202
28319910
28320521
28328325
28328536
28347401
28364806
28389396
28395523
28410434
28419104
28452881
28460042
28475592
28488192
28508801
28513536
28579845
28582936
28606561
28631296
28639780
28656768
28704944
28725312
28840972
28860434
28868932
28878976
28902160
28904512
28967298
28973088
29098280
29116928
29360589
29362598
29364952
29365302
29370906
29377829
29382675
29383328
29385289
29394820
29397273
29402274
29409508
29411650
29412865
29427801
29428624
29429986
29430023
29435201
29460515
29478932
29493319
29499624
29501072
29508488
29512016
29519905
29525065
29532421
29540498
29561361
29575178
29590176
29622644
29625355
29630599
29639880
29642000
29651088
29655217
29668356
29688914
29693312
29720680
29775360
29790496
29819937
29827586
29835332
29885258
29885593
29896725
29904002
29909380
29913154
29943840
29958418
29960384
29983792
29991425
29999368
30016131
30026760
30050880
30081796
30212109
30237696
30410054
30410281
30410936
30411525
30413204
30413379
30417106
30417196
30425194
30425745
30447626
30450705
30479384
30498821
30507344
30525568
30542866
30560268
30573314
30597184
30605896
30615584
30683145
30689286
30704008
30721056
30736577
30739968
30802564
30811392
30943235
30950420
30966049
30986752
30998628
31004928
31064624
31076480
31195298
31200320
31458706
31458892
31459530
31459633
31461481
31462022
31465816
31466021
31473827
31474452
31502354
31508492
31533062
31540233
31555876
31561216
31594516
31597571
31621232
31638784
31654210
31674496
31724561
31744010
31752738
31755392
31785736
31791168
31851073
31868960
31984645
32002072
32014504
32023616
32047489
32059424
32112836
32137728
32244368
32254208
32505886
32506816
32536576
33488896
33588694
33589878
33591673
33599241
33600787
33601594
33604313
33612949
33614364
33616038
33621427
33622925
33624301
33628883
33639691
33641529
33643058
33645900
33647111
33648725
33655093
33658660
33662552
33663148
33671494
33673859
33688391
33690426
33693206
33694170
33696851
33698917
33702311
33705624
33707054
33711243
33721738
33725089
33730772
33735219
33735785
33743621
33755723
33756812
33760550
33761896
33769649
33771864
33785200
33790098
33792834
33805569
33810497
33818446
33821358
33824049
33825397
33827932
33830957
33833877
33836310
33839239
33843402
33852965
33853852
33855689
33862410
33867176
33874034
33883239
33885394
33889044
33894754
33900074
33907081
33920529
33923297
33929284
33931728
33934468
33953091
33956022
33957521
33958200
33966668
33968368
33982340
33983266
33995280
34000966
34006288
34015937
34024962
34025733
34030244
34034818
34080555
34081468
34086413
34087292
34092302
34093635
34095339
34100628
34101401
34107482
34113178
34117190
34120867
34122065
34130818
34132268
34148176
34150506
34153241
34156946
34161861
34169396
34180169
34181537
34190384
34194088
34203792
34212046
34212980
34216325
34222633
34227986
34235076
34247280
34249762
34250984
34261272
34268226
34277249
34282760
34285603
34292162
34304136
34346168
34350529
34351750
34357581
34359587
34361937
34376400
34382660
34387016
34391092
34396680
34409256
34411108
34415756
34426369
34435105
34473320
34476450
34483460
34494500
34497034
34608341
34610856
34611010
34614535
34617430
34622605
34625596
34627886
34630256
34630529
34636636
34636862
34637761
34642340
34644408
34648139
34650816
34657804
34666529
34669223
34671972
34672911
34673392
34682374
34685283
34686106
34688704
34696464
34702026
34703480
34703747
34708490
34734998
34735346
34743577
34744548
34746144
34749512
34750551
34751400
34763284
34772292
34776586
34795778
34813057
34817553
34824580
34836648
34836997
34850852
34866777
34869907
34873899
34874674
34877656
34879233
34882330
34882755
34885929
34887216
34891400
34894402
34900194
34900249
34932787
34933192
34971676
34979847
34988320
34998426
34998625
35029262
35037792
35048450
35061909
35063616
35084289
35102850
35127917
35131849
35135645
35136354
35146180
35147827
35150624
35150978
35153413
35172881
35181648
35184740
35198116
35213834
35218472
35226946
35227156
35236100
35259185
35260585
35260754
35285009
35294340
35307905
35308038
35330116
35332208
35332620
35391563
35391920
35422293
35426976
35433488
35455022
35469320
35472256
35504200
35521558
35524621
35525824
35557648
35587105
35659034
35662219
35664985
35666288
35666596
35669596
35673313
35673890
35674638
35680397
35684602
35690376
35693458
35693639
35698272
35699972
35701019
35701476
35703850
35717817
35719261
35720098
35728440
35730248
35734353
35741846
35746208
35746882
35761281
35767496
35774499
35783022
35784390
35786005
35789512
35790240
35791329
35791390
35806721
35809324
35824692
35825992
35834960
35848628
35852497
35853062
35862548
35883049
35883652
35901960
35914541
35914895
35915632
35916229
35932691
35934664
35936864
35939369
35944592
35947107
35950930
35951237
35968003
35990152
35997748
36005380
36013100
36013826
36018440
36047907
36062984
36071682
36089992
36094008
36094145
36115528
36118570
36118864
36177461
36178099
36179334
36184359
36185682
36187233
36192374
36194885
36195632
36200849
36201636
36203042
36212886
36213569
36245956
36246035
36274315
36282720
36296705
36311111
36311952
36339804
36341536
36368400
36373518
36388889
36390464
36406416
36442389
36442818
36472845
36479002
36481408
36504092
36510724
36520160
36545025
36569355
36571808
36582402
36603970
36651268
36703892
36712618
36717010
36717861
36723009
36725321
36735499
36736076
36741670
36769537
36774931
36775584
36778081
36818964
36832824
36835381
36843788
36864141
36889728
36915210
36929857
36970916
36983876
36995249
37014272
37028422
37033344
37064738
37099600
37103621
37109894
37226184
37251336
37262345
37263618
37273752
37290296
37300416
37356163
37376096
37423632
37487714
37495568
37568530
37751993
37760450
37760612
37762108
37763605
37770006
37774618
37775507
37777768
37778113
37782733
37783659
37785927
37786794
37788428
37789249
37798478
37799683
37800101
37801288
37803108
37804226
37814741
37815784
37815831
37821524
37825328
37831461
37832846
37841120
37845512
37855501
37855906
37880179
37881507
37884059
37884772
37897485
37902417
37905072
37906240
37907588
37920807
37921672
37948816
37962822
37968130
37978390
37991426
37995200
38011612
38013356
38017547
38023600
38026048
38026274
38027325
38028226
38032472
38051982
38052641
38083713
38094921
38097552
38109337
38111840
38134785
38142793
38150531
38150700
38170633
38175763
38176796
38177952
38211666
38211880
38216752
38242561
38273658
38275358
38275809
38278026
38278183
38283152
38286560
38292562
38302977
38314404
38314507
38338790
38347050
38347397
38349830
38375450
38387733
38392576
38409289
38423592
38424880
38436921
38438336
38451208
38471768
38472228
38482448
38518818
38538800
38541382
38557188
38568470
38572384
38594564
38601809
38602114
38625552
38637700
38676624
38682708
38683265
38700552
38801827
38803224
38806641
38812040
38816294
38817996
38837392
38847280
38871118
38872212
38879826
38896169
38908224
38929989
38930969
38947092
38965298
38971521
38985752
38993980
39015456
39060708
39088388
39093890
39108929
39128076
39129125
39135490
39190634
39197312
39331144
39339019
39339616
39340680
39354578
39357728
39393297
39422466
39464966
39518600
39584517
39608480
39620611
39723073
39847813
39849546
39852329
39859842
39863474
39870804
39881136
39900688
39915574
39917720
39927916
39945489
39954450
39956996
39983650
39995399
39995744
40001730
40010321
40030592
40051721
40110193
40116299
40133144
40141094
40150208
40173850
40193280
40244244
40276001
40305282
40381576
40387400
40405188
40419873
40436035
40441376
40501420
40512256
40535045
40575044
40633612
40644737
40652810
40897360
40898650
40899085
40903364
40904739
40927592
40929301
40939008
40961314
40976649
40980610
41026698
41030913
41042081
41095744
41157288
41164822
41183296
41206792
41255440
41320516
41419156
41432080
41441284
41485441
41566466
41590816
41748512
41949523
41952813
41963029
41964807
41965800
41966468
41969058
41969360
41969753
41971755
41976053
41980386
41980445
41983109
41984820
41986126
41995041
42002880
42003970
42009788
42011034
42012198
42012886
42014026
42016400
42017422
42019156
42020040
42021432
42022276
42023074
42057782
42058568
42075019
42075754
42076207
42077136
42079516
42088585
42095201
42096064
42103856
42107340
42123562
42123860
42129420
42156388
42156570
42173451
42180629
42182176
42205895
42207590
42208794
42213655
42214120
42218627
42222945
42225312
42229000
42245200
42247745
42248338
42287182
42287920
42303571
42306432
42332176
42339468
42343169
42350084
42373224
42373265
42393633
42402317
42403232
42428420
42435652
42467769
42468443
42469284
42472280
42478737
42479670
42492737
42496672
42498116
42506337
42511400
42512524
42549532
42549858
42565677
42574528
42587144
42603666
42607905
42612994
42633347
42633988
42649089
42664211
42668256
42683394
42705160
42730162
42745976
42746630
42755090
42763401
42763554
42782977
42797063
42799129
42801472
42829872
42868869
42869328
42879041
42930690
42993016
42997283
43001030
43002636
43011170
43012497
43033225
43040910
43044933
43064385
43066145
43090706
43107488
43133506
43135002
43135872
43143330
43158545
43188425
43194656
43223560
43258308
43279396
43287828
43292678
43305000
43323976
43327664
43385396
43409728
43451416
43518483
43520660
43526181
43548935
43562240
43582729
43599952
43606019
43664396
43679842
43778442
43781696
43925648
44045420
44049222
44049816
44050993
44058819
44069648
44076054
44076256
44078384
44092048
44107361
44120321
44138885
44145216
44172453
44187804
44189961
44216323
44236914
44262016
44273700
44304554
44306483
44307977
44359692
44376133
44385297
44388610
44433497
44444736
44466960
44566984
44590600
44597802
44614976
44631682
44632356
44670982
44701720
44703818
44716548
44826836
44839200
44875906
45091432
45093668
45095058
45105209
45105671
45122946
45130001
45146178
45154636
45173764
45182984
45188176
45220931
45228240
45237520
45269536
45293826
45351809
45355036
45358112
45549696
45613281
45615118
45627904
45715584
45884417
45908004
46006792
46140202
46140741
46143668
46150226
46155401
46164260
46171824
46192912
46207809
46214177
46236770
46240136
46269656
46276685
46280977
46301830
46311520
46336515
46354437
46358568
46404622
46405312
46411876
46417284
46432600
46453280
46465187
46475008
46499850
46549010
46579848
46665923
46678166
46679089
46696984
46703636
46719234
46727756
46745984
46793237
46800384
46934025
46997570
47055140
47188060
47188103
47194561
47202544
47211018
47219300
47235091
47247488
47252356
47259673
47277120
47289348
47318054
47320328
47321640
47415440
47448369
47462416
47467521
47583490
47661568
47712002
47714572
47716386
47808577
47843520
47973416
48013824
48239265
48242746
48242837
48251304
48255046
48268041
48280584
48293889
48300752
48304139
48322592
48367122
48368196
48375044
48400642
48497986
48498964
48507394
48530948
48611392
48636064
48759152
48775181
48780416
48827408
48926784
48955425
49086600
49318024
49356836
49549377
49824272
50338859
50343438
50344583
50345424
50345768
50350202
50351521
50351940
50353299
50357334
50365267
50366615
50367336
50373297
50382498
50387203
50389069
50390368
50394248
50397643
50402914
50405435
50406340
50411786
50414185
50417820
50419584
50420772
50442434
50452560
50454808
50465113
50467605
50468972
50471309
50473620
50477345
50479420
50483849
50485648
50487409
50490120
50491716
50496740
50497049
50529357
50529968
50561114
50572304
50577824
50594614
50596084
50597982
50598817
50603234
50604569
50605952
50621505
50622738
50637061
50645570
50655748
50660248
50660521
50660948
50672664
50695202
50696454
50696744
50725941
50726600
50758151
50764804
50766272
50792470
50806795
50808928
50840080
50856366
50859714
50860748
50862133
50863456
50871824
50872816
50872847
50882822
50889061
50889937
50890284
50908165
50935937
50940066
50942213
50956562
50956868
50963970
50988188
50988641
51023886
51027987
51032704
51052679
51057440
51078145
51089473
51124504
51130914
51144744
51156098
51167393
51167498
51192016
51192067
51201090
51249210
51252032
51270664
51290148
51316872
51386949
51388649
51391664
51392820
51397962
51405458
51419696
51430800
51433497
51434304
51448346
51452038
51462924
51487749
51516098
51537954
51544355
51562688
51579944
51581970
51585091
51655812
51659108
51675788
51680352
51708241
51718688
51741960
51777928
51790369
51814409
51905813
51909379
51921958
51947530
51970134
51998784
52002992
52036184
52045184
52070913
52169857
52174924
52185108
52431569
52436164
52438787
52439142
52447628
52449848
52465703
52470057
52482122
52495644
52503690
52511026
52527630
52554240
52574338
52576866
52595218
52597889
52610054
52625957
52628800
52700484
52711588
52715541
52716320
52726808
52762627
52789444
52822418
52834880
52891696
52962184
52972616
52986644
52992160
53021193
53023824
53030924
53092528
53100865
53215337
53233280
53249281
53348369
53478824
53479469
53479702
53481826
53483025
53518484
53520449
53527169
53551696
53559365
53561488
53578016
53609284
53612555
53621792
53739722
53750786
53762056
53788752
53813377
53904896
54002340
54002714
54023424
54157316
54165768
54198306
54333952
54531462
54536408
54543020
54545169
54546531
54552097
54563728
54578224
54596897
54597645
54598080
54602305
54624372
54627968
54659298
54686210
54692132
54694472
54723338
54735008
54771724
54789401
54790474
54793746
54830120
54833169
54837396
54878214
54919365
54936864
54992968
55054676
55058503
55060530
55083401
55108160
55133208
55149828
55184387
55191044
55197834
55312531
55335040
55378465
55576356
55577474
55577673
55582995
55583260
55607462
55621636
55632898
55644264
55656497
55664776
55677057
55706064
55707662
55725568
55804992
55837296
55837703
55844096
55988240
56033540
56103064
56111137
56115393
56148008
56173312
56395840
56492546
56624174
56624211
56627440
56631912
56635653
56656322
56659996
56684576
56691460
56705539
56706180
56754840
56761352
56779792
56821889
56860928
56887430
56888833
56902017
56951904
57033220
57148194
57155609
57161792
57198594
57245768
57442352
57544960
57709058
57804848
57942280
58197060
58723634
58724980
58727050
58732873
58742344
58744997
58754317
58756163
58761606
58788193
58799617
58822705
58836484
58837001
58860194
58873922
58884280
58889984
58919108
58925840
58984849
58998938
59007491
59015211
59029536
59048236
59068608
59117606
59122698
59130960
59248392
59254812
59255200
59269320
59297810
59310737
59319392
59375942
59394592
59424900
59445268
59511813
59540040
59573520
59769995
59770390
59771553
59785924
59787544
59805992
59809842
59810888
59834786
59836437
59857408
59900005
59911172
59921409
59936848
60031810
60047373
60057728
60108802
60129793
60197120
60297290
60298288
60301648
60327552
60432424
60506368
60620932
60818881
60821657
60821774
60834690
60834868
60852772
60858904
60862532
60883176
60883975
60908800
60949288
60964883
60968064
61024264
61046914
61081676
61086224
61087856
61116800
61276417
61342275
61348866
61370369
61376592
61456416
61612548
61735968
61933064
62001284
62144546
62392577
62916432
62923106
62923916
62931029
62931211
62948033
62948378
62958848
62980658
63001602
63006736
63046049
63053846
63059008
63084545
63178789
63180968
63195656
63246852
63283328
63340610
63441540
63443465
63459364
63506472
63602960
63636608
63717696
64012548
64030786
64102913
64226448
65045537
65081616
65159240
65544322
