26879
95964
123878
212254
243335
247358
270014
320926
337786
371939
384090
408422
422555
429916
463356
486584
522626
538355
555918
633399
637290
641491
677675
679510
697718
710092
731884
747410
761010
781323
806223
833132
835346
839592
886486
928919
942570
957130
1002352
1005614
1024782
1028179
1052651
1096118
1145682
1151791
1165981
1175755
1206094
1207859
1219694
1233780
1240276
1269386
1287594
1299731
1340503
1342762
1373872
1393902
1447311
1464562
1483730
1501740
1532214
1542475
1546774
1593831
1596825
1631034
1647070
1658820
1719746
1733692
1739256
1754850
1775448
1845158
1863256
1872796
1891462
1903932
1908322
1959234
1966718
1985411
2053536
2060868
2080922
2127670
2129483
2161836
2182898
2209234
2213227
2236307
2249454
2271694
2321194
2327383
2351283
2360823
2405290
2423380
2453838
2460270
2464051
2516015
2518354
2528882
2546024
2549448
2577558
2633146
2676378
2692222
2769311
2772449
2791996
2814786
2830758
2848856
2869894
2905989
2943270
2960322
2967000
2974268
3002594
3046944
3048420
3083802
3087684
3114371
3187452
3207042
3222886
3250524
3266118
3289466
3307655
3328602
3344574
3349472
3368612
3418910
3433187
3448612
3461182
3478234
3505344
3542726
3586200
3618562
3638072
3656738
3688275
3690030
3716366
3718256
3720628
3750548
3771594
3810955
3838166
3883372
3887666
3909906
3938540
3961234
3967666
4016214
4021000
4038699
4084810
4105748
4137200
4239967
4247323
4259142
4276130
4280763
4303996
4334526
4380830
4385475
4397690
4420707
4426151
4448602
4471258
4506362
4518055
4550151
4559811
4630587
4646690
4662726
4699672
4742378
4746932
4756887
4761546
4810030
4824590
4846192
4880690
4919631
4931830
4953000
5006166
5019766
5049131
5059723
5069458
5081548
5087666
5117748
5129870
5141712
5211242
5236756
5265324
5268978
5283538
5287055
5332022
5351190
5360488
5421834
5449815
5472974
5483184
5508084
5528142
5546350
5574035
5583411
5596042
5609642
5615828
5649128
5656008
5670070
5719634
5755148
5802823
5817438
5830147
5834426
5859491
5870948
5879833
5905062
5917468
5955974
5972834
6019138
6050168
6081585
6109446
6144550
6169882
6171748
6197539
6262528
6335346
6358927
6371375
6384022
6394550
6404808
6437108
6440916
6452618
6459050
6507598
6544144
6577584
6591694
6596243
6641194
6663434
6668660
6691724
6703670
6730006
6758987
6785234
6791340
6818526
6839140
6841543
6865827
6894362
6905091
6932538
6956664
6958854
7001126
7018178
7046428
7055457
7091554
7093276
7111003
7130690
7146662
7188997
7213242
7353286
7371320
7391462
7431195
7467298
7476766
7509217
7512615
7553475
7584772
7605370
7649347
7652615
7710304
7743906
7757916
7787138
7802982
7891274
7901802
7930167
7950478
7963600
8002856
8014994
8118792
8128332
8152232
8229906
8264272
8292366
8400854
8428524
8443126
8494475
8514866
8537075
8540045
8581422
8598474
8609232
8616500
8636650
8672745
8673687
8710986
8726958
8734644
8770190
8795570
8813644
8834706
8850550
8855336
8942938
8944679
8949370
8978112
8998046
9029383
9087906
9101916
9136454
9142587
9146982
9176987
9194214
9220550
9238584
9247324
9270050
9332291
9344030
9362180
9364644
9454911
9484130
9485852
9488344
9517304
9532806
9539238
9577703
9595290
9605818
9654366
9680931
9686593
9715331
9734366
9783866
9787748
9806407
9810202
9814435
9852454
9872504
9874694
9904796
9934018
9967310
10036852
10039050
10066736
10069139
10081322
10105622
10115688
10127148
10143798
10160850
10164620
10183880
10234226
10248335
10263880
10277458
10290152
10293430
10357930
10435600
10453332
10499231
10516962
10572664
10594395
10599174
10638663
10640442
10659610
10661476
10672032
10765918
10768163
10800580
10826468
10847418
10875907
10881784
10904454
10918054
10963228
10967618
10985826
11019118
11037331
11048788
11065422
11078132
11082410
11105456
11133322
11142838
11186408
11220492
11242312
11256914
11279570
11315852
11347222
11349096
11374892
11417866
11423860
11439408
11452970
11469006
11473808
11541110
11555723
11592022
11609010
11619752
11627084
11655314
11695696
11701140
11715726
11732586
11736372
11806154
11824180
11833840
11865936
11869198
11945361
11965004
12021800
12062087
12075258
12120612
12157470
12161347
12192860
12215586
12230146
12243224
12326456
12354662
12404354
12511296
12519972
12609195
12632527
12645266
12661110
12700246
12725610
12753235
12768842
12772375
12784814
12814192
12823053
12859150
12861040
12878647
12897326
12914378
12935379
12950804
12955753
12980950
12993388
13052690
13059339
13094962
13128254
13150494
13174243
13187651
13209818
13220004
13253272
13256120
13274310
13323810
13324933
13350146
13377788
13397378
13407906
13456454
13484824
13507040
13518938
13574183
13607616
13658918
13697883
13718242
13730236
13740482
13770564
13794464
13797251
13863962
13885540
13915290
13919940
14023168
14030908
14053698
14060130
14108806
14168490
14186580
14207626
14223470
14292082
14327883
14421526
14525452
14574128
14619146
14683964
14704262
14707928
14722470
14772034
14785634
14807068
14844030
14881571
14888067
14893722
14913988
14967098
14981658
15010119
15043488
15078744
15090914
15124617
15173126
15249459
15314448
15344082
15362092
15407126
15495752
15515798
15532658
15742060
15744274
15763755
15779378
15795414
15832840
15866058
15878512
15933710
15991470
16012052
16105546
16133640
16228369
16263904
16274880
16369924
16400966
16482466
16517528
16537634
16556802
16658564
16791022
16830158
16850804
16877491
16905994
16930229
16931275
16968470
16984562
16992232
17027794
17056687
17059793
17101170
17118102
17128844
17136232
17156278
17182602
17196660
17210288
17224874
17241678
17327647
17330018
17357656
17360120
17389222
17411462
17434567
17451706
17478042
17496164
17533022
17537795
17571235
17584350
17656090
17662311
17666618
17687171
17702008
17724678
17731110
17744188
17779906
17847930
17850119
17870170
17882592
17929374
17949735
17963740
17986466
18041446
18045240
18063899
18067782
18097339
18115014
18125542
18170716
18197282
18236771
18238494
18267712
18270084
18299044
18353398
18397864
18429234
18431052
18468370
18491694
18505939
18521364
18534926
18547636
18551018
18625354
18635316
18646896
18663530
18680462
18684368
18703508
18749074
18784460
18818600
18886311
18899930
18913530
18962974
18981182
18985571
18993543
19051612
19053858
19058072
19083960
19104998
19158299
19160166
19179334
19181112
19212508
19228066
19242626
19281091
19301022
19349626
19354404
19376135
19413334
19427499
19434860
19448438
19469260
19492488
19537038
19573456
19604810
19606580
19632496
19662570
19706036
19740240
19761940
19776526
19800882
19810892
19830536
19847186
19859880
19940813
19941811
20003210
20010896
20017268
20038314
20063638
20081768
20091308
20123404
20126802
20215308
20220872
20235474
20252214
20256104
20322858
20351092
20373770
20408848
20470466
20488674
20506652
20515448
20538118
20551718
20584036
20612154
20630304
20640896
20737027
20762948
20856998
20910108
20939330
21003411
21031338
21048142
21054807
21090414
21116754
21118508
21136235
21154930
21171862
21192847
21208392
21213237
21245238
21272847
21288470
21292107
21304562
21333804
21342801
21367022
21387604
21414291
21442858
21481994
21502396
21541670
21569659
21590466
21596898
21602972
21651328
21669027
21713946
21742404
21772996
21775844
21793946
21879072
21890008
21910114
21932354
21991558
22049054
22055486
22092131
22095555
22104282
22125444
22152572
22172870
22177432
22244610
22255138
22290200
22302370
22328706
22383686
22405176
22450266
22479623
22512096
22555538
22569580
22597810
22614614
22643083
22679114
22783056
22811694
22847511
22968328
23005234
23086270
23099104
23104963
23168602
23194148
23224678
23239238
23250445
23267611
23287970
23307138
23335548
23362306
23413446
23433624
23465824
23489668
23588928
23600690
23636491
23651602
23704616
23753236
23773386
23790126
23863694
23881840
23926858
23987286
24127274
24129108
24154899
24173578
24218928
24223821
24249074
24269640
24363030
24385686
24398124
24453458
24523824
24577162
24654040
24675974
24724578
24775108
24850435
24908704
24920602
25012352
25180986
25195207
25232126
25259236
25304802
25340092
25355714
25372454
25374296
25400092
25418758
25473752
25506876
25509186
25528696
25544290
25567582
25585827
25597284
25627588
25630874
25654912
25701579
25715126
25729686
25774892
25778290
25797458
25800719
25838702
25840915
25867824
25899220
25921162
25976330
25994538
25996372
26006928
26028720
26088108
26116338
26165782
26169672
26219987
26237102
26256270
26274416
26304874
26315031
26319434
26375179
26379862
26397004
26428594
26480236
26502930
26516530
26530600
26537096
26624714
26669076
26677872
26705966
26757025
26775676
26802434
26833432
26853574
26897924
26907584
26938720
27030624
27036068
27067482
27072260
27138118
27167256
27206018
27288691
27290894
27301422
27318580
27322004
27350218
27395499
27412694
27458056
27465836
27488530
27494962
27546290
27568530
27582572
27624203
27627606
27663892
27692106
27706192
27801474
27820984
27839650
27856454
27860248
27923034
28001668
28009056
28051518
28066243
28088928
28145668
28206104
28251170
28315290
28358852
28392992
28410724
28453698
28459580
28495970
28508632
28512902
28586278
28596312
28607772
28625414
28641506
28746400
28779588
28809472
28857366
28878408
28909740
28973232
29050890
29098708
29134986
29180208
29367390
29403239
29414691
29435290
29444995
29472324
29505926
29519992
29541030
29631458
29649436
29658757
29677762
29694502
29745414
29754938
29798915
29862944
29890408
29902546
29914252
29983798
30009416
30018164
30040842
30054442
30116240
30179918
30216467
30228650
30280972
30421684
30428564
30442730
30492174
30527824
30542760
30562834
30581042
30650504
30675404
30687350
30746635
30769810
30812368
30942534
30944312
31005826
31040033
31064222
31084836
31214400
31376386
31464400
31476330
31502666
31531543
31557774
31564016
31597260
31626386
31703336
31733928
31737736
31804434
31850932
31870990
31985894
31998300
32057634
32100866
32128064
32145671
32253476
32343360
32377474
32563331
32575546
32640038
32773698
33036812
33065042
33163024
33423464
33578355
33599278
33611668
33648074
33658602
33678931
33701035
33714646
33721078
33774412
33792111
33796914
33801099
33826511
33844146
33903222
33925462
33929739
33965847
33967722
33994058
33995828
33998320
34028240
34049166
34126044
34141602
34158406
34160184
34177916
34196582
34220890
34235047
34250592
34263162
34280094
34307204
34353470
34371779
34392606
34408698
34413476
34432736
34477286
34513592
34546780
34549026
34576664
34592258
34617242
34635364
34655418
34672222
34702791
34756545
34793826
34810758
34817436
34824824
34853030
34882011
34885029
34904696
34927366
34943458
34961436
34982594
35035588
35063652
35066938
35153003
35155222
35165750
35182892
35186316
35214546
35233409
35259827
35277006
35322384
35330164
35352842
35359274
35410602
35432842
35446900
35488531
35491918
35528204
35556434
35570504
35669945
35670983
35715354
35739108
35766494
35792866
35810844
35820504
35839170
35851640
35855910
35906822
35929478
35943544
35948988
35964582
35985180
36051038
36065699
36118938
36130688
36137060
36181451
36198582
36217750
36235880
36266354
36276495
36280914
36336659
36341326
36358484
36390058
36441716
36464394
36477994
36492080
36498576
36586194
36630540
36639336
36667446
36711635
36725166
36739726
36784948
36788330
36807498
36810775
36848758
36850955
36877864
36909260
36931218
36986386
37004594
37006412
37016968
37038760
37098164
37126378
37175822
37179728
37239586
37245532
37261080
37290726
37294520
37398692
37432896
37458692
37487774
37532352
37565476
37587296
37626182
37636152
37689474
37778282
37821207
37823671
37833390
37853680
37859726
37902002
37905644
37924242
37947097
37983318
38008872
38018412
38030550
38043272
38045099
38106386
38112818
38134348
38168846
38179374
38207859
38228170
38241172
38283750
38326982
38330523
38398722
38407230
38451207
38454595
38512164
38540890
38576739
38617479
38648896
38679426
38717602
38734406
38801662
38852995
38873402
38881059
38884429
38916634
38941990
38943832
38961439
38981126
38997218
39039553
39069244
39071554
39113826
39130758
39159128
39168037
39193242
39213856
39216259
39328712
39340658
39366994
39395855
39422102
39428328
39461588
39490698
39567664
39598256
39602064
39668746
39715244
39735318
39855454
39883111
39906339
39918746
39940739
39948100
39952953
39997756
40057154
40092258
40114914
40127320
40165826
40182566
40228870
40252996
40274691
40289306
40342816
40383148
40390028
40404210
40453654
40489288
40504240
40524298
40542506
40611984
40636884
40648814
40708115
40731274
40773832
40900464
40912586
40924308
40993838
41019472
41028204
41050898
41064498
41126280
41189974
41226507
41238706
41291028
41425990
41493890
41578592
41615450
41708036
41813538
41949095
41966298
41984506
42033950
42044259
42047550
42068103
42079868
42106626
42126136
42136728
42157766
42231142
42232859
42245702
42258780
42294434
42313602
42339779
42352830
42398304
42435162
42438919
42485205
42486187
42547602
42555272
42561644
42582706
42608014
42626160
42635700
42667796
42671178
42759700
42765264
42779850
42796590
42800496
42867250
42895468
42918162
42953224
43006286
43020467
43027828
43041390
43062228
43085456
43130006
43166408
43197778
43199532
43225448
43255538
43298988
43333192
43354892
43369494
43393834
43403860
43423504
43440138
43452848
43518652
43541442
43555042
43600216
43604486
43622694
43664922
43693124
43699584
43725472
43799811
43822624
43854020
43913432
43942534
43991138
44043502
44087984
44119338
44121172
44158474
44181814
44196043
44211468
44225046
44237740
44241138
44315474
44325420
44337000
44353650
44370582
44374472
44393612
44439178
44474580
44508720
44586594
44606524
44608834
44638936
44668038
44702404
44730522
44783904
44802563
44836003
44909380
44912666
44977158
45114887
45126746
45144896
45147360
45238946
45265282
45292056
45320262
45371590
45408792
45416572
45443330
45453858
45489248
45531428
45644808
45646284
45681714
45748270
45777520
45834260
45877834
45914132
46073096
46157792
46171806
46183619
46220410
46256932
46270940
46291046
46310214
46346267
46358946
46373506
46404536
46446882
46498022
46508184
46541476
46552452
46647616
46671666
46673484
46699275
46717970
46763304
46768213
46793450
46814032
46907406
46930062
46942516
46997834
47068200
47121554
47193642
47229459
47244554
47297584
47346188
47366354
47383094
47456662
47474792
47519826
47580238
47715612
47727782
47810114
47909123
47977060
48005178
48075136
48245642
48259700
48287914
48304718
48333203
48369234
48473160
48501814
48537615
48658448
48695338
48765048
48787718
48794150
48842946
48891236
48916096
49028864
49143840
49152540
49188930
49289636
49301534
49356899
49390212
49422520
49501186
49581186
49677248
49812114
49824552
50078800
50335135
50379714
50393660
50428198
50434395
50488634
50490439
50503194
50523808
50624035
50627710
50645860
50656452
50677402
50711811
50748038
50766246
50784344
50793020
50815810
50829410
50862702
50877331
50913614
50930602
50941360
50948692
50976906
51017288
51022732
51037334
51054194
51057964
51127762
51145772
51155432
51187528
51190806
51266953
51286612
51343408
51389302
51407499
51418956
51435606
51448300
51452594
51475624
51503506
51513006
51556592
51590676
51612496
51627082
51649738
51686036
51717390
51719280
51745076
51788050
51794028
51809576
51823154
51839190
51843976
51917959
51938010
51986494
51991392
52013123
52059170
52078338
52111512
52184646
52212760
52266146
52300512
52381956
52434646
52504172
52506386
52534056
52536459
52548658
52572942
52583024
52594484
52611118
52628170
52631956
52651216
52701546
52715671
52731216
52744778
52757488
52760750
52825266
52902920
52920652
52970791
52972634
53001732
53004224
53033184
53084412
53111170
53121698
53166872
53170246
53222040
53250246
53299746
53326082
53388384
53420676
53484604
53507394
53513826
53526904
53562502
53629082
53666372
53707043
53741443
53803040
53811780
53839898
53872216
53908486
54027824
54068564
54072842
54135318
54171720
54268018
54297132
54353992
54428048
54536952
54547928
54552454
54566054
54615618
54633826
54642972
54662116
54674014
54728067
54733347
54755514
54765764
54810682
54829850
54865991
54899360
54931612
54953666
55002150
55063668
55065866
55085363
55100970
55117006
55154448
55187666
55200104
55255318
55313078
55333644
55427154
55455248
55549961
55619627
55624417
55684616
55714250
55732276
55777294
55865936
55885966
55902826
56102692
56126656
56225796
56234552
56262758
56312450
56363100
56385826
56400386
56497472
56635826
56653900
56674962
56690806
56759402
56795219
56888846
56992788
57041448
57086482
57184286
57213763
57246116
57379842
57410872
57431170
57546788
57672604
57692710
57714950
57774274
57817728
57820576
57942244
58049280
58083394
58198186
58218768
58336268
58738507
58740278
58766614
58768488
58770860
58800780
58821842
58861203
58888398
58933620
58937898
58960138
58988788
59011466
59017898
59066446
59071248
59088947
59135058
59155980
59187432
59249850
59286244
59349316
59388258
59398172
59409752
59427394
59443366
59517702
59523704
59559974
59572636
59577026
59684992
59736864
59780514
59794524
59808152
59823746
59836216
59839590
59902074
59916679
59939364
59996224
60035614
60114368
60121636
60231170
60300880
60328974
60343060
60481576
60490316
60526610
60573842
60626984
60687412
60841345
60852828
60875554
60891590
60909624
60978212
60983776
61015070
61019968
61107776
61117316
61148452
61211238
61247544
61325442
61358734
61403216
61411892
61440106
61476392
61609036
61638162
61655304
61802576
61870824
61898934
61948498
61952268
62041104
62145578
62206096
62261388
62398746
62408804
62428448
62458752
62522562
62804480
62941522
62952050
62980399
63000726
63013832
63053104
63065226
63169040
63178580
63202480
63280138
63314504
63342614
63470112
63506970
63529987
63575558
63704162
63856708
63965894
64041730
64079906
64104032
64193796
64240644
64258371
64360610
64373016
64487920
64507978
64758408
65025560
65061958
65078946
65124353
65161988
65274074
65294688
65414402
65546388
65671560
65683506
66063688
66195540
66224650
66325040
66912262
