4012
25820
46916
54168
76752
84239
105620
129096
136757
160480
172153
181414
219186
232097
277033
298085
321712
332017
357412
377442
404756
412104
432720
460484
483864
504192
538740
548001
560690
594598
632032
639029
667208
674452
694540
722328
745796
775680
786859
787292
812928
832536
839876
862348
871504
922976
959012
1056088
1079684
1092124
1098092
1101504
1128072
1135188
1147079
1172752
1182310
1227808
1253556
1262689
1320560
1327781
1347638
1379490
1454156
1463440
1476360
1558532
1582125
1589490
1610337
1665568
1717008
1737812
1761416
1775808
1842692
1878336
1921027
1933968
1968184
2104005
2129424
2141321
2148438
2175005
2184386
2197073
2220676
2231536
2254892
2303776
2330724
2367972
2377016
2397856
2427444
2511620
2523285
2548800
2563080
2630328
2639460
2683168
2689384
2765956
2773080
2785986
2861072
2890128
2935297
2961984
2982918
3096736
3147414
3170889
3190992
3200005
3222596
3229841
3250690
3281163
3326512
3430496
3514408
3549824
3604816
3704996
3740720
3820800
3867148
3933384
3956756
4208048
4214887
4227828
4253224
4264396
4267616
4303140
4334221
4343378
4363457
4386836
4393045
4418688
4460177
4483652
4512770
4531273
4538518
4559365
4593828
4686896
4721862
4745241
4766336
4793876
4801217
4821074
4900960
4927528
5001776
5095688
5120208
5129221
5179906
5253352
5262388
5309240
5361824
5396993
5408914
5444614
5481024
5509826
5547140
5554257
5584912
5660960
5771413
5796928
5816838
5868545
5899936
6094948
6310562
6330417
6358181
6381680
6437184
6455720
6458884
6492816
6537219
6558804
6582408
6595344
6654144
6685281
6821640
6856780
6866064
6903812
6946870
7089184
7352868
7373922
7480344
7487684
7604492
7685632
7866960
7938432
8294400
8390839
8416608
8444452
8462956
8472240
8492328
8527490
8562884
8571928
8598608
8605829
8618772
8663700
8672833
8685008
8708109
8722502
8760832
8791208
8798324
8925385
8934676
8947333
8970832
8985112
9029762
9061160
9081008
9112612
9177824
9249072
9336832
9404481
9442532
9465912
9479072
9537648
9568984
9594372
9621570
9644041
9718544
9738369
9765916
9789632
9900576
9972880
9979973
10028610
10072068
10273824
10355076
10490736
10527796
10535137
10565792
10618188
10641808
10662408
10701376
10758232
10767492
10814344
10866704
10913826
11021060
11050048
11075796
11101192
11276332
11404816
11537953
11616294
11671572
11764864
11810048
11829828
12079744
12091672
12197984
12598284
12605648
12618568
12677888
12689560
12698692
12724784
12779746
12846630
12890208
12929057
12980504
13025920
13108344
13131940
13242948
13280512
13404180
13440128
13640020
13649288
13669904
13699716
13795365
14027840
14161954
14368784
14426632
14689984
14696988
14717062
14748944
14832672
15147012
15303200
15337601
15482946
15788032
15798337
15990960
16778979
16802612
16822444
16831600
16854072
16861000
16861412
16912598
16937993
16950928
16958021
16988676
17009730
17054912
17061909
17074822
17110546
17145940
17155201
17190432
17236268
17324610
17336529
17361924
17372229
17395856
17408521
17443232
17498736
17564852
17588328
17668128
17699464
17743890
17832624
17877027
17903968
17925668
17926536
17960069
17983568
18039426
18059281
18096281
18105414
18149888
18156097
18252000
18358980
18368017
18388098
18417686
18501668
18818048
18881574
18917984
18960929
18972850
19008280
19060864
19079368
19088404
19146252
19153616
19173704
19228928
19279920
19408208
19415436
19436052
19467904
19563553
19793988
19923061
19948704
20059712
20095236
20220944
20254852
20461576
20561984
20710176
20984408
20993668
20994344
21005596
21029312
21043331
21088784
21111908
21119153
21140002
21235826
21308064
21407752
21450816
21498405
21578786
21634064
21725316
21770500
21792320
22032128
22059076
22086864
22110220
22287393
22413844
22585392
22675784
22825088
23079060
23088193
23134790
23180288
23380004
23463042
23597280
23749120
23920657
24137746
24150657
24315936
25166171
25169492
25193096
25213200
25240964
25268928
25303137
25419808
25448610
25461304
25568064
25596932
25626768
25703968
25722982
25829404
25838784
25955592
26034692
26219276
26256456
26263700
26303488
26346800
26486820
26804385
26905088
27005008
27268248
27291716
27313666
27363333
27394724
27591776
27805744
27988224
28090496
28313794
28385808
28721160
29396128
29429812
29509638
29558273
29622469
29647888
29885328
29937665
29960256
30425696
30552192
30769154
31465513
31621200
31726080
33031172
33566215
33573496
33593824
33621364
33644968
33665584
33699992
33709124
33745664
33755721
33793036
33800400
33821837
33845584
33858248
33867284
33905280
33916953
33948592
34000936
34023520
34084560
34107916
34120084
34128969
34159872
34179652
34210028
34235440
34359588
34407976
34507904
34541588
34625312
34636984
34674732
34743744
34750493
34771588
34803216
34867412
34892808
34939652
34968640
35129993
35182608
35201112
35210372
35356960
35401888
35537472
35665000
35672244
35684909
35769376
35791011
35791444
35800712
35820816
35850628
35917632
35960836
35988624
35995724
36178972
36202688
36258576
36278408
36313632
36470896
36577544
36710704
36766432
36866120
36925440
36966936
37011840
37094436
37228868
37266944
37755668
37792848
37800076
37835800
37848960
37882921
37962276
38019132
38028512
38155776
38175044
38282080
38310948
38340784
38424960
38437400
38541384
38576131
38798924
38822544
38842632
38881600
38932592
39094816
39256200
39462916
39585040
39846105
39871748
39899712
39922184
40177952
40257552
40567872
40632964
40901760
40992788
41435176
41953048
41960388
41979996
42005632
42011848
42035220
42086692
42108512
42212400
42303652
42338828
42419456
42510376
42553440
42600784
42672768
42738756
42746008
42767104
43006528
43027716
43061648
43106824
43141280
43253865
43425808
43516468
43652104
44062729
44075664
44111364
44147008
44236856
44327456
44437696
44565920
44744708
45097100
45106256
45942784
46142120
46186800
46269588
46293064
46372864
46410112
46465616
46681600
46727181
47260704
47468548
47743168
48236644
48530440
48771088
49414912
50342220
50351504
50372104
50397852
50421827
50450692
50497588
50533536
50598500
50636064
50725976
50749572
50860089
50905760
50988804
51032128
51070984
51128848
51184064
51393556
51400904
51413840
51520040
51724336
51779840
51907680
52199436
52441984
52462788
52486168
52500560
52576608
52693160
52920832
53026852
53236736
53496324
53543945
54132880
54624360
54659776
54731024
54805001
54825104
54856708
55059592
55066708
55574948
55755776
56168960
56624688
56758284
57182464
57942080
58728688
58737708
58788640
58872336
58884233
59033664
59060232
59250820
59343888
59965508
60032640
60317952
60959744
61079828
61342280
61902880
62920000
62956036
63832096
63965208
65093760
