246735
261135
787455
801855
802755
838863
839475
848115
848655
851368
851540
873815
874155
875504
878540
878955
879255
890684
891291
891495
894375
894555
895228
939260
940455
940635
943515
943719
944956
955755
956055
957388
960496
960855
961195
986355
986895
995535
996147
998804
999016
1032255
1035620
1035928
1044824
1045156
1366716
1369468
1408228
1408792
1413096
1422292
1462228
1471464
1490136
1490724
1513852
1517244
1562032
1562188
1567116
1567344
1628132
1633240
1658492
1667516
1686896
1687180
1736012
1736368
1740220
1749628
1775576
1780708
1825000
1825556
1828052
1828648
2414552
2419684
2444732
2454140
2473292
2473648
2522480
2522764
2526844
2535868
2562020
2567128
2611412
2612008
2614504
2615060
2677116
2680508
2718936
2719524
2723796
2733032
2772968
2782164
2800868
2801432
2824892
2827644
2872716
2872944
2877872
2878028
3210644
3210856
3234764
3237872
3249404
3255100
3299132
3303676
3316720
3319756
3358120
3358292
3394904
3395236
3404132
3404440
3937679
3937907
3942835
3942991
3984624
3985164
3987779
3991171
3993804
3994416
4014299
4014887
4019560
4019860
4024660
4025000
4033559
4037028
4037208
4040088
4040292
4042795
4082731
4086168
4086372
4089252
4089432
4091927
4096231
4096795
4101460
4101800
4106600
4106900
4132044
4132656
4135555
4138307
4141296
4141836
4487644
4503276
4534132
4578424
4579204
4580280
4595640
4641652
4648116
4648776
4672236
4683052
4683472
4687324
4700640
4700700
4749176
4766644
4791788
4838108
4844828
4845280
4861660
4906448
4906540
4907500
4933556
4946036
4946824
4950904
4961464
4962116
5271468
5283676
5323512
5360116
5371336
5371444
5387764
5424888
5437752
5438148
5463196
5463904
5464924
5477292
5483628
5484432
6035671
6036267
6038763
6039319
6053172
6053576
6054644
6066680
6073796
6073912
6097820
6108252
6109088
6127951
6128307
6145196
6145872
6158480
6162284
6174892
6175568
6177139
6177423
6211676
6212512
6222944
6246852
6246968
6254084
6266120
6267188
6267592
6315764
6335992
6371228
6408044
6420652
6421328
6437740
6474652
6485084
6485920
6509048
6516164
6516280
6528308
6528712
6529780
7081307
7081639
7090535
7090843
7099308
7105644
7106448
7117980
7118688
7119708
7127447
7127659
7145208
7158072
7158468
7165967
7169075
7181507
7187203
7195080
7195188
7206408
7211508
7222728
7222836
7231235
7235779
7247923
7250959
7259448
7259844
7272708
7274923
7275095
7298208
7299228
7299936
7311468
7312272
7318608
7621496
7632056
7632708
7636916
7649396
7650184
7675344
7675436
7676396
7721244
7721696
7728416
7738076
7744796
7745248
7790096
7791056
7791148
7816308
7817096
7829576
7833784
7834436
7844996
7882204
7895520
7895580
7899884
7910700
7911120
7934836
7941300
7941960
7986244
7987320
7988100
8002680
8003460
8004536
8048820
8049480
8055944
8079660
8080080
8090896
8095200
8095260
8108576
8681396
8698744
8724188
8770028
8777168
8777260
8793580
8838428
8838880
8839900
8865656
8878264
8878916
8883124
8893556
8894344
8944364
8959452
8990648
9034932
9035592
9036660
9052020
9098168
9104504
9105284
9128412
9139680
9139740
9144044
9156908
9157328
9461240
9481972
9516908
9553820
9566300
9567136
9583516
9620332
9630892
9631568
9655028
9661748
9662152
9674180
9674296
9675256
10244956
10251420
10252128
10263660
10264464
10265516
10290676
10303944
10304052
10340664
10341060
10351876
10357496
10368312
10368708
10405320
10405428
10418696
10443856
10444908
10445712
10457244
10457952
10464416
10514268
10526636
10566132
10603256
10614072
10614468
10630904
10667508
10680776
10680884
10706028
10706832
10707884
10720092
10726556
10727264
11296196
11296312
11297272
11309812
11316532
11316936
11340652
11351212
11351888
11387996
11388832
11401312
11405212
11417692
11418528
11454636
11455312
11465872
11489588
11489992
11496712
11509252
11510212
11510328
11814636
11827500
11827920
11831772
11843040
11843100
11867064
11873400
11874180
11918472
11919540
11920200
11934900
11935560
11936628
11980920
11981700
11988036
12012000
12012060
12023328
12027180
12027600
12040464
12078004
12088436
12089224
12093304
12105912
12106564
12131612
12132064
12133084
12177872
12177964
12185104
12194284
12201424
12201516
12246304
12247324
12247776
12272824
12273476
12286084
12290164
12290952
12301384
12647780
12648088
12671804
12674300
12687344
12692428
12736460
12741616
12753148
12756796
12795224
12795556
12832168
12832340
12841364
12841576
13384944
13385484
13387055
13387475
13400339
13404643
13404703
13415971
13430844
13431744
13439099
13439879
13446215
13456792
13456996
13461924
13462104
13474132
13474472
13477224
13477524
13492363
13507723
13508791
13509451
13523304
13523604
13526356
13526696
13538724
13538904
13543832
13544036
13553735
13569084
13569984
13584931
13600019
13615344
13615884
13900772
13903832
13948116
13948712
13953256
13953812
13978956
13979312
13988208
13988492
13992572
14007872
14041532
14056832
14060912
14061196
14070092
14070448
14095592
14096148
14100692
14101288
14145572
14148632
14161596
14166396
14179847
14180807
14180923
14192951
14193355
14200075
14211468
14211696
14214576
14214732
14223535
14224211
14234771
14238696
14253096
14257368
14257956
14266596
14267160
14271587
14287967
14288803
14301283
14306532
14307096
14315736
14316324
14320596
14334996
14338195
14358960
14359116
14361996
14362224
14373131
14393863
14407296
14412096
14947708
14953148
14960759
14961547
14971979
14976187
14976839
14989447
14997936
14998092
15000972
15001200
15015203
15016223
15016675
15025108
15039508
15043812
15044376
15053016
15053604
15061523
15077843
15077935
15085075
15092952
15093540
15102180
15102744
15107048
15121448
15130915
15145356
15145584
15148464
15148620
15156359
15173707
15193408
15198848
15211480
15214564
15258856
15259412
15263956
15264552
15289712
15289996
15298892
15299248
15303100
15318400
15352444
15367744
15371596
15371952
15380848
15381132
15406292
15406888
15411432
15411988
15456280
15459364
15744204
15744816
15749279
15749987
15756451
15768659
15769711
15770515
15780924
15781824
15795659
15795767
15809035
15816100
15816280
15821208
15821412
15833448
15833748
15836500
15836840
15845639
15862075
15862471
15873287
15882580
15882920
15885672
15885972
15898008
15898212
15903140
15903320
15910411
15937596
15938496
15949907
15962275
15974604
15975216
16518568
16518740
16527764
16527976
16564580
16564888
16603904
16606400
16618544
16623628
16667660
16672816
16685248
16688896
16712024
16712356
17067768
17079796
17120172
17156956
17167516
17168224
17184604
17221548
17234028
17234832
17259976
17260084
17261044
17273592
17280312
17280708
17325980
17346412
17381108
17417720
17430980
17431096
17447416
17484532
17495348
17495752
17519468
17525932
17526608
17538140
17538976
17539996
17857396
17872824
17903068
17947948
17948368
17949420
17964780
18010588
18017760
18017820
18041784
18052216
18052996
18057076
18069684
18070344
18631148
18642384
18642476
18646748
18659612
18660064
18685112
18685764
18686840
18731124
18731912
18738248
18748340
18754676
18755464
18799748
18800824
18801476
18826524
18826976
18839840
18844112
18844204
18855440
18904556
18922204
18947960
18994100
19000436
19001224
19017652
19061944
19062596
19063672
19089116
19101980
19102432
19106284
19117520
19117612
19679092
19691700
19692360
19696568
19707000
19707780
19730908
19738080
19738140
19782928
19783980
19784400
19799340
19799760
19800812
19845600
19845660
19852832
19875960
19876740
19887172
19891380
19892040
19904648
20191467
20192023
20194519
20195115
20208732
20209568
20210588
20222828
20229292
20229968
20253428
20264244
20264648
20283763
20284047
20301252
20301368
20314628
20317688
20330948
20331064
20332879
20333235
20367668
20368072
20378888
20402348
20403024
20409488
20421728
20422748
20423584
20450663
20450971
20459867
20460199
20468472
20475192
20475588
20487624
20487732
20488692
20496811
20496983
20514732
20527212
20528016
20535347
20538383
20551427
20555971
20564124
20564832
20575392
20581212
20591772
20592480
20600003
20605699
20617231
20620339
20628588
20629392
20641872
20644247
20644459
20667912
20668872
20668980
20681016
20681412
20688132
21027816
21030868
21069232
21069388
21073596
21082492
21122428
21131964
21151116
21151344
21175252
21178344
21222628
21223192
21227736
21228324
21764732
21767612
21812556
21812912
21817712
21817996
21843156
21843752
21852392
21852948
21857252
21871652
21906392
21920792
21925096
21925652
21934292
21934888
21960048
21960332
21965132
21965488
22010432
22013312
22297960
22298260
22334872
22335076
22344100
22344280
22374460
22375360
22386892
22387504
22390000
22390540
22436080
22436620
22439116
22439728
22451260
22452160
22482340
22482520
22491544
22491748
22528360
22528660
22548464
22557644
22594364
22598683
22603815
22609664
22629763
22632792
22633124
22635876
22636184
22639171
22648212
22648424
22653352
22653524
22697384
22697556
22702484
22702696
22711875
22714724
22715032
22717784
22718116
22720899
22741244
22746151
22751259
22756544
22793264
22802444
23334860
23344112
23380220
23385127
23390235
23395520
23416387
23419236
23419544
23422296
23422628
23425411
23434664
23434836
23439764
23439976
23483796
23484008
23488936
23489108
23498115
23501144
23501476
23504228
23504536
23507523
23528252
23532571
23537703
23543552
23579660
23588912
23598515
23598671
23603599
23603827
23608660
23609000
23645604
23645784
23648899
23651651
23654808
23655012
23675111
23675675
23680060
23680960
23694379
23697648
23698188
23700684
23701296
23703575
23743511
23746764
23747376
23749872
23750412
23752747
23757019
23757607
23767100
23768000
23793048
23793252
23796035
23799427
23802276
23802456
23839060
23839400
24123836
24127100
24171888
24172172
24176972
24177328
24202472
24203028
24211668
24212264
24216536
24230936
24265700
24280100
24284372
24284968
24293608
24294164
24319308
24319664
24324464
24324748
24369536
24372800
24909028
24909592
24914136
24914724
24959016
24962068
24986032
24986188
25005696
25014592
25054528
25064064
25067916
25068144
25106452
25109544
25220732
25225660
25251812
25261016
25279720
25280276
25328852
25329448
25333720
25342948
25367996
25373308
25418096
25418380
25421132
25421488
25958376
25963476
25975907
25976927
25977763
25989295
25989971
25996435
26007768
26008356
26010852
26011416
26020151
26020555
26031371
26034876
26050176
26054028
26054256
26063280
26063436
26068487
26084807
26084923
26098183
26103216
26103372
26112396
26112624
26116476
26131776
26134795
26155236
26155800
26158296
26158884
26169491
26189923
26203176
26208276
26480444
26489084
26526704
26531203
26536515
26541104
26561563
26565012
26565224
26568104
26568276
26570791
26580312
26580644
26585444
26585752
26629476
26629784
26634584
26634916
26643495
26646952
26647124
26650004
26650216
26652699
26674124
26678851
26683779
26688524
26726144
26734784
26754468
26754648
26756279
26756939
26769547
26773627
26774407
26784839
26791252
26791592
26800488
26800788
26808803
26808863
26816035
26825932
26826544
26831088
26831628
26846268
26847168
26861843
26877203
26878255
26878675
26892348
26893248
26907888
26908428
26912972
26913584
26923555
26938728
26939028
26947924
26948264
26953799
26969227
26984868
26985048
27540888
27541092
27545915
27546311
27553031
27565579
27566539
27566647
27577704
27578004
27586900
27587240
27591791
27592595
27605075
27612400
27612940
27617484
27618096
27629628
27630528
27642019
27658399
27659107
27669667
27681852
27682752
27694284
27694896
27699440
27699980
27706451
27725140
27725480
27734376
27734676
27746827
27758855
27771288
27771492
27790588
27800380
27837388
27851788
27875752
27875924
27878804
27879016
27891044
27891352
27896152
27896484
27940184
27940516
27945316
27945624
27957652
27957864
27960744
27960916
27984880
27999280
28036288
28046080
28317652
28322792
28330451
28330543
28341779
28345631
28346083
28358947
28367076
28367640
28370136
28370724
28384391
28385467
28386119
28393852
28409152
28413360
28413516
28422540
28422768
28430411
28446839
28447627
28453963
28462476
28462704
28471728
28471884
28476092
28491392
28500103
28514520
28515108
28517604
28518168
28525859
28543507
28562452
28567592
29104496
29104780
29107532
29107888
29152832
29157760
29183012
29192216
29196520
29197076
29245652
29246248
29264920
29274148
29300096
29305408
29628751
29629107
29631859
29632143
29645996
29646672
29647724
29660060
29666396
29667232
29690360
29701572
29701688
29720791
29721387
29738292
29738696
29751560
29755124
29767988
29768392
29769963
29770519
29804996
29805112
29816324
29839452
29840288
29846624
29858960
29860012
29860688
29905396
29912520
29912628
29924664
29925060
29926136
29951836
29964444
29965152
30001260
30002064
30012496
30018476
30028908
30029712
30065820
30066528
30079136
30104836
30105912
30106308
30118344
30118452
30125576
30427868
30438684
30439136
30442988
30456272
30456364
30481524
30482312
30483380
30527672
30528324
30534788
30544760
30551224
30551876
30596168
30597236
30598024
30623184
30623276
30636560
30640412
30640864
30651680
31195547
31195751
31212664
31213444
31225924
31230132
31230792
31241352
31265068
31265488
31272208
31299587
31318560
31333920
31334880
31334940
31351811
31379728
31410312
31425604
31475640
31488120
31488900
31492980
31503540
31504200
31527660
31534380
31534800
31579680
31580640
31580700
31596000
31596060
31597020
31641900
31642320
31649040
31672500
31673160
31683720
31687800
31688580
31701060
32262428
32262880
32273696
32277968
32278060
32291344
32316488
32317556
32318344
32362628
32379064
32379716
32386180
32432200
32458256
32475424
32788936
32789044
32796168
32808196
32809272
32809668
32834716
32835424
32848032
32884816
32901228
32902032
32912464
32949408
32989444
33001992
33053840
33054892
33055568
33067100
33067936
33074272
33098180
33098296
33109508
33146120
33162548
33162952
33175816
33212932
33247328
33267856
33841004
33861532
33895928
33933044
33945908
33946312
33962740
33999352
34010564
34010680
34034588
34040924
34041760
34053292
34053968
34055020
34106868
34119416
34159452
34196396
34206828
34207632
34224044
34260828
34273436
34274144
34299192
34299588
34300664
34312692
34319816
34319924
34633436
34650604
34676660
34722680
34729144
34729796
34746232
34790516
34791304
34792372
34817516
34830800
34830892
34835164
34845980
34846432
35407800
35420280
35421060
35425140
35435700
35436360
35459820
35466540
35466960
35511840
35512800
35512860
35528160
35528220
35529180
35574060
35574480
35581200
35604660
35605320
35615880
35619960
35620740
35633220
35683256
35698548
35729132
35773920
35773980
35774940
35790300
35836652
35843372
35843792
35867508
35878068
35878728
35882936
35895416
35896196
36457180
36467996
36468448
36472300
36485584
36485676
36510836
36511624
36512692
36556984
36557636
36564100
36574072
36580536
36581188
36625480
36626548
36627336
36652496
36652588
36665872
36669724
36670176
36680992
36983284
36990408
36990516
37002552
37002948
37004024
37029724
37042332
37043040
37079148
37079952
37090384
37096364
37106796
37107600
37143708
37144416
37157024
37182724
37183800
37184196
37196232
37196340
37203464
37248172
37248848
37249900
37262236
37268572
37269408
37292536
37303748
37303864
37340468
37340872
37353736
37357300
37370164
37370568
37407172
37407288
37418500
37441628
37442464
37448800
37461136
37462188
37462864
37803452
37808764
37834712
37843940
37862612
37863208
37911784
37912340
37916644
37925848
37951100
37956028
38000972
38001328
38004080
38004364
38541268
38546408
38553787
38554439
38564999
38569079
38569867
38582347
38590692
38591256
38593752
38594340
38608403
38609363
38609455
38617468
38632768
38636976
38637132
38646156
38646384
38654243
38670623
38671075
38677795
38686092
38686320
38695344
38695500
38699708
38715008
38724115
38738136
38738724
38741220
38741784
38749259
38766727
38786068
38791208
39062780
39072572
39109580
39114307
39119235
39123980
39144487
39147944
39148116
39150996
39151208
39153691
39163236
39163544
39168344
39168676
39212376
39212708
39217508
39217816
39226395
39229844
39230056
39232936
39233108
39235623
39257072
39261571
39266883
39271472
39308480
39318272
39337368
39337572
39342191
39342995
39349331
39361699
39362719
39363427
39374184
39374484
39383380
39383720
39388475
39388871
39401735
39408880
39409420
39413964
39414576
39426108
39427008
39438859
39455179
39455287
39466507
39478332
39479232
39490764
39491376
39495920
39496460
39503111
39521620
39521960
39530856
39531156
39542947
39555155
39567768
39567972
40123812
40123992
40125923
40125983
40139299
40143151
40143571
40154387
40160596
40160936
40169832
40170132
40177847
40178507
40184971
40195276
40195888
40200432
40200972
40215612
40216512
40230983
40246343
40247419
40248199
40261692
40262592
40277232
40277772
40282316
40282928
40292491
40308072
40308372
40317268
40317608
40323347
40338979
40354212
40354392
40374076
40382716
40420336
40434736
40458644
40458856
40461736
40461908
40473944
40474276
40479076
40479384
40523108
40523416
40528216
40528548
40540584
40540756
40543636
40543848
40567756
40582156
40619776
40628416
40900584
40905684
40918283
40919351
40919755
40931783
40931899
40939015
40949976
40950564
40953060
40953624
40962143
40962979
40973411
40977084
40992384
40996236
40996464
41005488
41005644
41010323
41026735
41027411
41040019
41045424
41045580
41054604
41054832
41058684
41073984
41076835
41097444
41098008
41100504
41101092
41112071
41132299
41145384
41150484
41687372
41687728
41690480
41690764
41735552
41740864
41765912
41775140
41779412
41780008
41828584
41829140
41847844
41857048
41883200
41888128
41999316
42002408
42040716
42040944
42044796
42054332
42094268
42103164
42122672
42122828
42146792
42149844
42194136
42194724
42199268
42199832
42736060
42739324
42784112
42784396
42789196
42789552
42814696
42815252
42823892
42824488
42828760
42843160
42877924
42892324
42896596
42897192
42905832
42906388
42931532
42931888
42936688
42936972
42981760
42985024
43259111
43259675
43264219
43264807
43269460
43269800
43306404
43306584
43309099
43312151
43315608
43315812
43336115
43336271
43340860
43341760
43355779
43358448
43358988
43361484
43362096
43364675
43404611
43407564
43408176
43410672
43411212
43414147
43417999
43418227
43427900
43428800
43453848
43454052
43456535
43459627
43463076
43463256
43499860
43500200
43519948
43529200
43565308
43580608
43604324
43604632
43607384
43607716
43619752
43619924
43624852
43625064
43668884
43669096
43674024
43674196
43686232
43686564
43689316
43689624
43713340
43728640
43764748
43774000
44306416
44315596
44352316
44367616
44390744
44391076
44393828
44394136
44406164
44406376
44411304
44411476
44455336
44455508
44460436
44460648
44472676
44472984
44475736
44476068
44499196
44514496
44551216
44560396
44570967
44571307
44580200
44580500
44617112
44617316
44626340
44626520
44651547
44656700
44657600
44669132
44669744
44672240
44672780
44718320
44718860
44721356
44721968
44733500
44734400
44738587
44764580
44764760
44773784
44773988
44810600
44810900
45095548
45098428
45143372
45143728
45148528
45148812
45173972
45174568
45183208
45183764
45188068
45202468
45237208
45251608
45255912
45256468
45265108
45265704
45290864
45291148
45295948
45296304
45341248
45344128
45875263
45876163
45880536
45881124
45885668
45886232
45890563
45930516
45933608
45957516
45957744
45976896
45986432
46026368
46035264
46039472
46039628
46077992
46081044
46120963
46402967
46403179
46412203
46412375
46420728
46427448
46427844
46439880
46439988
46440948
46448987
46449319
46466988
46479468
46480272
46487747
46491395
46502927
46508083
46516380
46517088
46527648
46533468
46544028
46544736
46552115
46557199
46570243
46572739
46580844
46581648
46594128
46596455
46596763
46620168
46621128
46621236
46633272
46633668
46640388
46685276
46686112
46687132
46699372
46705836
46706512
46729972
46740788
46741192
46777796
46777912
46791172
46794232
46807492
46807608
46844212
46844616
46855432
46878892
46879568
46886032
46898272
46899292
46900128
47204212
47216820
47217480
47221688
47232120
47232900
47256028
47263200
47263260
47308048
47309100
47309520
47324460
47324880
47325932
47370720
47370780
47377952
47401080
47401860
47412292
47416500
47417160
47429768
47991248
47991340
48002576
48006428
48006880
48019744
48045188
48046264
48046916
48091208
48107636
48108424
48114760
48160900
48186656
48204304
48253420
48264656
48264748
48269020
48281884
48282336
48307384
48308036
48309112
48353396
48354184
48360520
48370612
48376948
48377736
48422020
48423096
48423748
48448796
48449248
48462112
48466384
48466476
48477712
49038516
49039176
49051784
49055864
49056644
49067076
49091040
49091100
49098272
49144080
49159440
49160492
49160912
49205792
49236036
49251464
49568864
49569884
49570720
49582252
49582928
49589392
49613108
49613512
49624328
49661444
49677764
49677880
49691140
49727752
49762448
49782880
49828152
49828548
49835268
49847816
49848776
49848884
49874028
49874832
49887312
49924256
49940636
49941344
49951904
49988688
50029064
50041092
50396504
50396836
50419964
50423612
50436044
50441200
50485232
50490316
50502460
50504956
50543972
50544280
50580884
50581096
50590120
50590292
51133644
51134256
51139019
51139127
51146251
51158279
51159355
51159751
51170364
51171264
51184799
51185507
51198115
51205540
51205720
51210648
51210852
51222888
51223188
51225940
51226280
51234899
51251311
51252115
51262547
51272020
51272360
51275112
51275412
51287448
51287652
51292580
51292760
51299491
51327036
51327936
51339527
51352075
51364044
51364656
51649496
51652580
51696872
51697428
51701972
51702568
51727728
51728012
51736908
51737264
51741116
51756416
51790460
51805760
51809612
51809968
51818864
51819148
51844308
51844904
51849448
51850004
51894296
51897380
51910012
51915452
51923231
51923683
51934499
51938771
51938863
51952147
51960240
51960396
51963276
51963504
51977291
51978359
51979147
51987412
52001812
52006116
52006680
52015320
52015908
52023431
52039867
52040519
52046983
52055256
52055844
52064484
52065048
52069352
52083752
52093003
52107660
52107888
52110768
52110924
52119059
52136227
52155712
52161152
52696764
52701564
52714643
52715695
52716371
52727903
52728739
52735075
52746636
52746864
52749744
52749900
52758983
52759099
52770311
52773864
52788264
52792536
52793124
52801764
52802328
52806923
52823351
52823755
52836619
52841700
52842264
52850904
52851492
52855764
52870164
52873735
52894128
52894284
52897164
52897392
52908131
52928659
52942464
52947264
52960228
52963288
53007572
53008168
53012712
53013268
53038412
53038768
53047664
53047948
53052028
53067328
53100988
53116288
53120368
53120652
53129548
53129904
53155048
53155604
53160148
53160744
53205028
53208088
53492976
53493516
53494907
53495687
53508167
53512375
53513035
53523595
53538876
53539776
53547311
53547731
53554451
53564824
53565028
53569956
53570136
53582164
53582504
53585256
53585556
53600803
53616163
53617123
53617183
53631336
53631636
53634388
53634728
53646756
53646936
53651864
53652068
53661971
53677116
53678016
53692555
53707847
53723376
53723916
54267284
54267496
54276520
54276692
54313304
54313636
54352064
54355712
54367244
54372400
54416432
54421516
54434560
54437056
54460772
54461080
54807476
54817908
54818696
54822776
54835384
54836036
54861084
54861536
54862556
54907344
54907436
54914576
54923756
54930896
54930988
54975776
54976796
54977248
55002296
55002948
55015556
55019636
55020424
55030856
55068396
55081260
55081680
55085532
55096800
55096860
55120824
55127160
55127940
55172232
55173300
55173960
55188660
55189320
55190388
55234680
55235460
55241796
55265760
55265820
55277088
55280940
55281360
55294224
55581043
55581327
55584079
55584435
55598532
55598648
55599608
55612148
55618868
55619272
55642988
55653548
55654224
55673067
55673623
55690332
55691168
55703648
55707548
55720028
55720864
55722199
55722795
55756972
55757648
55768208
55791924
55792328
55799048
55811588
55812548
55812664
56381596
56382304
56388768
56400976
56402028
56402832
56427976
56428084
56441352
56477956
56494392
56494788
56505604
56542728
56582224
56594592
56644444
56650908
56651616
56663148
56663952
56665004
56690164
56703432
56703540
56740152
56740548
56751364
56756984
56767800
56768196
56804808
56804916
56818184
56843344
56844396
56845200
56856732
56857440
56863904
57433604
57434564
57434680
57446708
57447112
57453832
57477292
57477968
57488528
57525344
57541724
57542560
57555040
57591952
57626888
57647620
57951532
57951952
57964816
57969120
57969180
57980448
58003576
58004356
58010692
58056840
58072200
58073268
58073928
58118212
58149408
58164496
58214516
58215304
58225736
58229944
58230596
58243204
58268960
58269980
58270432
58315280
58331600
58331692
58338832
58384672
58410116
58427464
59000284
59013600
59013660
59017964
59028780
59029200
59052916
59059380
59060040
59104324
59105400
59106180
59120760
59121540
59122616
59166900
59167560
59174024
59197740
59198160
59208976
59213280
59213340
59226656
59263864
59274424
59275076
59279284
59291764
59292552
59317712
59317804
59318764
59363612
59364064
59370784
59380444
59387164
59387616
59432464
59433424
59433516
59458676
59459464
59471944
59476152
59476804
59487364
59772331
59772503
59781527
59781739
59790252
59796588
59797392
59808924
59809632
59810652
59818343
59818651
59836152
59849016
59849412
59857667
59860163
59872307
59877391
59886024
59886132
59897352
59902452
59913672
59913780
59921423
59926579
59939011
59942659
59950392
59950788
59963652
59965787
59966119
59989152
59990172
59990880
60002412
60003216
60009552
60579080
60580148
60580552
60592580
60592696
60599812
60622940
60623776
60634208
60671120
60687532
60688208
60700816
60737632
60772868
60793096
60841268
60841672
60842740
60854776
60861892
60862008
60885916
60896348
60897184
60933292
60933968
60946576
60950380
60962988
60963664
60999772
61000608
61011040
61034948
61035064
61042180
61054216
61055284
61055688
61624428
61625232
61631568
61643936
61644956
61645664
61670712
61671108
61683972
61721096
61737416
61737524
61748744
61785348
61825184
61837392
62146744
62147396
62157956
62162036
62162824
62175304
62201360
62202320
62202412
62247200
62263580
62264032
62270752
62317072
62342216
62359684
62408160
62408220
62421536
62425388
62425808
62436624
62460084
62460744
62467208
62513220
62528580
62529656
62530436
62574728
62605584
62621216
62919899
62920487
62925031
62925595
62967024
62967564
62969879
62972971
62976204
62976816
62996879
62997107
63001960
63002260
63007060
63007400
63016259
63019428
63019608
63022488
63022692
63025795
63065731
63068568
63068772
63071652
63071832
63074627
63078835
63078991
63083860
63084200
63089000
63089300
63114444
63115056
63117355
63120407
63123696
63124236
63704420
63704728
63713624
63713956
63750568
63750740
63789104
63792140
63805184
63809728
63853760
63859456
63870988
63874096
63898004
63898216
64230832
64230988
64235916
64236144
64281216
64283968
64307428
64307992
64326696
64335892
64375828
64385064
64389336
64389924
64428352
64431744
64493800
64494356
64496852
64497448
64541732
64546840
64572992
64582016
64586096
64586380
64635212
64635568
64654720
64664128
64689176
64694308
65280212
65280808
65283304
65283860
65328152
65333284
65359232
65368640
65372492
65372848
65421680
65421964
65441344
65450368
65475620
65480728
65536363
65536663
65541516
65541744
65546672
65546828
65591616
65595008
65618136
65618724
65628163
65637396
65646632
65686568
65695764
65700068
65700632
65704963
65739392
65742144
66063704
66064036
66072932
66073240
66109844
66110056
66148364
66151472
66163904
66169600
66213632
66218176
66230320
66233356
66257320
66257492
