5301
7058
14636
64528
83219
84532
92298
102152
107153
148131
155677
166072
174598
201540
203810
282682
291460
300294
328092
336674
344649
378016
394796
395594
402578
443152
503816
542360
549926
551744
557988
565530
603520
643586
659598
668208
737576
754708
789808
794856
837644
985728
1050026
1051277
1058580
1097878
1106472
1135628
1151280
1208578
1218176
1245722
1253540
1296385
1354112
1447956
1595552
1640032
1640710
1715208
1839880
1925136
1998882
2100254
2108961
2148642
2191456
2201732
2251272
2265107
2304272
2377936
2385160
2392714
2400308
2430480
2494880
2572294
2659368
2687154
2695692
2754306
2809984
2897922
3150374
3158168
3228544
3253250
3294256
3309836
3475496
3547712
3686411
3705360
3933316
4247944
4328709
4754562
4790296
4981270
5133312
5253170
5287941
5506115
5521700
5898640
6342148
6422729
8402442
8537284
8561952
8689697
8727556
8847472
8915027
8933637
9718274
9733144
10486584
10494342
11143204
11370752
11541760
12585696
12681260
12804608
13701250
14204992
14684244
16781667
16794382
16796776
16802224
16811570
16819340
16847528
16855062
16913688
16961572
16983105
17006978
17041344
17041574
17050136
17096707
17127680
17309188
17410080
17600592
17630218
17703172
17846801
17864714
17894544
17959712
18101280
18186756
18235528
18350140
18358914
18384129
18896002
18941220
18989080
19006100
19013674
19140621
19303424
19401096
19677728
19949572
20185362
20647936
21119058
21577860
21660168
23081728
23136259
24150176
25200916
25311360
26288392
26345479
27296321
27796496
29622417
33576736
33577030
33591836
33599650
33621638
33622433
33629240
33677572
33685814
33694600
33735690
33771664
33823880
33829137
33916946
33974304
34079821
34081322
34089108
34127921
34248960
34357634
34383360
34410532
34619736
34638884
34683392
34865840
34873358
35063040
35132434
35225736
35275268
35668140
35676690
35685776
35694664
35721482
35795972
35881504
35916548
36260864
36569112
36765717
36833410
37015552
38174852
38412291
38823040
38830850
38932520
40370528
42077712
42999905
44303394
44569216
46155785
50343170
50383488
50530316
50611220
50626856
50729474
50884616
50922256
50988192
51384708
51462178
51552272
52434992
52764800
52985862
53478920
54526501
54629376
56363008
58720458
60965120
