21407
47279
60211
73295
85459
108259
128332
134839
154923
177691
189831
200955
213863
239703
272215
292043
303048
314471
342299
354951
360887
381483
403939
424524
430415
443091
472992
484403
495363
515204
529895
542331
568651
592811
612407
635655
647323
662355
673999
697292
716899
722207
743043
781856
799411
811311
821791
842115
863436
889939
932871
951467
972560
991819
1034568
1058235
1078823
1088791
1101451
1129424
1140843
1147739
1167559
1190671
1210515
1217443
1228863
1258819
1271492
1281504
1311471
1331571
1358403
1370564
1383587
1396492
1418255
1444955
1488080
1511959
1524107
1550984
1585247
1598403
1607923
1629024
1650195
1676940
1688867
1731920
1738311
1777831
1798920
1808395
1840907
1852567
1899528
1902919
1958480
1972620
1985059
2007315
2053216
2108123
2128199
2134647
2146795
2176151
2189067
2198587
2237551
2268355
2281284
2308643
2320780
2327183
2347283
2362767
2383379
2405667
2418316
2429891
2441311
2468704
2491195
2511015
2549771
2563408
2637580
2649251
2656147
2675727
2695539
2716384
2726340
2738755
2765195
2777623
2787623
2808456
2868432
2889835
2902992
2924743
2950695
2971016
3020484
3032387
3082387
3125260
3149667
3169484
3204179
3215663
3228339
3254659
3275268
3277271
3297867
3324232
3361799
3385104
3418167
3444891
3457799
3487304
3548803
3568900
3579424
3637347
3676807
3688731
3711531
3731856
3736779
3806259
3819424
3845252
3869260
3966284
4006788
4026371
4049056
4088008
4207467
4219127
4230087
4249691
4271399
4292232
4298123
4310551
4341188
4353603
4359539
4380384
4400019
4419599
4430604
4442275
4461631
4474787
4500627
4524659
4544992
4567748
4579651
4594315
4606231
4629031
4649352
4654279
4728463
4748563
4759075
4771212
4798659
4811588
4817007
4859963
4886679
4899595
4929104
4981211
5001799
5028176
5065739
5089032
5115744
5170244
5181731
5194380
5248723
5260623
5287500
5310623
5331715
5353523
5366688
5380199
5393352
5415115
5441067
5461392
5517703
5530139
5540139
5560976
5620936
5663904
5670788
5690371
5710156
5767991
5787819
5826567
5840200
5901699
5922308
5944608
5980243
6038627
6109728
6128259
6148356
6197832
6261776
6298035
6310447
6332703
6353539
6358988
6378595
6428423
6440091
6487056
6490443
6545992
6581576
6587979
6627499
6648592
6658055
6697043
6719692
6761988
6800672
6818903
6862024
6885915
6898055
6924944
6947555
6967628
7019680
7054339
7088899
7108740
7115680
7127091
7218576
7355403
7373991
7395080
7414343
7457104
7484044
7495971
7506451
7574596
7609156
7620803
7663712
7669011
7751248
7821320
7875040
7901507
7914180
7955468
8094088
8130184
8196304
8257551
8404083
8417248
8422623
8443715
8462911
8483235
8493715
8505615
8532679
8544603
8555115
8575440
8596619
8623143
8636296
8657703
8669371
8692619
8712215
8717675
8738512
8787347
8799759
8826124
8850372
8869955
8904928
8923543
8944139
8950075
8962727
9004103
9015120
9053987
9073804
9096211
9124192
9142723
9163332
9178819
9198916
9221728
9244815
9257747
9283619
9306231
9379336
9443787
9456215
9478503
9499336
9504647
9524251
9563280
9574220
9585891
9636147
9656992
9679236
9691651
9715332
9727235
9733683
9754016
9773267
9803852
9842731
9855888
9865351
9964591
10007683
10020612
10031715
10043852
10093211
10113287
10140176
10200136
10234696
10272843
10302736
10446852
10453792
10491563
10503479
10530311
10553575
10574664
10596427
10623007
10636163
10657971
10679072
10683987
10760652
10773091
10783059
10845216
10852100
10863747
10933320
10952967
10996240
11010895
11030739
11069516
11083011
11095684
11117984
11144648
11211664
11223083
11281435
11312272
11371208
11414176
11440643
11452804
11547411
11559055
11570060
11589667
11611460
11650656
11693576
11699467
11759696
11801671
11864587
11919624
11946336
11969092
11994252
12068560
12138632
12156951
12200003
12226784
12321187
12341772
12586779
12606599
12629904
12641323
12652887
12665547
12691912
12714415
12735027
12761347
12774020
12799052
12855375
12882147
12895052
12924419
12936580
12947104
12986056
13056144
13074459
13114060
13125987
13148755
13173939
13195040
13220868
13243467
13306375
13361424
13397520
13403399
13463624
13513476
13525123
13555744
13642403
13662476
13668879
13681043
13710560
13732931
13771799
13802632
13861584
13897168
13964168
13975591
14025539
14045380
14210128
14229771
14273032
14312032
14321988
14424083
14459020
14485060
14566664
14689731
14710340
14720352
14772243
14779171
14798988
14822224
14860359
14890248
14942871
14962955
14989832
15049808
15076387
15143520
15216679
15229832
15239307
15369740
15409348
15484128
15534348
15728763
15801872
15929475
15942404
15968288
16000800
16043012
16158992
16258436
16270851
16402576
16793475
16804895
16811823
16831667
16851407
16872019
16882019
16894668
16920887
16933547
16943515
16964103
16985928
17024075
17045719
17058635
17080443
17106587
17126663
17153552
17176163
17188300
17238063
17281155
17294084
17312359
17332680
17339083
17350999
17380395
17393552
17403015
17442003
17472588
17513092
17524995
17531443
17551776
17567027
17587872
17610116
17622531
17634124
17645795
17695623
17715227
17754256
17832507
17844647
17867415
17887499
17892471
17962127
17975059
18000931
18025155
18045252
18068064
18103648
18122179
18142788
18162467
18182284
18204691
18243655
18254672
18322696
18354116
18373699
18408672
18420115
18432527
18458892
18481515
18502352
18566280
18622603
18649127
18662280
18753036
18841796
18879835
18892487
18918864
18942743
18962571
18985864
18997287
19012576
19023987
19047235
19067076
19072419
19093004
19149327
19161491
19172003
19192076
19213379
19240160
19283080
19301399
19342032
19398847
19419939
19445779
19484000
19506756
19533323
19588360
19599431
19690576
19753480
19759371
19802436
19841632
19935459
19948364
19957839
20000416
20026883
20039044
20088520
20127771
20158608
20191120
20202539
20253128
20322563
20335236
20357536
20456711
20499984
20566088
20609056
20615940
20627587
20709971
20782084
20922640
20974827
20995920
21017671
21041831
21053755
21080587
21103199
21123523
21162336
21175315
21210252
21244812
21264419
21271315
21282959
21325408
21335364
21374219
21417480
21483600
21502223
21514899
21537187
21557772
21563203
21583044
21632904
21644327
21694928
21792464
21831703
21862536
21901536
21923907
22030675
22057420
22069859
22099716
22111363
22141984
22180936
22243856
22249735
22285831
22340880
22351947
22413491
22434592
22460420
22559888
22578203
22618824
22688259
22700420
22710944
22825036
22873504
23078451
23098784
23109252
23121155
23148620
23167187
23210119
23236651
23249808
23331175
23352008
23415952
23531908
23544323
23617611
23628616
23696656
23798560
23840772
23860355
23873284
23899168
23992848
24052808
24118155
24137751
24176776
24251660
24330464
24388804
24478220
24647264
24709155
24813648
24916232
25166835
25186415
25213764
25225411
25238924
25251363
25273619
25300295
25355856
25367307
25378967
25425928
25437351
25458440
25467915
25520464
25526855
25569811
25596556
25608483
25637956
25695767
25707915
25734792
25757787
25800912
25827491
25840396
25862159
25888480
25964867
25977540
25987552
26067980
26157448
26224203
26266952
26294279
26312875
26333968
26355916
26382419
26436896
26447364
26476831
26497667
26536480
26631184
26690120
26751904
26763315
26774275
26794116
26903952
27006152
27069072
27198467
27273515
27294352
27300231
27312667
27354312
27404164
27423747
27446432
27492684
27528780
27594803
27607968
27633796
27656395
27821155
27861635
27881732
27892256
27931208
27995152
28067847
28091152
28185888
28314771
28357644
28381892
28393795
28443175
28463496
28623056
28842320
28903176
28984388
29171808
29263880
29372571
29385479
29394999
29464136
29507104
29525635
29545732
29565027
29639763
29690243
29710852
29733152
29759816
29820688
29893964
29976736
29983620
30003203
30064840
30147115
30167440
30280836
30414115
30426764
30477152
30531652
30558219
30581512
30683728
30747656
30835808
30933191
31133708
31464003
31476164
31498976
31523855
31593680
31656584
31753608
31875084
32005128
32064080
32112915
32280644
32579984
32774304
32808963
33040900
33079584
33556863
33577699
33599955
33612367
33625907
33637551
33664900
33684483
33687499
33707095
33746120
33757575
33770011
33792299
33813136
33828395
33848720
33855111
33867035
33894503
33907656
33917131
33955999
33977091
33986611
33999776
34047564
34086043
34098951
34120759
34144983
34165067
34191944
34214447
34226611
34253443
34273540
34278499
34367571
34374499
34394316
34416003
34436612
34446624
34485576
34548496
34586631
34614471
34641003
34654160
34681483
34693399
34703911
34724232
34742899
34763232
34773700
34785603
34814988
34833555
34868115
34887695
34910988
34922659
34936260
34948675
34997543
35018376
35080400
35141923
35154572
35160463
35181075
35202912
35245124
35283979
35294984
35361104
35397200
35455035
35524803
35537732
35563616
35660711
35680315
35691275
35702935
35745360
35751239
35794195
35820940
35833379
35861316
35872963
35903584
35914995
35936096
35961924
35986060
35997987
36020755
36047431
36102480
36115467
36189763
36201924
36212448
36251663
36278435
36291340
36321488
36339803
36382344
36442391
36455051
36481416
36588556
36635104
36701727
36722051
36760864
36771923
36806860
36833451
36854544
36876295
36914504
36970827
37014088
37082128
37184032
37193988
37229512
37240935
37293456
37421827
37441668
37500064
37522435
37651088
37763607
37775755
37782203
37802279
37823579
37854416
37893283
37906188
37915663
37956320
37982787
37994948
38018371
38031044
38053344
38077199
38097043
38135820
38147024
38158443
38210952
38304864
38311748
38323395
38351244
38363683
38373651
38412615
38455888
38523912
38537383
38558472
38580235
38618448
38667795
38737988
38805408
38816819
38840067
38859908
38863331
38883916
38932763
38945415
38971792
39073992
39092311
39134864
39266307
39293088
39324235
39379272
39392263
39453900
39536928
39559684
39595268
39634464
39743504
39850191
39863123
39888995
39915139
39935236
39958048
39984712
40042551
40133639
40144656
40210760
40253728
40272259
40292868
40371499
40392336
40454344
40504196
40523779
40558752
40641100
40731780
40908112
40971016
41009163
41052228
41059168
41161251
41173388
41225312
41329672
41427091
41457676
41956623
41969299
41979299
41999884
42019651
42039492
42046432
42057843
42089352
42100775
42107671
42127499
42149328
42209883
42222023
42248912
42273815
42316936
42343648
42378307
42402467
42422540
42475755
42496848
42506311
42560776
42567179
42610244
42648928
42676243
42698892
42731404
42751011
42814048
42836292
42862859
42918408
42995895
43008811
43034651
43060936
43130371
43142532
43165344
43188303
43279436
43329952
43356419
43369092
43418056
43517267
43588356
43600003
43642912
43669576
43730448
43786759
43829520
43947012
44059723
44083016
44106139
44126727
44153104
44175715
44188364
44240672
44295172
44316803
44329732
44335151
44447248
44509256
44567091
44587424
44610180
44622083
44635212
44696711
44916880
45103712
45122243
45142340
45163555
45255760
45322760
45358344
45417296
45498387
45663368
45752588
45877444
46138983
46159304
46209067
46222224
46243975
46270675
46313548
46339716
46351619
46407987
46428832
46438788
46451203
46580880
46666627
46678047
46705440
46800144
46859080
46959688
47026704
47129632
47195076
47214659
47237344
47285516
47407240
47449227
47581708
47724040
47786064
47874083
47976800
48245900
48272403
48324960
48335428
48374283
48417032
48519248
48580104
48629060
48792016
49086531
49156232
49285383
49340944
49435680
49623044
49873568
50345676
50357603
50368083
50407603
50428704
50434079
50447235
50477131
50495719
50516808
50537991
50580752
50598315
50610743
50637063
50682952
50732804
50744451
50787360
50790739
50864923
50884743
50895760
50907179
50955720
50998688
51025155
51037828
51077196
51119183
51190275
51202436
51225248
51251912
51319952
51385159
51396827
51443792
51449099
51504648
51531360
51553604
51577740
51597347
51655699
51678348
51718724
51757408
51800328
51806731
51906211
51926284
51976416
52011075
52037655
52080776
52175312
52436007
52449160
52470923
52494955
52515280
52564627
52576527
52603404
52628676
52717792
52724676
52744259
52765964
52936840
52955587
52976196
52998496
53036051
53086032
53156104
53253640
53315664
53354531
53492100
53504515
53510451
53531296
53634192
53805191
53874764
54013000
54080016
54232096
54266656
54321156
54527383
54547979
54574344
54609991
54633296
54659875
54679692
54714387
54728032
54796995
54817092
54827616
54887459
54930512
54997512
55054451
55067616
55093444
55119372
55246987
55338120
55476492
55582767
55613571
55626500
55744016
55806024
55838536
55908624
56050692
56213648
56365700
56377603
56673356
56701187
56713860
56723872
56762824
56887323
56930448
57018016
57174288
57180679
57291780
57495584
57674448
57742472
57803843
58261828
58343944
58722959
58743059
58765859
58777996
58791107
58804036
58829920
58852411
58923600
59020624
59072523
59083528
59122528
59164740
59264208
59310375
59331208
59380164
59392579
59521036
59539603
59780880
59819015
59846984
59908483
59929092
59939104
60033123
60102176
60268560
60326476
60368004
60702880
60825687
60856520
60917392
61026464
61048835
61081347
61101188
61213072
61367840
61377796
61526032
61620552
61800964
61867488
61949964
62136968
62394379
62941768
62947659
63009808
63121668
63160864
63196448
63219204
63242444
63311879
63450115
63476896
63578768
63970372
64029203
64110928
64278536
64489864
65016588
65028259
65642504
65669216
66224260
66847760
