13486
105545
296898
493732
873492
974858
1225089
1327309
1576548
1671832
2103957
2437896
2674912
3441713
4277921
4301168
4336328
4467973
4591715
4790658
5560832
6701456
6825490
7999500
8409906
8449168
9044182
10641445
11176704
11601284
11806786
13124936
13830161
14712971
16958033
17113235
17326980
17446960
17860878
18809152
19664008
20054690
22025424
23150662
25168353
25383048
25789474
26224137
29622332
33597987
33708356
35004948
35702284
35885074
36438310
37777433
39126026
40895297
42320129
42543116
43155560
48241696
50401040
50619488
50860618
51449893
62406672
63054082
