462056
462612
471252
471848
839297
848193
868531
993291
1295296
1366308
1369368
2622671
2623283
2677016
2680100
3198273
3207809
3227919
3309747
3346049
3354945
4209724
4239601
4240141
4817550
4866382
5341554
8126524
8141824
8424690
8433870
8434482
9011533
9061005
9585009
12894548
13428744
13533360
13571080
13632451
13877251
13894860
13895472
15206156
15782920
15810736
15935496
16778236
16793536
16832899
16836163
16862251
16871447
16881064
16881236
16886164
16886376
16930196
16930408
16935336
16935508
16944151
16953387
16980547
16983427
17023036
17038336
17063430
17064390
17064506
17074361
17075013
17085573
17106078
17106786
17119394
17158689
17175009
17175069
17182241
17220770
17254533
17277446
17322158
17322834
17329298
17335761
17335853
17349137
17369546
17369654
17380874
17424521
17439881
17440949
17441609
17484298
17516049
17535122
17567140
17567320
17576344
17576548
17668108
17671216
17717296
17720332
17843293
17844129
17856609
17862942
17863394
17870114
17898757
17899833
17900229
17942598
17959034
17959814
17970246
18014469
18043170
18056289
18137740
18284876
18285232
18438784
18441536
18449155
18497731
18520384
18523776
18630921
18653258
18681937
18744594
18893109
18893513
18904329
18914378
18915446
18916234
18944109
18944913
18951249
18990354
19006766
19007186
19020050
19058769
19095626
19106057
19224896
19228288
19235011
19284739
19307136
19309888
19448496
19595632
19678305
19697954
19734789
19793990
19926424
19926628
19935652
19935832
20027440
20030476
20076556
20079664
20205714
20219409
20253194
20324489
20472326
20482181
20513954
20582945
20710336
20955136
20978009
20978341
20981093
20981401
21020890
21021478
21168358
21168922
21252204
21253008
21263440
21274899
21303604
21304008
21310728
21365835
21418248
21465168
21513528
21513924
21526788
21532743
21568608
21569628
21570464
21629219
21684320
21726468
21763841
21768385
22041099
22054068
22054728
22067336
22087827
22143504
22158864
22159824
22159916
22234248
22282666
22282838
22385666
22439938
22547470
22556722
22626341
22708249
22841888
22941828
23093411
23103968
23104028
23115296
23135751
23187588
23204024
23204676
23211140
23284256
23333938
23343118
23412761
23494693
23593366
23593578
23701506
23745538
23889032
23994896
24122561
24128257
24397060
24453216
24660048
24711432
25172326
25172634
25175386
25175718
25215205
25215769
25362649
25363237
25446483
25468176
25469228
25469648
25497867
25543752
25560180
25560968
25573448
25649424
25707783
25727096
25727876
25734212
25763939
25807136
25823516
25823968
25834784
25907268
25957570
25963266
26235336
26235444
26242568
26248331
26282156
26282832
26293392
26354195
26396816
26448392
26476949
26477161
26585089
26629121
26741809
26750989
26820634
26902566
27025568
27067908
27286688
27287708
27288416
27298339
27329988
27330104
27343364
27398279
27444740
27500704
27528205
27537457
27607078
27688986
27787689
27787861
27890689
27944961
28070408
28117136
28317442
28321986
28610628
28707104
28877072
28968008
29360191
29375491
29416000
29418880
29445140
29454376
29527080
29536276
29563264
29566528
29647365
29657222
29688993
29757986
29905041
29918738
29952521
30023818
30426210
30445857
30482694
30541893
31031488
31081216
31475978
31498313
31526994
31589649
31818496
31867072
33292291
33609380
33614488
33653147
33653351
33702311
33702491
33756516
33756824
33761624
33761956
33837173
33837961
33844297
33850678
33851082
33863946
33884461
33884881
33895697
33939538
33954898
33955950
33956754
33999121
34030858
34050121
34102561
34103581
34104033
34113630
34114466
34124898
34145401
34146181
34158661
34197766
34214202
34214598
34221318
34260037
34293858
34316577
34428480
34433408
34510208
34515520
34621906
34621998
34633234
34643089
34644141
34644817
34672822
34673482
34679946
34719241
34735561
34735669
34748937
34787466
34824337
34834962
34953219
35038211
35133836
35134064
35136944
35137100
35228708
35237912
35277848
35287076
35406982
35426821
35463714
35522721
35669178
35669830
35682438
35688901
35689017
35696133
35724834
35725794
35725854
35768481
35784861
35785569
35796129
35840546
35869189
35882118
35920304
35920460
35923340
35923568
36015128
36024356
36064292
36073496
36267011
36345859
36456978
36479121
36507786
36570633
36787584
36792896
36869696
36874624
36987169
36997218
37028933
37097734
37245001
37258506
37292305
37363794
37752170
37752470
37761366
37761706
37853378
37857026
37903106
37905602
38028835
38047900
38048608
38055072
38084743
38128132
38144452
38144568
38155780
38228128
38291595
38313480
38314440
38314548
38343187
38388880
38405292
38405968
38418576
38494728
38541350
38544410
38820932
38822008
38822788
38832391
38864156
38864608
38877472
38932579
38978848
39034948
39206925
39321813
39322409
39371330
39518594
39604496
39651400
39866668
39867088
39873808
39879763
39913588
39914376
39924808
39985419
40028232
40079632
40108265
40108821
40157570
40305218
40517681
40656964
40699168
40900634
40903718
41198088
41288848
41455776
41552388
41946453
41946793
41955689
41955989
42048257
42050753
42096833
42100481
42223072
42223132
42236448
42242211
42278020
42279096
42279748
42338823
42393732
42436128
42485940
42486600
42497160
42508811
42537424
42537516
42544656
42599571
42652176
42698888
42735641
42738725
43016263
43026744
43027140
43037956
43058467
43110496
43126876
43127712
43134048
43206916
43352078
43516138
43516694
43565441
43713089
43811920
43917576
44060947
44074092
44074896
44087376
44107851
44163336
44178696
44179764
44180168
44254288
44302550
44303146
44352065
44499329
44662834
44861700
44961888
45094949
45098009
45369480
45421072
45631008
45686916
46236068
46236248
46285208
46285412
46420042
46433545
46467346
46538833
46686498
46696545
46728262
46797061
47204881
47227026
47255689
47318538
47539200
47618048
48252037
48271878
48308769
48367778
48846848
48931840
50384140
51647544
52176916
52967464
54608705
58884419
58933890
67158379
67158679
67196099
67201795
67278595
67283139
67305815
67306155
67389726
67390178
67400994
67411041
67412061
67412897
67440762
67441542
67447878
67486981
67503417
67503813
67516677
67555398
67592289
67602722
67650678
67651466
67663946
67670325
67670729
67677449
67706130
67707182
67707602
67749969
67766381
67767185
67777617
67821842
67850505
67863626
67900748
67901104
67905904
67906188
67993828
67994392
68042968
68043556
68178105
68178757
68185221
68191686
68191802
68205062
68225505
68225565
68236833
68280482
68295842
68296862
68297570
68340257
68371974
68391045
68504624
68513804
68586508
68595760
68685379
68694403
68764052
68764264
68845992
68846164
68968977
68978834
69010569
69079562
69230097
69231057
69231149
69241006
69241682
69252242
69272757
69273417
69286025
69325322
69341642
69341750
69348874
69387401
69421202
69444113
69471619
69481027
69550504
69550676
69632404
69632616
69815308
69824560
69897264
69906444
70013061
70026758
70060577
70131874
70260364
70265164
70265520
70353112
70353700
70402276
70402840
70534218
70553865
70590738
70649937
70797602
70819937
70848582
70911237
71358514
71361550
71406617
71411749
71455781
71460889
71505934
71509042
71589000
71590068
71590728
71600651
71632336
71632428
71645712
71700627
71747088
71803016
71848416
71848476
71855648
71861411
71895224
71895876
71906436
71967239
72009860
72061472
72092693
72101929
72369427
72388716
72389520
72395856
72425547
72468744
72485172
72485576
72496392
72568912
72620354
72623746
72663233
72811265
73179396
73270368
73418823
73440516
73441592
73441988
73470243
73516128
73532508
73533344
73545824
73621764
73931394
73934146
73974529
74121409
74223696
74320136
74452009
74461205
74732064
74778756
74997896
75040272
75552781
75555889
75600934
75606042
75650074
75655206
75700273
75703309
75784331
75794888
75794996
75806216
75826707
75878544
75894956
75895632
75902096
75975176
76042787
76055708
76056416
76069024
76089479
76145156
76160516
76161476
76161592
76235936
76287018
76296214
76563756
76564176
76577040
76582995
76618824
76619892
76620680
76679435
76734536
76776720
76814977
76817729
76858114
77004994
77350980
77402400
77613176
77613956
77624388
77635847
77664540
77664992
77671712
77726819
77779232
77826116
78125377
78128769
78168258
78316290
78398736
78454856
78646294
78655530
78939296
79045124
79202824
79302800
79741608
79779584
79784128
79860928
79866624
79888744
79889044
79972641
79994978
80023621
80086278
80233545
80253194
80290065
80349266
80760966
80774661
80808482
80879777
81268096
81277504
81814034
81823889
81855626
81924617
82054720
82063744
83988098
83996994
84036930
84416724
84419816
84420372
84941608
85198887
85513220
85665824
86304784
86447108
86509595
88211853
88212081
88240768
88948802
91390210
92291662
92340658
93225473
95502849
97781784
99092516
100717904
115348528
116408640
117528600
117531684
117610532
117613592
117720209
117740050
117776905
117835914
117983749
118005894
118034593
118097442
118513930
118523977
118555730
118624529
118849920
118899264
119013732
119014040
119558242
119571745
119605510
119676997
119800152
119800484
120160832
120209792
121640322
121645634
121733162
121782294
121930820
122036512
122194192
122294344
122701984
122753540
123216897
123749896
123805840
124000257
125834817
125839745
125927445
125976617
126112004
126158944
126378064
126420232
126919200
127009924
127408130
127963272
128059920
128197634
