4095
996697
998054
1500821
1501546
1692620
1694771
6415702
6417065
7262223
7799747
7801916
7878298
7879013
10704485
10705306
11297596
11300035
11907312
12223913
12225110
12759859
12762316
13469290
13470101
13915558
13916761
14380800
50553840
50555919
51140265
51140950
51742053
51743386
52080700
56788646
56789337
57523200
57958451
60831125
60832362
61800652
62313216
63033539
64488207
64490736
84072026
84072869
84796163
85209295
85212976
85656982
85658217
90387212
90965589
90966442
91939008
94470207
94474176
95968268
96494953
96496278
97472560
97946627
100775338
100776533
101613811
101617420
102194368
102262374
102263193
106975484
106979075
108626736
111340592
112461146
112462501
112930819
113444505
113445222
114045888
114679820
