125225
250450
492709
697929
985418
1395858
1598566
1970836
2433148
2791716
3175185
3197132
3933481
4186112
4481475
4602928
4795013
4866296
5575241
6342179
6394264
6431502
7866962
8695823
8962950
8992080
9197665
9511594
9578581
9590026
9732592
10760064
11142291
12684358
12780337
12863004
15733924
16951698
17383455
17925900
17975969
18387139
18955267
19023188
19157162
19171861
19465184
21017188
21520128
22029465
22284582
25368716
25560674
25726008
31459657
33617044
33903396
34349619
34766910
35142024
35795169
35851800
35951938
36766087
37902343
38046376
38306133
38343722
38930368
42026185
43032065
44058930
44569164
50358858
50729241
51121348
51452016
58729765
62919314
67483840
67850625
67922196
68584195
68735528
70059526
70354001
71869856
72429590
73010188
73430088
73599138
76167682
76630848
77742125
78911512
79743121
80089412
83977776
85074280
85218309
86152832
88375386
90705969
92377378
93061769
94380230
100846688
101065866
103039696
103319563
103819812
105188609
109093656
109641908
114294883
117637701
119014674
121651596
