28878
190048
197453
643601
950918
1127461
1542432
1876041
2117148
2295186
2965604
3313748
4300858
4539529
5388808
5837248
6300369
6346912
8128530
8655672
9481360
10627110
11045696
11796869
12798032
13132065
15729768
16870272
17195029
17315952
17335720
18155088
18896193
19269832
20578849
21006407
26806284
27627522
29496452
33730945
33828162
33888404
35136276
35947569
36799112
38342176
40256256
40374285
42008803
42059012
50548776
55845024
58729993
61358224
67214408
67420624
67787012
68160228
70005888
71700577
72386305
75677707
76022869
80028164
84938905
88621640
90177844
92556320
93462848
102106124
103835649
104879122
110661664
113248648
117606928
118292737
