781034
1187695
2088705
2375390
2573271
2684471
3060092
4023086
4059289
4074725
4324231
4750780
5069421
5140306
5146542
5460222
5543921
5716788
5999065
6405353
7279675
7482043
7661909
8046172
8075138
8149450
8893107
9379312
9501560
9946221
10041519
10079686
10138842
10959179
11243149
11622115
11689365
11900694
12264305
12969928
13024285
13496406
13846299
14053801
14064326
14477835
14493333
14862834
15035558
15211351
15314202
15360207
15569317
15797228
16513056
16899419
17101039
17808422
18163194
18376653
18535346
18692691
19110517
19189732
19616233
19654036
20117534
20358937
20416931
20520632
22302263
22705265
23022732
23378730
23430735
23491847
23554168
24031937
24237356
24240850
24681607
25373598
25773694
25802537
26110757
26117463
26340529
26456517
26626777
27274621
27455043
27776138
28986666
29118708
29140642
29206604
29233679
29840226
29928180
30071116
30103699
30149867
30684780
30720414
31425080
31552029
31594456
32300560
32542843
32705622
33375553
33434000
33781465
34148279
34385529
34979212
35055239
35537275
35907885
36545987
36592291
36753306
37133395
37196520
37295453
37399366
38111614
39437483
39498285
39631026
39872363
40014239
40066574
40489840
40581332
40643469
41234535
41371056
41782820
42104951
42742758
42751135
42900250
43098719
43462186
43733900
43836724
44134842
44220320
44356429
44396305
44604526
45483470
45842614
46241468
46456099
46850961
46867820
46896707
47197651
47537240
47861472
48171271
48629365
49087194
49345732
49705490
49825853
50747196
50788816
51002763
51323069
51547388
51636064
52221514
52980978
53064334
53303574
53415752
53490613
53561551
53771305
54572886
55021202
55176261
55408288
55732646
55907211
56086549
56171874
56191768
56230615
56935097
57314609
57589862
57826113
58237416
58467358
58885099
59055813
59623848
59890214
59971897
60440084
60776642
61122711
61191280
62131058
62451971
62945994
62996981
63104058
63713625
63999757
64399457
65411244
65512196
65554310
65612323
66266249
67349719
67461034
67466613
68273085
68794084
69087639
69142219
69437306
69892889
70044943
70101936
70300619
70479304
71028807
71750235
72005987
72272053
72412270
72547984
72981022
73163512
73215273
73561060
73899332
73917985
74010321
74537267
74733197
74948750
74974710
75691790
76157693
76244387
76348609
77064466
77237811
77336412
77435242
77715676
78006894
78853180
78931035
78952997
79194774
79610816
79762895
79773298
79962943
80267109
80689800
80964165
81679398
82186115
82367146
82788636
83135672
83300561
83531017
84274716
84319117
84565702
85160491
85369462
85674356
85759037
86131903
86775651
86935770
87109383
87380824
87604560
87607913
88322488
88647323
88807189
88943046
88982834
89143517
89310659
89512160
89529626
89977604
90510006
90797130
90844716
91619693
92315062
93053017
93091898
93176455
93560392
93608263
93783972
94495078
94708457
94818609
94985253
95171980
95454933
95566050
96010651
96700463
96832337
96888020
97891331
98048929
98181962
98625929
99321056
99641136
101245406
101440568
101915602
102250298
102660172
103029241
103152194
103165238
103630060
103716500
103833204
103997681
104124838
104270365
105008477
105212059
105264362
105422792
105603638
106110117
106252102
106351400
106525121
106931280
106990311
107279640
107678122
108686339
108823315
109080237
109364978
109544857
109661003
109689109
110286987
110438644
110507841
110973489
111350567
111826258
112107563
112299361
112846344
113056898
113531796
114402210
114463092
115114189
115459095
115518040
115881137
116156768
116406542
117500723
117521260
117918819
118067443
118584470
119244046
119253633
119278254
119295377
119658369
119714893
119956362
120349269
121581856
121881292
121939365
122179887
122559088
122750585
123937107
124622857
124881300
124950050
125054656
125456536
126135626
126292062
126429136
126546084
126899688
127185560
127411303
127933979
128142000
128484156
128584133
129420292
130252032
130958857
131647570
133513258
133763652
