23477
81493
91621
139051
158899
171461
181877
238485
260133
308022
326112
378800
409488
419591
481904
527741
546509
602925
616605
633166
692413
707341
831272
849048
889208
903880
930536
944472
986296
1005320
1060749
1078333
1100446
1118685
1133165
1225293
1281053
1347032
1353299
1365608
1422216
1435704
1461160
1519176
1581813
1603909
1645733
1656597
1762437
1802597
1891088
1904514
1959232
1973600
1984208
2040624
2062464
2140733
2158989
2200685
2255949
2296237
2314781
2380760
2438712
2452872
2528680
2543128
2617416
2664261
2696475
2726165
2736805
2767493
2777397
2819285
2889239
2907808
2964288
2973936
3053776
3064672
3122816
3179957
3202565
3268693
3283061
3294149
3352101
3411051
3418080
3439696
3479984
3586592
3596688
3638384
3705037
3806477
3943064
3961128
4003016
4163848
4213211
4236509
4299405
4309309
4339997
4350637
4392781
4480312
4536536
4547432
4627272
4636920
4695320
4762021
4780565
4836421
4863077
4917813
4936069
4983792
5060000
5074448
5150256
5164416
5220448
5278549
5296357
5354757
5379733
5393701
5449925
5519879
5534384
5576528
5590240
5682368
5737104
5755168
5801517
5857323
5914717
6038648
6050883
6101544
6111640
6218248
6295269
6313301
6369461
6384389
6456379
6460197
6473877
6597808
6616832
6656736
6670672
6697328
6712000
6754080
6771856
6816669
6838317
6981955
7053325
7119304
7193640
7224328
7275096
7348589
7423117
7635768
7657608
7750984
7807144
7875605
7934533
8162880
8237072
8262528
8276016
8431271
8453680
8494032
8545264
8609184
8652758
8674406
8727268
8731011
8736577
8741427
8745300
8787185
8817012
8821267
8831395
8835780
8889414
8956152
8975176
9017000
9030936
9057592
9072264
9112424
9130200
9177771
9182604
9195803
9452714
9490872
9548888
9552995
9574344
9587832
9644440
9663016
9709662
9724617
9770510
9898023
9996144
10017984
10074400
10085008
10099376
10167520
10233126
10240572
10305734
10368513
10489784
10564072
10578520
10654328
10668488
10726440
10846428
10864651
10888012
10891307
11032944
11091088
11101984
11181824
11191472
11247952
11313299
11331652
11469571
11472996
11565952
11607648
11617744
11724352
11764640
11786256
11829862
11944982
12060355
12070216
12108039
12129048
12142760
12234888
12606184
12664584
12674232
12735503
12754072
12764968
12821192
12886795
12890220
13041819
13060172
13114150
13115735
13129616
13185166
13185648
13199808
13275616
13290064
13366272
13468484
13471779
13527043
13643472
13661536
13681602
13716272
13808400
13822112
13864256
13929606
13944081
14029126
14164904
14186520
14193930
14239304
14385208
14485585
14557332
14723936
14741712
14783792
14798464
14825120
14839056
14878960
14897984
14909974
14944563
14948948
14959076
14963331
15017153
15246872
15308872
15360104
15402376
15467598
15762664
15851784
15866152
15876760
16288144
16306720
16389200
16460288
16829304
16887448
16905512
16930488
16962898
16986968
17000680
17019058
17052315
17066283
17070668
17108174
17273099
17341872
17408992
17430608
17434855
17456064
17466266
17487914
17514016
17524112
17579201
17589334
17629619
17634004
17652227
17736227
17740100
17863883
17874752
17884400
17947296
17969543
17987888
18029776
18040672
18095382
18106022
18162502
18251990
18270529
18296929
18377314
18395704
18409864
18451560
18468877
18510920
18551208
18565656
18584130
18615857
18617161
18696484
18889456
18903143
18921754
18932394
18964240
19048240
19070080
19077770
19110240
19120848
19172292
19175587
19186451
19219545
19268966
19343444
19357827
19412872
19426360
19466712
19485288
19573320
19633176
19793947
19808460
19928440
19943112
19999528
20017304
20089016
20108040
20227337
20238388
20464560
20522576
20612544
20701216
20808710
21000096
21007631
21058032
21090842
21146064
21164640
21206912
21220400
21271905
21342227
21356740
21367683
21372068
21381972
21385267
21510504
21521112
21563192
21585032
21595346
21669032
21698834
21741896
21792860
21807243
22027160
22089283
22095304
22152626
22185560
22263816
22422542
22550240
22564176
22620336
22639360
22711072
22728848
23004417
23109160
23119256
23175288
23200744
23222360
23291400
23396907
23630672
23644384
23702784
23727760
23745824
23802048
23867651
24162720
24177168
24237120
24258595
24318512
24332672
24379633
24397894
24449292
24667266
24740488
24781080
24912420
25179470
25234203
25252011
25306729
25340043
25354332
25466648
25480360
25530788
25561816
25579880
25626133
25638024
25704499
25715587
25757286
25935891
25991776
26001872
26059824
26085280
26106896
26174016
26221254
26225121
26231158
26286140
26289302
26297228
26366545
26380038
26438657
26523792
26534688
26576576
26617168
26680064
26689712
26749716
26758158
26870937
27142184
27302993
27313350
27369763
27394739
27416835
27540768
27551376
27591536
27613376
27697376
27772160
27820396
27824651
28061784
28118536
28422660
28461604
28508489
28578472
28592408
28643347
28975174
29115488
29172096
29262352
29397395
29411875
29494358
29509057
29569539
29635520
29649008
29691280
29709856
29797888
29855824
30015787
30020172
30172424
30212328
30442164
30507086
30613796
30678088
30745112
30835080
30990401
31199536
31214208
31467724
31481883
31769160
31850556
32049283
32281728
32507681
32868384
32927744
33611656
33631602
33650370
33667688
33677784
33692152
33722082
33761192
33782808
33787991
33811202
33826414
33846601
33885020
33888315
33899403
33902828
33990860
34005019
34086490
34096618
34132720
34191120
34204832
34230064
34286288
34304352
34351891
34355316
34366404
34369699
34411846
34539105
34572419
34629402
34646960
34669306
34691402
34706912
34721360
34748016
34762176
34775402
34821008
34849930
34867686
34886230
34947441
34958342
35003073
35034150
35071121
35140050
35169992
35214386
35231896
35242792
35273480
35283128
35302418
35325272
35390622
35539977
35681712
35736544
35751754
35792090
35828672
35842160
35864890
35884432
35903008
35949654
35964609
36020580
36024835
36045556
36049299
36063779
36067652
36184952
36206792
36222050
36248872
36259480
36276786
36295042
36336146
36365576
36392002
36405480
36471083
36475468
36723256
36738706
36752674
36791400
36808898
36834130
36851938
36871240
36910338
36938264
36970551
37158990
37227760
37246784
37273690
37302944
37316880
37357098
37392688
37407360
37626177
37780304
37809226
37822128
37849514
37890618
37928224
37938832
37950570
37978992
38000832
38044339
38048212
38066435
38145361
38159558
38215971
38220356
38284696
38303272
38320770
38330674
38343624
38357112
38414146
38449240
38505992
38538279
38666604
38670859
38801256
38806755
38819032
38836338
38875448
38885397
38890120
38952450
38965928
38979864
39018578
39111204
39157961
39338631
39344544
39402560
39454922
39502944
39559552
39624774
39853506
39863922
39881432
39899496
39920530
39957640
39982872
39996584
40018086
40053064
40118411
40132700
40404896
40426512
40493632
40508000
40518096
40576048
40700100
40714259
40907338
40936784
40963098
40999680
41009328
41040016
41050912
41092800
41158406
41227297
41461800
41484642
41635848
41951675
41956060
41970028
41974283
42026078
42142921
42172971
42238952
42239037
42260568
42329608
42342956
42354072
42410104
42478790
42533364
42537619
42551587
42555972
42624081
42639972
42643715
42765968
42784032
42840256
42865488
42879200
42937600
42995254
43013510
43069542
43140769
43155921
43173958
43297888
43315205
43356720
43370880
43397536
43411984
43471936
43516750
43520233
43819288
43975304
44075907
44090196
44093491
44176966
44247059
44261572
44313040
44314117
44331616
44373888
44387376
44479504
44534336
44697692
44712075
44836008
44908872
45127844
45130766
45351309
45352536
45430792
45531176
45712401
45878048
45895824
46171494
46241345
46245972
46260355
46271428
46274723
46285587
46289012
46409520
46431360
46471520
46482128
46588224
46630048
46696475
46710988
46934600
46994456
47013924
47326473
47450296
47469320
47907846
47973824
48142336
48300652
48304395
48532744
48632008
48767523
49053808
49169920
49283286
49301825
49586816
49742096
49819908
50337014
50351942
50399185
50408099
50411972
50426131
50486369
50497843
50512356
50516611
50635203
50640544
50654480
50694384
50713408
50735968
50753744
50795824
50810496
50862475
50872891
50876764
51020878
51173508
51175528
51217800
51258904
51320904
51405006
51447086
51521625
51582473
51675663
51681576
51774696
51863816
51918342
51972182
52117697
52204624
52275712
52300176
52318752
52527259
52545612
52568843
52667457
52698264
52709160
52765384
52855128
52879876
52994260
53012483
53153827
53219808
53234256
53310464
53382176
53512801
53514566
53611654
53620780
53626129
53752592
53766304
53808448
53973120
54199044
54329400
54567820
54571051
54722780
54741003
54792824
54864936
54973448
55149315
55189651
55208004
55320320
55329968
55386448
55476928
55624726
55862848
55903136
56008752
56134785
56373384
56625524
56629779
56639907
56644292
56932416
56985104
57025920
57098336
57152585
58067464
58507520
58765680
58780352
58822432
58840208
58861748
58881792
58921696
58935632
58987299
59000979
59292680
59295237
59343448
59384264
59458600
59509061
59580427
59819336
59875496
59900728
59922568
60330880
60344368
60427840
60502032
60824392
60834040
60884133
60891420
60982920
61100046
61347376
61361536
61417568
61526080
61879488
61934224
61952288
62040320
62415368
62920104
62927893
62934552
63008840
63080552
63445200
63456096
63514240
63603984
63701526
63978016
63979565
63988112
64029808
64209408
64555272
65070112
65110464
65151568
65215488
65437699
66097176
66715808
67123437
67134301
67176125
67198221
67212195
67282221
67354829
67410616
67424303
67478760
67503992
67525832
67582248
67592856
67646869
67661349
67688595
67701701
67719285
67807317
67868165
67934144
67947632
67994139
68004240
68022816
68032775
68047280
68105296
68163429
68177109
68199878
68233525
68252293
68324005
68342037
68480640
68520800
68538576
68561136
68580160
68621984
68635920
68688413
68698541
68756557
68977827
68991048
69084552
69156968
69243605
69257573
69315717
69340949
69358757
69415237
69495600
69537488
69555552
69643584
69702416
69716128
69780509
69861997
69872034
70018632
70058920
70080536
70164536
70325334
70353677
70394013
70524680
70529219
70534328
70590808
70600195
70681288
70823973
70993925
71045744
71059904
71117856
71226368
71343157
71354245
71434741
71457349
71463306
71525397
71567051
71581280
71591376
71654272
71738272
71759888
71812672
71864653
71961741
72041122
72102680
72116392
72158536
72323208
72369262
72411149
72459810
72552493
72618472
72632920
72709128
72780840
72974485
73016069
73145488
73156384
73212608
73302352
73414157
73467997
73496610
73589251
73700440
73771528
73795992
73814568
73928890
73943818
73949381
73991461
74225952
74236560
74319072
74408192
74455429
74465845
74613829
74768480
74810752
74851856
74913856
75537768
75548376
75604792
75626632
75629455
75651864
75720008
75785358
75825518
75901977
75960905
76073888
76093666
76131904
76156368
76174944
76231552
76245040
76296545
76352534
76498049
76582411
76591840
76605776
76647600
76666624
76689184
76706960
76716418
76747120
76761792
76812470
76827398
77046017
77091466
77128744
77169096
77210200
77274120
77496334
77608784
77622496
77666823
77681328
77718546
77732914
77769360
77787424
77829312
77894918
77990086
78004561
78022177
78133800
78143896
78185592
78365192
78649560
78660456
78718600
78800906
78808344
78927905
79173024
79187472
79261760
79333472
79706544
79759328
79780944
79864944
79927840
79937936
79989185
80003158
80284312
80302376
80390408
80746040
80760200
80811139
80816232
80872035
80924744
81281264
81339664
81430144
81826696
81840184
81923656
81997848
82363712
82419872
82445104
82466944
82885632
82977216
83051552
83173382
83624457
83930211
83948432
83990128
84004288
84030944
84045392
84085680
84099367
84117594
84150902
84156860
84169158
84220241
84227110
84296417
84331526
84378156
84452696
84515592
84525240
84555928
84566824
84598978
84608712
84674318
84808745
84969384
84991000
85034259
85058120
85072488
85082584
85140536
85278750
85395593
85494480
85512544
85570688
85595920
85609632
85666112
85731462
85876753
86006184
86016498
86064200
86164584
86221192
86286414
86511456
86529232
86585648
86600320
86643018
86676128
86690064
86868161
87032411
87043472
87062048
87102400
87115888
87134250
87208016
87264768
87429638
87563267
87564520
87597826
87639304
88083704
88102728
88158888
88172824
88216274
88248632
88263304
88482121
88507537
88606293
88627760
88695904
88753178
88775744
88842768
89063494
89138032
89159872
89170074
89201952
89212560
89318656
89358560
89424166
89494017
89653699
89665032
89722968
90220224
90282128
90293024
90323712
90333360
90375504
90459393
90763272
90900520
91261256
91362440
91784240
91898432
92278182
92296726
92366918
92413569
92442726
92479697
92599360
92654096
92680752
92694912
92736608
92799198
92816689
92827812
92963649
93030532
93098005
93102728
93258008
93332014
93352201
93618296
93734408
93913761
93917446
94145792
94245056
94507412
94569486
94635464
94724136
94803976
94914633
95160496
95179520
95455254
95693376
96524548
96584713
96733992
96751768
96756229
97035270
97335296
97435680
97650961
97665158
97789088
97861952
98566982
98635873
98869520
99025536
99172372
100674506
100692090
100711632
100722528
100734362
100748842
100784432
100825760
100840970
100867904
100877552
100933254
100943158
100994465
100999382
101078545
101090118
101148737
101197490
101219586
101233064
101247512
101270354
101307464
101323971
101330024
101388856
101403016
101418274
101450201
101468238
101695508
101749592
101763304
101792274
101802402
101821704
101846680
101864744
101892658
101920968
101984809
101986574
102238522
102276640
102286736
102342768
102368224
102389840
102458880
102564390
102766312
102780248
102816322
102836408
102855432
102909826
102927144
102944920
102965858
103291792
103320714
103359936
103450192
103528448
103687174
103823712
103829581
103834320
103876400
103898240
104055104
104106257
104346648
104401480
104530066
104874936
104894226
104912034
104932952
104968514
105007458
105022920
105065602
105111592
105219086
105387376
105402048
105415274
105458464
105476240
105547952
105566976
105690113
105920384
105933872
105974224
105992800
106080832
106103562
106140688
106301462
106316161
106455368
106497192
106547202
106573858
106964266
107000368
107014528
107036874
107056224
107115584
107155872
107170320
107221094
107283265
107489362
107550210
107577624
107618952
108006050
108024082
108054024
108134520
108564672
108662016
109058390
109069030
109138369
109216918
109235457
109261857
109285644
109361920
109371568
109412997
109413712
109455040
109516944
109527840
109578865
109581358
109643529
109938728
109998088
110168206
110313497
110400648
110496072
110649366
110766209
110936640
111019056
111190601
111415608
111430280
111771718
111942720
112009744
112099712
112328998
112485632
112525536
113311799
113385550
113525857
113582472
113672728
114037408
114051344
114332166
114569296
114626048
114852129
115345041
115362822
115724288
115746848
117451806
117510734
117531188
117597321
117611028
117739080
117813272
117838728
117852216
117967532
117973350
117994049
118047878
118164497
118260528
118375744
118431904
118490006
118511654
118573825
118624433
118726662
118866976
118897664
118948432
119576321
119671233
119685206
119809136
119872032
119882128
120334600
120340517
121374336
121669830
121684305
121903117
121907856
121925920
121967808
122128640
122261540
122503688
122946840
123471968
123864612
124027048
124653584
124854289
125304846
125864344
125882920
125965400
126036488
126387424
126476544
126490912
126501520
126920208
126982208
127033440
127075712
127140934
127935392
127957008
128009792
128155696
128520328
128977960
129024129
129499472
130035008
130093840
130107552
130199680
130555960
131072712
131617792
132268296
132680192
