1005
6827
10100
11881
13266
13486
20970
21209
24925
25785
26202
27616
38787
41086
41870
43213
44752
46536
47654
49455
54350
57879
59170
65032
67133
67544
70870
71521
71804
72137
84326
91909
92938
94776
101204
103601
113730
125090
127116
132431
138034
141075
144994
145640
154649
156069
157136
160394
166009
168792
176278
179205
180566
201456
205161
205404
205475
211206
216108
220352
223299
226592
229579
232800
234054
246917
262619
266982
268630
274989
279988
281832
287429
290307
297890
298509
301761
306218
307617
313280
313542
313882
323609
331556
335432
336029
338252
345115
346424
361068
361265
362763
371088
393391
396106
398744
398897
403486
406852
409955
413781
417284
418566
430140
434247
435842
445584
463268
475793
492579
497682
510528
532037
534194
534940
541291
553123
554005
556416
560808
563860
564516
571666
574739
579657
592816
594522
598330
604802
607345
623329
631307
632452
634984
656760
658612
659735
660172
664389
666168
674097
689764
693259
698946
714788
722322
724041
731332
739466
743429
746002
757922
770136
788357
790885
792816
801816
803036
805266
807431
808074
812297
820564
837793
872489
873744
886984
890400
927906
930592
931905
952849
954690
991306
992304
1032198
1051122
1055893
1058189
1063600
1066341
1067406
1078531
1079490
1084005
1090497
1092772
1098406
1100888
1110596
1117262
1118547
1120132
1121584
1122788
1124886
1131368
1135753
1147661
1148322
1161233
1163668
1180883
1181601
1183556
1191994
1198704
1207041
1209356
1212807
1215510
1216868
1220761
1222924
1234080
1237096
1268226
1271832
1286692
1312468
1312526
1315636
1315929
1319207
1321864
1333400
1333600
1335858
1359988
1360019
1366021
1368078
1377170
1377334
1379857
1385541
1387104
1395844
1405441
1409368
1444875
1450388
1463314
1479202
1480776
1507532
1513505
1523978
1525280
1540272
1573734
1576090
1577355
1581621
1591636
1597590
1601840
1606860
1610284
1615200
1622073
1626560
1630469
1641696
1652748
1673268
1675553
1706629
1724937
1737242
1739168
1756161
1771011
1795200
1803072
1803304
1835293
1837603
1845393
1852952
1856160
1870145
1894912
1901960
1913858
1972496
2052160
2108204
2119884
2123656
2125124
2125839
2126952
2131860
2131999
2135085
2137172
2138279
2149984
2153601
2155049
2156626
2158884
2167335
2170008
2173203
2179258
2180036
2181345
2195865
2205202
2212208
2229158
2231634
2234414
2238857
2253112
2273804
2277556
2278929
2279745
2296966
2302864
2303200
2304517
2307089
2310531
2310754
2314568
2333216
2360135
2360437
2360938
2360985
2369638
2376402
2380060
2380385
2382882
2396466
2397251
2400525
2404944
2430248
2447617
2451984
2453664
2492611
2498649
2499873
2519106
2544648
2558228
2589442
2622110
2625062
2626950
2638134
2639045
2646673
2655322
2659082
2670731
2687069
2689234
2693472
2695337
2696262
2699316
2708104
2713672
2721925
2741312
2754242
2757032
2769948
2795664
2798848
2807810
2853128
2875393
2887827
2894345
2901314
2917600
2928776
2932757
2949411
2981944
3014770
3015329
3015448
3017733
3041536
3147341
3150450
3151050
3153164
3157017
3158293
3163222
3164235
3164946
3166625
3168804
3170844
3180753
3193600
3211948
3213122
3232006
3238272
3244075
3247624
3285322
3289665
3294596
3302914
3317956
3319811
3338256
3375186
3391624
3410061
3411586
3430144
3433508
3441448
3441692
3465536
3542064
3543696
3604832
3679440
3680836
3693584
3703472
3719746
3736868
3740048
3752481
3776642
3806752
3817572
3868689
3998288
4014092
4064328
4067334
4197980
4199246
4205319
4206218
4206908
4209348
4212625
4216862
4217219
4223753
4230219
4231395
4233612
4234769
4252700
4252803
4261262
4271888
4273667
4277728
4280613
4281868
4296727
4297258
4309161
4326173
4328137
4330665
4336740
4347146
4355137
4358632
4368770
4370977
4392738
4393014
4408402
4419604
4428872
4432152
4458023
4459157
4459857
4465074
4473642
4489814
4510768
4522105
4527760
4528898
4534354
4538439
4546698
4546833
4555940
4559169
4579872
4594256
4596881
4602882
4626720
4655489
4656152
4694208
4718779
4736300
4736646
4737816
4739213
4739668
4743494
4751693
4754032
4756384
4761621
4768456
4784937
4786191
4789572
4792546
4796801
4802705
4807712
4811268
4817052
4818224
4837640
4849877
4852370
4857089
4858147
4862470
4868172
4898914
4916100
4919352
4924421
4981308
4981443
4984098
4985288
4985617
4990120
5003524
5008448
5023248
5063488
5089282
5117448
5120268
5129219
5137024
5245227
5247515
5247653
5249857
5256241
5261365
5263462
5276017
5277321
5277476
5283885
5284500
5284934
5286472
5292229
5293098
5306400
5309027
5320904
5346064
5357890
5374928
5376090
5387648
5390351
5393928
5400708
5449280
5450016
5456034
5457153
5484546
5505182
5511720
5513809
5524034
5539865
5550344
5575776
5591424
5636421
5640386
5660705
5673985
5702153
5768808
5776660
5777856
5779525
5807106
5899314
5906570
5951492
5970048
6032396
6062288
6161154
6297780
6307964
6308179
6318626
6336004
6337570
6357354
6357812
6363206
6375692
6381776
6393216
6394560
6398019
6400040
6407174
6422961
6425635
6427076
6447936
6456513
6458128
6472992
6479882
6488165
6492434
6556056
6557963
6571049
6586818
6613120
6627590
6668360
6689828
6703121
6718482
6763008
6824049
6829632
6830344
6840484
6850081
6867976
6882323
6949126
6963717
7012936
7117312
7241860
7342312
7357066
7361541
7372854
7374416
7391745
7407952
7471686
7478336
7479856
7537674
7603073
7604516
7610444
7616528
7643650
7669252
7684114
7864716
7868738
7884840
8200224
8391578
8391823
8394162
8397415
8401179
8406768
8409239
8411910
8415448
8420385
8422487
8427172
8430440
8430818
8432961
8438889
8441248
8444002
8454517
8463241
8466965
8468530
8473928
8475088
8475298
8480130
8482889
8487571
8489200
8511514
8512192
8524257
8528060
8530274
8532868
8534161
8536428
8537921
8545287
8545832
8550468
8555393
8556814
8563220
8569113
8587790
8589466
8603922
8624260
8630352
8651295
8664176
8670992
8675724
8687706
8692998
8716770
8718915
8720653
8724523
8731904
8734857
8742918
8753800
8769824
8783049
8785282
8790226
8814741
8843776
8852994
8856708
8890376
8918796
8919377
8922564
8923523
8935476
8936065
8946130
8953024
8958721
8971312
8979619
8984744
8986833
8989716
8991042
8998926
9008640
9015321
9019808
9027905
9044531
9045656
9047082
9056293
9057298
9064515
9086081
9093764
9112160
9144323
9177285
9177896
9185872
9209354
9212038
9216548
9226252
9242673
9247236
9265248
9306544
9380353
9405696
9437930
9439801
9442851
9445555
9446738
9452550
9453630
9454019
9464100
9470556
9472277
9474189
9480834
9491720
9504282
9504924
9508995
9516176
9519623
9523249
9524290
9574792
9577240
9585802
9589440
9602160
9634086
9701216
9706656
9710085
9710664
9716749
9740385
9748648
9751554
9798848
9800448
9831043
9848897
9962897
9965988
9966226
9966648
9969961
9975904
9980488
10027122
10027796
10064900
10094800
10102276
10110240
10119170
10131968
10158149
10224710
10252292
10256674
10363200
10387465
10486737
10487070
10487272
10490665
10495051
10495125
10500124
10500544
10513028
10518734
10521650
10522808
10539904
10545416
10558224
10559832
10569225
10569749
10571876
10584364
10621236
10622040
10622469
10633385
10635800
10650436
10709024
10764617
10783876
10797571
10814471
10815592
10822212
10858498
10862736
10899588
10904592
10911782
10912136
11014016
11014230
11026840
11030789
11031712
11043341
11089921
11109512
11124770
11141255
11150082
11173992
11239952
11273260
11276992
11357184
11535924
11544321
11559136
11571718
11576360
11600993
11642944
11714565
11739156
11796820
11862562
11870337
11939872
12060976
12062793
12075027
12255392
12320906
12587633
12588738
12590880
12592662
12601712
12607594
12612132
12630025
12636298
12649172
12651713
12660870
12661800
12686594
12716077
12720643
12723465
12734640
12739089
12748176
12748300
12767552
12774400
12783714
12812337
12847374
12849305
12853697
12864033
12866632
12927004
12928034
12952577
12984842
12988688
12993796
13009473
13041960
13108577
13109450
13111404
13116208
13116504
13136064
13157444
13160481
13176328
13197315
13243524
13320228
13372560
13381666
13566082
13634948
13635862
13641812
13660184
13705986
13715496
13734048
13754372
13765649
13812226
13832708
13894936
13902978
13926407
13926960
14090320
14158496
14173697
14254152
14327824
14424065
14681254
14682693
14693636
14700834
14721560
14735364
14745741
14747937
14755456
14811194
14844576
14898176
14946828
14966789
14977104
15009088
15011888
15089760
15204962
15230992
15237265
15245318
15344672
15597825
15728850
15729480
15740931
15763714
16124416
16252965
16548864
16780827
16781725
16782902
16784778
16787100
16791575
16795468
16796963
16797925
16799648
16807058
16810575
16821001
16846434
16853442
16856152
16859569
16867606
16877352
16880261
16892010
16892441
16892802
16917557
16925267
16926876
16930890
16932907
16937477
16943556
16948258
16965826
16966916
16974692
16976019
16983558
16990285
16992801
17010992
17017984
17042033
17043758
17047758
17055805
17056664
17056882
17058830
17064292
17068616
17072407
17075331
17082948
17092944
17105588
17105609
17107114
17117576
17134596
17139749
17145937
17154316
17180976
17188036
17188361
17205896
17209088
17215498
17237320
17241217
17303614
17309944
17312417
17312850
17313540
17314385
17320205
17320656
17330946
17334700
17335446
17339672
17341248
17351472
17352257
17359176
17375367
17380385
17399859
17417376
17433489
17440870
17449138
17453380
17469537
17485960
17498792
17503244
17506329
17517584
17531970
17543680
17564849
17569932
17574154
17609792
17616930
17635331
17648136
17696036
17696872
17719316
17826142
17827046
17828772
17836392
17843481
17843843
17848401
17850439
17862896
17864730
17867060
17868293
17877129
17885442
17914016
17917248
17924238
17926659
17957526
17964545
17965858
17973728
17999952
18006540
18010369
18022460
18024208
18025032
18026882
18092809
18093063
18112897
18115600
18122900
18129432
18154785
18157652
18228320
18237476
18284611
18353193
18356486
18370588
18395139
18401376
18415945
18417220
18485826
18490625
18493584
18513941
18515584
18613522
18621120
18636840
18645764
18694288
18843648
18874583
18878085
18879432
18883921
18887088
18888801
18895430
18896408
18907701
18908486
18910408
18913414
18925612
18931864
18940698
18948204
18954250
18960128
18964745
18976796
19007020
19007604
19010708
19014787
19022094
19038349
19065344
19075113
19095684
19150337
19151108
19157129
19175441
19186080
19206338
19220548
19252225
19269200
19270401
19341346
19400457
19400857
19407712
19416106
19417603
19432132
19435905
19484689
19533850
19555392
19563568
19595457
19660815
19672096
19727492
19731200
19923299
19940528
19993634
19997444
20054539
20058448
20064416
20103202
20125700
20185700
20189240
20194440
20202001
20203784
20217929
20324357
20455474
20467842
20513816
20660480
20715584
20972427
20984162
20990376
20995344
20999173
21005986
21014336
21020954
21021284
21032966
21039508
21059593
21062273
21071954
21076996
21078540
21090448
21104711
21106739
21107017
21108292
21109632
21111460
21119284
21120104
21135406
21148688
21169328
21170442
21236788
21238810
21241024
21242947
21243945
21246594
21252184
21267848
21274757
21286400
21300237
21301600
21303841
21365346
21383298
21432836
21498131
21499208
21501569
21502500
21504554
21512231
21512641
21513368
21547140
21569828
21581890
21645056
21655584
21660163
21661720
21692752
21774866
21790794
21889161
22025356
22025986
22037033
22044940
22088834
22093835
22102128
22165512
22175762
22186528
22249732
22282465
22285072
22381120
22434304
22549584
22562826
22585504
22610449
22675752
22822980
22876168
23069368
23076894
23080194
23085282
23106057
23135041
23159840
23201029
23236674
23265922
23300097
23333386
23334981
23347844
23371824
23396497
23470464
23594084
23695392
23727232
23855380
24129572
24152132
24158465
24183200
24382465
24416384
25169080
25169252
25172178
25179273
25181760
25182892
25189508
25191248
25200970
25202209
25203474
25210956
25216518
25217108
25242627
25243872
25252616
25268291
25298316
25307270
25329827
25370885
25391106
25429763
25430417
25432169
25438754
25445672
25460964
25467912
25473168
25494804
25497216
25559589
25563672
25630784
25641120
25691042
25692259
25696778
25699342
25706586
25729029
25733160
25757772
25760304
25774368
25822024
25822432
25886868
25968902
26009601
26018881
26104832
26218821
26224032
26253600
26305056
26345777
26353864
26414112
26460176
26481284
26493450
26550284
26741505
26771608
26814592
26886273
26935306
27264650
27265287
27280769
27287590
27304514
27329744
27330724
27336753
27394450
27401472
27411232
27412672
27426897
27493380
27525276
27534088
27548160
27800068
27825154
28051474
28180548
28314690
28316689
28320400
28338177
28381760
28479496
28578050
28836288
28836392
28853252
28934145
29360600
29361737
29366433
29393193
29393286
29395648
29398112
29411331
29430033
29443600
29466658
29492546
29499489
29511692
29589640
29627200
29698064
29753366
29892754
29917236
29951360
30026240
30148100
30181632
30410802
30412874
30454272
30459008
30673032
30752769
31457811
31458608
31469648
31851528
31981834
32031232
32243872
33556119
33556791
33561658
33564010
33568281
33575828
33578626
33587389
33588856
33591637
33596132
33600816
33604056
33604419
33606708
33620850
33622915
33624504
33631400
33634896
33639824
33644993
33655827
33657396
33662497
33688166
33690142
33692948
33694917
33698061
33702963
33707393
33713728
33719589
33720530
33728264
33732928
33737738
33754672
33757960
33764362
33768352
33809424
33822348
33825137
33831050
33833611
33845286
33858642
33875104
33884713
33885378
33886259
33904652
33906776
33915015
33924108
33929248
33950608
33951016
33952323
33952930
33953925
33964182
33982726
33997345
34014725
34021762
34045977
34066560
34078966
34082185
34083657
34084056
34095495
34096906
34105363
34116706
34117646
34119974
34138304
34153160
34161425
34164960
34168845
34178496
34197507
34211369
34212122
34227270
34230820
34234520
34234720
34275636
34285601
34308620
34346036
34350912
34351365
34353552
34375984
34394632
34406572
34407174
34415745
34424866
34504897
34516996
34603215
34607879
34608608
34611881
34615382
34617732
34629708
34641042
34654243
34669845
34672806
34679049
34686544
34702854
34703556
34714120
34724864
34734892
34735690
34737292
34742512
34751045
34754840
34769417
34771588
34784576
34801986
34804801
34866360
34867617
34875459
34881862
34886689
34901536
34906312
34914569
34931228
34963748
34996329
34996530
35005446
35008529
35128366
35129136
35145896
35147850
35169297
35199520
35209858
35225737
35258531
35258824
35263746
35360784
35391588
35405905
35409152
35654356
35655076
35655441
35656026
35656548
35657377
35660366
35664098
35668071
35668712
35669134
35674416
35682817
35685899
35688649
35695152
35695746
35720261
35737733
35750728
35762433
35768836
35785036
35787043
35797010
35817633
35820550
35848207
35849496
35866704
35881348
35913790
35915139
35919378
35924738
35933208
35950756
35953920
35955329
35996040
36049448
36053132
36176467
36182053
36185144
36185605
36200532
36205570
36226688
36243992
36245546
36275220
36308113
36323401
36340258
36342848
36384832
36454960
36456580
36470860
36472835
36700566
36707331
36709200
36711520
36720848
36735256
36741536
36774040
36848680
36897472
36975108
36995121
37034112
37037312
37109889
37229636
37261825
37292038
37355781
37361672
37490976
37749466
37749996
37751237
37754150
37755917
37759096
37761586
37767856
37768964
37770848
37778568
37784360
37788832
37793866
37802028
37806161
37806468
37818818
37819017
37823045
37823636
37839144
37841922
37848329
37863474
37880673
37888023
37898530
37913233
37951505
37957792
37962052
37979266
38030465
38046788
38111760
38158504
38175056
38182946
38212864
38276145
38277488
38279235
38310084
38330882
38340132
38384640
38405536
38425616
38453505
38536265
38545952
38551566
38567973
38731872
38797940
38807714
38813849
38842497
38864033
38903904
38994450
39084052
39093506
39109248
39125066
39127045
39194636
39339200
39356932
39461377
39588416
39650320
39846445
39847026
39854361
39863624
39872016
39879302
39913610
39923724
39928323
39977864
39983620
39985444
39987392
40013872
40117258
40120353
40141408
40173764
40176672
40378754
40403112
40634688
40771600
40895266
40897556
40947714
40970752
40976420
41025617
41067520
41418778
41420929
41517312
41949544
41954828
41962563
41968274
41976366
41977537
41979650
41980956
41982001
41988103
42005568
42010710
42012876
42025546
42026276
42039424
42043405
42074203
42074765
42079332
42092932
42094634
42107696
42108072
42131714
42141858
42164740
42206672
42210082
42212865
42213453
42231848
42242628
42246424
42255377
42256704
42344609
42355202
42405908
42467561
42467662
42469895
42480288
42485268
42494720
42502232
42520848
42543114
42606865
42668161
42681352
42866720
42876933
42893330
42993544
42998864
43003009
43033348
43069728
43090186
43133472
43196419
43258890
43386113
43386904
43548739
43565600
43590720
43599873
43778196
43786754
44042283
44050513
44057356
44073235
44075656
44089936
44105923
44114472
44116228
44143648
44176002
44180864
44191761
44212233
44302629
44304560
44308486
44319812
44433730
44467712
44500993
44566088
44587072
44630660
44631298
44697620
44826649
45088888
45108736
45113354
45123620
45154833
45155340
45171008
45220882
45625360
46137770
46142232
46146595
46156041
46157906
46187013
46203143
46205760
46209060
46219361
46236752
46282240
46400388
46401555
46466184
46486016
46531632
46565504
46696482
46702912
46727344
46793284
46997508
47187013
47188490
47190057
47194512
47211072
47237136
47317156
47464736
47779842
48238913
48270337
48291872
48308242
48906242
50332387
50338886
50350634
50352155
50356788
50358552
50367824
50372747
50377860
50385600
50389281
50401896
50405907
50408224
50414620
50415816
50438214
50464642
50471336
50495772
50511879
50518032
50532434
50538508
50561345
50600468
50607144
50610949
50614658
50621056
50627338
50628240
50628706
50660452
50697218
50725080
50736129
50857285
50858464
50879496
50897792
50905233
50921626
50923541
50930952
50957824
50958596
50996752
51126307
51193920
51250186
51253505
51389466
51398802
51410432
51417125
51479200
51516464
51519812
51643969
51658892
51710984
51765248
51779586
51905112
51921188
51945484
51975296
52054528
52447554
52450369
52464193
52465960
52478994
52494630
52504705
52511376
52561248
52568609
52579332
52588800
52631040
52692236
52709409
52733960
52764692
52953393
52959872
52965385
52990032
53067784
53084324
53481486
53511297
53527296
53545008
53739602
54003202
54012160
54534321
54539521
54542548
54565378
54568996
54592786
54642944
54661258
54690376
54722693
54725696
54788262
54788633
54794504
54841345
54863360
54931520
55001104
55050892
55051074
55054358
55117864
55133185
55215108
55255042
55337216
55410816
55576649
55583238
55594016
55595328
55607490
55652368
55705859
55869480
55968896
56624832
56655907
56658064
57414656
57696384
58721445
58721874
58725249
58728771
58739217
58763282
58778120
58786858
58791232
58791960
58835076
58896416
58917905
58950146
58985032
58998977
59008002
59050242
59060225
59247746
59278624
59310601
59334672
59375672
59424832
59507472
59510850
59515016
59770118
59777045
59781250
59785314
59802696
59836932
59933056
60051472
60065793
60428292
60620832
60821554
61112450
62988360
63047952
63195140
63438929
63475720
65011782
65014304
65028120
66256896
67109310
67110882
67111672
67112054
67112844
67113559
67114139
67115279
67119450
67119645
67121889
67122473
67122580
67124754
67127958
67128397
67129716
67130138
67130467
67131013
67132592
67134339
67134734
67135527
67136785
67139392
67139721
67142941
67144929
67145520
67146418
67146692
67147978
67150181
67151404
67151427
67152019
67152296
67158107
67158252
67159636
67159690
67164449
67169028
67170346
67170512
67174643
67175317
67175788
67176203
67180946
67181649
67183210
67183639
67184782
67184948
67186244
67188360
67189505
67192114
67193987
67194392
67194909
67198212
67199384
67199569
67200164
67203590
67205216
67207710
67209287
67209865
67210388
67211618
67214376
67215417
67216720
67224099
67226048
67228232
67241561
67242403
67244937
67245860
67246292
67247432
67248588
67248694
67251352
67256519
67256877
67257768
67258426
67260162
67263041
67268627
67273169
67273834
67275340
67276839
67277964
67281541
67285065
67285762
67287088
67289952
67291157
67294480
67297816
67298337
67306296
67308114
67309893
67315073
67316770
67317804
67317954
67324169
67326113
67331144
67332736
67338356
67339526
67339936
67342865
67354770
67373614
67373843
67374137
67375309
67375976
67378310
67380132
67380387
67381954
67382624
67383480
67384394
67388760
67389217
67389649
67395670
67395689
67397264
67399941
67404110
67405202
67406213
67407985
67409432
67413188
67414561
67418124
67421191
67424648
67424804
67427392
67428656
67436969
67438820
67441283
67441701
67442112
67443248
67445059
67453318
67455050
67455493
67470032
67470409
67472898
67473684
67477542
67478280
67494017
67502389
67502748
67503344
67503686
67505793
67507459
67508322
67510570
67511120
67511309
67516800
67519138
67520836
67522574
67535371
67537176
67537956
67561474
67568225
67568778
67571800
67577873
67585044
67588864
67613696
67616808
67633831
67634033
67636688
67638500
67638826
67639608
67641423
67642068
67643160
67644194
67644549
67645554
67647812
67651907
67652004
67654033
67654338
67656204
67657788
67667601
67670108
67670185
67671361
67672579
67677256
67679362
67683081
67684504
67685410
67686662
67691168
67699030
67699896
67701576
67702305
67703180
67704340
67704870
67715273
67716992
67723553
67731843
67732260
67742224
67743749
67748876
67751984
67756098
67764442
67765006
67766373
67767315
67771040
67772593
67773762
67778049
67778570
67781893
67782192
67784808
67790928
67793028
67797298
67799174
67806228
67807489
67814592
67829803
67830240
67831836
67842320
67846724
67851266
67868736
67870856
67896350
67897032
67897483
67899810
67901461
67903232
67904593
67911731
67912468
67914336
67920320
67920394
67925024
67928244
67928645
67929384
67930194
67961369
67961954
67969170
67970308
67971112
67973696
67983488
67997706
68026697
68030994
68037124
68045832
68060032
68067424
68079617
68092037
68094210
68157565
68159897
68161031
68162886
68163345
68163635
68163756
68165216
68166298
68166888
68169090
68169863
68170508
68173995
68174103
68174414
68175004
68178249
68180864
68181002
68182370
68183561
68188180
68190422
68192072
68192550
68195380
68196688
68198667
68199024
68208001
68209192
68215826
68216897
68223434
68224705
68225377
68225698
68227625
68232992
68233424
68239924
68243652
68255909
68259992
68260867
68262404
68264012
68273248
68284672
68289252
68289347
68289818
68293040
68294274
68295192
68298793
68298822
68301904
68305958
68307144
68317728
68322068
68322373
68327553
68329634
68333056
68341826
68355121
68355596
68356484
68358166
68370768
68378629
68388874
68420273
68422217
68422932
68431972
68432146
68434945
68436268
68437186
68440656
68446368
68452410
68452832
68455560
68460565
68465280
68469506
68485135
68485956
68491528
68494360
68502152
68505634
68536336
68552850
68553504
68555269
68555816
68559041
68567065
68576512
68599940
68619328
68624898
68649217
68682181
68682664
68683043
68683346
68683882
68693040
68694041
68698352
68700689
68702245
68707396
68708616
68716557
68717248
68723088
68723206
68736512
68748422
68752130
68752456
68757507
68759712
68763674
68780113
68783360
68813961
68819972
68821284
68821576
68829570
68846113
68849928
68878992
68896800
68945444
68948035
68949136
68952204
68952833
68962310
68982816
68993096
69009712
69026817
69075028
69108738
69208405
69208675
69209258
69210563
69210684
69211856
69213705
69215049
69215324
69215793
69215878
69221412
69222797
69223344
69224808
69226662
69230794
69231204
69236994
69239634
69241508
69242115
69243029
69244320
69248137
69249546
69251142
69251352
69255873
69256248
69261840
69273645
69274374
69275880
69275953
69276686
69279941
69280162
69283080
69289281
69292114
69293600
69305538
69305861
69306456
69318784
69320970
69328916
69337747
69338277
69340096
69340692
69341770
69342258
69345543
69345960
69348417
69349728
69353585
69354507
69357720
69358660
69363724
69370153
69376260
69386758
69394816
69404848
69407364
69408771
69410842
69419300
69444160
69454848
69469066
69469478
69474330
69474465
69474884
69476753
69480994
69486092
69486644
69488000
69489681
69505793
69512208
69517410
69519369
69535504
69542000
69545993
69559298
69566483
69566604
69568800
69599340
69611540
69615890
69624321
69632560
69633344
69636226
69667336
69681344
69730587
69731433
69732164
69737538
69740566
69740768
69743488
69747288
69747858
69752072
69758464
69759041
69763118
69763528
69765169
69767776
69781572
69796402
69801089
69804556
69812231
69814544
69837856
69861780
69864736
69865485
69879937
69885986
69894211
69895688
69927681
69928016
69992646
69993987
69994764
69995152
69996880
70000677
70009000
70030340
70033666
70060097
70107648
70132864
70193184
70255397
70255984
70257860
70258986
70262867
70262964
70265473
70269000
70274081
70275587
70284416
70287897
70288930
70296836
70299681
70305922
70307852
70320230
70320412
70323218
70332944
70336657
70339136
70344744
70353792
70385806
70396176
70402824
70419600
70420576
70451273
70456576
70516952
70517270
70518025
70519106
70521220
70526528
70533189
70583456
70592516
70619200
70647843
70670336
70688776
70779925
70785281
70788106
70795908
70815762
70828320
70846600
70852928
70910008
70912514
70914240
71008260
71045640
71065616
71073921
71304649
71304884
71306533
71308067
71308408
71309792
71310100
71312594
71315793
71315850
71319865
71320178
71320389
71322123
71323328
71324328
71327893
71330856
71331916
71336079
71336553
71336856
71337011
71338044
71341574
71344406
71346274
71348388
71351552
71352738
71357449
71372098
71372875
71373412
71373986
71374981
71377165
71377856
71378017
71383064
71385134
71387220
71387936
71403793
71410698
71418500
71424002
71434598
71436849
71437326
71439381
71443760
71445256
71447184
71453072
71456804
71459040
71460356
71467714
71468801
71470160
71471130
71483660
71499929
71500295
71500996
71501928
71507456
71524610
71537024
71542788
71548993
71565546
71565780
71569462
71570700
71571009
71574153
71575298
71575621
71582820
71583884
71584786
71586114
71596544
71600960
71604368
71606360
71610371
71614993
71631130
71632424
71632931
71639572
71642240
71643424
71647408
71681280
71696467
71702537
71704710
71713352
71718016
71729313
71733316
71829005
71829593
71830086
71830401
71832850
71834760
71836008
71836179
71836710
71841825
71844938
71845025
71854210
71861636
71862538
71868609
71873032
71876944
71893045
71893642
71897296
71913985
71918608
71927360
71927968
71958700
71962755
71963456
71974934
71983113
71996448
72010240
72025352
72032800
72089863
72094340
72100112
72110104
72122914
72125441
72146948
72155212
72222912
72237344
72318992
72352646
72353987
72354124
72360353
72362532
72364610
72369233
72372370
72373536
72377104
72387090
72388869
72389824
72403972
72409224
72417880
72418704
72420361
72425522
72430596
72435202
72450344
72458753
72483370
72486048
72487009
72489218
72491036
72492035
72499841
72524096
72532016
72568840
72615045
72616048
72624138
72632577
72647180
72655904
72683537
72704064
72712322
72745352
72746512
72810532
72878228
72880142
72880688
72885888
72898624
72908900
72909848
72925187
72958212
73007377
73072706
73138217
73139520
73206272
73281536
73401036
73401415
73401882
73402674
73403537
73407106
73408555
73410948
73411152
73413125
73418004
73429040
73433328
73439297
73442080
73449509
73458752
73466006
73466529
73470728
73483400
73492481
73498948
73503760
73531736
73532802
73533024
73544712
73549890
73552129
73566344
73572369
73613840
73629730
73662493
73662817
73665608
73674944
73678979
73687304
73696896
73697286
73699368
73728578
73748484
73794308
73803808
73860097
73927208
73928996
73932952
73934081
73941762
73957908
73977984
73993220
74002434
74006624
74022921
74061840
74063940
74187824
74252672
74317834
74449964
74452736
74453076
74453129
74465728
74467352
74473478
74481738
74514691
74520608
74582021
74617344
74653824
74716162
74727968
74744080
74973346
74973761
75016192
75121664
75497835
75499177
75499974
75501130
75502222
75504165
75505025
75506160
75506746
75507820
75510054
75510360
75511875
75514824
75515411
75516188
75519020
75523265
75524656
75531015
75531480
75532881
75536406
75537160
75540352
75543569
75546801
75547970
75550789
75554950
75563597
75564582
75565083
75567284
75568408
75569856
75573409
75579512
75583747
75587908
75595946
75597089
75606274
75608608
75612944
75614244
75617408
75629718
75632697
75632978
75636821
75636875
75637537
75640068
75642016
75648096
75649556
75651202
75653698
75657480
75661732
75663906
75664393
75667008
75671744
75694978
75695171
75700512
75703824
75710604
75727176
75760244
75760965
75764624
75770004
75770121
75773444
75776154
75778338
75780320
75780617
75792429
75792579
75797538
75801106
75804992
75811456
75817992
75826321
75827536
75828236
75829318
75833544
75843136
75853840
75864065
75892488
75892743
75892904
75897872
75907457
75915300
75939920
75956274
75989508
76021917
76023092
76023178
76023986
76026887
76031584
76032648
76038246
76040233
76043040
76043344
76046610
76046853
76055096
76056928
76058116
76062755
76062988
76085248
76089605
76091489
76096521
76106242
76120260
76121106
76153537
76153932
76155664
76189840
76201994
76221568
76222984
76226566
76234769
76284738
76290120
76295170
76296321
76301444
76316945
76350112
76366088
76416033
76419332
76423192
76546866
76549416
76549776
76550353
76555301
76557120
76563041
76564228
76564562
76564613
76579854
76583016
76583298
76589080
76612692
76620049
76620420
76623882
76628384
76639232
76644930
76660745
76677389
76678592
76679220
76698625
76701840
76709907
76710536
76722180
76728576
76745217
76750944
76808358
76812316
76812577
76814850
76816936
76825648
76832771
76842497
76843076
76875010
76939338
77009024
77070680
77070859
77073473
77075012
77078722
77083904
77090952
77104288
77119508
77135916
77142032
77205538
77334912
77438976
77480448
77594679
77596873
77599052
77600514
77600880
77603604
77607058
77611220
77611562
77613825
77614086
77619225
77620512
77628516
77629840
77631499
77637637
77660824
77661024
77661572
77668867
77673536
77682696
77725922
77726993
77728010
77740544
77743744
77758492
77767682
77778976
77792296
77793348
77824129
77857080
77857413
77857874
77860384
77862024
77864974
77883456
77890120
77897888
77906180
77924482
77938721
77992001
78061824
78119329
78122008
78123537
78125188
78131240
78152322
78159952
78169089
78184522
78209152
78221568
78250532
78266688
78401538
78446612
78546944
78644355
78645772
78647968
78651784
78653474
78660680
78663952
78676289
78683136
78701056
78712837
78741552
78774864
78856194
78907409
79037444
79167750
79234560
79306753
79429728
79691870
79692005
79692179
79692588
79693648
79697962
79699012
79700642
79701132
79703553
79712644
79714321
79721474
79727746
79728944
79729281
79733316
79742496
79743048
79749377
79759752
79760432
79761938
79773890
79774725
79782408
79794188
79798416
79825217
79825540
79827144
79833106
79839267
79840280
79863848
79888660
79900673
79954955
79955360
79956504
79962161
79970822
79987732
80020225
80052320
80089632
80094272
80118018
80168960
80220425
80228372
80233104
80235776
80252994
80281890
80291904
80347248
80348674
80355712
80379909
80480292
80494657
80511112
80548864
80740536
80740885
80741474
80745992
80748617
80754816
80757002
80775201
80807942
80810304
80887876
80970752
81003200
81010948
81055744
81289248
81298176
81330305
81397768
81526802
81794081
81797442
81807520
81809984
81822984
81838098
81854545
81862692
81889792
81920521
81924102
82057472
82182288
82314432
82315267
82329612
82584064
82846736
82870404
82968864
83165192
83887495
83888309
83889985
83893276
83894579
83895110
83897232
83898891
83899461
83900578
83902930
83906084
83907121
83907784
83911464
83912900
83919224
83919777
83920939
83924050
83925092
83926656
83927752
83928240
83930118
83931668
83935286
83937858
83938568
83939459
83943437
83951836
83953298
83955104
83955770
83956560
83960357
83961929
83964049
83965186
83968736
83969065
83969094
83988745
83992964
84010496
84017183
84017385
84018516
84018723
84019500
84020418
84023569
84023814
84028000
84034436
84034705
84037922
84042049
84048896
84050314
84054568
84068512
84082854
84085765
84087904
84088968
84099594
84107312
84116504
84118272
84123651
84135940
84148327
84148826
84149420
84149781
84150728
84153648
84156700
84160008
84162640
84164875
84168852
84170242
84170792
84181145
84181638
84182624
84187394
84190465
84214562
84215830
84218380
84234305
84240640
84250784
84284096
84288530
84291617
84298256
84304008
84314177
84345232
84353092
84410988
84414794
84415128
84415237
84416705
84418953
84426837
84426894
84428128
84432914
84435971
84443362
84444197
84444930
84445460
84451354
84455712
84476483
84477201
84478064
84478596
84478986
84485312
84504584
84527105
84544009
84545588
84546944
84550274
84550696
84558104
84574800
84674849
84675652
84677641
84681264
84684806
84689537
84715648
84722704
84754468
84771136
84820034
84836364
84870656
84935309
84935755
84936248
84937300
84937482
84939937
84942894
84945157
84947392
84953392
84959320
84970513
84972097
84980744
84984132
84984464
85004580
85006402
85017345
85018636
85021712
85024898
85033234
85043232
85065842
85069900
85074449
85075076
85083712
85084163
85099808
85139720
85164224
85197137
85198720
85199906
85201034
85221892
85237826
85245985
85262440
85264513
85296132
85328134
85364752
85459091
85460236
85467233
85473792
85475874
85478528
85495940
85532692
85557768
85592384
85647360
85659649
85723160
85741824
85852320
85983716
85984664
85985358
85987417
85987606
85990176
85992546
85993528
85995660
86002312
86002768
86005765
86007969
86008338
86016780
86026560
86032657
86033540
86048907
86049844
86050376
86051345
86067234
86069632
86081633
86086146
86114885
86122704
86124288
86149138
86152193
86155300
86163528
86180162
86245554
86245929
86246593
86255619
86262592
86278228
86279178
86306816
86311173
86318080
86319744
86327320
86378628
86380808
86393888
86509216
86509954
86511651
86520848
86532356
86546440
86548993
86573352
86577220
86605968
86639622
86659584
86714368
86777928
86900753
87032514
87037444
87038096
87049474
87052384
87064583
87064744
87106561
87163265
87165960
87175170
87179284
87228960
87302432
87329280
87556880
87558180
87572489
87589952
87883778
88081105
88081706
88082586
88084525
88084678
88087112
88087555
88088692
88089625
88094240
88097308
88098913
88099078
88106368
88113475
88114252
88115717
88134400
88139792
88147716
88154280
88156674
88162323
88162632
88179248
88179841
88191040
88212242
88213128
88219722
88221825
88224004
88232016
88244372
88261634
88277281
88345248
88347009
88367138
88375588
88391872
88409168
88442888
88473656
88476928
88489989
88515072
88543234
88605104
88608272
88614924
88626180
88629824
88641553
88653864
88676608
88702982
88736833
88737826
88817792
88867592
88867970
88871008
88940545
89129824
89130006
89133336
89140288
89145508
89157633
89164160
89165858
89194565
89199232
89292809
89327632
89391619
89397252
89399440
89408520
89653448
89661698
89719840
89784836
90178086
90179849
90182976
90195457
90198026
90213408
90218626
90245312
90251536
90312864
90374156
90444304
90448900
90701906
90701957
90865920
90982400
91226161
91234824
91340800
91619392
92275481
92275825
92276420
92277379
92278034
92279208
92279394
92284232
92291365
92292258
92297536
92300308
92301322
92304000
92309644
92312836
92327960
92332128
92340494
92340673
92342824
92345857
92348498
92354564
92358800
92373013
92376128
92406448
92407896
92409989
92410890
92414476
92438598
92446992
92455425
92488960
92539652
92540947
92545410
92545601
92553292
92556289
92571696
92611616
92651522
92668256
92701824
92733449
92799510
92806176
92807332
92809233
92816904
92831817
92848512
92868738
92873472
92930307
92942400
92948484
93028384
93061162
93061328
93098496
93323668
93325536
93329417
93332994
93335600
93343750
93356580
93364353
93388835
93389960
93459200
93470760
93590592
93618440
93651472
93726720
93882370
93929536
93979664
94109701
94372877
94383232
94384385
94388291
94404898
94406160
94408896
94454276
94478344
94504993
94572560
94638116
94765570
94898752
94912560
95027336
95159552
95420442
95428676
95488256
95699072
96474256
96477191
96479520
96485513
96502282
96555040
96601124
96638976
96666176
96733250
96743432
96747792
96796804
96993604
96993825
97035264
97058840
97518849
97536512
97550416
97648770
98566248
98567040
98568212
98632706
98721792
98861057
100143104
100663867
100664156
100664753
100664933
100667502
100670097
100670274
100671705
100674571
100675637
100678184
100678848
100680486
100681156
100681954
100684822
100685912
100688524
100689008
100692384
100697254
100698441
100700685
100701450
100704706
100705041
100706388
100714770
100716033
100718724
100729542
100729946
100729997
100731178
100737712
100741448
100747313
100749450
100758529
100764256
100766788
100773906
100778245
100788232
100795452
100796784
100797066
100797189
100798854
100801569
100802659
100804772
100807236
100811082
100811472
100816392
100819220
100820098
100828690
100830592
100831456
100835342
100843657
100860179
100861760
100862145
100864546
100865168
100868617
100878342
100901152
100926401
100929104
100929746
100929817
100931876
100934151
100935048
100935730
100941989
100942890
100944648
100947971
100953092
100958499
100958888
100960004
100963457
100974620
100983360
100991061
100993176
100994305
101003396
101007712
101007890
101024816
101066272
101066824
101073985
101077040
101095936
101097616
101122316
101154882
101187885
101188498
101188803
101189836
101190196
101190918
101195946
101198401
101200131
101200908
101205017
101216784
101220375
101220938
101227536
101236833
101246208
101258528
101259273
101261412
101262850
101263744
101269652
101270056
101272640
101286168
101290624
101320324
101322833
101335555
101341440
101351748
101353512
101417985
101449848
101452960
101454369
101470276
101490697
101499010
101550084
101580838
101582096
101585032
101670912
101713950
101716680
101718085
101720376
101721409
101721620
101725218
101729952
101739010
101745036
101745283
101745705
101746864
101747778
101749536
101765137
101769252
101780240
101780516
101781616
101781889
101785862
101793859
101795080
101819520
101843093
101847051
101852032
101859617
101862416
101875800
101908648
101922816
101958144
101974626
101975059
101975116
101976708
101990800
102002696
102010886
102017280
102045184
102047777
102109504
102239752
102240532
102242434
102253376
102260865
102281280
102302213
102334498
102368352
102375442
102383628
102498570
102531600
102564032
102631425
102762280
102762631
102765829
102766984
102769938
102770977
102777365
102778434
102780969
102787216
102793370
102793524
102794321
102796300
102799394
102801512
102807040
102814016
102817795
102826448
102827043
102829696
102830657
102832148
102836290
102842444
102851328
102875296
102891606
102892744
102893593
102896400
102903937
102910496
102966276
102993928
103022667
103023764
103027808
103031108
103031320
103043712
103057600
103088676
103092482
103154080
103156738
103186437
103285090
103285385
103289008
103289350
103302180
103303178
103320320
103325828
103358481
103424264
103464976
103481474
103561216
103563521
103613448
103678528
103809249
103814168
103817229
103825458
103827716
103842372
103875082
103909377
103941633
103944228
103964736
103973122
104073256
104079490
104121344
104267792
104334720
104335440
104342048
104419328
104859817
104860952
104861218
104861852
104863616
104867400
104871942
104875267
104878273
104882202
104882721
104884544
104891744
104895056
104899589
104901248
104906822
104907920
104923556
104924689
104925708
104931459
104943888
104956104
104956674
104960033
104988749
104988850
104993064
104993858
105021988
105023491
105050112
105062480
105071648
105120560
105122178
105124362
105127980
105133072
105170976
105186310
105191488
105201673
105252884
105259265
105284616
105316992
105382624
105382996
105390852
105398664
105400325
105402402
105422896
105447745
105449490
105513496
105524224
105582596
105644177
105652290
105661952
105681152
105906215
105906514
105906953
105907338
105914564
105916433
105922664
105927172
105945096
105990272
106004500
106038532
106039872
106172576
106201153
106315778
106432800
106435585
106504200
106594432
106955022
106956900
106958867
106964128
106978304
106987905
107004424
107020344
107094530
107102340
107153664
107219457
107233360
107323392
107483208
107512834
107610145
108003984
108015872
108069952
108789764
109054880
109054997
109056163
109057097
109057584
109060485
109060874
109061190
109066512
109068303
109068625
109070916
109071496
109084786
109085332
109095968
109097096
109101352
109105666
109118688
109122308
109124610
109125660
109134465
109142050
109151752
109158465
109183384
109183592
109184290
109189132
109209601
109220097
109233156
109248549
109269056
109283344
109314326
109315714
109316193
109335808
109348874
109383720
109390336
109412736
109445316
109445649
109457410
109577985
109580314
109580736
109585552
109600840
109611137
109613092
109642320
109709378
109723808
109748736
109838860
109846816
109856784
109872192
109903875
110100836
110102787
110105732
110113281
110117400
110123040
110134544
110149824
110166162
110168136
110232070
110240776
110362761
110370896
110444548
110526496
110624817
110635012
110642178
110821632
111149228
111151634
111152448
111157952
111165826
111177732
111182369
111214857
111232016
111247366
111288368
111420417
111448080
111558664
111673413
111740960
111809536
112201794
112330880
112460544
112754696
113246787
113248464
113258592
113262644
113279001
113281284
113321216
113378433
113394432
113442826
113508680
113512453
113533056
113770630
113771560
113777152
113885184
114335746
114360864
114429968
114560000
115344900
115353608
115413120
115507264
115605538
115867920
116408321
117442062
117442643
117443688
117444961
117445284
117448854
117450020
117450369
117457080
117457481
117458704
117459329
117461260
117469250
117473477
117475864
117477776
117482018
117487617
117494816
117506952
117508420
117510151
117517328
117529088
117538860
117540994
117555280
117572873
117582082
117583896
117588068
117604401
117613632
117637652
117704002
117704717
117711072
117715712
117727249
117739592
117776394
117785728
117801473
117833859
117838852
117883136
117901344
117965874
117970496
117973328
117991456
117998728
118014468
118030497
118046978
118096672
118098064
118104069
118132738
118161480
118227332
118229506
118296592
118489506
118490320
118491681
118493714
118496512
118499464
118506501
118538250
118554649
118563392
118640768
118654980
118686722
118751284
118769728
118882824
119013446
119017512
119046401
119284736
119538288
119538435
119542914
119548420
119563272
119615520
119637248
119668778
119674944
119702144
119750657
119802128
119816198
120061980
120065025
120078528
120356896
120586568
120627216
120651908
120852481
121635093
121638020
121641008
121651842
121676040
121700450
121705480
121724932
121766336
121770497
121784328
121897540
121898017
121929746
122159115
122171520
122193984
122717696
122822688
123011328
123224080
123740225
123748640
123768836
123864080
123994248
124322304
124782594
125829322
125831206
125833300
125837353
125862720
125862915
125894960
125963776
125976594
126034048
126092312
126097536
126108192
126132228
126355720
126373889
126419972
126902528
126980096
127008833
127402624
127926417
127930888
127977472
128057604
128254016
128458754
128975904
130027778
130032144
130040896
130056352
130091009
130940928
131072012
