4080
46433
47761
94448
98048
117345
144184
146632
165466
166313
213954
216120
283992
285352
319546
329126
338520
364746
419424
420240
446982
464528
465248
502786
550552
551272
580620
595560
596376
626741
631561
677280
678480
696515
730448
731808
799680
801840
820897
821585
869168
871616
917752
921352
1011720
1070642
1071553
1106768
1109152
1123525
1124657
1151904
1154128
1205513
1233000
1251852
1286296
1311594
1313946
1357320
1427720
1454161
1475888
1477312
1523873
1585321
1607112
1608248
1654867
1704849
1751296
1820160
1862145
1888400
1905921
1941600
2100327
2122660
2152128
2152752
2167633
2205232
2206144
2248860
2288136
2302058
2331912
2373898
2377229
2392984
2491841
2492978
2535584
2605136
2622777
2624202
2666584
2736296
2766337
2786144
2788496
2836737
2904161
2942208
2957457
2988544
3159440
3160672
3178740
3182337
3229024
3230352
3272705
3278504
3279192
3432648
3477560
3562496
3613440
3691272
3746824
3825712
3870912
3933776
3934624
4096009
4243673
4245288
4260540
4263242
4306984
4387856
4403585
4424928
4426512
4466449
4466916
4493936
4496768
4544529
4579968
4592684
4628808
4723859
4725537
4759984
4763200
4809764
4837696
4859929
4887176
4997509
5080088
5163040
5177921
5252216
5254024
5275919
5330056
5379904
5380272
5415460
5466176
5533984
5555266
5571024
5574176
5653016
5784288
5786896
5845520
5867650
5964072
6035528
6169728
6296040
6299160
6333578
6381848
6431440
6434080
6461505
6509088
6571184
6572864
6632512
6652193
6752392
6846592
6883200
6883440
6964296
7086632
7213328
7358508
7438920
7520640
7537681
7606913
7645200
7872833
7902240
8393415
8401950
8406252
8407836
8450440
8487288
8490632
8550434
8569520
8572224
8587041
8587473
8655281
8692944
8694560
8741185
8770592
8790668
8814693
8820760
8921713
8924545
8951568
8952032
9037840
9048393
9085992
9224776
9242659
9323537
9404800
9444648
9480266
9527848
9576928
9580048
9606273
9654544
9717632
9717872
9779328
9798162
9897032
9991232
10010913
10028208
10029888
10111112
10232088
10359328
10495816
10496184
10523177
10526997
10573896
10622064
10623872
10708096
10777104
10799233
10814176
10816784
10895656
11026896
11030048
11088160
11109441
11207192
11277448
11413568
11584536
11600268
11682369
11805732
11833664
12064785
12100224
12596896
12597584
12618801
12666448
12667296
12715416
12716648
12828675
12872712
12915464
12996800
13049904
13127736
13181128
13263616
13310976
13370720
13372048
13414401
13656212
13687296
13701217
13739264
13926568
14027009
14157321
14319696
14701825
14737504
14756353
14782608
15107584
15239432
15335585
15729456
15731904
15872008
16596992
16785755
16789036
16815288
16816968
16845701
16863529
16901192
16915732
16951168
16951408
16998929
17029248
17069186
17088992
17092112
17150224
17188931
17269288
17319745
17320113
17363488
17381441
17400528
17403168
17482008
17499276
17568281
17606792
17703201
17732672
17856536
17875596
17893144
17893608
17974480
17976096
18035744
18055489
18099520
18126881
18174528
18223496
18354544
18357888
18392084
18440576
18489928
18629672
18810896
18891384
18894216
18952840
18974748
19034432
19055649
19071408
19074624
19136683
19142432
19142864
19178050
19228704
19276824
19408096
19409680
19435905
19485712
19535912
19726664
19808896
19928137
19964200
20064385
20091408
20201745
20284544
20498496
20513313
20992912
21046112
21048464
21075457
21127182
21172312
21235400
21236024
21379584
21447936
21509384
21528684
21580296
21628464
21629376
21827744
22021537
22022737
22065344
22134832
22187016
22695937
22840064
23081010
23102800
23104160
23150788
23200521
23384072
23830528
23858177
24143360
24189184
24510560
24641688
25191728
25193152
25219156
25236928
25238064
25272481
25318920
25372936
25440360
25462028
25510040
25559888
25562272
25691048
25693272
25833616
25856513
25903200
25975040
26027520
26227457
26248800
26249616
26299394
26345501
26664960
26841096
27001025
27264657
27311104
27378432
27427016
27725826
27811849
28082224
28332192
28385360
28576264
28968192
29366410
29401624
29500481
29528352
29639201
29722688
29934720
29950225
30425416
30605952
30675984
30943264
31523880
31606800
31728000
31986240
33560457
33560697
33596136
33598744
33646732
33673752
33694897
33696577
33722820
33725984
33756227
33808672
33829411
33836321
33880128
33916736
33917104
33997960
34013468
34107665
34129008
34130816
34144737
34147857
34190464
34226729
34310216
34350156
34378024
34478209
34513424
34619832
34623048
34681160
34702380
34763392
34785297
34800240
34803072
34870496
34872080
34906497
34956304
35006504
35137312
35137744
35164737
35215392
35263512
35455620
35537216
35681320
35701059
35718360
35719976
35800848
35801312
35862544
35881601
35922288
35925632
35951633
36000128
36049480
36180656
36183360
36210182
36218913
36266560
36315528
36635680
36708889
36739208
36835617
36873280
37012000
37029953
37241985
37323024
37765655
37774784
37819696
37821120
37855316
37902600
37955080
38023320
38046217
38092904
38142880
38145104
38273880
38416480
38438145
38486160
38557184
38611200
38812673
38831760
38832480
38928586
39292928
39378952
39583794
39848337
39891712
39915533
39963648
40009784
40263681
40665280
40915024
40968352
41157896
41552384
41964384
41966736
42001921
42017680
42019936
42047746
42098776
42143912
42206776
42207688
42349824
42420736
42482184
42500237
42550536
42600128
42600752
42754208
42799184
42992977
42994337
43036720
43106496
43156232
43274245
43720705
43813888
44074400
44075600
44174348
44408840
44748800
44827393
45115648
45159936
45482128
45613160
46145833
46175304
46311552
46448912
46466177
46680129
46760480
47253528
47334432
47456832
47714688
48251528
48431424
48502816
48768016
50345552
50346400
50365233
50367681
50415264
50415952
50464104
50507785
50619144
50666504
50745392
50798784
50876616
50929720
51014656
51057408
51119504
51120736
51232769
51404897
51434752
51450001
51489280
51675224
51774977
51906825
52068512
52451841
52486288
52503809
52531296
52857088
53084241
53478336
53690376
54624648
54706752
54724641
54792513
54830112
55059073
55089168
55579176
55714064
55855232
56165440
56633416
56759424
56951312
57164064
58771496
58786377
58868097
58992657
59019904
59249697
59285824
59778184
59906112
60096800
60310032
60821784
60957216
61097024
61409408
62914800
62918400
63008768
63832068
66093057
67160262
67192209
67277075
67321933
67445801
68223627
68420149
68815940
69224475
69231700
69277860
69503080
71306381
71316041
71327907
71450992
71454210
73974288
75739200
75767297
76108416
76550360
76646405
78807074
79725504
82051153
83894934
83945729
84021473
84213874
84444171
86257669
87034928
88085574
88506512
88891456
89456652
92277092
100690480
100942529
101190818
103548948
104910884
105988864
106956384
109445131
111157442
111231009
113381904
117574280
117669894
121114626
121652248
