53199
62451
88767
91519
113899
114455
163031
163627
170367
173759
200691
209871
251291
251495
256423
256603
286581
292590
307066
309981
339885
342518
379385
384094
384930
385950
390597
390713
401310
407033
443894
447405
453741
454545
457162
457270
476893
480122
486586
487238
489757
490209
494318
498869
499529
500597
505134
505554
552886
555501
565177
570846
597870
603893
640762
643933
650397
651105
653626
654022
667485
670458
707317
711854
712530
713582
718133
718537
739806
744569
745349
746425
751074
751134
755181
758710
765046
765834
768465
768557
789759
799551
841067
841367
846167
851184
851724
869351
873916
879228
883751
888788
891279
891507
894387
894543
898024
937960
940467
940623
943503
943731
951259
956028
960956
965659
988503
988843
993643
993943
998604
999216
1035459
1038692
1039000
1041752
1042084
1045251
1076985
1080158
1089270
1095533
1121757
1128378
1165237
1167854
1174994
1175086
1177717
1178505
1191406
1194933
1231802
1236449
1236509
1237469
1242234
1243014
1264493
1269046
1269450
1270518
1275053
1275729
1279838
1282809
1289529
1289925
1292446
1293154
1317867
1320919
1360511
1365976
1371108
1375811
1398003
1398543
1403087
1403699
1408360
1408660
1412455
1412763
1415996
1418492
1421659
1421991
1461595
1461927
1464572
1468220
1470823
1479887
1480499
1485043
1485583
1490260
1490600
1507775
1513444
1518552
1523075
1559948
1560176
1562667
1565719
1569200
1569356
1588595
1588879
1625468
1628379
1628967
1631463
1632027
1635004
1658283
1658455
1661936
1664972
1667479
1667691
1676351
1677251
1686948
1687128
1730623
1731523
1736088
1736292
1740183
1740395
1743820
1746928
1749419
1749591
1773244
1775847
1776411
1778907
1779495
1782140
1818995
1819279
1823956
1824552
1829096
1829652
1854365
1859014
1859130
1860090
1864797
1865633
1869742
1872373
1879497
1879605
1882222
1883026
1902457
1905374
1912094
1912546
1915065
1915717
1951926
1952586
1957137
1958189
1958609
1963146
1969014
1973549
1973969
1975021
1979574
1980234
2016441
2017093
2019614
2020066
2026786
2029701
2049134
2049938
2052553
2052661
2059785
2062418
2066525
2067361
2072070
2073030
2073146
2077793
2121210
2127773
2141685
2145198
2174686
2177913
2214774
2219309
2219729
2220781
2225334
2225994
2236141
2242422
2279289
2282206
2288926
2289378
2291897
2292549
2312110
2314741
2321865
2321973
2324590
2325394
2329501
2334150
2334266
2335226
2339933
2340769
2374991
2375347
2412220
2414823
2415387
2417883
2418471
2421116
2444695
2444907
2448332
2451440
2453931
2454103
2467903
2468803
2473368
2473572
2511935
2512835
2522532
2522712
2526635
2526807
2530288
2533324
2535831
2536043
2559356
2562267
2562855
2565351
2565915
2568892
2605391
2605747
2610408
2610964
2615508
2616104
2628567
2631659
2671039
2676708
2681816
2686339
2708687
2709299
2713843
2714383
2719060
2719400
2723495
2726140
2729788
2732391
2732699
2772327
2772635
2775868
2778364
2781531
2781863
2790643
2791183
2795727
2796339
2801000
2801300
2818687
2824152
2829284
2833987
2870704
2870860
2873367
2876459
2879884
2880112
2901854
2904825
2911545
2911941
2914462
2915170
2919277
2923830
2924234
2925302
2929837
2930513
2952122
2956769
2956829
2957789
2962554
2963334
2999413
3000201
3002834
3002926
3010066
3012681
3016629
3019246
3026386
3026478
3029109
3029897
3065978
3066758
3071521
3072481
3072541
3077190
3098797
3099473
3104010
3105078
3105482
3110033
3114142
3114850
3117369
3117765
3124485
3127458
3149631
3158271
3200343
3200683
3205483
3205783
3210444
3211056
3228635
3233404
3238332
3243035
3248104
3250611
3250767
3253647
3253875
3257300
3297236
3299727
3299955
3302835
3302991
3306472
3310567
3315132
3320444
3324967
3347819
3348119
3352919
3353259
3357936
3358476
3395331
3397976
3398308
3401060
3401368
3403971
3425773
3429302
3435638
3436426
3439057
3439149
3443166
3447929
3448709
3449785
3454434
3454494
3476213
3480750
3481426
3482478
3487029
3487433
3523898
3524294
3526813
3527521
3533985
3537158
3540730
3543901
3550365
3551073
3553594
3553990
3590453
3590857
3595410
3596462
3597138
3601673
3623394
3623454
3628101
3629177
3629957
3634722
3638737
3638829
3641462
3642250
3648586
3652113
3689198
3693749
3694409
3695477
3700014
3700434
3704541
3707770
3714234
3714886
3717405
3717857
3737078
3740589
3746925
3747729
3750346
3750454
3787205
3787321
3791970
3792990
3793826
3798533
3803641
3808350
3809186
3814853
3814969
3851722
3851830
3854445
3855249
3861585
3865098
3884317
3884769
3887290
3887942
3894406
3897633
3901742
3902162
3906697
3907765
3908425
3912978
3937691
3937895
3942823
3943003
3984399
3987880
3988052
3990932
3991144
3993651
4017368
4017956
4020867
4023619
4026596
4027160
4030699
4031255
4035916
4036272
4041072
4041356
4079831
4080427
4085104
4085388
4090188
4090544
4099300
4099864
4102467
4105859
4108504
4109092
4131891
4135316
4135528
4138408
4138580
4141071
4249406
4253950
4259161
4259493
4282345
4287445
4291982
4292210
4296317
4299738
4302822
4305341
4345277
4348902
4351962
4354685
4364245
4369385
4373938
4374094
4396286
4401982
4406629
4406937
4443498
4443798
4446413
4447025
4449521
4450061
4452694
4453034
4477407
4484579
4484639
4488120
4492215
4496876
4502647
4503435
4529467
4529863
4530939
4536156
4572335
4573011
4575988
4582708
4583112
4585619
4589423
4599540
4602031
4602707
4639580
4644103
4645179
4645575
4650140
4650848
4671607
4672395
4677072
4677164
4678124
4682827
4687800
4690403
4690463
4697635
4700280
4701060
4737915
4742876
4748475
4749127
4756207
4762927
4763347
4766580
4786079
4798559
4799395
4836268
4840971
4841931
4842039
4846700
4847504
4857291
4857399
4858359
4863916
4899935
4900771
4903416
4910532
4910648
4913251
4933492
4935983
4936403
4943123
4946100
4946760
4950203
4950855
4955420
4955872
4956892
4961415
4986866
4991950
4996501
4996713
5033370
5033574
5036093
5042598
5042778
5066061
5066417
5069034
5069590
5072086
5072682
5075313
5075597
5079422
5084377
5084965
5089509
5090073
5094722
5128894
5133541
5134105
5138649
5139237
5144194
5148017
5148301
5150934
5151530
5154026
5154582
5157197
5157553
5180838
5181018
5186621
5187521
5190042
5190246
5226901
5227113
5231666
5236750
5266543
5267347
5268399
5273076
5277179
5287836
5290439
5290555
5313399
5319863
5320523
5323500
5359903
5360355
5364920
5365572
5366648
5371171
5376735
5382008
5387551
5388003
5424876
5427383
5428043
5434507
5437740
5438160
5457351
5457467
5460892
5467228
5468064
5470727
5474804
5479507
5480559
5481363
5486024
5486132
5510845
5515645
5520602
5521190
5557461
5558057
5560690
5560974
5563726
5564082
5566697
5567253
5593509
5593689
5596569
5596773
5599294
5600194
5604301
5608854
5609066
5614166
5618701
5653489
5658026
5658198
5663126
5663338
5667889
5671998
5672898
5675417
5675621
5678501
5678681
5704937
5705493
5708110
5708466
5711218
5711502
5714133
5714729
5751002
5751590
5756545
5761345
5771237
5773758
5777022
5780441
5817302
5821837
5822065
5826993
5827149
5831702
5849341
5854554
5854886
5859686
5859994
5864641
5868750
5869362
5871977
5872277
5875029
5875369
5878002
5878542
5917938
5918478
5921109
5921449
5924201
5924501
5927118
5927730
5931837
5936486
5936794
5941926
5947137
5964778
5969329
5969485
5974413
5974641
5979178
6016037
6019458
6022722
6025241
6047031
6047435
6050668
6057132
6057808
6060299
6064888
6069411
6070431
6071139
6075704
6076100
6097363
6097455
6102132
6102920
6103988
6108691
6145504
6145564
6148167
6158880
6161884
6164603
6165383
6171719
6175200
6175260
6212115
6216776
6217844
6218632
6244664
6245060
6250659
6255876
6259979
6262956
6263632
6270096
6309623
6319980
6322487
6322891
6331551
6332259
6333279
6338296
6359535
6365108
6370771
6370863
6407644
6410363
6411143
6417479
6420960
6421020
6427579
6433915
6434695
6437340
6474195
6474287
6478964
6479752
6480820
6485523
6507256
6511779
6512799
6513507
6518072
6518468
6522167
6522571
6525804
6532268
6535435
6557657
6560382
6563262
6566885
6603754
6608305
6608461
6613389
6613617
6618154
6636349
6640998
6641306
6646438
6651649
6655218
6655758
6658389
6658729
6661481
6661781
6664398
6665010
6704334
6704946
6707561
6707861
6710613
6710953
6713586
6714126
6717693
6722906
6723238
6728038
6728346
6732993
6751190
6755725
6755953
6760881
6761037
6765590
6802457
6806082
6808962
6811685
6821245
6826685
6831334
6831898
6868201
6868757
6871374
6871730
6874482
6874766
6877397
6877993
6900798
6901698
6904217
6904421
6907301
6907481
6915057
6919594
6919766
6924694
6924906
6929457
6964173
6968938
6973866
6974038
6978573
6986149
6986329
6989209
6989413
6991934
6992834
7015637
7016233
7018866
7019150
7021902
7022258
7024873
7025429
7061734
7062298
7066945
7072385
7096820
7101523
7102575
7103379
7108040
7108148
7112135
7112251
7115676
7122012
7122848
7125511
7145196
7147703
7148363
7154827
7158060
7158480
7194915
7199876
7200952
7201604
7211295
7211747
7216312
7216964
7222563
7259436
7259856
7262347
7272720
7292423
7295068
7295904
7302240
7309768
7309876
7315539
7321096
7346126
7351282
7355817
7355989
7392678
7392858
7398461
7399361
7401882
7402086
7425393
7425677
7428310
7428906
7431402
7431958
7434573
7434929
7439038
7443685
7444249
7448793
7449381
7454338
7487870
7492825
7493413
7497957
7498521
7503170
7507277
7507633
7510250
7510806
7513302
7513898
7516529
7516813
7540122
7540326
7542845
7543745
7549350
7549530
7586217
7586389
7590926
7596082
7620795
7621447
7626012
7626464
7627484
7632007
7636852
7639343
7639763
7646483
7649460
7650120
7668831
7669667
7672312
7679428
7679544
7682147
7719020
7719824
7725579
7730256
7736236
7740939
7741899
7742007
7746668
7747472
7783523
7786948
7787064
7794180
7816372
7817032
7819539
7829640
7833735
7839008
7840028
7840480
7882680
7885283
7885343
7892515
7895160
7895940
7899255
7900043
7904720
7904812
7905772
7910475
7932764
7937287
7938363
7938759
7943324
7944032
7980179
7983412
7983816
7990536
7996591
7997267
8000244
8006964
8007368
8009875
8046748
8047456
8052999
8058016
8079435
8085008
8085968
8086060
8094840
8095620
8098339
8108100
8129898
8130198
8132813
8133425
8135921
8136461
8139094
8139434
8175961
8176293
8181506
8186050
8208782
8209010
8213545
8218645
8228417
8230938
8234022
8237441
8277377
8280102
8283162
8286785
8290738
8290894
8295445
8300585
8323429
8323737
8328386
8334082
8443133
8448829
8453478
8453786
8476630
8481770
8486321
8486477
8490430
8494053
8497113
8499838
8539774
8543193
8546277
8548798
8558570
8563670
8568205
8568433
8591165
8595709
8600922
8601254
8637781
8638121
8640754
8641294
8643790
8644402
8647017
8647317
8669115
8678876
8681595
8682375
8691155
8691247
8692207
8697780
8724216
8729759
8730467
8767340
8769847
8770251
8776971
8779948
8780624
8786679
8793399
8793803
8797036
8833183
8833891
8838456
8838852
8839928
8844451
8866740
8871443
8872403
8872495
8877172
8877960
8881275
8882055
8884700
8891872
8891932
8894535
8936735
8937187
8938207
8943480
8947575
8957676
8960183
8960843
8983035
8990151
8990267
8993692
9029743
9030547
9035208
9035316
9036276
9040979
9046959
9051636
9057391
9058195
9097671
9097787
9104903
9107548
9108384
9127095
9127755
9130732
9137452
9137872
9140363
9145208
9149731
9150751
9151203
9155768
9156420
9181133
9186289
9190826
9190998
9227685
9227865
9233470
9234370
9236889
9237093
9260402
9260686
9263317
9263913
9266409
9266965
9269582
9269938
9274045
9278694
9279258
9283802
9284390
9289345
9322877
9327834
9328422
9332966
9333530
9338177
9342286
9345257
9345813
9348309
9348905
9351538
9351822
9375129
9375333
9377854
9378754
9384357
9384537
9421226
9421398
9425933
9431089
9456119
9461676
9467339
9467447
9474975
9481311
9482147
9484792
9504495
9514868
9517359
9517779
9554652
9559175
9560251
9560903
9565468
9565920
9575611
9576263
9577339
9582300
9618735
9619155
9622388
9628852
9629512
9632019
9651704
9654367
9655203
9661539
9664964
9665080
9669067
9669175
9673836
9674640
9675692
9680395
9704830
9710270
9714917
9715481
9751786
9752342
9754957
9755313
9758065
9758349
9760982
9761578
9785281
9787802
9788006
9790886
9791066
9798642
9803177
9803349
9808277
9808489
9813042
9847758
9852309
9852521
9857449
9857621
9862158
9869734
9869914
9872794
9872998
9875517
9876417
9899222
9899818
9902449
9902733
9905485
9905841
9908458
9909014
9945317
9945881
9950530
9955970
9965530
9968253
9971133
9974758
10011625
10016178
10016334
10021262
10021490
10026025
10044222
10048869
10049177
10053977
10054309
10059522
10063089
10063629
10066262
10066602
10069354
10069654
10072269
10072881
10112205
10112817
10115434
10115734
10118486
10118826
10121457
10121997
10125566
10130777
10131109
10135909
10136217
10140866
10159061
10163598
10163826
10168754
10168910
10173461
10210330
10213953
10216833
10219558
10241780
10244271
10244947
10251411
10254644
10255048
10258747
10259143
10263708
10264416
10265436
10269959
10291692
10296395
10297463
10298251
10302928
10303020
10339875
10342520
10343300
10349636
10356195
10356255
10359736
10366072
10366852
10369571
10406352
10406444
10412107
10417680
10438919
10443936
10444956
10445664
10454324
10454728
10457235
10467592
10507119
10513583
10514259
10517236
10521339
10526556
10532155
10532551
10558583
10559371
10560439
10565100
10601955
10602015
10605496
10611832
10612612
10615331
10618335
10629048
10631651
10631711
10668524
10673227
10674295
10675083
10679760
10679852
10701115
10701511
10706076
10706784
10707804
10712327
10716916
10719407
10720083
10726547
10729780
10730184
10751974
10754493
10757757
10761178
10798037
10802574
10802802
10807730
10807886
10812437
10830078
10835289
10835621
10840421
10840729
10845378
10849485
10850097
10852714
10853014
10855766
10856106
10858737
10859277
10898673
10899213
10901846
10902186
10904938
10905238
10907853
10908465
10912574
10917221
10917529
10922329
10922661
10927874
10945513
10950066
10950222
10955150
10955378
10959913
10996774
11000193
11003457
11005978
11015870
11020670
11025625
11026213
11062486
11063082
11065713
11065997
11068749
11069105
11071722
11072278
11098534
11098714
11101594
11101798
11104317
11105217
11109326
11113877
11114089
11119017
11119189
11123726
11158514
11163049
11163221
11168149
11168361
11172914
11177021
11177921
11180442
11180646
11183526
11183706
11209962
11210518
11213133
11213489
11216241
11216525
11219158
11219754
11256025
11256613
11261570
11266370
11291083
11291191
11295852
11296656
11297708
11302411
11306488
11309151
11309987
11316323
11319748
11319864
11339055
11339475
11342708
11349172
11349832
11352339
11389212
11389664
11395207
11400480
11406044
11410567
11411643
11412295
11416860
11417312
11453715
11456692
11457352
11463816
11486660
11486776
11489379
11500036
11504139
11508816
11509868
11510672
11540465
11545549
11550102
11550314
11587173
11589694
11590594
11596197
11596377
11619662
11620018
11622633
11623189
11625685
11626281
11628914
11629198
11633021
11637978
11638566
11643110
11643674
11648321
11682493
11687142
11687706
11692250
11692838
11697793
11701618
11701902
11704533
11705129
11707625
11708181
11710798
11711154
11734437
11734617
11740222
11741122
11743641
11743845
11780502
11780714
11785265
11790349
11815800
11820323
11821343
11821795
11826360
11827012
11830455
11831115
11834092
11840812
11841232
11843723
11863964
11866567
11866683
11873799
11876444
11877280
11913299
11918856
11919816
11919924
11929711
11930515
11935176
11935284
11936244
11940947
11977820
11978656
11981319
11991136
12010635
12013868
12014288
12021008
12028088
12028740
12034339
12039300
12076155
12076935
12079580
12086752
12086812
12089415
12094388
12099091
12100051
12100143
12104820
12105608
12126367
12127075
12131640
12132036
12133112
12137635
12174508
12175184
12177675
12187792
12194103
12194507
12201227
12204204
12204880
12241059
12246276
12247352
12247748
12273780
12274568
12280339
12285000
12289095
12292576
12292636
12299808
12324181
12324521
12327154
12327694
12330190
12330802
12333417
12333717
12370278
12370586
12375233
12380929
12403121
12403277
12407830
12412970
12422530
12425253
12428313
12431938
12471874
12474393
12477477
12480898
12485005
12485233
12489770
12494870
12517722
12518054
12523265
12527809
12636144
12638635
12638807
12641687
12641899
12645324
12668123
12668711
12671356
12674748
12677351
12677915
12686671
12687027
12691827
12692111
12696788
12697384
12735859
12736143
12740943
12741299
12745960
12746516
12750055
12750619
12753596
12756348
12759259
12759847
12783564
12786071
12786283
12789163
12789335
12792816
12834212
12834392
12839320
12839524
12864237
12868790
12869450
12870518
12875053
12875473
12879582
12882809
12889273
12889925
12892446
12892898
12912117
12915630
12921966
12922770
12925385
12925493
12962246
12962362
12967009
12968029
12968865
12973574
12978682
12983389
12984225
12985245
12989894
12990010
13026761
13026869
13029486
13030290
13036626
13040137
13059358
13059810
13062329
13062981
13069445
13072674
13076781
13077201
13081738
13082806
13083466
13088017
13125102
13128629
13134965
13135753
13138386
13138478
13142493
13147258
13148038
13149114
13153761
13153821
13175542
13180077
13180753
13181805
13186358
13186762
13223225
13223621
13226142
13226850
13233314
13236485
13240057
13243230
13249694
13250402
13253317
13289782
13290186
13294737
13295789
13296465
13301002
13322721
13322781
13327430
13328506
13329286
13334049
13338066
13338158
13340789
13341577
13347913
13351442
13373244
13375847
13376155
13378907
13379239
13381884
13418739
13419279
13423956
13424296
13429096
13429396
13452248
13456771
13462083
13466648
13470743
13474224
13474380
13477260
13477488
13479979
13519915
13523340
13523568
13526448
13526604
13529111
13534180
13538883
13543811
13548580
13566159
13566771
13571432
13571732
13576532
13576872
13618944
13627584
13649757
13652730
13659450
13659846
13662365
13663073
13667182
13671733
13672137
13673205
13677742
13678418
13700025
13704674
13704734
13705694
13710457
13711237
13747318
13748106
13750737
13750829
13757969
13760586
13764534
13767149
13774289
13774381
13777014
13777802
13813881
13814661
13819426
13820386
13820446
13825093
13846702
13847378
13851913
13852981
13853385
13857938
13862045
13862753
13865274
13865670
13872390
13875361
13897103
13897331
13900756
13903848
13906355
13906511
13943228
13947931
13953063
13958528
13975915
13976215
13980876
13981488
13986032
13986572
13995352
13995684
13998851
14001347
14004580
14004888
14044516
14044824
14047427
14051075
14053720
14054052
14057815
14058155
14062832
14063372
14067916
14068528
14090876
14095399
14100507
14106176
14145556
14148648
14161111
14161707
14166251
14166807
14171468
14171824
14211300
14211864
14214360
14214948
14217859
14241172
14241384
14243891
14246927
14250408
14250580
14254503
14254683
14264380
14265280
14303643
14303847
14308412
14309312
14323112
14323284
14325775
14328883
14332308
14332520
14356099
14358744
14359332
14361828
14362392
14364995
14401868
14402224
14436446
14437282
14441989
14442949
14443065
14447714
14451821
14452625
14455242
14455350
14462474
14465105
14484666
14485318
14487837
14488289
14495009
14497926
14534793
14541074
14551221
14551881
14556434
14557486
14557906
14562441
14602529
14632017
14635530
14649442
14656005
14699422
14704069
14704185
14705145
14709854
14710690
14714797
14717430
14724554
14724662
14727277
14728081
14747514
14750429
14757149
14757601
14760122
14760774
14796981
14797641
14802194
14803246
14803666
14808201
14814069
14818606
14819026
14820078
14824629
14825289
14861498
14862150
14864669
14865121
14871841
14874758
14894189
14894993
14897610
14897718
14904842
14907473
14911582
14912418
14917125
14918085
14918201
14922850
14947563
14948119
14952663
14953259
14957936
14958220
14995075
14997720
14998308
15000804
15001368
15003971
15027624
15027796
15030287
15033395
15036820
15037032
15040923
15041127
15045692
15046592
15090087
15090267
15099964
15100864
15109524
15109736
15112243
15115279
15118760
15118932
15142211
15145188
15145752
15148248
15148836
15188336
15188620
15207859
15208015
15211496
15214548
15217039
15217267
15254140
15258663
15263771
15269440
15286615
15286955
15291632
15296716
15297328
15306084
15306392
15308995
15312643
15315288
15315620
15355224
15355556
15358723
15361219
15364452
15364760
15368555
15368855
15373516
15374128
15378672
15401404
15406107
15411239
15416704
15456296
15459348
15484061
15484769
15487290
15487686
15494406
15497377
15501486
15502162
15506697
15507765
15508169
15512722
15534201
15534981
15539746
15540706
15540766
15545413
15582282
15585809
15598710
15599498
15602129
15602221
15609361
15611978
15648837
15655458
15681682
15687945
15697057
15700230
15731964
15735131
15735463
15738215
15738523
15741756
15777999
15778611
15783272
15783572
15788372
15788712
15811556
15816259
15821187
15825956
15830059
15833484
15833712
15836592
15836748
15839255
15879191
15882672
15882828
15885708
15885936
15888427
15893464
15897987
15903299
15907864
15925491
15930708
15931048
15935848
15936148
15977664
15987456
16008658
16008750
16011381
16012169
16018505
16022034
16026081
16026141
16030790
16031866
16032646
16037409
16058678
16059082
16063633
16064685
16065361
16069898
16106757
16109730
16123193
16123589
16126110
16126818
16133282
16136453
16173322
16179345
16206369
16212038
16221714
16224329
16271661
16272081
16276618
16277686
16278346
16282897
16287006
16287458
16289977
16290629
16297093
16300322
16319945
16320053
16323474
16329810
16333321
16370182
16375905
16386502
16386618
16391265
16392285
16393121
16397830
16434697
16437330
16467234
16470149
16484625
16490634
16520612
16520792
16525720
16525924
16567344
16576524
16603456
16606848
16613588
16662760
16685696
16688448
16714764
16724016
17724244
18247835
19498331
21572856
22587738
23614870
23987064
26299453
28363161
29899065
31666819
39168170
40087360
42897042
48152710
48846596
50479855
50502295
50532111
50543667
50575128
50625596
50628339
50669018
50707120
50746702
50821642
50847945
50879094
50898045
50918954
50980166
51028933
51038493
51070266
51089502
51221872
51239429
51299367
51408205
51444116
51453541
51454527
51465158
51492049
51515898
51570790
51630642
51645878
51796801
51914967
51925899
51940209
51943597
51983186
52061604
52114081
52234953
52238634
52258352
52299462
52309265
52459233
52476506
52587888
52606275
52643538
52650285
52664545
52696533
52752399
52761322
52768546
52849795
52964750
52966328
53007576
53199528
53240649
53546106
53564834
53631640
53651880
53682382
53711125
53928481
53937072
54084245
54097932
54241283
54279328
54280508
54301062
54403426
54534058
54598998
54620822
54627785
54787200
54844946
54867364
54963468
55019108
55087415
55194139
55205153
55217332
55249872
55265388
55321003
55363460
55546498
55617095
55674158
55724852
55735820
55806538
55857382
55860361
55862042
55929862
55938097
55985272
56012822
56035484
56102429
56177929
56219728
56345345
56512912
56662980
56674618
56755686
56932641
56935065
56967649
57094472
57148126
57222167
57284229
57295027
57385264
57420564
57423426
57507885
57593952
57630852
57673577
57741467
57893953
58012165
58214856
58238608
58263718
58733814
58777473
58791515
58832925
58885049
59105811
59118765
59294554
59325032
59339909
59363628
59377787
59415621
59455750
59574184
59711728
59745290
59799722
59803620
60046658
60048471
60090456
60101452
60125473
60198409
60324369
60375267
60556071
60592848
60835638
60885459
60885692
60936774
61034616
61048140
61115274
61130025
61223462
61277717
61342189
61441202
61446928
61531904
61557769
61607536
61767875
61770020
61871375
61928466
62138421
62146248
62235744
62411616
62522832
62898192
62940099
62976816
62999153
63006056
63101256
63160363
63248547
63253188
63292624
63335968
63459917
63473291
63719608
63914306
63998194
64001432
64042530
64045453
64101510
64104739
64266796
64463232
64636434
64852996
65035362
65038756
65055825
65082673
65177741
65676456
66129792
66229824
66459688
66662592
66716428
66849795
67955243
68821918
70911852
71883713
73754906
75383572
75828047
76203916
79237230
81300803
81963788
83034383
83657512
83930011
84097748
84132092
84196487
84257881
84289443
84332883
84351545
84365959
84368482
84422247
84446706
84530339
84582180
84611939
84616597
84619438
84700824
84707101
84758275
84806117
84995123
85026273
85132407
85156619
85216876
85318336
85361640
85382196
85428530
85494334
85561754
85566180
85607033
85637296
85674658
85771858
85822632
85881128
85920524
86042536
86055230
86073978
86085445
86101194
86112529
86133681
86138390
86152302
86168965
86245883
86274502
86386782
86471692
86545013
86591581
86698028
86706571
86754833
86776486
86779252
86816010
86880404
86902347
86950296
86975013
87045592
87054693
87147047
87242825
87264284
87311518
87347980
87369875
87428359
87483584
87617673
87629322
87720278
87729441
87822272
88094577
88141634
88167581
88188446
88196018
88237238
88242563
88277853
88312485
88379582
88438853
88502984
88524330
88580359
88758330
88789652
88908241
88943456
89088530
89153879
89209624
89241638
89264687
89268665
89335400
89376080
89667458
89735758
89745449
89826444
89927733
89966884
89982087
90053186
90356320
90366281
90393892
90411218
90458834
90743590
90769971
90788200
90845255
91013143
91229411
91259797
91282945
91494794
91514146
91559233
91576368
92209194
92305166
92330601
92386754
92399766
92428494
92558824
92560178
92586726
92611388
92642572
92683664
92715050
92751153
92766874
92865758
92899637
92937865
92973512
93066355
93131665
93148740
93176137
93250177
93380972
93425250
93460765
93495463
93574280
93610960
93633044
93668009
93854115
93859624
93894209
93897877
93970968
93991962
94068805
94384813
94428336
94430804
94457624
94478415
94514404
94582320
94675809
94771781
94868483
94921011
95038098
95359176
95425238
95454777
95552938
95569729
95781284
96019718
96045697
96262146
96372228
96475381
96633459
96672168
96809050
96870509
97004124
97019616
97074179
97094410
97142023
97295552
97421337
97577153
97584915
97662244
97780953
97865990
97994824
98013728
98079088
98091178
98199824
98308748
98345030
98636966
98698908
98750754
98831418
98837893
98861404
98954240
98980944
99164313
99496704
99660298
99836064
100146196
100336208
100755347
100760372
100766167
100830684
100882763
100944303
101000822
101072645
101159021
101179746
101261010
101273060
101286827
101333149
101335895
101364964
101376186
101462979
101542986
101610770
101673856
101730282
101765861
101806298
101827677
101848487
101870284
101896505
101988984
102004108
102029335
102086464
102181443
102297217
102345036
102389424
102516177
102537993
102539574
102648860
102728340
102805097
102829497
102970762
102975670
102978077
102998574
103032463
103075664
103084706
103110440
103171685
103192718
103196080
103314028
103388812
103453129
103493144
103581877
103748660
103887943
103971880
104101393
104106598
104128837
104214753
104278308
104360722
104374986
104405105
104471047
104498203
104525844
104706088
104883437
104912114
104936298
104970833
105040229
105097414
105120764
105140795
105155275
105238922
105260243
105405575
105448819
105523576
105589921
105615928
105628872
105649454
105649749
105767941
105845188
105863185
105943646
105946032
106029956
106032224
106081301
106104713
106123380
106370074
106430927
106437864
106439347
106492226
106511876
106629398
106711139
106766425
106827552
106961709
106996195
107001172
107041744
107043916
107071028
107093267
107229593
107285543
107401985
107553012
107571521
107574306
107924482
108062734
108144292
108151491
108299720
109068232
109080925
109141050
109159781
109212274
109253873
109367964
109430900
109465026
109483094
109512536
109624593
109717300
109793688
109807788
109844886
109888305
110257305
110270563
110297958
110338168
110349828
110440628
110450306
110461134
110627958
110741794
110793490
110828864
110906180
110944480
110956049
111152853
111201543
111229317
111317924
111331896
111333523
111421674
111502086
111711586
111714716
111783104
111825934
112091217
112134214
112210723
112294464
112362061
112480586
112609413
112665224
112855776
113311935
113334921
113385060
113402792
113478960
113511785
113570888
113643829
113694880
113719308
113817738
113869652
113920212
114108466
114115236
114164330
114318417
114336027
114370256
114568065
114737744
114854437
115019938
115164424
115371154
115442408
115548498
115611312
115642565
115869465
115917698
116109313
116156936
116474394
116526154
116555830
116663324
116756752
116933793
117727925
117805862
118048301
118278348
118309019
118396049
118402624
118495036
118545674
118624082
118728322
118737041
118760555
119166019
119304710
119416970
119576466
119677657
119737192
120004224
120013140
120076331
120113731
120148231
120223936
120330584
120341730
120488498
120635888
120932617
120947288
121785929
121799566
121812009
121853698
121916693
122197832
122249500
122369104
123085636
123125773
123371745
123749771
123808394
123883692
124094786
124127345
124585360
124792946
125355076
125475072
126036753
126048293
126075840
126227211
126284036
126534768
126583303
126626061
126896655
126954636
127174019
127287474
127598889
127799396
128060963
128084234
129013960
129177618
130070148
130075692
130310286
130360841
130419222
130852128
131207825
132276741
133234789
