23229
47477
58317
71149
109725
115190
128549
209582
302366
392384
399157
404195
413069
459485
481381
516373
609107
648984
668536
670765
681621
689501
712512
731589
757941
772621
797469
815525
823917
837845
877645
886661
907320
1025376
1062493
1076453
1085229
1123253
1145101
1152880
1153733
1294457
1395440
1419790
1450349
1472096
1491621
1520773
1561864
1585104
1601643
1706613
1726680
1749765
1787173
1842501
1877045
1902765
1921557
1970866
2113413
2123069
2133745
2153549
2173549
2182950
2191573
2200349
2329544
2381736
2476449
2519565
2527685
2534980
2566198
2589741
2653360
2712040
2753453
2775317
2798984
2809957
2823749
2888861
2926794
2949479
2996229
3105360
3148253
3190957
3205653
3218485
3237516
3253573
3288184
3327456
3423048
3486746
3556437
3580568
3607301
3738891
3769528
3837061
3874845
3941061
4312424
4332365
4358719
4388144
4388997
4394661
4412445
4438624
4459645
4478661
4502857
4528533
4563173
4598232
4670249
4728677
4759061
4768941
4799128
4810805
4837701
4935056
5011730
5018096
5124181
5146917
5281974
5399118
5411941
5460163
5472653
5519909
5529757
5622804
5676672
5771581
5774952
5786501
5810253
5829200
5833941
5881088
5925216
5973552
6080288
6161933
6205480
6230848
6399904
6431949
6452160
6500645
6522965
6541480
6580549
6589069
6606901
6628885
6690392
6822117
6832733
6857109
6903882
7291013
7343687
7399816
7475861
7489581
7605680
7671885
7894021
7963173
7998232
8102080
8449082
8495978
8509463
8550154
8559410
8562259
8564129
8599642
8605268
8639586
8676058
8685286
8727946
8734065
8787410
8870530
8920010
9000090
9025698
9071810
9076986
9118610
9180459
9254466
9309722
9364002
9388362
9464738
9471898
9512178
9554122
9575594
9629842
9701754
9758018
9782826
9836573
9867850
9908514
10001490
10081026
10094434
10109071
10176562
10186820
10200074
10389890
10501474
10539354
10568587
10580530
10591754
10625780
10635882
10683706
10742018
10788957
10793858
10817770
10905745
10929290
11019946
11061906
11109826
11162018
11290149
11412756
11505682
11556546
11614608
11674058
11764386
11797895
11851810
12099890
12124762
12204546
12411010
12419340
12595642
12639618
12686034
12732082
12757642
12782050
12866402
12917810
12972042
12985450
13027410
13075715
13118066
13136428
13157962
13198626
13207834
13283650
13308427
13387946
13411474
13648617
13654554
13678114
13702474
13765910
13812010
13894485
13908162
14090394
14172626
14225026
14426890
14516322
14570498
14683354
14737634
14890114
14970370
15016274
15145224
15210258
15224076
15360026
15371298
15598274
15804458
15813440
15844481
16289930
16935005
16944021
16961837
16983821
17024197
17049045
17079461
17090077
17117245
17128707
17132165
17140045
17288736
17305293
17323125
17362181
17373989
17383837
17408597
17472168
17577192
17639856
17711941
17735821
17763349
17854960
17866184
17907360
17945240
17958077
17980933
18016960
18026837
18041256
18064784
18065445
18092941
18106677
18149445
18155109
18321632
18364565
18383333
18436262
18453517
18488624
18639400
18727248
18987304
19040611
19043382
19077261
19087925
19142470
19150931
19153133
19178277
19293512
19411277
19433320
19433533
19452549
19473573
19503312
19616520
19683680
19732016
19745928
19841200
19986176
20010088
20078981
20087373
20128608
20196365
20283541
20384834
20449045
20531269
20844581
20982189
21000981
21008605
21022672
21023333
21052485
21062840
21071157
21126368
21173168
21295776
21320136
21390373
21398952
21440192
21467653
21569739
21631590
21632389
21758645
21780493
21930768
22037837
22057795
22062725
22088221
22110755
22326368
22415557
22493200
22686856
22724629
22840008
22880517
23082537
23088277
23112280
23135173
23191565
23303488
23462173
23647256
23734789
23888965
24051816
24125557
24446728
24790592
25173841
25178343
25183722
25209298
25234106
25290370
25318092
25399690
25438002
25479946
25520226
25527386
25579578
25592180
25607170
25714210
25735706
25760114
25831722
25871634
25922114
26005698
26150050
26226250
26264178
26304794
26316066
26368322
26416658
26496146
26517674
26543042
26752386
26878625
27072522
27140178
27293834
27309201
27350292
27398018
27476178
27730442
27812674
27864082
27901994
27923530
28049818
28316458
28422210
28468258
28477466
28721936
28838114
29132290
29389906
29399146
29440770
29492058
29576202
29597746
29628042
29647235
29918114
30021778
30149954
30229010
30573762
30709008
30804514
30934074
30992386
31476018
31499530
31524450
31642114
31726100
31819906
32256034
32511140
32514706
32540933
32784458
33227010
33715525
33724045
33737781
33765909
33784677
33820491
33831117
33841781
33872645
33893669
33920085
33956895
33987688
34083797
34097517
34122405
34140316
34145853
34167941
34237320
34244528
34284760
34326752
34391496
34432672
34473189
34517696
34541837
34721664
34740645
34751261
34775253
34776904
34802765
34821296
34846856
34867863
34886701
34911648
34924632
34936520
34947525
35007280
35136909
35178053
35193571
35227925
35427096
35547141
35654831
35711840
35786877
35801797
35849621
35972229
35984037
36124416
36187221
36206152
36266757
36274381
36279588
36413992
36445826
36455538
36524432
36602389
36840997
36860200
36870736
36950021
36974869
36997221
37113352
37159256
37231117
37241013
37304416
37413904
37762292
37776909
37785029
37804744
37822813
37845408
37852568
37853229
37864085
37896689
38151045
38171784
38191181
38242840
38284600
38302339
38406301
38427184
38511621
38552853
38603333
38819925
38854949
38868741
39143435
39256117
39339672
39389640
39465360
39620741
39717968
39848757
39866765
39891525
39916392
39928933
39988880
40027905
40133400
40184904
40246277
40280176
40470096
40566962
40640557
40930329
40970373
41126176
41178432
41468008
41550149
41620488
41724416
41965810
41989322
42014626
42033199
42124226
42175634
42205629
42220074
42259986
42309954
42356002
42402418
42484538
42512130
42536042
42590290
42611762
42653706
42738146
42828426
43004754
43088898
43094074
43140186
43143715
43165794
43191050
43274634
43360785
43394690
43520236
43526298
43566242
43801152
43844882
44042076
44066194
44116674
44176026
44181773
44409890
44462146
44601954
44642570
44698064
44779010
44895008
45105510
45146634
45257986
45383890
46006314
46164298
46171506
46212634
46254626
46276162
46354706
46482626
46567586
46794122
46993496
47130626
47292802
47383236
47472690
47490060
47716642
47874578
48256042
48298000
48374562
48463946
49070338
49365020
49432706
49615362
49816642
50349989
50373741
50399477
50401871
50442629
50469147
50638472
50727469
50745493
50902352
50985472
50998880
51011892
51025989
51036760
51088648
51131909
51153458
51192648
51232805
51336256
51391301
51417653
51430712
51431565
51471381
51481192
51729184
51807493
51848232
52103824
52113411
52166749
52437661
52459557
52478293
52530693
52615552
52709406
52757984
52895813
52966304
53101581
53217669
53252107
53494728
53543213
53600416
53613761
53743800
53749328
54566688
54568983
54644848
54658645
54716456
54741253
54792549
54806120
54854797
54912256
55083789
55709838
56099696
56101925
56205336
56508680
56710784
56787109
56828296
57019200
57217045
57434304
57950725
58230144
58781986
58878482
58885674
58926402
59060370
59115722
59246290
59328898
59532298
59642626
59808386
59900338
60036194
60276738
60326218
60375561
60825722
60869698
60916498
61020194
61096610
61513858
61932682
62138626
62410770
62925986
62963866
63218242
63242538
63512676
63542274
63586371
63975497
63981314
64030802
65016258
65471504
65538570
67247317
67257965
67303960
67307837
67326853
67350605
67391837
67430445
67444237
67446392
67641597
67664453
67671768
67672461
67683125
67712277
67734629
67767784
67822032
67846840
67874432
67937192
68080645
68100645
68216496
68233303
68240856
68266464
68317237
68320640
68325816
68340037
68367056
68388373
68445957
68453581
68473792
68513960
68618144
68687525
68701213
68748109
68804741
69046561
69075349
69150984
69348177
69376549
69378470
69386397
69423472
69430277
69471204
69481573
69542285
69551284
69569555
69752257
69772813
69798549
69816365
69841728
69887776
69977160
70125645
70195360
70370088
70388366
70391053
70451429
70497312
70517309
70539397
70599235
70815829
70868480
71052322
71205472
71305117
71327013
71351464
71361621
71376832
71387341
71412489
71486368
71533808
71591392
71681672
71700716
71715349
71807360
71897713
71983373
71992005
72100997
72108872
72187933
72364485
72385955
72405517
72426541
72456280
72648274
72762424
72787971
72928448
72975248
73078789
73143688
73294464
73414685
73425573
73433453
73455200
73495816
73804328
74056757
74058115
74071104
74191621
74309664
74462000
75040096
75157760
75243608
75498483
75513490
75551402
75582627
75592130
75647386
75695818
75783242
75804786
75830042
75899718
75928212
75981842
75991082
76031322
76073314
76114442
76121650
76173906
76225794
76302210
76351698
76427402
76567858
76593418
76618338
76685882
76729858
76775762
76819081
76911746
76955874
77080869
77112002
77136298
77381658
77701274
77764802
77881642
77891393
77908244
77993506
78125624
78181378
78283530
78323810
78677098
78718722
78860298
79299730
79434050
79695658
79749906
79773818
79801350
79853602
79860762
79987146
80028322
80221410
80461954
80517634
80609586
80766090
80873649
80876418
81071169
81084708
81342482
81397834
81801802
81891618
81937730
81988114
82071698
82395409
82641930
83009556
83378722
83897909
83915917
83925590
83937528
83976549
83985069
84189843
84280435
84293893
84350104
84426504
84504664
84546077
84560037
84583480
84608848
84695696
84731456
84739372
84742341
84840776
84940909
84951765
84954976
84976412
85003653
85060616
85120080
85170944
85235240
85275968
85330520
85385504
85409805
85599301
85756421
86002445
86026437
86049885
86074256
86249891
86364166
86378117
86647496
86737157
86794261
87041448
87082021
87110149
87131840
87184032
87863424
88085880
88144192
88169000
88192528
88236656
88247309
88285333
88288544
88326424
88351309
88441696
88495872
88607061
88649765
88688133
88916356
89260837
89395223
89679120
89688360
89729600
89931873
90145792
90215304
90255584
90329157
90367104
90507301
90705568
91233538
91357648
91750541
92281268
92312839
92353578
92394049
92463178
92488482
92823730
92834954
93061738
93167874
93327578
93530242
93614594
93717770
93850386
93930562
94015522
94389786
94415394
94439754
94506084
94515474
94643394
94966402
95307778
95447120
95469954
95748146
96488130
96535954
96741402
96781346
96931906
97014026
97134082
97526114
97616394
98697386
99123282
100676397
100690325
100716773
100738757
100768432
100780302
100959418
101074640
101156997
101193783
101240360
101281088
101286264
101322501
101340440
101366048
101390920
101400661
101455712
101466765
101561352
101605480
101696256
101721457
101732984
101760516
101781661
101784872
101839120
101927460
102089824
102109765
102127634
102400045
102517152
102539588
102773208
102782485
102793819
102832453
102866997
102935562
103170341
103326944
103352200
103428229
103833677
103850881
103863432
103885336
104212672
104662021
104941360
104999013
105025813
105066552
105110528
105134672
105154085
105173288
105213957
105317700
105387085
105447845
106054789
106243216
106439189
106461192
106468400
106758696
107069888
107091360
107104344
107151885
107217109
107530245
107905160
108267788
108532416
109078114
109127986
109167641
109187434
109192364
109294082
109349452
109373570
109486360
109613458
109709986
109924386
110003266
110104002
110183058
110365748
110396194
110436426
110630410
110780674
111172354
111184296
111219794
111329330
111608194
111689930
111944210
112210082
112822274
113318026
113385682
113521922
113656330
113789970
113811498
113836866
114295067
114348098
114492450
115377794
115607650
117572045
117629445
117642277
117680208
117722181
117732400
117768981
118000576
118040589
118064276
118100208
118367616
118495120
118577344
118644888
118656160
118760100
118849928
119034117
119669560
120062565
120119560
120145968
120231424
120623456
120719381
120800512
121113672
121641605
121651261
121654664
121676208
121701080
121935040
122110112
122493184
122735120
122781765
123741445
123831336
125444128
125838218
125927650
125981826
126107986
126130193
126160386
126367810
126550042
126896170
126919698
128323596
128451874
129106498
130028082
130189570
131858562
132210690
134260216
134343336
134361501
134364872
134376229
134383853
134402645
134423669
134454533
134489773
134511637
134534500
134558533
134580789
134598797
134633904
134670208
134694120
134764301
134788293
134813789
134832742
134848813
135052832
135142021
135151677
135320977
135359792
135399365
135455757
135468585
135481493
135532789
135547469
135571845
135595293
135704912
135805352
135815509
135824029
135845925
135867909
135941792
135987696
136110304
136125584
136135560
136282181
136449565
136528205
136553093
136583469
136594325
136645829
136687792
136719619
136840627
136852021
136865933
136874821
136954901
137021736
137172296
137384801
137414232
137508933
137527605
137664005
137675019
137715749
137888877
137900242
137957765
138014728
138118912
138422997
138442872
138449829
138463517
138503557
138511949
138547056
138793744
138839189
138881037
138961840
138973064
139013344
139051224
139072696
139075751
139086917
139133717
139198925
139256325
139269157
139428512
139465688
139478581
139484300
139528549
139571221
139617488
139668352
139734552
139822528
139874565
140514645
140524194
140553253
140574909
140597765
140663826
140747800
140903013
141092160
141105456
141116968
141201421
141298195
141351040
141566733
141595944
141637184
141746720
141985864
142612090
142657315
142670402
142694698
142718226
142762354
142773578
142814754
142852634
142898338
142907608
143000490
143106242
143188362
143216865
143300226
143396260
143426386
143466554
143510530
143530082
143692258
143732875
143788754
143869314
143924994
144003154
144074762
144081970
144205330
144214570
144255298
144314650
144442570
144714522
144794698
144803954
144856197
144879658
144905026
144984514
145032850
145080900
145426570
145510922
145768634
145796226
146023010
146347042
146456642
146540628
146810818
146821199
146892946
146900138
147022401
147080474
147106082
147130954
147206674
147340298
147378226
147475202
147522642
147657090
147868770
147890266
147915570
148084738
148161154
148514049
148570156
149062034
149193272
149197890
149372962
149422442
149529090
149975298
150078986
150081648
150732961
150995837
151017925
151042573
151052469
151066261
151079981
151105344
151164696
151246920
151352840
151393357
151429736
151454117
151536299
151684645
151791717
151818517
151948480
152057125
152079445
152158981
152339376
152445461
152599616
152604792
152646416
152701257
152781848
152847493
152872200
153014784
153118277
153126285
153147952
153168149
153194597
153227752
153291952
153375952
153426816
153436472
153536517
153747669
153944589
154143397
154161181
154225162
154476744
154670728
154683792
155027488
155205008
155326517
155361605
155414534
155455237
155533397
155722781
155805960
155814021
155865424
155917824
155980584
155995184
156086336
156377400
156421376
156467792
156525376
156532781
157560965
157696648
157827365
157851816
158384324
158532613
159404946
159456450
159523994
159565986
159580267
159658314
159748642
159794754
159844626
159926362
159949922
159975178
160067593
160081940
160180866
160446514
160456812
160486410
160604930
160961093
161054866
161235234
161514186
161554850
161745962
161800210
162044162
162136626
162530642
162926722
163614226
163652236
163692866
163714338
163840242
164528138
164628874
164963330
165744666
165816386
166216834
167779941
167789789
167814933
167836936
167840653
167858485
167883352
167897157
167929400
167979368
168019280
168134440
168167765
168186696
168210469
168248837
168431819
168477061
168594445
168632469
168831037
168857933
168920229
168955288
169021542
169094214
169381216
169460272
169481237
169564416
169607973
169877989
169908160
169908373
169919021
169948173
170057928
170083232
170220576
170502528
170592293
170656472
170676293
170921522
170937605
170984021
171209344
171311245
171525312
171610272
171967214
172098861
172169424
172233245
172247205
172505349
172523637
172586000
172835168
172922112
173034280
173081720
173161504
173181445
173199384
173314656
173355272
174113968
174219285
174424325
174589573
175122768
175211144
176180874
176202418
176226778
176306562
176472170
176513794
176624650
176693865
176706882
176757266
176914722
177094802
177218858
177260818
177309250
177353228
177539234
178040834
178376834
178390242
178524466
178587673
178686466
178808866
178816026
179312714
179511314
179831682
180392714
180488250
180544514
180620176
180626513
180914370
181143074
181408914
181797186
181952644
182469202
182521090
182722698
184596704
184689616
184708228
184778812
184836365
184844997
184928400
184948384
185085998
185092629
185140549
185622723
185931781
186131632
186388928
186741056
186782469
186819872
186844744
186909749
187451136
187570192
187798544
188104800
188260357
188797957
188813475
188820016
188883467
189038936
189305488
189401504
189792661
189796032
190226560
190382598
190842957
191370336
191610880
191915016
192940898
192945180
193020978
193046538
193106002
193234306
193663108
194249242
194644994
195048962
195182858
195887170
197280292
197416962
197665042
200310818
201338189
201357136
201364541
201366376
201406629
201417245
201518176
201543432
201564976
201607738
201711944
201733416
201748673
201753357
201823808
201986405
202008595
202048653
202114645
202138776
202148003
202197253
202382101
202391981
202416741
202462277
202509351
202901304
202959616
202983528
203007056
203070472
203173901
203310400
203428557
203485445
203511960
203589288
203630016
203886613
204084112
204244230
204479712
204481685
204554518
204572685
204980352
205029832
205071008
205144585
205279280
205665797
205766693
205791541
205822021
205851048
206047789
206065813
206090520
206226960
206276928
206341224
206382848
206524424
206618992
206671392
206700637
206723648
206771472
206894080
206897797
207036512
207721604
207897613
207921856
208216133
208290016
208684928
208810120
209725674
209733749
209765586
209782118
209816450
209916082
210019850
210161922
210252578
210275601
210341962
210388010
210781002
210832410
210886690
210908226
211034514
211310722
211747330
211817866
211968642
212154370
212205658
212340290
212369588
212770817
212898322
213256480
213915986
213997058
214073954
214114570
214305922
214434458
214720578
215224362
215515143
216015922
216017284
216057866
217120962
218116792
218156673
218202577
218252565
218278280
218303045
218367944
218368157
218386981
218437744
218473477
218637189
218666400
218677325
218728984
219320453
219437320
219742261
220070056
220247112
220268321
220340269
220382016
220489888
220732421
220733808
221392384
221512005
221974592
222299365
222368013
222828744
223373317
223380632
224428565
224480320
224825376
224948736
225051912
225247376
225444456
225550592
226520322
226525498
226566738
226630154
226836618
227148226
227283986
227542690
227838018
228610146
228819970
230170634
230731906
231278626
231882770
233046786
234893216
234931096
234971376
234982600
235012789
235034637
235058320
235148677
235208813
235307488
235348616
235430949
235460688
235508229
235865136
236134661
236240917
236260160
236456133
236750464
236995944
237102592
237122144
237211912
237251077
237502749
238191684
238329896
238564608
239092549
239116429
239143957
239495424
239601104
239684224
239874208
240163200
240402632
241180168
241730336
242225189
242614800
243298330
243309602
243402514
243484738
243536578
243868802
244058378
244482186
244842610
245408066
245432874
246694914
247480738
247824402
248523266
250220546
251670613
251685448
251692656
251693349
251733272
251796800
251875856
251966208
252101640
252708365
253237792
253395216
253583360
253757650
253837445
256420864
256770053
257099784
257164576
260448290
260620802
261165314
264242250
