21059
41272
42115
66326
77861
83209
116868
131530
213104
369216
538882
561360
672774
1061960
1069472
1081446
1182753
1187988
1572891
1802496
2115626
2132289
2289664
2376896
2555907
2884108
3217424
4199474
4331588
4483073
4620448
4718981
4754440
7872544
8392080
8409116
8595464
8650857
8978594
9979968
10494034
10617124
11015169
11567240
12632322
13698052
16778412
16779864
16802116
16879626
16912657
16917026
17350689
17376272
17891521
19531904
19924226
21039392
22167560
23101460
25167879
25330752
27345408
29372544
33555541
33564896
33720338
33882264
34213928
34605324
34693122
35655814
35750944
36192528
36831808
37889280
38535234
38834177
42012992
42090625
42508292
50355200
52437001
59768880
67272717
67310720
67634528
67657864
68191760
69206193
69217284
71570176
72353922
73465928
75536416
76554497
80347152
84164626
85463044
101255169
104874020
109052938
117473664
134224009
134255876
134286402
134744116
134881345
135090176
135332392
135528784
136388992
136447000
137379845
138420238
138429072
142631968
142704657
143790082
152086528
153096288
159908104
167772451
167821384
169346176
182454272
184745988
201476352
203980802
209715396
222299137
234893328
