488823
1310412
1374031
1551738
1564547
1703537
1932970
1969147
2047772
2072166
2292399
2328574
2490336
2616729
2617977
2981165
3046746
3124999
3304318
3402979
3529910
3676157
3722143
3792234
3858130
3861845
4091449
4103199
4117197
4140237
4642031
4880295
4976577
5046072
5159765
5217166
5229363
5318651
5438448
5489983
5684886
5716653
5724890
5958235
5971381
6047734
6089397
6122345
6124995
6152668
6245903
6516406
6617523
6716316
6774186
6801863
6912504
6999788
7035723
7052630
7055725
7067165
7337136
7503065
7534377
7580373
7649532
7712165
7714137
7719595
7821168
7945836
7960468
7968999
7976587
8166198
8178803
8286822
8335667
8648658
8906661
9066751
9142120
9267671
9336729
9422667
9429230
9697566
9885370
9891537
9915380
10074084
10171983
10253948
10282803
10333741
10336713
10454679
10730949
10807903
10859950
10955514
11188060
11195763
11228622
11254425
11360058
11380085
11390371
11434691
11549647
11744508
11757513
11828664
11843253
11883755
11953311
11958567
11965910
12000910
12032856
12106870
12117241
12136402
12174951
12237610
12274779
12307004
12379082
12407761
12518703
12639039
12710889
12803701
12921983
12958644
13055948
13069195
13188759
13225150
13329245
13473575
13489365
13513534
13754082
13816535
13980590
14015820
14066589
14105953
14301916
14309210
14377398
14388039
14399032
14478726
14487032
14743028
14790458
14866906
14982765
15098361
15124371
15143327
15228869
15264625
15295851
15376855
15528975
15541165
15558342
15609117
15641802
15669489
15758074
15843827
15851281
16118339
16174884
16230502
16470693
16520382
16555912
16627738
16701481
16746060
16763280
50456895
50593556
50623223
50671578
50682717
50776318
50851369
50909134
50947743
50962329
50984739
51021563
51056124
51125487
51213228
51228891
51280651
51298240
51354922
51366995
51396531
51450367
51509925
51535151
51574004
51632582
51635783
51764018
51809133
51830168
51852953
51861322
51877796
51999977
52018501
52025931
52053989
52094808
52116570
52176343
52198104
52227606
52247732
52260737
52338225
52367934
52374101
52398247
52424977
52686154
52731723
52742012
52755569
52788428
52803942
52811218
52814313
52854418
52931468
52937871
52977333
53048692
53131484
53140336
53162675
53173697
53194340
53246014
53305094
53324593
53360014
53372211
53385619
53388949
53421897
53563292
53588763
53598456
53666259
53676855
53689768
53701259
53718166
53788204
53828635
53830486
53855921
53874672
53883747
53897397
53910725
54031239
54056506
54062512
54105294
54119469
54156876
54159721
54170199
54185731
54301991
54340707
54404220
54414506
54453028
54462798
54502082
54572751
54655882
54851473
54871541
54912094
54926707
54964694
55000453
55008224
55036565
55092670
55115090
55145082
55175395
55241113
55274188
55285580
55288741
55296978
55359092
55369378
55373093
55417389
55458156
55482970
55518450
55529240
55542047
55618923
55737912
55753318
55761075
55763689
55786313
55832876
55882426
55924846
55929272
55946976
55982111
55993702
56011651
56038087
56052937
56153485
56158332
56203988
56253206
56274445
56315490
56353930
56386333
56410727
56437542
56444203
56510099
56526312
56607796
56687045
56772215
56784840
56823481
56840427
56860354
56863216
56916649
56930621
57000870
57037626
57043793
57058922
57068822
57088182
57100589
57143876
57159382
57228060
57235763
57240665
57253284
57299293
57321527
57351183
57378147
57461098
57485707
57509592
57546465
57703650
57730830
57750500
57779317
57789281
57818452
57824414
57876893
57903195
57926194
57956165
57973134
57978009
57985746
58008750
58035719
58200009
58210929
58233330
58268330
58270287
58337186
58345671
58422785
58465592
58474745
58493269
58516676
58565906
58577672
58591900
58634313
58825823
58848952
58891949
58936503
58948056
58962645
58975601
59009902
59096710
59160683
59167630
59173808
59205034
59228899
59308175
59387363
59407953
59430502
59456326
59465354
59469069
59484346
59535737
59561396
59615004
59625312
59651877
59659295
59687765
59737542
59758668
59792853
59812318
59954379
59978474
60061664
60091555
60118567
60138701
60190348
60200540
60206357
60213787
60341044
60351218
60372270
60397394
60400489
60438166
60507705
60526273
60578930
60581451
60596287
60649670
60655274
60746050
60752781
60788976
60861355
60890993
60929251
60994969
61005218
61026669
61052679
61077523
61126450
61167497
61186455
61236692
61283612
61333564
61390184
61401025
61410013
61428706
61458759
61494520
61509950
61514831
61555099
61656345
61675116
61678777
61688363
61698581
61705270
61728976
61770472
61796513
61896026
61914832
61922061
61959784
61982180
62022237
62069862
62072485
62080722
62141340
62149043
62154029
62165734
62199981
62224705
62265562
62293107
62312808
62328195
62405661
62433509
62440599
62472318
62513804
62588245
62614288
62700035
62785306
62976860
63000406
63027436
63034730
63101763
63136199
63184601
63258408
63267635
63281571
63286085
63311590
63321276
63333082
63379346
63383055
63421520
63530597
63541621
63583216
63612691
63652654
63723930
63738519
63751081
63771467
63842873
63928354
63935625
63999928
64018033
64050892
64056017
64066742
64079747
64093193
64115609
64137156
64171314
64195214
64248500
64266737
64299644
64307359
64389942
64402698
64442708
64500397
64510824
64588339
64598424
64623054
64627929
64635251
64654422
64666784
64686189
64757262
64805057
65031823
65040814
65067126
65069749
65105313
65182612
65195217
65213022
65242057
65264168
65324218
65343992
65415373
65422667
65439141
65562424
65577830
65585755
65601028
65611212
65677658
65712778
65803606
65808820
65863911
65932039
66006656
66072791
66086971
66144714
66158895
66224380
66307352
66415636
66454187
66525713
66589803
66737444
66848309
66860417
66995136
84046319
84066091
84104767
84121851
84204143
84206558
84226939
84242007
84252381
84303093
84321407
84342444
84343123
84355574
84374746
84376357
84456127
84466141
84520158
84527036
84567798
84593839
84612085
84616635
84653651
84654508
84660942
84663601
84716011
84745683
84754687
84785034
84785269
84796761
84798118
84823020
84861365
84864586
84891021
84892274
84966175
84981211
85026174
85044154
85150141
85165945
85212519
85247469
85259171
85261404
85297503
85307630
85311249
85338090
85345143
85419175
85420888
85435804
85437027
85480887
85543894
85597673
85601191
85620363
85621108
85623294
85637040
85637199
85681941
85682410
85705395
85708108
85726159
85757912
85775092
85777675
85836650
85838997
85873774
85875601
85893915
85896420
86038415
86044222
86064795
86074295
86088509
86129271
86164221
86176947
86178636
86200180
86233955
86236316
86293940
86382445
86412154
86443763
86454461
86458178
86480155
86481636
86521827
86534863
86570712
86571303
86606811
86632262
86632633
86706878
86717199
86719728
86729180
86732323
86776569
86788053
86804206
86823997
86825922
86873968
86874255
86950223
86953648
86983481
86985926
87055333
87073647
87103319
87126986
87129141
87143153
87145742
87167931
87199660
87209501
87210466
87249142
87252745
87305171
87314254
87352599
87354088
87360508
87385953
87386270
87437662
87441057
87446979
87448124
87475755
87476692
87524710
87526041
87566238
87586125
87587506
87625649
87664104
87665175
87758140
87759555
87787220
87787819
87831349
87833802
87859421
87863074
87889125
87890714
87901750
87902665
88159479
88170389
88188703
88198269
88239415
88249789
88262510
88288890
88306518
88308905
88322669
88325522
88364383
88370414
88442362
88463145
88463574
88465767
88469144
88510185
88527813
88529978
88581830
88582457
88620431
88626925
88734560
88743603
88765905
88767022
88789111
88792968
88876763
88936180
88946501
88946874
88953816
88955943
88999399
89022842
89026181
89072183
89075144
89155527
89169741
89181598
89201979
89224793
89225638
89253297
89254478
89327542
89363550
89365409
89376397
89377138
89397233
89420652
89422995
89494919
89496184
89525628
89548318
89549281
89572280
89574471
89665010
89687979
89698789
89701914
89707896
89709191
89720285
89741070
89741553
89759867
89763716
89854127
89857872
89859809
89860382
89929382
89930073
90014366
90017121
90051994
90053221
90080882
90081677
90216059
90222538
90261214
90288555
90291796
90297654
90299081
90318511
90367892
90368107
90400226
90401309
90447559
90449782
90509145
90519272
90519831
90530875
90532804
90609570
90609757
90612204
90615315
90722214
90738333
90748716
90749139
90773870
90817071
90820048
90834936
90845622
90848841
90883779
90884412
90985714
90987277
90989244
90991939
91005831
91008120
91063383
91065256
91099987
91102380
91161293
91163954
91244349
91280597
91282218
91284123
91286884
91361123
91394932
91397259
91437260
91440081
91442222
91509654
91511913
91558107
91561764
91628153
91630982
91686313
91687510
91776618
91777429
91832762
91835973
91890123
91893300
91915373
91917202
92162075
92276735
92307111
92335439
92363127
92392095
92449518
92507454
92551391
92577145
92622300
92632173
92634002
92656075
92659252
92675043
92713402
92716613
92736125
92771946
92772757
92826046
92839627
92861865
92863062
92871869
92875507
92918393
92921222
92965817
92987611
92991268
93037462
93039721
93073350
93107153
93109294
93152116
93154443
93195514
93262491
93265252
93267157
93268778
93362607
93375356
93385421
93388082
93395929
93400471
93446995
93449388
93462325
93464955
93474278
93484119
93485992
93541255
93543544
93557436
93560131
93562098
93563661
93611705
93654898
93664963
93665596
93700534
93703753
93729327
93732304
93800236
93800659
93867917
93890165
93934060
93937171
93939618
93939805
94016571
94018500
94029544
94030103
94112245
94148066
94149149
94181268
94181483
94250294
94251721
94257579
94260820
94395997
94448478
94467698
94468493
94473976
94496154
94497381
94515122
94522159
94532254
94535009
94619302
94619993
94645867
94653174
94669773
94688993
94689566
94691503
94695248
94785659
94789508
94807822
94808305
94840184
94841479
94847461
94850586
94903191
94974904
94977095
95000094
95001057
95031013
95053191
95054456
95126380
95128723
95172237
95172978
95183966
95185825
95294897
95296078
95323737
95324582
95457051
95474231
95477192
95523194
95526533
95593432
95595559
95602501
95602874
95756407
95760264
95782353
95783470
95947754
95966918
95967545
96019397
96021562
96080231
96083608
96085801
96086230
96223853
96226706
96240470
96242857
96485203
96513211
96523250
96607343
96620220
96646710
96647625
96658661
96660250
96669169
96686301
96689954
96715573
96718026
96751461
96761556
96762155
96767582
96789820
96791235
96884200
96885271
96961869
96963250
97012951
97023334
97024665
97029612
97062810
97072683
97073620
97101251
97102396
97108318
97111713
97163105
97163422
97195287
97196776
97296630
97300233
97338909
97339874
97403633
97406222
97420234
97422389
97529646
97563449
97565894
97595727
97599152
97600235
97675120
97675407
97723453
97725378
97783243
97817052
97820195
97829647
97832176
97886885
97916742
97917113
97978072
97978663
98067739
98069220
98091197
98094914
98173535
98313059
98315420
98325050
98370739
98372428
98574249
98635319
98652955
98655460
98673774
98675601
98710378
98712725
98771700
98774283
98841267
98843980
98866965
98867434
98912176
98912335
98928267
98929012
99099005
99112348
99113571
99128487
99130200
99238126
99241745
99287971
99290204
99618772
99657101
99658354
99684789
99688010
99751257
99752614
99764106
99764341
99885774
99888433
99894867
99895724
100040855
100173018
100174629
100206252
100206931
100656128
100726650
100760299
100776924
100785991
100787957
100850587
100855254
100875630
100888504
100904591
100910571
100922278
100924505
100958094
100974265
101013427
101035830
101043117
101052959
101070836
101083869
101096871
101109617
101119683
101120316
101130185
101141791
101155799
101181260
101181619
101219580
101248797
101269413
101276478
101281139
101291510
101314925
101318290
101333881
101343202
101359317
101361511
101404269
101420890
101431016
101431575
101442622
101463359
101473883
101476329
101490540
101502394
101526351
101545574
101546393
101551843
101574023
101575288
101587422
101592979
101610170
101612869
101616191
101626765
101629042
101635862
101636329
101648302
101659107
101668216
101669511
101684303
101686192
101697177
101697894
101707988
101769140
101771769
101791422
101801434
101817581
101830203
101840777
101841014
101858717
101865209
101871435
101881806
101887612
101894887
101905237
101907626
101915231
101917677
101937467
101962903
101964648
101966554
101969189
101996735
102002418
102012535
102019013
102046694
102051243
102057679
102085045
102088266
102094126
102095569
102113082
102141147
102151529
102158834
102161933
102174389
102184711
102185208
102192028
102194275
102196689
102197806
102208171
102210900
102219901
102233648
102252374
102261375
102275834
102280375
102287315
102298014
102307691
102313689
102331376
102333455
102337397
102347463
102350136
102356572
102357411
102387358
102397740
102398163
102425805
102427442
102436295
102446197
102448010
102470105
102482703
102485232
102495554
102509500
102518567
102528661
102529386
102552377
102554822
102557044
102558347
102567038
102577612
102578739
102584663
102590234
102590693
102607314
102628100
102631261
102654918
102667452
102669123
102671089
102673678
102690855
102700754
102701357
102703263
102707040
102724169
102729011
102730444
102743169
102750234
102752680
102793169
102809318
102848492
102870889
102878194
102915279
102917501
102931960
102935477
102965142
102967771
102993015
103004730
103010654
103014049
103016211
103016684
103037421
103046518
103050043
103060414
103065075
103075479
103085861
103086298
103095855
103098269
103107833
103118155
103119540
103124430
103134332
103136131
103141607
103145240
103147178
103147861
103165118
103172058
103182743
103186024
103211638
103232206
103234865
103241301
103260463
103263952
103269812
103270987
103283718
103305723
103325491
103328126
103337445
103347287
103349160
103357789
103359727
103370635
103380537
103381446
103404437
103421566
103428044
103435095
103445221
103450015
103461842
103463981
103470921
103471286
103503143
103504600
103506794
103509141
103522909
103525794
103542923
103558773
103576412
103578787
103592555
103614903
103634078
103635809
103637715
103650729
103651926
103654372
103656475
103674162
103681387
103691481
103693094
103704079
103705072
103715189
103718538
103720760
103721159
103728035
103730268
103741969
103753046
103754409
103774080
103776506
103790920
103797292
103801953
103824507
103837357
103848407
103859454
103886324
103893359
103903453
103907106
103909287
103929201
103930510
103932732
103950039
103959987
103986486
103987913
103993773
103999456
103999519
104009450
104019800
104020135
104031630
104032881
104047801
104049478
104069520
104079068
104102471
104107325
104117391
104119152
104130137
104130982
104157818
104160645
104174413
104186267
104189540
104200233
104205199
104224422
104225113
104227051
104230676
104241041
104241262
104264458
104276914
104296804
104302110
104303073
104312915
104322248
104325765
104340910
104353656
104369743
104387430
104389785
104391979
104393428
104412563
104435775
104439744
104441458
104442253
104448745
104451350
104461476
104466685
104486356
104487467
104489881
104492134
104502499
104504092
104506030
104515125
104516042
104525944
104535693
104536434
104549284
104559126
104575777
104585285
104590856
104597179
104607990
104611593
104633690
104635045
104646540
104657345
104669561
104672902
104678882
104679965
104692816
104706712
104715779
104718414
104731624
104736165
104737370
104743230
104746689
104757388
104773188
104783136
104785042
104792679
104795544
104805418
104812721
104818947
104829318
104835124
104842064
104887229
104906101
104913390
104918947
104951245
104962743
104985043
104988204
105003975
105013084
105031641
105051407
105059322
105074387
105084769
105085086
105091044
105134718
105160658
105163167
105169659
105182390
105184073
105192892
105196529
105205610
105239412
105241739
105256607
105262893
105270198
105296691
105299148
105318639
105328989
105332386
105338310
105339449
105344116
105354481
105358012
105360707
105367079
105368024
105377898
105409498
105419615
105425645
105434742
105445316
105445435
105455310
105457532
105464807
105477546
105478741
105483567
105493661
105506379
105507252
105524319
105531195
105548275
105567450
105569061
105570967
105573736
105581469
105600692
105603321
105606918
105617283
105617532
105619918
105623089
105629013
105630378
105640728
105651115
105662845
105672911
105678773
105689592
105692679
105698659
105699996
105702190
105704657
105722774
105725033
105748026
105748933
105759980
105771681
105789258
105789621
105801116
105802339
105812710
105815321
105817259
105838978
105857630
105860513
105870355
105874281
105876630
105887012
105897536
105900045
105922536
105929587
105948150
105983591
105990908
106007499
106027293
106029231
106032976
106044662
106048187
106054111
106067858
106068077
106073879
106084005
106084698
106091070
106094017
106095731
106097548
106116299
106117940
106140007
106143384
106145578
106166787
106177789
106188697
106198571
106199508
106204846
106215196
106215651
106227146
106234687
106247538
106254825
106257942
106260388
106260571
106276499
106277228
106296389
106312110
106315345
106321205
106340943
106343856
106350292
106350891
106360985
106370668
106371475
106382522
106384197
106396936
106410944
106420388
106422550
106438205
106450155
106476654
106478481
106489528
106490183
106517147
106519908
106521814
106533804
106536019
106559688
106564462
106577187
106583623
106584504
106602813
106606274
106612134
106626068
106636115
106638508
106645448
106645559
106656133
106672306
106681385
106685028
106695383
106717619
106720844
106731209
106742815
106744800
106754642
106767082
106769685
106776177
106776974
106786876
106792774
106793145
106803467
106812816
106818594
106827899
106831748
106840749
106843474
106853600
106871336
106877260
106882817
106889716
106903622
106910498
106916496
106926613
106931288
106938563
106968542
106979002
106981623
107007323
107017449
107019030
107027939
107031470
107050631
107053565
107067312
107067471
107092287
107105257
107115099
107117988
107121374
107143610
107146821
107153231
107173273
107174502
107189422
107191121
107193059
107195676
107202168
107212853
107234735
107246562
107248669
107252583
107262677
107265322
107271758
107307629
107310482
107324250
107333569
107333694
107344268
107351509
107361383
107368700
107372291
107374257
107374926
107385291
107388468
107397917
107400418
107410768
107418533
107420762
107430259
107433612
107444417
107460105
107467410
107473696
107486196
107490745
107539598
107547259
107557833
107559990
107566930
107567277
107569439
107572960
107583077
107583898
107594931
107596620
107609345
107624213
107624682
107631502
107633777
107647673
107652340
107653899
107673122
107679959
107683624
107685530
107705420
107709238
107711689
107723396
107729376
107735122
107745054
107762231
107765192
107783501
107784882
107790806
107793961
107804772
107814545
107816739
107817180
107837962
107852994
107860057
107865620
107890532
107901225
107917342
107926661
107930312
107938877
107940802
107950704
107960596
107962534
107976739
107979153
107988234
108008175
108014429
108033652
108034443
108039921
108050243
108057560
108059687
108072095
108082477
108083922
108111564
108112179
108118615
108121512
108131354
108147185
108150286
108156266
108157589
108159783
108196038
108205619
108208254
108212097
108217573
108219162
108229288
108234194
108235309
108248160
108254980
108257609
108268026
108303844
108304923
108307369
108309590
108316466
108316877
108330624
108337034
108337269
108339655
108342840
108348764
108360465
108364907
108366740
108376614
108386626
108388592
108406043
108407524
108427314
108433224
108443909
108450401
108454956
108475540
108482575
108488258
108499256
108505226
108514321
108529015
108540730
108543173
108550049
108550238
108552684
108555795
108566166
108566889
108589581
108598520
108600071
108602037
108604746
108621923
108627737
108638548
108649008
108651394
108675826
108678413
108690240
108692421
108694586
108705160
108712211
108718241
108738585
108747906
108750128
108761674
108766215
108773532
108794269
108797538
108799952
108800047
108806987
108809396
108819718
108823164
108825987
108835889
108843178
108849432
108870048
108876484
108881033
108895244
108898881
108904741
108922062
108923697
108933763
108942872
108945493
108959952
108962146
108972550
108991809
108995340
109004904
109020832
109098903
109108467
109131257
109143855
109158314
109160935
109180110
109181745
109199066
109204926
109208563
109222774
109233759
109254375
109260629
109267918
109277820
109280643
109294411
109296820
109303855
109306269
109309538
109337592
109342133
109355901
109365222
109385566
109391596
109409221
109411386
109413567
109425394
109427981
109454799
109465259
109476070
109481884
109499061
109501770
109503736
109505287
109536918
109537641
109548012
109551123
109553758
109560634
109563077
109574792
109589486
109598581
109621232
109628267
109659898
109670583
109676493
109696283
109697764
109715215
109717181
109727193
109737067
109738900
109755043
109760967
109764152
109766538
109766773
109773183
109786930
109787341
109794217
109796438
109798884
109799963
109835781
109846198
109855647
109868498
109869613
109874519
109884645
109886234
109891710
109895553
109898188
109907769
109944024
109946218
109947541
109953521
109956622
109967427
109982295
109985192
109991628
109992243
110019885
110021330
110031712
110044120
110046247
110053564
110063886
110069364
110070155
110080057
110089378
110095632
110115573
110124654
110127068
110143211
110163005
110164930
110186465
110202582
110213275
110265845
110286627
110287068
110289262
110299035
110309846
110313001
110318925
110320306
110338615
110341576
110358753
110368685
110374431
110380411
110392118
110394569
110398387
110418277
110420183
110423848
110449908
110451467
110456134
110470030
110472305
110479125
110479594
110489944
110494462
110507187
110508876
110519909
110520730
110530847
110534368
110536530
110536877
110543817
110545974
110556548
110564209
110589973
110606626
110613062
110617611
110630111
110636397
110659390
110670195
110673548
110683045
110685274
110693039
110703389
110705890
110715339
110718516
110728881
110729550
110731516
110735107
110742424
110752298
110759539
110770113
110770238
110779557
110793325
110796178
110819593
110832049
110838485
110841130
110851224
110855138
110857245
110869072
110874932
110880902
110901639
110908131
110910748
110912686
110914385
110929305
110930534
110950576
110956986
110960197
110982433
110985819
110988708
110998550
111005837
111011520
111036336
111036495
111050242
111053176
111063242
111072337
111075868
111084777
111086358
111096484
111106496
111108210
111122184
111124805
111135265
111165244
111177194
111187311
111193309
111200185
111214091
111220990
111232471
111260333
111263058
111272059
111275908
111285213
111310662
111311033
111316931
111326833
111327630
111334122
111336725
111349165
111359007
111360992
111372598
111382963
111386188
111408424
111418779
111458248
111458359
111465299
111467692
111477739
111491673
111497533
111500994
111519303
111520184
111526620
111539345
111544119
111567788
111570003
111581993
111583899
111586660
111603789
111613624
111614279
111625326
111627153
111637027
111653652
111663216
111665602
111683419
111692863
111706871
111719610
111721285
111732332
111733139
111742822
111752916
111753515
111759951
111762864
111782602
111788462
111791697
111802396
111826579
111827308
111843236
111843419
111845865
111848982
111856269
111869120
111876661
111888156
111888611
111898961
111904299
111905236
111915110
111926018
111927984
111937020
111958229
111960423
111963800
111985867
111987508
111997574
112006259
112008076
112009790
112012737
112019109
112019802
112029928
112035730
112035949
112049696
112055620
112059145
112070831
112074576
112076514
112096308
112112899
112120216
112125994
112146578
112155657
112159300
112169665
112174220
112181271
112203762
112206271
112216795
112227177
112229526
112243294
112246177
112264829
112286548
112288486
112291097
112301468
112302691
112314186
112314549
112324871
112332126
112343827
112354874
112355781
112378774
112381033
112392740
112399150
112401617
112403811
112405148
112411128
112414215
112425034
112427215
112430896
112440962
112448025
112452692
112463079
112473429
112474794
112480718
112483889
112486275
112486524
112496889
112500486
112503115
112522338
112530071
112532840
112534746
112536357
112555532
112572612
112579488
112585234
112596555
112597428
112610146
112620240
112625066
112626261
112639000
112646275
112648497
112658372
112658491
112669065
112678162
112684192
112694309
112697960
112707852
112735783
112736728
112743100
112745795
112749326
112759691
112764358
112765497
112771421
112774818
112785168
112804659
112807116
112818817
112833609
112840914
112847200
112862068
112864395
112882082
112898197
112907278
112910915
112919734
112921417
112934148
112940640
112943149
112957608
112959770
112969089
113012763
113018721
113019038
113029420
113039944
113044485
113052400
113062722
113072166
113074580
113088785
113090723
113099832
113115603
113118764
113129569
113136389
113141064
113152562
113159040
113164516
113184860
113190417
113197706
113216578
113268683
113274489
113284860
113298389
113308263
113311128
113318765
113320671
113330619
113346419
113357118
113360577
113366437
113367642
113372183
113388028
113410991
113423842
113424925
113430905
113434246
113457267
113468762
113470117
113492214
113495817
113506628
113512951
113518522
113554523
113567373
113568114
113577863
113587765
113588682
113597777
113599715
113601308
113611673
113613926
113616340
113617451
113637122
113642331
113652457
113655062
113661554
113662349
113664063
113668032
113691244
113703969
113710379
113711828
113714022
113716377
113734064
113750151
113759260
113762897
113778042
113781559
113800734
113801697
113826893
113862545
113862766
113873131
113876756
113878694
113879385
113898608
113903574
113914267
113917540
113929394
113943162
113945989
113963180
113972825
113973670
113984655
113986416
113996482
114001336
114015242
114022545
114024739
114034287
114054329
114056006
114070926
114072177
114083672
114084007
114094357
114104288
114104351
114110034
114115894
114117321
114130052
114143820
114153768
114155674
114171075
114173297
114174606
114194520
114196701
114200354
114210448
114217483
114222150
114244353
114249829
114255400
114266450
114272480
114279300
114301854
114312887
114327301
114329727
114349398
114350761
114361838
114373539
114375772
114382648
114383047
114385269
114388618
114398735
114399728
114410713
114412326
114422420
114429645
114447332
114449435
114451881
114453078
114466092
114467998
114469729
114488904
114511252
114521126
114525020
114527395
114537745
114545034
114550840
114578013
114580898
114594666
114597013
114599207
114600664
114620430
114632521
114632886
114639826
114641965
114653792
114658586
114668712
114675763
114682241
114699370
114716995
114722361
114723270
114733172
114744080
114746018
114754647
114756520
114766362
114775681
114778316
114792521
114798084
114804064
114820089
114832820
114833995
114839855
114843344
114862506
114868942
114871601
114881667
114889334
114892169
114915602
114917783
114921064
114931749
114938689
114943244
114955946
114956629
114958567
114962200
114967676
114969475
114979377
114984267
114985652
114995974
115005538
115007952
115017509
115017946
115028328
115038732
115043393
115053764
115057289
115066386
115087123
115087596
115089758
115093153
115099077
115110792
115129664
115136036
115138665
115159249
115168330
115171847
115186306
115188528
115198036
115225613
115232918
115239204
115249569
115255315
115264648
115285040
115287426
115294489
115310638
115353573
115360638
115373363
115374796
115379638
115396767
115400544
115402450
115403053
115430129
115432718
115434684
115436355
115446726
115448889
115472546
115475707
115496493
115513114
115513573
115519144
115525068
115526195
115536769
115545460
115546763
115548985
115551430
115572240
115574421
115575146
115585240
115594307
115597838
115608253
115618575
115621104
115633702
115655797
115657610
115667512
115676365
115678002
115699798
115705644
115706067
115716449
115726853
115731528
115746396
115747235
115753671
115756344
115766410
115770352
115772431
115784258
115790118
115796116
115805793
115816492
115823432
115827973
115842432
115844146
115851433
115870159
115883906
115892907
115895636
115906001
115907118
115909532
115911779
115918599
115919096
115929418
115941874
115944973
115952278
115962660
115978771
115988104
115990725
116008238
116009681
116015541
116018762
116029447
116046128
116052564
116057113
116077729
116084794
116091272
116101389
116107072
116116516
116134618
116137253
116139159
116140904
116160065
116162875
116166340
116177033
116186130
116188576
116196181
116198570
116208920
116216195
116222001
116232372
116238598
116245090
116262793
116263030
116273604
116284064
116286226
116298856
116302373
116312385
116332038
116334667
116344016
116361752
116405913
116406630
116417615
116419504
116434296
116435591
116444700
116455505
116467478
116467945
116474765
116477042
116487616
116490938
116493637
116505352
116510828
116516385
116528519
116529784
116551964
116557414
116558233
116568107
116577456
116583682
116601413
116611361
116613267
116627478
116629924
116640448
116661185
116672232
116672791
116682917
116699538
116708617
116712260
116734979
116742296
116744490
116758096
116760605
116769926
116785517
116788882
116799264
116808772
116812297
116822668
116827329
116834394
116855010
116861264
116867636
116884227
116922188
116922547
116948008
116962016
116971908
116973622
116983491
116984124
116994190
117003285
117006936
117019938
117025936
117032971
117050848
117060690
117067977
117073540
117087745
117090380
117097256
117117840
117123618
117129542
117145713
117179302
117181529
117193236
117199216
117205186
117215303
117220874
117228177
117248553
117253220
117264128
117277128
117315850
117317816
117326883
117343508
117377157
151058293
151091964
151108551
151117658
151119595
151182262
151186936
151207261
151220110
151236277
151242199
151253913
151256166
151289801
151305970
151345126
151367532
151374833
151402391
151415483
151428558
151441181
151461816
151473515
151487407
151500257
151501342
151507324
151512882
151513293
151551099
151580563
151600950
151608235
151612901
151623023
151646706
151649805
151665626
151674695
151690876
151693261
151713054
151714529
151736025
151746711
151752674
151795196
151805598
151807791
151822245
151833974
151844039
151858077
151877297
151877966
151883323
151900951
151903464
151918911
151924593
151941725
151944610
151947991
151958374
151960729
151979870
152003523
152005692
152016054
152017737
152019704
152028773
152029594
152039467
152100537
152103159
152123309
152132815
152149492
152162087
152172182
152172905
152190142
152197084
152202861
152213223
152219478
152226763
152236666
152239493
152247150
152249055
152285495
152294826
152296021
152298468
152300571
152328698
152334260
152344382
152350351
152378039
152382713
152389531
152400341
152425587
152427404
152429117
152432066
152444507
152466745
152468166
152473011
152490143
152493920
152496430
152506309
152516212
152517003
152523497
152526102
152540114
152542253
152565936
152583893
152593401
152607603
152612157
152618591
152639226
152645451
152662631
152665496
152668909
152679260
152681635
152688577
152688702
152691087
152719162
152752941
152757603
152758940
152767607
152778182
152779321
152785243
152788644
152806958
152807889
152828674
152840830
152850147
152860498
152860845
152876649
152877462
152888506
152890181
152898990
152908831
152910816
152921804
152922419
152932793
152958244
152962749
152973555
152999253
153000618
153012102
153012345
153022920
153032483
153032924
153035117
153038482
153044464
153058369
153060555
153062196
153072261
153081368
153083990
153124310
153140461
153179641
153202035
153209326
153219167
153247466
153249627
153264081
153266591
153296295
153299945
153319109
153319738
153325135
153347373
153348818
153369518
153378611
153381245
153391607
153397177
153406683
153417066
153418389
153427070
153429455
153439917
153450268
153450723
153456534
153466407
153467352
153473722
153476421
153478388
153479947
153497308
153503166
153514992
153517071
153531083
153540182
153541033
153576046
153592661
153595050
153601992
153602103
153612678
153637758
153656762
153660404
153669481
153690060
153691773
153701663
153711790
153713489
153728405
153729642
153752799
153759086
153766387
153782071
153792889
153796230
153802212
153803291
153805738
153835410
153835629
153851561
153854183
153857816
153863290
153865093
153874996
153889975
153907611
153910884
153936499
153939340
153946983
153957078
153966155
153967028
153985342
153988801
153995868
154008594
154013579
154023482
154024389
154030759
154035433
154037014
154047388
154049635
154052050
154053165
154072833
154079722
154082837
154085284
154085467
154106504
154121292
154128593
154134880
154156920
154168747
154180318
154191858
154202556
154205763
154218214
154225275
154240191
154261100
154261907
154281461
154291863
154302246
154330318
154331953
154340826
154350699
154352532
154363576
154364231
154374605
154377778
154380163
154380412
154387230
154400080
154410397
154439285
154449860
154449979
154456921
154482098
154483277
154489135
154492624
154510938
154518215
154520888
154530953
154536175
154559373
154561650
154572024
154573575
154575542
154578249
154595429
154605937
154616925
154618786
154628627
154645288
154654794
154660356
154672687
154684668
154701255
154712969
154718443
154722068
154724005
154724698
154751645
154756307
154757932
154768294
154770521
154780021
154783370
154794180
154798941
154809068
154811667
154818161
154818958
154820671
154824640
154834762
154835125
154846617
154847846
154860584
154870642
154890657
154906778
154915847
154919497
154928507
154949544
154949719
154952166
154965651
154966380
154989070
155001515
155004244
155021432
155027213
155027698
155038019
155048481
155050896
155067975
155068856
155075290
155077925
155088020
155091937
155105872
155111730
155117699
155124119
155127400
155138086
155145028
155149578
155164032
155165745
155173036
155219898
155236734
155246051
155249581
155281883
155295406
155317708
155318835
155336676
155343737
155362291
155391947
155405031
155421660
155440880
155441423
155443390
155467325
155491227
155495893
155502263
155513081
155516678
155523565
155529123
155536190
155546255
155549040
155565131
155587326
155593551
155602898
155612771
155629400
155629735
155641227
155642484
155651231
155661614
155663057
155668915
155672140
155697755
155700644
155710485
155742044
155752406
155758183
155765498
155775819
155778228
155785823
155788270
155797363
155808061
155811522
155814327
155833499
155837141
155839786
155855101
155861919
155880795
155890922
155903545
155904454
155914029
155924124
155924835
155935823
155937712
155947834
155950277
155952500
155953803
155959785
155962902
155973720
155983722
155995577
156009341
156022067
156023500
156029358
156032593
156035040
156035103
156067222
156078819
156081436
156083373
156085074
156105089
156119977
156122198
156129076
156129483
156145167
156146160
156157148
156168850
156177529
156190378
156191061
156201188
156206993
156207214
156220960
156226882
156230412
156252907
156262006
156280572
156300335
156314485
156323816
156339923
156350306
156350621
156375511
156381081
156386555
156398261
156400970
156404287
156414862
156417137
156423955
156424428
156426589
156429986
156447224
156450311
156456293
156459819
156462292
156496067
156508607
156519133
156535782
156545623
156548520
156554954
156555573
156567151
156587196
156588867
156590834
156593421
156607433
156609590
156616532
156627226
156644557
156646194
156668267
156673829
156674266
156695049
156701469
156703970
156706131
156713422
156716593
156727168
156729589
156733194
156744004
156750374
156755048
156769212
156780911
156791006
156794657
156820278
156822729
156840851
156866101
156867018
156878054
156879641
156889768
156896974
156914658
156916765
156919212
156930777
156933414
156935319
156937064
156956228
156975740
156978563
156988466
156994744
157005065
157012372
157018149
157028119
157048260
157049973
157051786
157066574
157073875
157077036
157087842
157094262
157097609
157099832
157100231
157107109
157109338
157121044
157136080
157143117
157148675
157164500
157166635
157173577
157173942
157184263
157200444
157209761
157216016
157233738
157243688
157245593
157259795
157262242
157272768
157299677
157309119
157314801
157338455
157348582
157351193
157359090
157363644
157386725
157410168
157412487
157425438
157437389
157447292
157449091
157453558
157463879
157465272
157474341
157483391
157497137
157504428
157506643
157520535
157523304
157525209
157526822
157545994
157565931
157578661
157579866
157584687
157594782
157596513
157607501
157635189
157651790
157654193
157663645
157666914
157677612
157682613
157701785
157702502
157704407
157708072
157730161
157731470
157744320
157750740
157751851
157754266
157756517
157763335
157763832
157774153
157779516
157790322
157801232
157803169
157818229
157821755
157840919
157864881
157867086
157879531
157889882
157891237
157897159
157900344
157902729
157902966
157913340
157916931
157918898
157938785
157963563
157965012
157967205
157969562
157983326
157986209
158003341
158013030
158013849
158024885
158039300
158041486
158042737
158053312
158062754
158064915
158075358
158085231
158089104
158111177
158123802
158124261
158134612
158147057
158150158
158156140
158157459
158167842
158183961
158193284
158195914
158214882
158234673
158236859
158240580
158251274
158257768
158262310
158282883
158289950
158295632
158306597
158312596
158321673
158340590
158346335
158364019
158367372
158370297
158403471
158413374
158416321
158422691
158423388
158425325
158428946
158439320
158441942
158445097
158451019
158452404
158462725
158480082
158480685
158487119
158490032
158508346
158515623
158518872
158529558
158541644
158542003
158562912
158565098
158567701
158577828
158584889
158591368
158600890
158611211
158623192
158624295
158634669
158637394
158639331
158640924
158646398
158650241
158660144
158672533
158673258
158692422
158696243
158698700
158710402
158716384
158722129
158733367
158735304
158746340
158757034
158773649
158782732
158786370
158809112
158816389
158818612
158832193
158834703
158844050
158860023
158872761
158874438
158896415
158899936
158902097
158902446
158909388
158922114
158929769
158932118
158934311
158935768
158955531
158972208
158978642
158983196
158996357
158996602
159008086
159009449
159019800
159035939
159045953
159047920
159057435
159058404
159068245
159077576
159081094
159095308
159099970
159106848
159127132
159127971
159138959
159140720
159150785
159155636
159156811
159169541
159176856
159179049
159188930
159189053
159199628
159208721
159214752
159224874
159228516
159238406
159253294
159255761
159266144
159276546
159279180
159289542
159295112
159302165
159322800
159329025
159334499
159351128
159432604
159438078
159464938
159477561
159487923
159490557
159511342
159513809
159528697
159538587
159542229
159552351
159567475
159578173
159588054
159590247
159597562
159610292
159611467
159626383
159628144
159639132
159639971
159667133
159671795
159689527
159698858
159708699
159709668
159719183
159721150
159747303
159757654
159759017
159770746
159788461
159794895
159811572
159831335
159832792
159834985
159837334
159857715
159864657
159865006
159867167
159870688
159892665
159894342
159907080
159923053
159932400
159950714
159957991
159993454
160010069
160020763
160031799
160033736
160044974
160050719
160056701
160068403
160070860
160093845
160094570
160106959
160116862
160120705
160126179
160127772
160129709
160132434
160142808
160143911
160155892
160166213
160175735
160189275
160199402
160202005
160204191
160225100
160225459
160237545
160248231
160251480
160258757
160277071
160279984
160286418
160287021
160297116
160314699
160316084
160322006
160325161
160327783
160338157
160341778
160343715
160344412
160350782
160353729
160363632
160396806
160399731
160403084
160413890
160420768
160426513
160445430
160454507
160460506
160477153
160515829
160526523
160530244
160532430
160552221
160599261
160609644
160610963
160616945
160620046
160632491
160642842
160643301
160655926
160677999
160681872
160691745
160702188
160704349
160713791
160724366
160725617
160727803
160742218
160753254
160754073
160780894
160783777
160797541
160799898
160802091
160803540
160823303
160828318
160848205
160850172
160853763
160864137
160864374
160866759
160869944
160875866
160877221
160887572
160900017
160902222
160919906
160926184
160936025
160945348
160948874
160963934
160965871
160987587
160992950
161003271
161003768
161010586
161012837
161015252
161016363
161022783
161035633
161036942
161059031
161062696
161064601
161065318
161084490
161089491
161100189
161103458
161112910
161115313
161131914
161149094
161159602
161170590
161172321
161182416
161187237
161188442
161201172
161208457
161210680
161240281
161241894
161243799
161246568
161260460
161262675
161269966
161283712
161292762
161301831
161303224
161313545
161318012
161319811
161329714
161339728
161341665
161354616
161356935
161380378
161397025
161403459
161408013
161415910
161418521
161428648
161435701
161442180
161452302
161457984
161467426
161494335
161507308
161521510
161523415
161533365
161551087
161566659
161593161
161593526
161600468
161602603
161618428
161646059
161657765
161659994
161666872
161667271
161669494
161672841
161679261
161690067
161693228
161700529
161715317
161717130
161718843
161738984
161748954
161772359
161788540
161791363
161810875
161830039
161831784
161833689
161836326
161847891
161850338
161852445
161870129
161877335
161887462
161889049
161900085
161901002
161926252
161937954
161944374
161946825
161970260
161972446
161976097
161986192
161993229
161997891
162016729
162023099
162033909
162037514
162039935
162050510
162053681
162060972
162063133
162065634
162072054
162092837
162093274
162098836
162120909
162122546
162132611
162150571
162157513
162159670
162173682
162176269
162178236
162179907
162199952
162211530
162212149
162218583
162221480
162231321
162247970
162258496
162261006
162271036
162304811
162307284
162310810
162316792
162319879
162330697
162337117
162340514
162342675
162343148
162349966
162352241
162362816
162366133
162368842
162380548
162386022
162391592
162416482
162416797
162427180
162443287
162452618
162456260
162466768
162476641
162486531
162488498
162502712
162505097
162514196
162536691
162540221
162546143
162559889
162560110
162576042
162576725
162589574
162598253
162609955
162620943
162621936
162637620
162638027
162644905
162647126
162658840
162662014
162682029
162683730
162685667
162688284
162699881
162722059
162732000
162732063
162734510
162737745
162743603
162745036
162757762
162771526
162781476
162783381
162793383
162804201
162807318
162813300
162814603
162816826
162819269
162829391
162831280
162842268
162842979
162853074
162862649
162863558
162876181
162886308
162905184
162912002
162914636
162927317
162929962
162933604
162952776
162955581
162959042
162969740
162978833
162981280
162988875
162991284
163001605
163008920
163014697
163025059
163031314
163037808
163066459
163069348
163094963
163098188
163104046
163105489
163115872
163124619
163125876
163137368
163137703
163148054
163154332
163164205
163173552
163179777
163201972
163215877
163218063
163220848
163230913
163237980
163243538
163250425
163254022
163264840
163271210
163275876
163287825
163293856
163299778
163323713
163325680
163326223
163345443
163362072
163369349
163375156
163395729
163404812
163408450
163418824
163423366
163430427
163448268
163449395
163459970
163469536
163471697
163485220
163487850
163498760
163517522
163521052
163530369
163547205
163601358
163603071
163617525
163629017
163639703
163642984
163649404
163655373
163661231
163675166
163679083
163689178
163691813
163698247
163699128
163718622
163739405
163739890
163745671
163762859
163765588
163800723
163801452
163811814
163814937
163817384
163817559
163838596
163847606
163851256
163896461
163906519
163919257
163920486
163931978
163932341
163942463
163946432
163948145
163948942
163955436
163958035
163968162
163972923
163983733
163987082
163996582
163998809
164009171
164010796
164015458
164032590
164042405
164043098
164045035
164048660
164054134
164065848
164082435
164092001
164094416
164106747
164112309
164148317
164150178
164161166
164188854
164191561
164193528
164195079
164205453
164207730
164230928
164236150
164246215
164248888
164256165
164274479
164277968
164283826
164285005
164297731
164310182
164317124
164317243
164327818
164343985
164353068
164356706
164367023
164379873
164386691
164386940
164389325
164392498
164402872
164403527
164414571
164416404
164426277
164435150
164436785
164458579
164464857
164475240
164485642
164490308
164505196
164506003
164526912
164541828
164548889
164554920
164561340
164564547
164575245
164584592
164586785
164598356
164602906
164610183
164632223
164645811
164660599
164681636
164681819
164684266
164687381
164694270
164713938
164715053
164717468
164719715
164730089
164731670
164736344
164742714
164743621
164753524
164758509
164771235
164778302
164781761
164800075
164800948
164810025
164820120
164827763
164830604
164854033
164856219
164859492
164870186
164877128
164881670
164902010
164903813
164909287
164912920
164915542
164931474
164931693
164951361
164961365
164963812
164964891
164970873
164974214
164985032
165000716
165008017
165014304
165037461
165038698
165051428
165053614
165055313
165065440
165075330
165077043
165097622
165106699
165110341
165123376
165129345
165136412
165154425
165165000
165165111
165172053
165174442
165188206
165191057
165214476
165226070
165226921
165236020
165246085
165250032
165252111
165263937
165269795
165275794
165287156
165288715
165290682
165293381
165299751
165300696
165310569
165316380
165316835
165327186
165337648
165340033
165348714
165350037
165360420
165369926
165375496
165385858
165388492
165397585
165418285
165419730
165441968
165447365
165447994
165458059
165467158
165470808
165494018
165500512
165503022
165517476
165519637
165528968
165547936
165557777
165565068
165569730
165583944
165587462
165593444
165614017
165619824
165626642
165642793
165685735
165694842
165704907
165706548
165708734
165722639
165728621
165731986
165734179
165734620
165754758
165755001
165766485
165767850
165793548
165804354
165808859
165834310
165844684
165845299
165856287
165858272
165868113
165876922
165878597
165889641
165890454
165900327
165906258
165906605
165916956
165926273
165932080
165938429
165959214
165960145
165978459
165981860
165987782
165988921
165999496
166008163
166009500
166014162
166034945
166047941
166057048
166060566
166076016
166078401
166078526
166085468
166087843
166098194
166101607
166104472
166114345
166121652
166127877
166148512
166154946
166159500
166173702
166177352
166183210
166201167
166224850
166226989
166241001
166243606
166250100
166250891
166260794
166270673
166273183
166276960
166294092
166298937
166300358
166313096
166320149
166322596
166335037
166337986
166339699
166341516
166360736
166366762
166377572
166384390
166389064
166410770
166416752
166422721
166432843
166438405
166445720
166466532
166468635
166471082
166472277
166478135
166481608
166492294
166508098
166518048
166519953
166527610
166530437
166540340
166547625
166553880
166564242
166570019
166576961
166594198
166594921
166605016
166614085
166617611
166632065
166634288
166643794
166663944
166666566
166677028
166692064
166737509
166738330
166747399
166749366
166751049
166761411
166763580
166787233
166806374
166808729
166819112
166822493
166825378
166835219
166842510
166848192
166863639
166866152
166883780
166889137
166889806
166903552
166909026
166912556
166921415
166923064
166933129
166942228
166944858
166959312
166961505
166971907
167014429
167020392
167031078
167041604
167046154
167052574
167054049
167064400
167073842
167076227
167090441
167092408
167101477
167117298
167120397
167131203
167138081
167144080
167154202
167158868
167166153
167186540
167192098
167202112
167216004
167253810
167254221
167259779
167265761
167266846
167279696
167293588
167302665
167305287
167325922
167336832
167338545
167351620
167355146
167364712
167392270
167399571
167405858
167416232
167421977
167431300
167451681
167454096
167461133
167477302
167510937
167513190
167524904
167530826
167536388
167546993
167553472
167559842
167580167
167584841
167592148
167611920
167647508
167649445
167658552
167675139
167708810
167935543
167948543
167991797
168007485
168089053
168094831
168115415
168124926
168139131
168186735
168209386
168240763
168260781
168262482
168277402
168278629
168345035
168351407
168403899
168413407
168454575
168477692
168490417
168491598
168500411
168504054
168546931
168549772
168601310
168628989
168644564
168671057
168671406
168678346
168680501
168707319
168747355
168750756
168780597
168783050
168850919
168868655
168913815
168928607
169035638
169052606
169096155
169134942
169145068
169147667
169183224
169206627
169208988
169224567
169233900
169243742
169245601
169321702
169323289
169368525
169428413
169481143
169485818
169512873
169522715
169523684
169562350
169565969
169567907
169568604
169584532
169584747
169614833
169640431
169654178
169654365
169722550
169725257
169760139
169761396
169789034
169789845
169925245
169927631
169948023
169963102
169973467
170014635
170053422
170063516
170064227
170083007
170095858
170097421
170269427
170297069
170316859
170318788
170331004
170366818
170367133
170408607
170420150
170495676
170505998
170506481
170517976
170519079
170592241
170602940
170606147
170641094
170641721
170661831
170674926
170691545
170710768
170711311
170713277
170716994
170835220
170857243
170859748
170869197
170872370
170940191
170962842
170980019
170982732
170990521
171028970
171032085
171056997
171082619
171135939
171138108
171152116
171154699
171190126
171197429
171249491
171259617
171260190
171271223
171273160
171323965
171326914
171352540
171355683
171361607
171363000
171394857
171395286
171453411
171472586
171473205
171508702
171534149
171534522
171585871
171589296
171672940
171674259
171725933
171727762
171746071
171748584
171775796
171776203
171803861
171805482
171969535
172048155
172053631
172076282
172083102
172123886
172138091
172149949
172172727
172209750
172210601
172217037
172219698
172252901
172255063
172324568
172325159
172330589
172352825
172354246
172393854
172414888
172415063
172417509
172420634
172504819
172514711
172596070
172627437
172650870
172654217
172700207
172703184
172764646
172819931
172840717
172841202
172859511
172863368
172887800
172905425
172907566
172959429
172960058
173043006
173053371
173066093
173086677
173110094
173112497
173126265
173129094
173215097
173237789
173238754
173261745
173263950
173284687
173331335
173333624
173379806
173383457
173410275
173433720
173436039
173507981
173509234
173549455
173569369
173570726
173575644
173592821
173596426
173608882
173647329
173648414
173654394
173657733
173709168
173709455
173741342
173742817
173814629
173816986
173820475
173872295
173874008
173942326
173943241
173966234
173968485
174104461
174106175
174149429
174183211
174185684
174187878
174189209
174206834
174240620
174242963
174266830
174285780
174287915
174331769
174337739
174393078
174403771
174407492
174429463
174430952
174475675
174499718
174499961
174532072
174533143
174606045
174622698
174633383
174636632
174642492
174643907
174722727
174745027
174746172
174768239
174772112
174864044
174864723
174875770
174877573
174932920
174935111
174949007
174951792
174986674
174987853
175015507
175016364
175132614
175170965
175172202
175198646
175201865
175245244
175281245
175283106
175294091
175294836
175396051
175397676
175399582
175402337
175409335
175510358
175512745
175571673
175574310
175677659
175681316
175719982
175720913
175777385
175778198
175833515
175836756
176191839
176220862
176250525
176278908
176336187
176392953
176439139
176462543
176484779
176488020
176507511
176543337
176544150
176561277
176600622
176601553
176623090
176640219
176643876
176713415
176724413
176747225
176749862
176757715
176762270
176808790
176811177
176852206
176919198
176921953
176923859
176925484
176957691
177026699
177027444
177038429
177040290
177081317
177119670
177122889
177149333
177150570
177250137
177261967
177282359
177286010
177305171
177306028
177333682
177334861
177347051
177352614
177359677
177369743
177372528
177386424
177388615
177443962
177445765
177456812
177457491
177539549
177549423
177553296
177575363
177576508
177677628
177679043
177684903
177688152
177752566
177788392
177789463
177821574
177821817
177890583
177892072
177914043
177917764
177999818
178033620
178035755
178078572
178080915
178132326
178133657
178135851
178138324
178281383
178335411
178353050
178355301
178359071
178378294
178379209
178399855
178409204
178447527
178449240
178504549
178506906
178531286
178540365
178556538
178578718
178580193
178612080
178612367
178663802
178667141
178673121
178674206
178725109
178728714
178750809
178752166
178790121
178812301
178813554
178885496
178887815
178916282
178938078
178941729
178987911
178990200
179057585
179059790
179082781
179083746
179192441
179195270
179209038
179211441
179342316
179361477
179362106
179413969
179416110
179458167
179462024
179480333
179480818
179618351
179621328
179667318
179670665
179834773
179900901
179904026
179906472
179906647
179967289
179968710
179996376
179996967
180101837
180104498
180110934
180111785
180370607
180399950
180494257
180505959
180516053
180517674
180545332
180545739
180555326
180572951
180575464
180593773
180595602
180636894
180647276
180648595
180653545
180732239
180735664
180787013
180787386
180848330
180848949
180899756
180915867
180926249
180926678
180948213
180958535
180959928
180965852
180968995
180994621
180997570
181048375
181050312
181061345
181061918
181166836
181169419
181183427
181185596
181195570
181289450
181292565
181338803
181341516
181415379
181449165
181452338
181461787
181464292
181502695
181604541
181608258
181610224
181610767
181669748
181679814
181680441
181715388
181718595
181756585
181802456
181803559
181815054
181815537
181954402
181954717
182002747
182004676
182100565
182141515
182224114
182225677
182257308
182258019
182459991
182521816
182531690
182532501
182560139
182561396
182596278
182598985
182667170
182667357
182736788
182737003
182752931
182753628
182755566
182759185
182797851
182798820
182998246
182999833
183075934
183077793
183112547
183114908
183173868
183176467
183308590
183504683
183538485
183540938
183570779
183574180
183641034
183643189
183650129
183650478
183771763
183774604
183829937
183831118
184037500
184042906
184044133
184059053
184060754
184418335
184537152
201391263
201515839
201587146
201662325
201698011
201705086
201748326
201755133
201845652
201929183
201936567
201981268
202100925
202128103
202151163
202188786
202211075
202276560
202290741
202348484
202362664
202503416
202571544
202577395
202626635
202631849
202664399
202757797
202824243
202849700
202857625
202873031
202895629
202996314
203012788
203020082
203034612
203076011
203091463
203111237
203193398
203222433
203240238
203252843
203313637
203330142
203365706
203368329
203394641
203454063
203508701
203678193
203749266
203781033
203800204
203807526
203812401
203847116
203924631
203935058
204045513
204071582
204097453
204114667
204128096
204135811
204168718
204186955
204240241
204298299
204319846
204355708
204368713
204379438
204384563
204402914
204417422
204423924
204484407
204592582
204663988
204684374
204690229
204696936
204711525
204741483
204782801
204822764
204852239
204893834
204904858
204915564
205052400
205056109
205102373
205114179
205149370
205153884
205167820
205177047
205190020
205226936
205299256
205333692
205353095
205400725
205408019
205458595
205468112
205650149
205735420
205763643
205847210
205925619
205963137
205994856
206001946
206029794
206095823
206107260
206116793
206142348
206169893
206210750
206235474
206269721
206281426
206286412
206294115
206354733
206362970
206365593
206413218
206453275
206475671
206500937
206520623
206539429
206664983
206671676
206710127
206730185
206747092
206756678
206760339
206779110
206880356
206900694
206920624
206925505
206940935
206976696
207006749
207025442
207034430
207045271
207101891
207151843
207198763
207201690
207249000
207267958
207309005
207382776
207408786
207430237
207440486
207506204
207544462
207574100
207589608
207682674
207754997
207780181
207839168
207854004
207856525
207909182
207927750
207959635
207997289
208034966
208038061
208063185
208073223
208084237
208094411
208134236
208221668
208229098
208234915
208245107
208296754
208316888
208343900
208368273
208373791
208456981
208481076
208642602
208697913
208747690
208776160
208783578
208810143
208820451
208874059
208899718
208909074
208930765
208966386
208970101
208979129
209004953
209027502
209053448
209206556
209230421
209261647
209267825
209310089
209338745
209351717
209459854
209472810
209487399
209586503
209634752
209843555
209922239
209942186
209960710
209969863
210089784
210098269
210165168
210167125
210202125
210224526
210235446
210255283
210283407
210340346
210399736
210426705
210449709
210457446
210462321
210509261
210532260
210558562
210611041
210617003
210646174
210656138
210684955
210696325
210731805
210949748
210974357
210999609
211057308
211062126
211084272
211106131
211113928
211136162
211182171
211194790
211199692
211207395
211220584
211334866
211347273
211366633
211376533
211391662
211397829
211434585
211470764
211504834
211515427
211518806
211572239
211575101
211595028
211611974
211650615
211692002
211748410
211789976
211865294
211909143
211925356
211979837
211991252
211997913
212011891
212024728
212049122
212119965
212161010
212182249
212209640
212228709
212231467
212277123
212318219
212382518
212397368
212423804
212453344
212488479
212495014
212506183
212510609
212529705
212553029
212602579
212649142
212671766
212674380
212682137
212697543
212726352
212893408
212906215
212952485
212977299
213018066
213062362
213066077
213076363
213138477
213146714
213149875
213161267
213187329
213194342
213260060
213290373
213320365
213334576
213345030
213398890
213427231
213435002
213470761
213498242
213523361
213583982
213764740
213779573
213815625
213938070
213972657
213982427
214020949
214031235
214094748
214101038
214133464
214203463
214249724
214265256
214275734
214278579
214315986
214330161
214372943
214378949
214445802
214524730
214538058
214579534
214604969
214606820
214647251
214688916
214717289
214734196
214745687
214769196
214836999
214846692
214905954
214977885
215006475
215013558
215046506
215049836
215063244
215075441
215092666
215110862
215130361
215189441
215211013
215241115
215261758
215295119
215303971
215386763
215444498
215458122
215497584
215503987
215581037
215621142
215624237
215631513
215645568
215647027
215679886
215749301
215847961
216037208
216061354
216067521
216097230
216153635
216174718
216187723
216207849
216237351
216318885
216340647
216354388
216409524
216416954
216435478
216456712
216486961
216557659
216574133
216582502
216605287
216657410
216671437
216731312
216799672
216802873
216846540
216861451
216925530
217068460
217080533
217137215
217154804
217180436
217222227
217329474
217403717
217450716
217584086
217659137
217752738
217812232
217841899
217914560
217916050
218008160
251788704
251915073
252145735
252169858
252220393
252278600
252395958
252476208
252584174
252591628
252677381
252760399
252826338
252888380
252894290
252896913
252919488
252986286
253053300
253058600
253139604
253170830
253206586
253233627
253259142
253292128
253311084
253337094
253520921
253568549
253608152
253692427
253822782
253887463
253947950
253956729
253994436
254020191
254047416
254105994
254126245
254133539
254176641
254322315
254356370
254368866
254434584
254449990
254454865
254595653
254618920
254681373
254837661
254921921
254961880
255011853
255106210
255193108
255366260
255379507
255476811
255632200
255660929
255724566
255874855
255916752
256056373
256160676
256260504
256300132
256313200
256318214
256328585
256434545
256469545
256504070
256536739
256551700
256592202
256606791
256657094
256677942
256690947
256725141
256904621
256919386
257045084
257055370
257075397
257206833
257239692
257247395
257267016
257575505
257627552
257700931
257958650
257980776
258069517
258101714
258115369
258171926
258181507
258213779
258263472
258477676
258550085
258654884
258970640
259012788
259098726
259469345
259605268
260086331
260115381
260159076
260233152
260256652
260269257
260327661
260410200
260417409
260466456
260489619
260715860
260723290
260785923
260855082
260884017
260925462
260932390
261036193
261220618
261255461
261379730
261399732
261522951
261633592
261719139
261817932
261921160
262159043
262189552
262313110
262346058
262466060
262477220
262611538
262687684
262710565
262718802
262750569
262770841
262997007
263206092
263218289
263275690
263365410
263458878
263586969
263934084
264175920
264252534
264332256
264573610
264577325
264643221
264735784
264773253
264844434
264882316
264905545
265031120
265032476
265070666
265292615
265310456
265454290
265604356
265689440
266363289
266387683
266446360
266502485
266640449
266731918
267280480
267459856
267537952
267940354
267945856
