104649
144526
296898
872596
2104853
2437672
2827329
3724320
4467077
4791554
6824594
7405684
8449168
8540722
13124040
13677060
14713867
17000736
17056845
17304292
17401368
18481195
19169457
21135638
26480920
27329924
28321858
30155808
33597987
35203084
35701388
36438310
37777433
38570064
38945858
41943255
42320129
48240800
50901376
54853770
56623937
67659524
68428819
69226883
69247320
69995656
71321646
72745760
75500897
76644514
77992004
84204032
88085712
92283529
100731792
100950240
101192266
117510181
128466960
134284047
134581284
135061514
135316049
138423880
138678371
140789008
144311316
144728101
145263360
152244864
157814796
163645457
167795012
168822184
169971730
171313153
172573216
184820244
193101896
201865264
206209153
209802248
218956096
220202530
247472386
