67228
87344
88768
90211
102508
102547
107968
109104
132042
143413
157264
158112
169632
170320
180282
180421
275344
277600
282790
303190
303273
312160
314512
458767
458992
462592
520192
729729
886849
934945
1059649
1079314
1083154
1083618
1262722
1380674
1450530
1639685
1640970
1704019
1704108
1725184
1747968
1836736
1837360
2106084
2108692
2150932
2298244
2525220
2687824
2690208
2754054
2754825
2883690
2883733
2910720
2921728
3211318
3211465
3225088
3262720
3278176
3279504
3408652
3410947
3678594
3687448
4200260
4211944
4213528
4240408
4530760
4591912
4784185
4798720
4833286
4851088
4852320
4981507
4983820
5309344
5311568
5375497
5376262
5386432
5505125
5505178
5530880
5544448
5775892
6358282
6359557
6381712
6422620
6446080
6463491
6555184
6556096
8323072
8397901
8398002
8407156
8407179
8417832
8421927
8435844
8442946
8446225
8913182
8917472
8920592
9125960
9248804
9339010
9635873
9781776
9835524
10504064
10716176
10819592
10879553
12616400
12619040
12784130
12911745
12986384
15733008
17176705
17187092
17204296
17311496
17311751
17354888
17531168
17630226
17842254
17842353
18026520
18186372
18874907
18879696
18932768
19073090
19210497
20971917
20975234
20980080
21317664
22549536
23609409
24127496
25232992
25233808
25251845
25272330
25298179
25299468
25452736
25464880
27000841
27930624
30588928
31719430
33584257
33886753
33892482
33915160
34095629
34098434
34123810
34277396
34480448
34603476
34606628
34832960
35014664
35684494
35856424
35980356
36048914
37749783
37755056
37808192
37961985
38142596
39354497
40370468
40911362
42020944
42057888
42074928
42077376
42098694
42110985
42206730
42207493
44630019
45391872
46944256
47251468
50397958
50400265
50483296
50503824
50595232
50596432
50606092
50642947
51994624
53608453
55181322
56725504
59277380
59773058
62923265
67113586
67310657
67313938
67322404
67340424
67661892
67666955
67668740
67977600
68026904
68159517
68164992
68215424
68486184
68583681
69206456
69209672
69222663
69566978
69608576
70779425
71311406
71356449
71634964
71712834
72876360
73926674
74482692
75563206
75563785
75590656
75649168
75669600
75760976
75762336
75771907
75808780
77172736
78774282
80347141
83964064
84000848
84020272
84041737
84054022
84149765
84150538
84414737
86573068
87314432
88907776
89194499
90309376
92815874
93331716
94404737
96475200
100731232
100749322
100769797
100794531
100795660
100809216
100950064
100962496
102498310
103464960
105448960
107216905
109584520
110116929
111154208
117449794
117459076
117473832
126287872
134228184
134290438
134308108
134333953
134500377
134775860
135271045
136321824
137889860
141066760
143671586
143688840
147333186
149029024
151040576
155224081
155395072
161481032
168297106
168301640
168828939
169902177
192955408
201336097
201869352
211821072
218759360
240254992
243304450
