6375
11591
11985
13486
13940
14926
17141
20970
24925
27616
34292
36550
37707
39580
41086
44809
46536
49455
52113
55628
60444
68715
78308
84326
84684
87433
88595
91586
92549
99954
101204
111777
113730
115909
116520
119846
123155
125090
127116
133994
134068
136301
136734
143517
145955
154649
156070
156361
162576
170067
173083
180566
182377
184709
187936
198807
199128
205161
211206
214662
218704
223299
226592
232800
233611
234054
238480
262619
263996
264557
268630
274989
276353
281832
284068
286228
289170
290307
296589
301792
308486
313944
315590
332078
332956
335432
336689
342209
345115
357444
361068
370714
382465
393391
397793
398897
400140
403516
412976
418914
434563
443468
463528
532037
534155
534587
534940
541291
549075
552033
559317
560808
564516
565849
571666
578708
590062
594881
596058
597251
600401
607348
608944
615466
625689
632452
634984
641046
655740
659735
661954
662640
664389
667520
674342
676018
689764
696365
717832
731332
739466
743429
770689
789444
799028
801816
803036
807431
808074
817218
819866
823565
824339
837186
837793
868677
872489
873744
886984
893012
901410
912384
920724
930000
942353
954424
988225
992304
1018400
1051122
1052577
1055371
1058189
1061794
1066341
1066898
1067406
1076868
1077905
1082090
1084005
1098660
1101008
1103016
1110596
1118547
1120132
1122902
1128461
1135456
1139466
1141281
1147661
1148322
1155267
1188367
1189552
1191994
1198257
1200780
1218057
1222924
1246418
1262851
1271832
1285136
1286692
1294728
1312468
1315929
1319207
1321864
1322066
1333400
1335858
1347985
1351849
1353488
1359988
1366021
1368078
1377334
1379857
1385184
1389698
1401108
1411170
1413650
1442424
1444107
1463314
1468992
1478948
1480776
1507532
1513505
1525280
1540272
1573734
1575221
1576090
1583270
1586000
1586369
1590287
1606860
1608472
1610284
1610850
1622073
1626560
1630469
1641696
1647160
1659011
1675553
1693704
1704163
1725185
1736734
1738064
1739168
1756161
1773668
1803304
1814530
1837603
1839336
1853192
1908810
1972496
1982506
2031635
2033024
2101470
2102947
2106098
2106158
2111952
2114777
2115335
2120844
2123656
2125839
2132254
2137234
2138647
2140364
2149154
2150451
2155049
2156626
2159873
2164452
2165672
2168985
2175030
2179260
2181345
2182165
2202145
2205208
2220384
2229021
2231634
2234177
2248264
2253112
2256032
2258434
2261174
2261720
2262916
2269514
2270320
2273804
2278929
2285637
2295433
2301120
2302292
2304517
2307089
2311568
2328962
2336808
2360437
2360938
2379896
2385962
2399496
2404944
2408912
2413066
2417700
2427284
2429027
2436129
2443523
2453664
2467200
2492618
2498649
2507348
2510885
2524328
2537473
2625290
2627376
2627692
2635336
2655322
2670731
2687069
2691595
2695337
2698370
2713672
2724002
2736516
2741312
2752938
2754242
2755212
2761490
2766084
2795664
2802946
2820194
2824456
2835489
2892481
2900298
2908960
2909193
2928776
2932757
2953988
2957592
2988048
3016745
3020806
3148378
3150449
3157544
3158293
3170844
3183238
3193600
3211323
3213122
3215948
3245329
3286306
3291268
3295553
3301507
3338256
3375619
3408556
3421232
3424674
3425921
3429696
3441692
3441731
3480192
3506438
3539856
3608586
3670915
3674520
3680836
3688032
3693584
3703472
3705862
3706953
3736868
3817554
3933458
3998288
4014092
4064328
4197980
4203207
4207970
4216862
4217219
4229795
4231385
4241937
4244762
4246849
4251761
4257408
4263084
4264284
4273667
4274848
4281868
4283425
4297258
4303176
4305668
4309161
4326812
4329106
4335786
4335893
4337750
4347142
4355137
4358632
4371040
4375716
4379139
4380864
4391664
4392273
4392738
4399692
4425236
4428872
4459157
4462897
4469528
4473642
4477013
4489814
4490286
4507924
4510768
4522105
4524242
4528898
4530341
4539216
4542664
4557892
4559169
4563985
4588874
4590689
4594256
4602882
4616232
4655489
4656152
4694208
4702214
4720451
4736300
4739213
4742658
4743494
4752204
4754032
4756354
4784937
4786191
4789318
4804874
4817052
4818224
4853060
4858147
4858968
4866497
4883594
4898914
4916100
4924421
4982041
4982968
4990497
4993097
5014752
5047952
5048672
5064721
5083172
5112372
5117448
5129219
5154048
5244569
5246227
5247653
5255408
5262146
5263462
5272600
5276609
5278824
5284500
5284934
5306400
5309027
5334145
5357650
5375092
5387648
5390411
5392916
5393672
5407122
5450016
5456034
5474944
5505182
5506722
5511720
5519680
5521633
5533828
5539865
5542154
5575776
5636421
5640386
5693441
5702153
5767255
5776660
5784626
5882400
5908545
5951492
6032396
6035585
6046276
6078608
6291879
6297780
6302733
6306088
6308179
6312473
6313154
6328716
6340700
6357354
6357812
6366470
6369665
6371396
6375692
6381776
6393863
6394560
6408240
6422741
6447936
6492434
6493220
6554163
6558624
6563152
6594821
6627466
6703744
6718017
6718482
6763008
6816720
6820892
6824612
6834465
6850754
6854145
6867976
6882323
6892288
6951458
6963717
7069696
7082130
7094310
7229504
7241860
7342816
7348506
7354371
7357066
7377248
7391745
7407952
7426113
7472646
7479841
7569432
7604516
7610444
7643650
7864589
7884840
7934084
7948290
8200224
8391823
8394509
8394845
8397500
8397651
8400098
8403844
8409239
8409926
8410417
8415448
8422487
8423737
8427172
8430440
8435210
8439369
8441248
8444002
8450324
8456112
8456995
8459466
8463241
8473928
8475088
8475298
8478773
8482889
8487222
8487571
8514112
8527496
8536843
8538190
8545287
8548464
8553635
8554650
8586269
8587377
8598336
8603922
8618537
8624260
8626437
8634592
8655418
8664161
8676036
8697986
8700257
8710161
8720773
8720977
8733212
8734857
8742145
8742918
8749323
8783049
8786314
8796228
8814741
8817409
8817730
8843776
8850064
8852994
8856708
8881424
8917744
8923523
8929720
8932993
8946130
8950058
8955974
8958721
8979621
8981092
8984744
8989716
9008640
9014144
9044531
9047082
9054536
9057298
9064515
9069096
9093892
9095216
9144323
9151552
9175845
9189920
9197825
9203724
9209884
9213312
9217029
9253122
9265248
9380353
9443784
9447702
9453630
9454019
9463120
9468424
9472075
9473074
9473285
9474189
9474595
9478596
9480864
9482322
9504282
9519623
9544968
9569452
9579537
9617445
9618946
9650760
9701216
9706532
9716497
9765272
9765929
9787456
9800200
9831043
9839008
9839124
9962897
9965988
9966648
9980228
9982482
10027122
10027796
10029322
10035269
10064900
10094085
10094800
10105472
10110240
10224710
10257028
10387465
10422276
10487272
10488497
10491077
10492179
10502253
10504898
10507290
10522808
10523984
10527892
10535536
10539904
10545416
10558980
10587146
10619269
10620419
10626628
10682894
10694792
10703361
10715218
10749465
10814471
10815592
10858500
10884384
10890248
10895494
11019331
11028561
11031712
11036708
11043341
11089921
11124776
11178052
11182368
11273260
11280434
11280772
11342016
11420688
11535924
11544321
11547654
11559136
11567882
11583558
11602084
11605136
11608152
11612448
11665561
11666529
11690244
11796820
11847712
11862562
11870337
11960512
12075043
12159040
12320906
12325889
12585526
12590880
12594576
12595227
12600560
12612132
12622872
12625188
12626057
12636298
12648775
12651713
12655113
12660870
12661800
12679424
12686594
12718373
12722950
12723465
12730961
12774400
12785730
12832784
12845426
12847374
12849324
12853697
12863112
12864033
12878512
12884484
12902466
13014017
13041960
13107994
13110354
13123861
13136064
13197315
13240481
13303881
13320228
13369960
13566082
13664540
13707792
13713556
13715496
13734048
13770885
13899024
13905954
13910029
13912194
13960708
14090320
14156129
14164492
14196753
14292032
14682693
14697857
14700834
14712931
14745741
14813228
14816784
14852736
14877120
14945412
14946378
14966804
14977104
15011888
15057024
15081475
15204409
15209096
15272080
15728850
15733508
15763008
15773704
15880320
15894530
16256032
16384020
16531712
16780827
16782801
16784082
16784778
16787049
16791575
16795468
16798254
16804914
16815395
16818343
16835658
16841088
16852280
16859505
16865414
16869908
16870536
16876482
16877752
16877861
16879116
16880261
16892441
16915620
16917557
16919628
16925816
16926876
16937477
16942785
16943556
16963594
16974692
16978691
16983618
16990285
17016912
17045579
17047758
17049126
17055805
17056664
17058830
17064292
17069320
17072407
17075331
17082948
17084466
17106593
17154316
17180096
17188361
17195778
17203749
17205896
17209088
17223776
17227796
17240085
17242432
17244696
17246338
17252387
17305186
17307270
17312417
17319190
17320205
17334700
17339672
17341248
17359632
17372204
17375495
17379858
17384965
17387618
17399859
17417376
17433489
17437281
17440870
17445640
17451712
17453380
17469640
17479684
17482017
17499267
17517584
17569932
17571989
17574154
17582416
17598502
17609792
17635841
17637792
17646664
17696036
17826142
17826486
17828909
17829576
17832056
17843481
17850439
17862683
17863560
17867060
17869315
17877129
17892501
17894662
17895625
17900644
17910849
17924238
17928276
17957673
17961991
17973728
17974410
17983524
17992240
17997976
18002177
18006097
18022460
18024208
18030753
18051136
18092820
18094496
18100808
18104709
18120781
18124096
18146432
18158849
18170064
18172418
18222596
18354482
18370588
18375304
18401376
18418064
18441472
18483333
18492418
18563078
18612750
18613360
18638849
18645792
18878085
18883225
18884709
18907347
18907706
18910281
18911557
18944688
18954760
18960128
18964745
18990083
19007020
19016072
19022094
19022434
19026113
19028016
19038349
19065344
19092488
19095684
19104836
19108128
19140743
19141708
19151108
19186336
19203424
19210284
19253312
19272848
19399221
19400920
19417603
19432006
19432833
19451940
19472992
19484689
19533850
19555392
19685506
19794688
19925155
19931526
19934228
19939532
19940528
19945736
19973640
19980322
19993634
20004901
20024448
20060673
20062312
20087616
20201491
20251400
20252720
20324357
20488204
20513816
20611202
20715584
20972303
20973773
20975731
20982210
20990376
20995344
20996784
21012881
21014336
21015080
21021717
21038119
21045278
21047345
21056129
21057797
21074066
21086308
21105219
21107017
21108292
21109632
21119284
21170442
21177488
21236788
21238810
21241024
21242153
21242947
21246594
21260360
21271049
21286400
21300616
21340418
21365154
21397840
21464096
21502036
21508152
21513368
21520421
21547140
21557250
21571080
21645056
21661720
21729792
21774866
21790794
21823764
21889161
22025356
22028427
22029829
22036771
22044940
22069766
22073416
22096004
22160064
22165512
22175762
22249732
22381120
22434304
22547074
22577313
22584320
22610449
22679696
23078088
23089796
23104272
23135041
23159840
23201029
23202144
23208468
23216169
23236674
23265922
23300097
23331142
23333388
23336994
23371872
23396497
23544064
23642177
23727232
23736321
23789616
23856704
23924744
24129572
24134224
24152132
24183200
24191042
24290304
24382465
24416384
25166011
25166958
25168752
25179273
25179920
25188513
25190947
25199196
25202209
25213000
25217031
25236502
25242627
25252616
25268291
25270544
25299477
25301276
25304129
25311376
25334402
25370914
25429763
25430417
25436280
25460964
25495621
25531400
25560656
25577736
25600010
25690311
25691042
25691433
25696778
25706586
25707329
25740356
25756360
25761088
25774368
25822432
25845889
25886868
25962112
26050689
26085394
26169344
26236288
26313056
26337284
26379336
26414112
26485772
26493026
26494996
26607665
26742528
26750979
26808864
26870338
27264650
27282472
27287952
27288136
27303985
27332649
27346112
27357186
27394164
27404294
27430144
27467841
27525276
27525449
27548160
27566848
27721888
27800068
27822240
27825154
27853074
27854860
28314690
28328736
28364801
28443268
28578050
28836288
29130768
29360600
29393286
29395648
29398112
29443600
29460514
29492243
29507906
29524768
29589640
29627200
29887493
29917236
30015502
30026240
30163104
30181632
30414866
30418080
30475010
30540312
30621697
30704642
31203392
31458608
31461891
31469648
31795200
31990024
32508040
32523268
33556119
33567827
33573019
33580201
33587389
33590060
33592086
33592936
33596132
33600816
33606756
33608353
33612434
33616648
33622301
33625145
33628207
33628530
33630808
33636771
33639233
33657256
33659088
33667108
33689312
33690307
33691832
33694917
33695491
33697064
33700161
33700884
33719589
33728136
33735088
33755444
33783866
33794562
33804546
33809424
33817062
33819687
33824144
33827604
33829003
33845286
33845584
33860673
33867025
33874308
33884713
33891202
33904652
33908232
33915105
33952930
33953925
33965952
33982726
33985616
34014312
34014725
34021398
34064385
34082185
34084056
34087454
34091206
34092704
34100996
34112389
34117646
34119974
34145865
34151556
34178370
34212122
34216520
34218608
34227270
34234520
34245137
34292496
34342241
34344010
34349896
34366482
34386436
34415745
34522144
34537994
34539600
34604334
34606916
34608608
34611379
34612930
34615401
34617610
34622064
34630728
34636117
34641552
34648092
34654243
34669212
34672806
34702854
34734537
34737283
34751045
34754840
34766950
34793600
34821124
34836545
34866360
34870019
34881626
34884866
34886689
34914825
34984064
35008529
35029130
35038212
35062050
35138192
35145896
35169283
35193192
35195458
35225737
35234560
35242052
35263746
35284480
35389575
35391588
35402112
35412480
35427336
35521284
35651961
35654356
35655076
35655441
35656548
35682817
35685899
35695152
35739936
35750728
35770884
35787043
35800416
35817633
35820550
35831852
35832002
35849482
35849776
35913790
35915139
35919378
35919953
35933208
35939520
35947153
35950756
35996040
36003845
36049929
36053132
36071680
36085794
36176467
36177038
36178594
36185144
36192596
36197379
36213272
36226688
36245541
36282378
36307172
36308113
36317187
36323401
36342848
36344192
36384832
36441604
36470860
36519984
36716811
36720848
36725777
36735624
36741536
36749445
36750096
36783234
36833356
36897029
36897472
36997138
37229636
37232840
37290006
37486617
37490722
37554432
37750906
37751752
37753871
37757259
37761586
37765526
37766712
37767844
37770568
37788832
37802276
37818818
37823540
37833738
37847621
37848332
37880673
37882054
37883401
37884305
37888057
37896718
37898530
37930560
37953928
37962052
38011277
38016548
38021728
38030465
38036768
38047842
38109720
38142168
38167056
38212864
38276145
38277653
38279235
38308240
38339110
38355032
38363296
38384640
38405536
38412929
38425616
38437129
38545540
38672416
38803844
38813184
38830641
38842497
38862926
38863057
38864161
38903904
38950913
38994450
39068681
39093632
39127045
39142416
39194636
39321660
39339200
39356932
39584392
39846445
39847617
39848982
39862449
39870562
39905284
39913545
39928323
39940104
39981194
39983620
39985444
40013872
40076416
40108678
40112404
40120353
40157442
40175776
40240196
40378754
40389136
40403112
40411712
40453376
40895266
40968708
41161280
41287809
41550144
41944347
41954828
41956738
41962563
41965248
41977281
41978088
41979650
41985616
42009036
42010710
42026246
42079556
42082394
42092065
42094634
42108997
42131776
42141858
42142472
42164740
42177568
42212865
42213453
42214049
42222676
42224064
42238502
42246424
42290208
42312706
42319944
42337294
42355202
42402113
42469895
42492800
42516739
42519048
42537233
42565808
42600740
42610721
42631308
42681352
42733716
42876933
42992592
42994218
42998864
43002049
43012357
43026566
43054080
43060608
43081864
43204656
43286850
43386904
43524361
43532836
43549249
43555072
43590688
43599873
43786754
44054688
44057356
44079680
44090402
44105923
44114472
44116228
44172098
44175381
44302576
44319297
44467712
44505088
44598532
44630660
44830984
44883968
45091120
45108736
45154833
45155340
45171008
45220882
45326336
45359140
45625360
46137770
46145876
46146595
46156041
46157906
46171210
46174404
46204056
46219361
46281224
46301206
46337028
46401555
46486016
46531632
46565504
46687236
46793284
46925058
46956577
47187013
47190658
47211072
47237136
47317216
47711760
48238913
48251080
48270337
48308242
48906242
50334598
50336568
50338886
50348630
50352403
50358552
50361488
50366004
50382210
50399794
50401866
50406562
50411012
50414620
50421953
50438214
50439177
50463047
50498594
50504452
50529668
50544936
50596010
50598065
50599560
50609184
50621056
50627338
50643011
50649104
50659672
50692244
50716704
50727953
50807360
50858464
50860109
50879496
50889257
50892912
50900480
50905233
50905416
50921682
50929804
50958596
51028128
51126307
51151552
51253505
51386892
51389466
51390562
51417125
51417282
51458320
51479200
51516464
51519572
51530496
51535881
51643969
51710984
51779586
51905112
51905700
51910673
52133904
52438023
52447554
52453428
52462816
52463637
52474114
52482184
52494630
52499536
52568337
52579332
52625560
52695488
52709409
52733960
52826656
53024770
53232136
53411844
53478537
53490304
53569536
53740804
54003202
54067265
54149152
54526316
54539521
54547040
54552579
54559372
54565378
54592786
54595136
54600480
54642944
54659109
54794504
54805249
54920706
54931520
55059552
55117864
55255042
55346180
55576897
55594016
55656968
55672835
55839248
55844870
55869480
56103680
56230920
56629377
56754760
57149700
57417744
57872384
58723504
58731265
58732558
58753293
58757649
58763282
58792032
58802340
58851745
58868360
58884304
58983557
58985032
59016480
59050242
59060225
59263106
59334672
59343362
59375672
59385088
59507472
59510850
59768855
59773080
59810312
59900170
60065793
60179456
60428292
60819467
60821554
60825952
61112450
61342792
61473281
62916360
62937092
62988360
63047952
63086593
63193098
63438929
63475720
63504768
64487458
65014304
65020036
65278976
66093312
67109811
67113708
67116992
67119318
67127868
67128728
67130891
67135280
67138130
67138784
67146810
67148549
67150620
67159187
67175981
67177502
67177649
67178709
67183817
67189128
67199084
67211828
67227264
67243093
67246222
67246436
67254360
67259011
67264976
67266826
67275976
67277218
67282241
67282982
67286544
67289674
67306011
67310627
67314338
67344904
67356932
67371861
67374692
67379688
67383367
67388046
67391772
67392176
67404018
67404345
67407137
67409538
67416212
67428387
67429456
67441417
67454722
67469831
67471441
67491872
67515168
67518518
67551425
67569706
67588226
67617296
67634913
67635534
67636530
67639857
67644008
67645603
67646737
67648518
67654536
67654732
67674674
67676608
67682375
67699350
67705108
67708736
67717155
67749121
67764429
67766025
67802117
67817552
67821698
67830858
67840018
67842057
67850784
67863696
67900002
67904400
67904706
67905797
67913233
67929364
67963404
67966112
67977920
68026481
68031105
68061252
68124936
68161961
68166716
68168009
68174934
68177058
68179492
68180035
68190599
68201482
68217360
68218889
68229712
68234512
68243470
68256088
68258592
68289418
68298976
68321323
68321937
68346144
68357634
68358592
68419694
68420747
68424048
68428610
68434436
68486412
68487302
68497448
68501577
68560385
68569472
68688068
68689160
68698314
68715092
68716416
68813616
68821377
68834432
68947994
68953376
68960515
69043264
69099524
69207445
69207896
69209283
69214563
69218361
69239689
69245012
69249297
69250564
69256205
69271950
69276968
69278018
69280850
69282496
69290505
69292816
69303296
69337705
69338266
69339718
69343888
69357896
69411592
69476916
69480834
69482592
69501226
69520386
69536274
69536904
69591048
69697632
69731367
69736864
69750020
69772552
69779680
69800048
69829137
69832716
69867585
69869596
69896202
69928452
70026048
70058115
70140418
70256147
70263877
70281352
70353044
70388772
70517185
70522889
70533892
70651972
70779434
70783493
70789378
70847489
70869504
71042180
71094272
71305681
71307930
71308596
71309417
71311415
71314244
71328137
71339015
71346352
71348298
71353040
71353121
71385621
71386179
71386528
71389234
71434554
71440032
71450725
71485458
71532593
71532866
71566413
71569168
71574916
71583842
71627008
71640098
71641601
71643216
71664016
71704721
71729180
71763520
71831172
71844514
71846465
71929985
71976972
71984160
72024148
72089994
72098310
72257538
72353218
72354318
72363041
72364294
72372497
72376362
72390786
72471552
72485001
72489008
72524296
72552453
72650785
72720388
72745604
72780800
72877224
72911105
72943652
72949952
72974346
73007619
73401611
73403448
73404462
73405521
73449606
73501952
73510944
73568265
73574464
73599108
73663649
73685008
73695432
73697824
73729044
73795848
73926677
73937424
73941018
73958468
73965571
73990728
74198016
74457984
74468416
74481714
74522633
74596610
74711047
74780928
74977346
74989697
75499306
75504788
75506277
75507105
75511858
75513971
75532049
75538641
75548868
75551272
75565536
75569159
75573322
75575820
75588240
75597380
75632002
75634953
75645097
75650816
75655188
75663696
75669896
75694278
75698280
75761717
75762338
75770448
75784968
75793736
75809154
75826288
75831320
75891213
75891474
75907680
75911185
75932704
75959297
76039616
76061760
76066840
76088835
76140546
76153186
76153432
76159492
76186272
76292137
76302346
76359808
76546268
76547718
76549641
76558736
76564769
76580908
76583616
76612264
76619814
76646529
76677298
76678420
76849409
76858372
77037570
77072403
77090912
77095937
77119752
77266977
77337344
77414416
77597772
77599521
77602986
77603085
77629976
77644291
77680772
77693001
77734417
77738020
77758726
77775936
77809696
77860886
77866498
77893761
77923200
77938754
78120073
78147840
78184772
78383376
78667794
78677280
79038976
79168592
79302664
79691979
79692692
79697288
79701696
79705093
79708748
79711268
79714944
79724664
79733778
79790856
79792148
79905282
79975488
80101636
80218408
80220496
80221218
80251394
80257156
80289840
80298120
80757296
80789569
80872458
80908544
81281030
81331456
81793248
81814536
82059552
82444545
82837832
82847748
83887687
83890717
83895698
83898661
83901186
83902694
83905795
83916812
83920536
83923169
83930208
83937329
83943972
83952248
83954884
83970130
83972248
83977233
84017876
84038722
84050028
84083081
84100132
84115478
84148937
84150364
84167456
84219408
84222049
84222724
84280454
84283914
84289808
84418800
84443473
84464129
84476682
84490304
84557843
84609184
84689954
84707337
84738118
84812352
84937489
84951713
84959380
85002251
85010048
85034017
85100802
85205154
85246224
85327939
85500944
85540904
85591108
85602336
85721416
85985334
85992612
86001172
86017346
86022147
86024280
86049315
86053893
86059296
86089857
86114481
86119172
86181960
86249640
86249745
86279681
86286342
86507595
86512832
86534160
86639888
87032120
87032420
87032846
87045376
87052418
87180289
87236624
87654656
87818273
88080572
88081969
88083530
88087076
88089186
88101312
88101928
88106052
88115468
88129547
88180226
88219661
88384520
88491024
88614017
88637730
88735938
88872192
89132176
89137233
89147397
89309312
89325664
89456664
89657353
90194696
90783748
91294208
91512832
92277640
92279896
92285061
92291432
92292236
92294720
92295220
92307888
92333312
92352672
92438553
92472840
92537126
92541572
92544002
92570178
92602514
92619265
92800548
92801121
92803457
92807444
92831882
93324481
93327684
93406210
93479424
93605896
93857800
94374929
94408968
94442048
94486544
94503970
94642368
94896784
95426592
95748100
96487448
96493698
96534801
96538634
96600705
96768016
96864288
97091648
97255427
97780096
98566181
98568450
98600064
100663391
100673954
100680642
100698706
100701572
100704553
100729958
100730753
100741665
100742154
100751489
100762250
100794602
100795980
100803634
100815044
100829828
100860678
100862241
100864082
100900936
100926673
100934186
100960648
100999193
101024036
101056916
101059137
101064741
101073161
101080064
101091376
101198928
101261379
101277960
101288992
101323020
101449900
101478401
101519432
101532676
101548050
101582978
101590024
101715084
101716550
101718688
101720713
101722119
101728588
101737856
101751809
101753106
101794016
101796356
101843993
101942528
102007842
102015168
102040112
102240577
102252565
102271048
102285826
102302082
102306832
102761144
102764745
102765322
102770714
102777125
102795616
102802562
102805509
102814736
102842410
102916736
102924307
102961312
102973460
103039122
103040544
103088324
103293697
103305792
103318052
103335937
103547142
103682064
103811217
103837728
103940208
103946496
104079624
104350728
104865026
104866017
104884744
104886292
104894744
104900128
104927876
104957008
104980481
105054252
105185539
105383434
105390156
105394464
105398313
105693248
105908308
105924097
105926792
105938957
105974024
106045570
106643456
106692880
106956835
106973568
107028800
107095041
108003492
109052745
109056045
109058242
109070865
109109258
109134624
109183540
109230080
109256976
109318560
109322374
109338672
109510792
109577238
109617248
109674501
110101608
110109444
110137392
110235777
110248002
110379648
110758912
111280424
111281284
111446020
111738904
112265218
113262725
113263888
113379400
113426464
113780737
113901712
114303000
115343952
115409952
115605513
115871748
117446992
117449156
117482049
117506101
117527808
117531138
117539600
117572705
117574184
117582976
117583875
117592592
117620741
117643268
117706852
117710930
117850272
117965443
117966085
117967428
117981488
117985286
118003840
118268160
118491428
118657032
118686209
118784516
119038016
119541000
119541908
119554129
119603724
119669122
119902208
120136704
121639074
121790720
121970816
122726400
122749956
123740200
123996224
125829658
125829856
125882432
126681120
126883328
126943312
128205056
128983041
130023494
130564608
134218174
134219746
134220536
134220918
134221708
134222423
134223003
134224143
134228314
134228509
134230753
134231337
134231444
134233618
134236822
134237261
134238580
134239002
134239331
134239877
134241456
134243203
134243598
134244391
134245649
134248256
134248585
134251805
134253793
134254384
134255282
134255556
134256842
134259045
134260268
134260291
134260883
134261160
134266971
134267116
134268500
134268554
134273313
134277892
134279210
134279376
134283507
134284181
134284652
134285067
134289810
134290513
134292074
134292503
134293646
134293812
134295108
134297224
134298369
134300978
134302851
134303256
134303773
134307076
134308248
134308433
134309028
134312454
134314080
134316574
134318151
134318729
134319252
134320482
134323240
134324281
134325584
134332963
134334912
134337096
134350425
134351267
134353801
134354724
134355156
134356296
134357452
134357558
134360216
134365383
134365741
134366632
134367290
134369026
134371905
134377491
134382033
134382698
134384204
134385703
134386828
134390405
134393929
134394626
134395952
134398816
134400021
134403344
134406680
134407201
134415160
134416978
134418757
134423937
134425634
134426668
134426818
134433033
134434977
134440008
134441600
134447220
134448390
134448800
134451729
134463634
134482478
134482707
134483001
134484173
134484840
134487174
134488996
134489251
134490818
134491488
134492344
134493258
134497624
134498081
134498513
134504534
134504553
134506128
134508805
134512974
134514066
134515077
134516849
134518296
134522052
134523425
134526988
134530055
134533512
134533668
134536256
134537520
134545833
134547684
134550147
134550565
134550976
134552112
134553923
134562182
134563914
134564357
134578896
134579273
134581762
134582548
134586406
134587144
134602881
134611253
134611612
134612208
134612550
134614657
134616323
134617186
134619434
134619984
134620173
134625664
134628002
134629700
134631438
134644235
134646040
134646820
134670338
134677089
134677642
134680664
134686737
134693908
134697728
134722560
134725672
134742695
134742897
134745552
134747364
134747690
134748472
134750287
134750932
134752024
134753058
134753413
134754418
134756676
134760771
134760868
134762897
134763202
134765068
134766652
134776465
134778972
134779049
134780225
134781443
134786120
134788226
134791945
134793368
134794274
134795526
134800032
134807894
134808760
134810440
134811169
134812044
134813204
134813734
134824137
134825856
134832417
134840707
134841124
134851088
134852613
134857740
134860848
134864962
134873306
134873870
134875237
134876179
134879904
134881457
134882626
134886913
134887434
134890757
134891056
134893672
134899792
134901892
134906162
134908038
134915092
134916353
134923456
134938667
134939104
134940700
134951184
134955588
134960130
134977600
134979720
135005214
135005896
135006347
135008674
135010325
135012096
135013457
135020595
135021332
135023200
135029184
135029258
135033888
135037108
135037509
135038248
135039058
135070233
135070818
135078034
135079172
135079976
135082560
135092352
135106570
135135561
135139858
135145988
135154696
135168896
135176288
135188481
135200901
135203074
135266429
135268761
135269895
135271750
135272209
135272499
135272620
135274080
135275162
135275752
135277954
135278727
135279372
135282859
135282967
135283278
135283868
135287113
135289728
135289866
135291234
135292425
135297044
135299286
135300936
135301414
135304244
135305552
135307531
135307888
135316865
135318056
135324690
135325761
135332298
135333569
135334241
135334562
135336489
135341856
135342288
135348788
135352516
135364773
135368856
135369731
135371268
135372876
135382112
135393536
135398116
135398211
135398682
135401904
135403138
135404056
135407657
135407686
135410768
135414822
135416008
135426592
135430932
135431237
135436417
135438498
135441920
135450690
135463985
135464460
135465348
135467030
135479632
135487493
135497738
135529137
135531081
135531796
135540836
135541010
135543809
135545132
135546050
135549520
135555232
135561274
135561696
135564424
135569429
135574144
135578370
135593999
135594820
135600392
135603224
135611016
135614498
135645200
135661714
135662368
135664133
135664680
135667905
135675929
135685376
135708804
135728192
135733762
135758081
135791045
135791528
135791907
135792210
135792746
135801904
135802905
135807216
135809553
135811109
135816260
135817480
135825421
135826112
135831952
135832070
135845376
135857286
135860994
135861320
135866371
135868576
135872538
135888977
135892224
135922825
135928836
135930148
135930440
135938434
135954977
135958792
135987856
136005664
136054308
136056899
136058000
136061068
136061697
136071174
136091680
136101960
136118576
136135681
136183892
136217602
136317269
136317539
136318122
136319427
136319548
136320720
136322569
136323913
136324188
136324657
136324742
136330276
136331661
136332208
136333672
136335526
136339658
136340068
136345858
136348498
136350372
136350979
136351893
136353184
136357001
136358410
136360006
136360216
136364737
136365112
136370704
136382509
136383238
136384744
136384817
136385550
136388805
136389026
136391944
136398145
136400978
136402464
136414402
136414725
136415320
136427648
136429834
136437780
136446611
136447141
136448960
136449556
136450634
136451122
136454407
136454824
136457281
136458592
136462449
136463371
136466584
136467524
136472588
136479017
136485124
136495622
136503680
136513712
136516228
136517635
136519706
136528164
136553024
136563712
136577930
136578342
136583194
136583329
136583748
136585617
136589858
136594956
136595508
136596864
136598545
136614657
136621072
136626274
136628233
136644368
136650864
136654857
136668162
136675347
136675468
136677664
136708204
136720404
136724754
136733185
136741424
136742208
136745090
136776200
136790208
136839451
136840297
136841028
136846402
136849430
136849632
136852352
136856152
136856722
136860936
136867328
136867905
136871982
136872392
136874033
136876640
136890436
136905266
136909953
136913420
136921095
136923408
136946720
136970644
136973600
136974349
136988801
136994850
137003075
137004552
137036545
137036880
137101510
137102851
137103628
137104016
137105744
137109541
137117864
137139204
137142530
137168961
137216512
137241728
137302048
137364261
137364848
137366724
137367850
137371731
137371828
137374337
137377864
137382945
137384451
137393280
137396761
137397794
137405700
137408545
137414786
137416716
137429094
137429276
137432082
137441808
137445521
137448000
137453608
137462656
137494670
137505040
137511688
137528464
137529440
137560137
137565440
137625816
137626134
137626889
137627970
137630084
137635392
137642053
137692320
137701380
137728064
137756707
137779200
137797640
137888789
137894145
137896970
137904772
137924626
137937184
137955464
137961792
138018872
138021378
138023104
138117124
138154504
138174480
138182785
138413513
138413748
138415397
138416931
138417272
138418656
138418964
138421458
138424657
138424714
138428729
138429042
138429253
138430987
138432192
138433192
138436757
138439720
138440780
138444943
138445417
138445720
138445875
138446908
138450438
138453270
138455138
138457252
138460416
138461602
138466313
138480962
138481739
138482276
138482850
138483845
138486029
138486720
138486881
138491928
138493998
138496084
138496800
138512657
138519562
138527364
138532866
138543462
138545713
138546190
138548245
138552624
138554120
138556048
138561936
138565668
138567904
138569220
138576578
138577665
138579024
138579994
138592524
138608793
138609159
138609860
138610792
138616320
138633474
138645888
138651652
138657857
138674410
138674644
138678326
138679564
138679873
138683017
138684162
138684485
138691684
138692748
138693650
138694978
138705408
138709824
138713232
138715224
138719235
138723857
138739994
138741288
138741795
138748436
138751104
138752288
138756272
138790144
138805331
138811401
138813574
138822216
138826880
138838177
138842180
138937869
138938457
138938950
138939265
138941714
138943624
138944872
138945043
138945574
138950689
138953802
138953889
138963074
138970500
138971402
138977473
138981896
138985808
139001909
139002506
139006160
139022849
139027472
139036224
139036832
139067564
139071619
139072320
139083798
139091977
139105312
139119104
139134216
139141664
139198727
139203204
139208976
139218968
139231778
139234305
139255812
139264076
139331776
139346208
139427856
139461510
139462851
139462988
139469217
139471396
139473474
139478097
139481234
139482400
139485968
139495954
139497733
139498688
139512836
139518088
139526744
139527568
139529225
139534386
139539460
139544066
139559208
139567617
139592234
139594912
139595873
139598082
139599900
139600899
139608705
139632960
139640880
139677704
139723909
139724912
139733002
139741441
139756044
139764768
139792401
139812928
139821186
139854216
139855376
139919396
139987092
139989006
139989552
139994752
140007488
140017764
140018712
140034051
140067076
140116241
140181570
140247081
140248384
140315136
140390400
140509900
140510279
140510746
140511538
140512401
140515970
140517419
140519812
140520016
140521989
140526868
140537904
140542192
140548161
140550944
140558373
140567616
140574870
140575393
140579592
140592264
140601345
140607812
140612624
140640600
140641666
140641888
140653576
140658754
140660993
140675208
140681233
140722704
140738594
140771357
140771681
140774472
140783808
140787843
140796168
140805760
140806150
140808232
140837442
140857348
140903172
140912672
140968961
141036072
141037860
141041816
141042945
141050626
141066772
141086848
141102084
141111298
141115488
141131785
141170704
141172804
141296688
141361536
141426698
141558828
141561600
141561940
141561993
141574592
141576216
141582342
141590602
141623555
141629472
141690885
141726208
141762688
141825026
141836832
141852944
142082210
142082625
142125056
142230528
142606699
142608041
142608838
142609994
142611086
142613029
142613889
142615024
142615610
142616684
142618918
142619224
142620739
142623688
142624275
142625052
142627884
142632129
142633520
142639879
142640344
142641745
142645270
142646024
142649216
142652433
142655665
142656834
142659653
142663814
142672461
142673446
142673947
142676148
142677272
142678720
142682273
142688376
142692611
142696772
142704810
142705953
142715138
142717472
142721808
142723108
142726272
142738582
142741561
142741842
142745685
142745739
142746401
142748932
142750880
142756960
142758420
142760066
142762562
142766344
142770596
142772770
142773257
142775872
142780608
142803842
142804035
142809376
142812688
142819468
142836040
142869108
142869829
142873488
142878868
142878985
142882308
142885018
142887202
142889184
142889481
142901293
142901443
142906402
142909970
142913856
142920320
142926856
142935185
142936400
142937100
142938182
142942408
142952000
142962704
142972929
143001352
143001607
143001768
143006736
143016321
143024164
143048784
143065138
143098372
143130781
143131956
143132042
143132850
143135751
143140448
143141512
143147110
143149097
143151904
143152208
143155474
143155717
143163960
143165792
143166980
143171619
143171852
143194112
143198469
143200353
143205385
143215106
143229124
143229970
143262401
143262796
143264528
143298704
143310858
143330432
143331848
143335430
143343633
143393602
143398984
143404034
143405185
143410308
143425809
143458976
143474952
143524897
143528196
143532056
143655730
143658280
143658640
143659217
143664165
143665984
143671905
143673092
143673426
143673477
143688718
143691880
143692162
143697944
143721556
143728913
143729284
143732746
143737248
143748096
143753794
143769609
143786253
143787456
143788084
143807489
143810704
143818771
143819400
143831044
143837440
143854081
143859808
143917222
143921180
143921441
143923714
143925800
143934512
143941635
143951361
143951940
143983874
144048202
144117888
144179544
144179723
144182337
144183876
144187586
144192768
144199816
144213152
144228372
144244780
144250896
144314402
144443776
144547840
144589312
144703543
144705737
144707916
144709378
144709744
144712468
144715922
144720084
144720426
144722689
144722950
144728089
144729376
144737380
144738704
144740363
144746501
144769688
144769888
144770436
144777731
144782400
144791560
144834786
144835857
144836874
144849408
144852608
144867356
144876546
144887840
144901160
144902212
144932993
144965944
144966277
144966738
144969248
144970888
144973838
144992320
144998984
145006752
145015044
145033346
145047585
145100865
145170688
145228193
145230872
145232401
145234052
145240104
145261186
145268816
145277953
145293386
145318016
145330432
145359396
145375552
145510402
145555476
145655808
145753219
145754636
145756832
145760648
145762338
145769544
145772816
145785153
145792000
145809920
145821701
145850416
145883728
145965058
146016273
146146308
146276614
146343424
146415617
146538592
146800734
146800869
146801043
146801452
146802512
146806826
146807876
146809506
146809996
146812417
146821508
146823185
146830338
146836610
146837808
146838145
146842180
146851360
146851912
146858241
146868616
146869296
146870802
146882754
146883589
146891272
146903052
146907280
146934081
146934404
146936008
146941970
146948131
146949144
146972712
146997524
147009537
147063819
147064224
147065368
147071025
147079686
147096596
147129089
147161184
147198496
147203136
147226882
147277824
147329289
147337236
147341968
147344640
147361858
147390754
147400768
147456112
147457538
147464576
147488773
147589156
147603521
147619976
147657728
147849400
147849749
147850338
147854856
147857481
147863680
147865866
147884065
147916806
147919168
147996740
148079616
148112064
148119812
148164608
148398112
148407040
148439169
148506632
148635666
148902945
148906306
148916384
148918848
148931848
148946962
148963409
148971556
148998656
149029385
149032966
149166336
149291152
149423296
149424131
149438476
149692928
149955600
149979268
150077728
150274056
150996359
150997173
150998849
151002140
151003443
151003974
151006096
151007755
151008325
151009442
151011794
151014948
151015985
151016648
151020328
151021764
151028088
151028641
151029803
151032914
151033956
151035520
151036616
151037104
151038982
151040532
151044150
151046722
151047432
151048323
151052301
151060700
151062162
151063968
151064634
151065424
151069221
151070793
151072913
151074050
151077600
151077929
151077958
151097609
151101828
151119360
151126047
151126249
151127380
151127587
151128364
151129282
151132433
151132678
151136864
151143300
151143569
151146786
151150913
151157760
151159178
151163432
151177376
151191718
151194629
151196768
151197832
151208458
151216176
151225368
151227136
151232515
151244804
151257191
151257690
151258284
151258645
151259592
151262512
151265564
151268872
151271504
151273739
151277716
151279106
151279656
151290009
151290502
151291488
151296258
151299329
151323426
151324694
151327244
151343169
151349504
151359648
151392960
151397394
151400481
151407120
151412872
151423041
151454096
151461956
151519852
151523658
151523992
151524101
151525569
151527817
151535701
151535758
151536992
151541778
151544835
151552226
151553061
151553794
151554324
151560218
151564576
151585347
151586065
151586928
151587460
151587850
151594176
151613448
151635969
151652873
151654452
151655808
151659138
151659560
151666968
151683664
151783713
151784516
151786505
151790128
151793670
151798401
151824512
151831568
151863332
151880000
151928898
151945228
151979520
152044173
152044619
152045112
152046164
152046346
152048801
152051758
152054021
152056256
152062256
152068184
152079377
152080961
152089608
152092996
152093328
152113444
152115266
152126209
152127500
152130576
152133762
152142098
152152096
152174706
152178764
152183313
152183940
152192576
152193027
152208672
152248584
152273088
152306001
152307584
152308770
152309898
152330756
152346690
152354849
152371304
152373377
152404996
152436998
152473616
152567955
152569100
152576097
152582656
152584738
152587392
152604804
152641556
152666632
152701248
152756224
152768513
152832024
152850688
152961184
153092580
153093528
153094222
153096281
153096470
153099040
153101410
153102392
153104524
153111176
153111632
153114629
153116833
153117202
153125644
153135424
153141521
153142404
153157771
153158708
153159240
153160209
153176098
153178496
153190497
153195010
153223749
153231568
153233152
153258002
153261057
153264164
153272392
153289026
153354418
153354793
153355457
153364483
153371456
153387092
153388042
153415680
153420037
153426944
153428608
153436184
153487492
153489672
153502752
153618080
153618818
153620515
153629712
153641220
153655304
153657857
153682216
153686084
153714832
153748486
153768448
153823232
153886792
154009617
154141378
154146308
154146960
154158338
154161248
154173447
154173608
154215425
154272129
154274824
154284034
154288148
154337824
154411296
154438144
154665744
154667044
154681353
154698816
154992642
155189969
155190570
155191450
155193389
155193542
155195976
155196419
155197556
155198489
155203104
155206172
155207777
155207942
155215232
155222339
155223116
155224581
155243264
155248656
155256580
155263144
155265538
155271187
155271496
155288112
155288705
155299904
155321106
155321992
155328586
155330689
155332868
155340880
155353236
155370498
155386145
155454112
155455873
155476002
155484452
155500736
155518032
155551752
155582520
155585792
155598853
155623936
155652098
155713968
155717136
155723788
155735044
155738688
155750417
155762728
155785472
155811846
155845697
155846690
155926656
155976456
155976834
155979872
156049409
156238688
156238870
156242200
156249152
156254372
156266497
156273024
156274722
156303429
156308096
156401673
156436496
156500483
156506116
156508304
156517384
156762312
156770562
156828704
156893700
157286950
157288713
157291840
157304321
157306890
157322272
157327490
157354176
157360400
157421728
157483020
157553168
157557764
157810770
157810821
157974784
158091264
158335025
158343688
158449664
158728256
159384345
159384689
159385284
159386243
159386898
159388072
159388258
159393096
159400229
159401122
159406400
159409172
159410186
159412864
159418508
159421700
159436824
159440992
159449358
159449537
159451688
159454721
159457362
159463428
159467664
159481877
159484992
159515312
159516760
159518853
159519754
159523340
159547462
159555856
159564289
159597824
159648516
159649811
159654274
159654465
159662156
159665153
159680560
159720480
159760386
159777120
159810688
159842313
159908374
159915040
159916196
159918097
159925768
159940681
159957376
159977602
159982336
160039171
160051264
160057348
160137248
160170026
160170192
160207360
160432532
160434400
160438281
160441858
160444464
160452614
160465444
160473217
160497699
160498824
160568064
160579624
160699456
160727304
160760336
160835584
160991234
161038400
161088528
161218565
161481741
161492096
161493249
161497155
161513762
161515024
161517760
161563140
161587208
161613857
161681424
161746980
161874434
162007616
162021424
162136200
162268416
162529306
162537540
162597120
162807936
163583120
163586055
163588384
163594377
163611146
163663904
163709988
163747840
163775040
163842114
163852296
163856656
163905668
164102468
164102689
164144128
164167704
164627713
164645376
164659280
164757634
165675112
165675904
165677076
165741570
165830656
165969921
167251968
167772731
167773020
167773617
167773797
167776366
167778961
167779138
167780569
167783435
167784501
167787048
167787712
167789350
167790020
167790818
167793686
167794776
167797388
167797872
167801248
167806118
167807305
167809549
167810314
167813570
167813905
167815252
167823634
167824897
167827588
167838406
167838810
167838861
167840042
167846576
167850312
167856177
167858314
167867393
167873120
167875652
167882770
167887109
167897096
167904316
167905648
167905930
167906053
167907718
167910433
167911523
167913636
167916100
167919946
167920336
167925256
167928084
167928962
167937554
167939456
167940320
167944206
167952521
167969043
167970624
167971009
167973410
167974032
167977481
167987206
168010016
168035265
168037968
168038610
168038681
168040740
168043015
168043912
168044594
168050853
168051754
168053512
168056835
168061956
168067363
168067752
168068868
168072321
168083484
168092224
168099925
168102040
168103169
168112260
168116576
168116754
168133680
168175136
168175688
168182849
168185904
168204800
168206480
168231180
168263746
168296749
168297362
168297667
168298700
168299060
168299782
168304810
168307265
168308995
168309772
168313881
168325648
168329239
168329802
168336400
168345697
168355072
168367392
168368137
168370276
168371714
168372608
168378516
168378920
168381504
168395032
168399488
168429188
168431697
168444419
168450304
168460612
168462376
168526849
168558712
168561824
168563233
168579140
168599561
168607874
168658948
168689702
168690960
168693896
168779776
168822814
168825544
168826949
168829240
168830273
168830484
168834082
168838816
168847874
168853900
168854147
168854569
168855728
168856642
168858400
168874001
168878116
168889104
168889380
168890480
168890753
168894726
168902723
168903944
168928384
168951957
168955915
168960896
168968481
168971280
168984664
169017512
169031680
169067008
169083490
169083923
169083980
169085572
169099664
169111560
169119750
169126144
169154048
169156641
169218368
169348616
169349396
169351298
169362240
169369729
169390144
169411077
169443362
169477216
169484306
169492492
169607434
169640464
169672896
169740289
169871144
169871495
169874693
169875848
169878802
169879841
169886229
169887298
169889833
169896080
169902234
169902388
169903185
169905164
169908258
169910376
169915904
169922880
169926659
169935312
169935907
169938560
169939521
169941012
169945154
169951308
169960192
169984160
170000470
170001608
170002457
170005264
170012801
170019360
170075140
170102792
170131531
170132628
170136672
170139972
170140184
170152576
170166464
170197540
170201346
170262944
170265602
170295301
170393954
170394249
170397872
170398214
170411044
170412042
170429184
170434692
170467345
170533128
170573840
170590338
170670080
170672385
170722312
170787392
170918113
170923032
170926093
170934322
170936580
170951236
170983946
171018241
171050497
171053092
171073600
171081986
171182120
171188354
171230208
171376656
171443584
171444304
171450912
171528192
171968681
171969816
171970082
171970716
171972480
171976264
171980806
171984131
171987137
171991066
171991585
171993408
172000608
172003920
172008453
172010112
172015686
172016784
172032420
172033553
172034572
172040323
172052752
172064968
172065538
172068897
172097613
172097714
172101928
172102722
172130852
172132355
172158976
172171344
172180512
172229424
172231042
172233226
172236844
172241936
172279840
172295174
172300352
172310537
172361748
172368129
172393480
172425856
172491488
172491860
172499716
172507528
172509189
172511266
172531760
172556609
172558354
172622360
172633088
172691460
172753041
172761154
172770816
172790016
173015079
173015378
173015817
173016202
173023428
173025297
173031528
173036036
173053960
173099136
173113364
173147396
173148736
173281440
173310017
173424642
173541664
173544449
173613064
173703296
174063886
174065764
174067731
174072992
174087168
174096769
174113288
174129208
174203394
174211204
174262528
174328321
174342224
174432256
174592072
174621698
174719009
175112848
175124736
175178816
175898628
176163744
176163861
176165027
176165961
176166448
176169349
176169738
176170054
176175376
176177167
176177489
176179780
176180360
176193650
176194196
176204832
176205960
176210216
176214530
176227552
176231172
176233474
176234524
176243329
176250914
176260616
176267329
176292248
176292456
176293154
176297996
176318465
176328961
176342020
176357413
176377920
176392208
176423190
176424578
176425057
176444672
176457738
176492584
176499200
176521600
176554180
176554513
176566274
176686849
176689178
176689600
176694416
176709704
176720001
176721956
176751184
176818242
176832672
176857600
176947724
176955680
176965648
176981056
177012739
177209700
177211651
177214596
177222145
177226264
177231904
177243408
177258688
177275026
177277000
177340934
177349640
177471625
177479760
177553412
177635360
177733681
177743876
177751042
177930496
178258092
178260498
178261312
178266816
178274690
178286596
178291233
178323721
178340880
178356230
178397232
178529281
178556944
178667528
178782277
178849824
178918400
179310658
179439744
179569408
179863560
180355651
180357328
180367456
180371508
180387865
180390148
180430080
180487297
180503296
180551690
180617544
180621317
180641920
180879494
180880424
180886016
180994048
181444610
181469728
181538832
181668864
182453764
182462472
182521984
182616128
182714402
182976784
183517185
184550926
184551507
184552552
184553825
184554148
184557718
184558884
184559233
184565944
184566345
184567568
184568193
184570124
184578114
184582341
184584728
184586640
184590882
184596481
184603680
184615816
184617284
184619015
184626192
184637952
184647724
184649858
184664144
184681737
184690946
184692760
184696932
184713265
184722496
184746516
184812866
184813581
184819936
184824576
184836113
184848456
184885258
184894592
184910337
184942723
184947716
184992000
185010208
185074738
185079360
185082192
185100320
185107592
185123332
185139361
185155842
185205536
185206928
185212933
185241602
185270344
185336196
185338370
185405456
185598370
185599184
185600545
185602578
185605376
185608328
185615365
185647114
185663513
185672256
185749632
185763844
185795586
185860148
185878592
185991688
186122310
186126376
186155265
186393600
186647152
186647299
186651778
186657284
186672136
186724384
186746112
186777642
186783808
186811008
186859521
186910992
186925062
187170844
187173889
187187392
187465760
187695432
187736080
187760772
187961345
188743957
188746884
188749872
188760706
188784904
188809314
188814344
188833796
188875200
188879361
188893192
189006404
189006881
189038610
189267979
189280384
189302848
189826560
189931552
190120192
190332944
190849089
190857504
190877700
190972944
191103112
191431168
191891458
192938186
192940070
192942164
192946217
192971584
192971779
193003824
193072640
193085458
193142912
193201176
193206400
193217056
193241092
193464584
193482753
193528836
194011392
194088960
194117697
194511488
195035281
195039752
195086336
195166468
195362880
195567618
196084768
197136642
197141008
197149760
197165216
197199873
198049792
198180876
201327822
201327955
201329349
201329449
201331160
201334957
201336581
201336945
201338528
201338910
201343457
201343641
201344053
201344616
201345872
201348482
201349666
201351346
201354306
201359974
201362306
201362756
201363756
201365025
201365529
201368866
201372033
201374272
201376148
201377806
201384264
201389060
201392423
201397152
201397826
201398348
201401106
201405488
201409292
201409744
201410728
201416715
201425729
201426312
201426994
201429126
201433312
201436161
201459600
201459787
201459990
201462384
201462977
201466137
201466980
201467402
201472005
201474140
201477252
201490616
201497602
201498706
201507075
201511552
201523912
201525796
201527562
201531540
201533760
201539682
201541121
201545744
201555981
201588887
201590322
201591216
201592074
201592875
201593606
201593940
201595201
201595528
201597516
201601553
201605699
201615384
201623656
201624084
201629834
201639072
201642002
201654332
201655940
201668610
201670929
201675784
201679392
201703492
201720258
201724068
201738273
201748544
201753617
201761028
201786656
201820288
201853466
201853996
201855561
201859462
201863716
201865360
201867562
201868806
201874433
201876616
201884300
201884683
201884784
201888528
201908241
201917509
201918658
201920531
201924696
201925249
201937216
201943044
201982485
201983138
201984392
201985600
201986118
201986337
201987096
202007296
202031140
202080770
202113380
202114433
202125576
202129421
202150080
202155520
202164480
202181648
202211361
202244648
202252291
202260624
202376612
202378328
202379490
202379924
202380301
202383700
202383907
202384529
202389792
202393700
202395704
202400448
202408137
202408241
202412554
202418308
202424837
202441770
202442773
202448000
202451464
202453057
202459394
202475024
202506600
202509569
202518664
202523154
202526980
202556424
202571907
202608672
202638104
202638433
202646534
202657280
202657921
202672131
202675456
202702930
202711424
202770444
202776624
202801728
202899510
202901665
202902276
202917136
202928130
202932546
202940456
202965257
202965600
203014272
203046977
203065360
203105280
203162242
203171904
203231236
203423866
203424271
203425948
203427941
203431184
203433408
203437059
203440454
203442195
203446464
203452936
203456675
203457558
203461704
203465360
203474688
203483168
203489876
203490329
203491713
203492448
203501828
203506306
203522600
203542529
203555618
203556108
203561000
203565186
203580432
203587780
203590145
203628577
203653392
203686624
203688965
203695144
203696896
203706656
203710596
203726913
203751752
203755664
203817097
203819088
203822592
203882502
203948241
203952266
203956528
203956802
203958281
203964961
203968532
203981061
203984000
204013732
204014850
204020224
204124160
204161032
204212258
204227648
204242968
204472722
204473992
204474928
204477248
204478470
204497153
204507400
204521552
204555268
204578818
204604482
204607505
204612100
204619936
204750858
204767268
204800513
204996684
205001760
205390080
205521738
205522563
205523110
205525169
205527122
205529656
205531336
205531395
205532180
205541383
205542928
205543688
205545764
205553749
205557256
205572225
205574240
205578754
205586800
205589136
205591809
205594694
205615232
205620260
205635608
205652357
205653033
205656588
205660737
205664290
205668490
205669696
205687072
205694080
205718546
205783589
205784216
205790240
205800320
205808641
205816073
205816898
205848769
205850884
205885952
205916674
205918480
205987848
206045283
206045468
206047008
206058560
206061764
206063664
206078098
206084100
206114856
206151936
206209096
206243841
206307920
206315680
206389250
206439428
206569499
206571076
206576129
206578952
206602912
206614544
206635148
206651425
206669888
206700752
206727168
206733318
206766848
206831906
206835784
206848020
207096834
207098240
207101957
207110664
207618472
207618833
207623300
207634505
207635490
207636996
207655170
207659020
207685642
207693312
207749172
207818816
207888402
208060416
208144704
208274048
208408577
208674912
208700417
208930944
209256464
209715922
209716764
209718307
209719573
209720672
209725958
209727684
209730568
209732260
209732873
209735754
209742208
209743905
209748250
209749125
209754272
209756212
209756681
209767440
209781297
209784576
209784969
209789224
209790082
209797142
209799233
209817680
209846318
209847108
209848465
209850883
209862960
209865224
209879137
209916932
209969152
209977433
209977740
209980608
209985634
209986832
209999876
210010912
210043402
210051077
210117248
210125826
210145288
210239720
210241620
210245248
210245890
210248001
210256003
210289216
210305424
210322464
210339848
210380832
210404608
210504193
210505776
210534406
210698304
210763847
210764673
210765962
210768914
210788364
210805824
210812962
210850304
210862340
210896416
210901056
210903298
210960408
211042624
211058832
211093536
211296784
211324929
211419268
211551240
211813552
211813953
211814692
211847234
211849732
211861640
211882018
211888144
211947904
211951688
211959813
212074755
212091408
212173824
212337416
212345860
212467730
212860969
212926656
213135360
213403648
213910790
213911565
213912160
213922560
213934160
213942720
213976136
214007811
214073872
214106272
214175874
214188072
214214656
214434833
214441994
214499844
214585344
214960400
214962212
214975616
215351297
216010776
216014977
216088832
216140800
216268868
216563744
217055746
218104141
218104490
218104628
218106210
218107017
218108966
218109704
218110340
218112195
218113616
218116200
218121242
218124868
218130945
218132752
218137107
218138832
218154049
218171672
218175521
218178572
218185861
218202186
218218784
218238000
218239122
218243488
218255369
218259462
218269188
218272064
218277896
218300497
218313216
218376228
218379392
218382448
218383620
218384514
218402821
218415624
218432515
218434112
218472464
218497793
218498120
218529826
218628153
218629056
218629268
218630151
218639616
218646600
218648736
218663456
218669124
218701858
218710544
218731520
218792065
218824964
218890514
218955912
219027456
219156739
219162642
219169160
219178016
219185180
219186306
219194112
219207680
219218096
219218438
219219264
219283493
219286144
219414724
219419168
219422729
219627520
219678209
219680848
219807754
220202273
220204546
220205697
220209173
220209418
220217388
220237872
220291136
220301316
220332568
220350720
220398720
220467266
220496256
220774402
220856416
220987908
221251649
221319176
221512720
221782144
222299360
222306948
222332176
222335112
222339105
222364034
222364169
222367764
222383104
222431300
222446112
222560270
222562321
222568768
222827010
222839041
222961680
223348776
223363138
223482880
224165888
224409600
224411792
224428608
224526339
224722976
224920584
225444100
226499088
226500760
226509570
226526248
226527489
226537474
226558052
226591360
226632705
226640064
226691074
226754721
226824448
226885652
227017794
227020812
227303424
227541576
227544068
227557393
228065568
228589702
228589904
228598304
228611072
228853768
229179393
229801984
230686770
230690881
230735876
230818056
230950400
231213184
231809024
234881268
234881419
234884242
234885426
234886312
234888708
234890080
234891532
234893954
234900768
234902273
234905669
234915520
234915877
234917955
234923032
234930736
234946665
234947860
234949123
234951192
234967076
234979473
234985728
234988036
234996738
235012769
235013127
235022864
235025664
235036712
235045640
235048980
235063360
235080712
235094400
235144713
235145286
235153537
235159752
235168002
235176272
235188256
235208866
235217984
235274266
235291140
235343873
235406664
235407633
235409541
235411552
235414561
235421778
235424384
235438496
235448322
235458568
235470862
235544768
235601968
235672578
235675668
235733760
235930156
235930193
235931394
235932096
235937866
235946118
235948041
235951168
236019728
236062754
236101633
236126276
236192005
236197904
236290056
236323968
236454040
236487684
236589568
236732448
236979076
236980808
236986406
236990544
236994840
236995713
237052040
237109569
237129730
237143072
237240369
237244428
237273602
237324288
237504016
237600832
237635588
238038016
238063744
238092576
238551043
239075862
239078465
239079748
239083920
239087625
239092748
239108138
239151136
239157824
239212672
239222801
239370372
239468640
239632897
239666304
239730946
239863816
240124976
240173312
240193538
240394752
241172674
241177120
241207312
241238021
241435904
241721344
242352136
243271736
243277843
243290256
243295744
243302476
243335490
243337348
243401808
243433602
243532836
243536448
243580929
243665152
243794466
243810564
243871744
243925001
244322568
244326560
244353536
244384769
245367818
245372929
245383264
245408000
245563904
246153344
246415380
247464225
247464584
247482370
247501824
247603204
247791632
249036864
251663377
251664394
251674659
251676692
251691270
251715712
251725344
251728064
251732225
251789452
251789890
251920680
251921040
251956224
252191240
252331008
252444737
252719108
252739680
252838160
253298688
253756484
253757600
253788169
253820946
254156800
254284032
254820864
255852632
255855360
255861762
256081920
256135168
256376868
256901249
260047365
260048256
260057152
260128776
260182048
260603920
261357570
