1501933
1523035
1694579
2719653
3003866
3389158
4687741
4734687
6007732
6254833
6470131
6778316
6803107
8020783
8047733
8165694
8240649
9375482
9469374
10252117
10258351
10611823
11204153
11770399
12015464
12184280
12509666
12940262
13556632
13606214
15704207
15795703
16041566
16113977
16136069
16275917
16481298
17168143
17756854
18588859
18750964
18938748
19163123
19624651
19917077
20231389
20504234
20516702
20681069
21223646
21847660
22097897
22408306
22485799
22870403
23540798
23762711
23925689
24030928
24210071
24368560
24533593
25019332
25378421
25512445
25880524
26706899
27113264
27212428
27249737
27696553
28089031
28471639
28986289
29108347
29185063
29799019
29906299
30043303
30528173
30584093
31408414
31579969
31591406
32083132
32227954
32272138
32551834
32962596
33428682
34336286
34584513
34954951
35513708
35568679
36316669
36545143
36621131
36960649
37016501
37177718
37501928
37877496
38174513
38326246
38966223
39249302
39684317
39834154
40462778
40574059
40588124
40662343
41008468
41033404
41362138
42447292
43241253
43294329
43723207
43807387
44195794
44816612
44899613
45558961
45740806
46443979
46709549
46863031
47040275
47081596
47368379
47412301
47525422
47851378
48061856
48420142
48423637
48737120
49039081
49067186
49314403
50038664
50237777
50437559
50736031
50756842
51529343
51761048
52000829
52661965
53413798
54226528
54424856
54499474
54780263
55266769
55393106
55476730
55497869
56157017
56178062
56370869
56965349
57953581
57972578
58216694
58370126
59422937
59598038
59632289
59659109
59812598
59831777
59990954
60086606
60432139
60831407
61056346
61168186
61391263
61656432
62202701
62318083
62461649
62816828
63159938
63182812
63907113
64166264
64335895
64455908
64544276
65103668
65408087
65491331
65925192
66685219
67484347
67556839
68280799
68672572
69169026
69671893
69909902
71137358
71142881
71177843
72088133
72166711
72279131
72633338
73090286
73242262
73453469
73921298
74033002
74355436
74527357
74740907
74754887
75003856
75754992
76188031
76349026
76362989
76652492
77029943
77494569
77919177
77932446
78333767
78498604
78786251
78961939
79214773
79368634
79668308
80109071
80344348
80355297
80925556
80983331
81148118
81176248
81350201
81597259
82016936
82023641
82066808
82659539
82724276
83085702
84526837
84894584
85130897
85472231
85740703
86199611
86588658
86912557
87446414
87525994
87614774
88240573
88391588
88549063
88837003
89169007
89478485
89633224
89799226
90097441
90761449
91117922
91481612
91652279
91869211
91954309
92887958
93205907
93419098
93542627
93726062
93957639
94163192
94610341
94736758
94824602
95050844
95702756
96036233
96123712
96529203
96840284
96847274
97490993
98078162
98134372
98173661
98628806
98646287
99381781
99386701
100077328
100475554
100875118
101472062
101513684
102986903
103058686
103116377
103522096
103792825
104001658
104301839
104388173
104401583
104506259
105240937
105735053
105971466
106139219
106468793
106584343
106827596
107395101
108217313
108453056
108849712
108998948
109098839
109560526
109698187
110005909
110511577
110533538
110786212
110862953
110953460
110995738
111438247
111767921
112146947
112314034
112356124
112729446
113726578
113930698
114375569
115130471
115709477
115737403
115907162
115945156
116059393
116433388
116740252
116925471
118427743
118925681
118953641
119196076
119264578
119318218
119625196
119663554
119724583
120173212
120369451
120592859
120864278
121528517
121950931
122112692
122254883
122336372
122782526
123168779
123312864
123877193
124019310
124102033
124259189
124405402
124636166
124923298
125633656
126079769
126149693
126160739
126319876
126365624
127046814
127814226
128332528
128615651
128911816
129088552
129091669
130097403
130207336
130816174
130982662
131090311
131850384
131873857
133370438
133466761
133714728
134968694
135065017
135113678
136561598
136585071
137345144
137452793
137619281
137784890
138228119
138338052
139343786
139346903
139523639
139819804
140102927
142069831
142115579
142274716
142285762
142355686
142801799
143512157
143799289
144030053
144176266
144333422
144416145
144558262
145266676
145652929
146099083
146180572
146322763
146484524
146906938
147571177
147842596
148066004
148086910
148262243
148453547
148710872
148771901
148810259
149077580
149117237
149170877
149215466
149239379
149481814
149509774
150007712
151509984
151695203
152002067
152376062
152490299
152528293
152698052
152725978
153304984
153753791
154059886
154192359
154504757
154989153
155300821
155450409
156079331
156121421
156667534
156997208
157439717
157572502
157649243
157901917
157923878
158429546
158737268
158874929
159336616
159436507
159585743
159982399
160218142
160710594
161607859
161851112
161892125
161966662
162296236
162501386
162700402
163194518
164033872
164047282
164133616
164433797
164913359
165319078
165376769
165448552
166921771
166963393
167560337
167581780
167959901
167996147
168358127
169053674
169789168
169806649
170261794
170301083
170357293
170944462
171588181
171595171
172311743
172399222
172732699
172965012
173177316
173384611
173610853
173698697
173825114
174272263
174709393
174843074
174892828
175016357
175229548
175378385
175547497
176481146
176783176
176953843
177088079
177317533
177674006
178338014
178636229
178802231
178956970
179266448
179598452
180043867
180152333
180194882
180820681
180989041
181522898
181930910
182235844
182482329
182963224
183304558
183540871
183908618
185711179
185775916
186368647
186411814
186418519
186470857
186838196
187085254
187110769
187287337
187452124
187509899
187915278
188326384
188755326
188767147
189066821
189220682
189473516
189649204
189936851
190101688
191405512
191782963
192072466
192086429
192247424
192680463
193431599
193680568
193694548
194080019
194402453
194514157
194981986
195193193
195345169
195802117
196156324
196268744
196347322
197257612
197292574
197298097
198525553
198763562
199266429
199762883
200154656
200951108
201750236
202085935
202510263
202944124
203027368
203331787
203546198
203891179
203979547
204269191
205252643
205275517
205618627
205973806
206117372
206232754
206948041
207044192
207267269
207379109
208003316
208348849
208603678
208622857
208776346
208803166
208837417
209012518
210065329
210218761
210462877
210481874
211313907
211470106
212257393
212278438
212937586
213042349
213168686
213655192
213935981
214010599
214208927
215021657
216434626
216674407
216906112
217207443
217678613
217699424
217997896
218197678
218396791
219121052
219368269
219396374
220011818
220015313
220373599
220584077
220910033
221023154
221067076
221353859
221572424
221725906
221906920
221991476
222694649
222876494
223535842
223618843
224239661
224293894
224628068
224712248
224816001
225988163
227073317
227402051
227426987
227453156
227640697
227861396
227972677
228601301
228751138
229186153
229363328
230109209
230260942
230557959
230933527
231257737
231418954
231474806
231814324
231890312
232118786
232866776
233480504
233850942
234099169
235362714
235472859
235883621
236163317
236207501
236352323
236844049
236855486
237027041
237691748
237851362
237907282
238392152
238529156
238636436
239250392
239327108
239449166
240346424
240738902
241185718
241223027
241322191
241728556
242554931
242821449
243057034
243325628
243416123
243901862
244225384
244404527
244509766
244672744
244894657
245565052
246027149
246337558
246625728
247211809
247754386
247918753
247931221
248204066
248328760
248518378
248810804
249272332
249496707
249684491
249846596
251267312
251848075
251954157
252159538
252299386
252321478
252393889
252639752
252731248
254829241
254878823
255495193
255628452
255925789
256419991
256665056
257231302
257343580
257823632
258177104
258183338
258966081
259059973
260194806
260414672
261632348
261657139
261965324
262180622
262427723
263700768
263747714
264411459
265046297
265431589
266740876
266933522
266944677
267429456
