23229
47477
58317
71149
109725
128549
392384
399157
413069
437829
459485
481381
516373
648984
668536
670765
681621
689501
712512
731589
757941
772621
797469
815525
823917
837845
877645
886661
907320
1025376
1062493
1076453
1085229
1103253
1123253
1145101
1152880
1153733
1163389
1450349
1472096
1480733
1491621
1520773
1561864
1585104
1706613
1724621
1749765
1787173
1842501
1877045
1902765
1921557
2113413
2123069
2131701
2153549
2173549
2191573
2200349
2214309
2329544
2381736
2519565
2527685
2589741
2653360
2712040
2753453
2775317
2798984
2809957
2823749
2888861
2903589
2949493
2996229
3148253
3167077
3190957
3205653
3218485
3229325
3253573
3288184
3327456
3423048
3556437
3580568
3607301
3769528
3837061
3874845
3941061
3981581
4312424
4332365
4342261
4366909
4388144
4388997
4394661
4412445
4438624
4459645
4478661
4502797
4528533
4539181
4563173
4598232
4728677
4759061
4768941
4797069
4810805
4837701
4935056
5018096
5124181
5146917
5385493
5411941
5472653
5519909
5529757
5538645
5622789
5676672
5771581
5774952
5786501
5810253
5829200
5833941
5881088
5925216
5973552
6080288
6161933
6205480
6230848
6399904
6431949
6452160
6473477
6500645
6522965
6541480
6580549
6589069
6606901
6628885
6690392
6822117
6832733
6857109
6884621
7291013
7399816
7475861
7489581
7671885
7684832
7894021
7963173
7998232
8102080
8449082
8474450
8495978
8550154
8559410
8599642
8639586
8676058
8687330
8727946
8765874
8787410
8870530
8920010
9000090
9025698
9071810
9076986
9118610
9206034
9213226
9254466
9309722
9364002
9388362
9464738
9471898
9512178
9554122
9575594
9629842
9701754
9758018
9782826
9808402
9867850
9908514
9990250
10001490
10081026
10094434
10176562
10200074
10228402
10389890
10501474
10539354
10580530
10591754
10635882
10659410
10683706
10742018
10793858
10817770
10889394
10929290
11019946
11061906
11109826
11162018
11289714
11315274
11340578
11505682
11556546
11606418
11674058
11764386
11809818
11851810
11944722
11996226
12078346
12099890
12124762
12204546
12411010
12595642
12639618
12686034
12732082
12757642
12782050
12866402
12917810
12972042
12985450
13027410
13076226
13118066
13157962
13198626
13207834
13283650
13308458
13387946
13411474
13654554
13678114
13702474
13812010
13853250
13908162
14090394
14172626
14225026
14426890
14516322
14570498
14683354
14737634
14762890
14890114
14970370
14975546
15016274
15079690
15210258
15292482
15360026
15371298
15598274
15804458
15863922
15992226
16289930
16935005
16944021
16961837
16983821
17024197
17049045
17079461
17090077
17117245
17132165
17140045
17288736
17305293
17323125
17362181
17373989
17383837
17408597
17472168
17577192
17639856
17711941
17735821
17763349
17854960
17866184
17907360
17945240
17958077
17980933
18016960
18026837
18041256
18064784
18065445
18092941
18106677
18149445
18155109
18321632
18364565
18375213
18383333
18453517
18488624
18727248
18987304
19008869
19051541
19077261
19087925
19153133
19178277
19293512
19411277
19433320
19433533
19452549
19473573
19503312
19616520
19683680
19732016
19745928
19841200
19986176
20010088
20078981
20087373
20128608
20196365
20283541
20449045
20531269
20844581
20982189
21000981
21008605
21022672
21023333
21052485
21062840
21071157
21126368
21173168
21295776
21320136
21390373
21398952
21440192
21467653
21632389
21692525
21758645
21780493
21930768
22037837
22062725
22088221
22326368
22415557
22686856
22724629
22840008
22880517
23074349
23088277
23112280
23135173
23191565
23303488
23462173
23647256
23734789
23888965
24125557
24156421
24446728
24604672
24790592
25183722
25209298
25234106
25290370
25309922
25399690
25438002
25479946
25520226
25527386
25579578
25607170
25714210
25735706
25760114
25831722
25871634
25922114
26005698
26150050
26226250
26264178
26304794
26316066
26368322
26416658
26496146
26517674
26543042
26752386
26886794
27072522
27140178
27293834
27301042
27398018
27476178
27531858
27612418
27689314
27730442
27812674
27864082
27901994
27923530
28049818
28316458
28422210
28468258
28477466
28838114
29132290
29389906
29399146
29440770
29492058
29576202
29597746
29628042
29778306
29918114
29958346
30021778
30149954
30229010
30494882
30573762
30707986
30804514
30934074
30992386
31476018
31499530
31524450
31642114
31819906
32256034
32514706
32784458
33227010
33715525
33724045
33737781
33765909
33784677
33831117
33841781
33849789
33872645
33893669
33920085
33987688
34083797
34097517
34122405
34140189
34145853
34167941
34237320
34244528
34284760
34326752
34391496
34432672
34473189
34517696
34541837
34721664
34740645
34751261
34775253
34802765
34821296
34846856
34868885
34886701
34911648
34924632
34936520
34947525
34972173
35007280
35136909
35178053
35205221
35227925
35427096
35547141
35711840
35786877
35801797
35825933
35849621
35972229
35984037
36124416
36187221
36206152
36214053
36266757
36274381
36413992
36524432
36602389
36840997
36860200
36870736
36950021
36974869
36997221
37113352
37159256
37231117
37241013
37413904
37762229
37776909
37785029
37804744
37822813
37845408
37852568
37853229
37864085
38151045
38171784
38191181
38242840
38284600
38406301
38425125
38511621
38552853
38603333
38819925
38854949
38868741
39256117
39339672
39389640
39465360
39620741
39717968
39848757
39866765
39891525
39916392
39928933
39988880
40133400
40184904
40246277
40280176
40470096
40640557
40928285
40970373
41126176
41178432
41468008
41550149
41620488
41724416
41965810
41989322
42014626
42124226
42164394
42175634
42220074
42259986
42309954
42356002
42377498
42402418
42484538
42512130
42536042
42590290
42611762
42653706
42738146
42828426
43004754
43088898
43094074
43140186
43165794
43191050
43274634
43394690
43526298
43566242
43716802
43797058
43844882
44066194
44075434
44116674
44176026
44304202
44386330
44409890
44462146
44601954
44642570
44697938
44779010
44833922
45092402
45146634
45171042
45257986
45383890
46006314
46164298
46171506
46212634
46254626
46276162
46354706
46402450
46482626
46567586
46690946
46794122
46927962
47130626
47186666
47292802
47472690
47483914
47716642
47874578
48256042
48281618
48374562
48463946
48824498
49070338
49432706
49615362
49816642
50349989
50373741
50399477
50442629
50638472
50727469
50745493
50902352
50985472
50995509
50998880
51025989
51036760
51088648
51131909
51192648
51232805
51336256
51391301
51417653
51430712
51431565
51471381
51481192
51729184
51807493
51848232
52101765
52166749
52437661
52459557
52478293
52530693
52615552
52757984
52895813
52966304
53101581
53217669
53482693
53494728
53543213
53600416
53749328
54566688
54644848
54658645
54716456
54741253
54792549
54806120
54831125
54854797
54912256
55075013
55083789
56099696
56101925
56205336
56508680
56710784
56787109
56828296
57019200
57217045
57938088
57950725
58230144
58727706
58781986
58806858
58878482
58885674
58926402
59060370
59115722
59246290
59328898
59532298
59541554
59642626
59808386
59900338
60036194
60276738
60326218
60367394
60825722
60869698
60916498
61020194
61096610
61513858
61932682
62138626
62410770
62925986
62963866
63218242
63242538
63542274
63586402
63981314
64030802
64106506
65016258
65405970
65538570
67247317
67257965
67303960
67307837
67326853
67350605
67374053
67391837
67416725
67430445
67444237
67446392
67454133
67641597
67664453
67671768
67672461
67683125
67712277
67734629
67767784
67822032
67846840
67874432
67937192
68080645
68100645
68216496
68240856
68266464
68299405
68317237
68320640
68325816
68340037
68367056
68388373
68445957
68453581
68473792
68495445
68513960
68522277
68618144
68687525
68701213
68748109
68804741
69075349
69150984
69346133
69376549
69386397
69423472
69430277
69481573
69542285
69748165
69772813
69798549
69816365
69841728
69887776
69977160
70125645
70195360
70370088
70391053
70451429
70497312
70517309
70539397
70789413
70815829
70868480
71205472
71305117
71327013
71351464
71361621
71373429
71376832
71387341
71412485
71486368
71533808
71591392
71681672
71700653
71715349
71763269
71807360
71983373
71992005
72100997
72108872
72187933
72364485
72386741
72405517
72426541
72456280
72762424
72928448
72975248
73078789
73143688
73154661
73294464
73414685
73425573
73433453
73455200
73495816
73503877
73804328
74056757
74071104
74191621
74309664
74452549
74462000
74485010
74531093
75040096
75157760
75243608
75513490
75551402
75592130
75647386
75670946
75695818
75783242
75795733
75804786
75830042
75901762
75981842
75991082
76031322
76073314
76114442
76121650
76173906
76225794
76302210
76351698
76427402
76567858
76593418
76618338
76685882
76729858
76775762
76911746
76955874
77112002
77136298
77343778
77381658
77595634
77679778
77701274
77764802
77881642
77972034
77993506
78125114
78181378
78283530
78323810
78669906
78677098
78718722
78860298
78908042
79299730
79434050
79695658
79749906
79773818
79801410
79853602
79860762
79987146
80028322
80221410
80461954
80517634
80609586
80766090
80876418
81004114
81086722
81342482
81397834
81801802
81891618
81937730
81988114
82071698
82323842
82641930
83271682
83378722
83897909
83915917
83937528
83976549
83985069
84293893
84312181
84350104
84426504
84504664
84546077
84560037
84583480
84608848
84673837
84695696
84731456
84742341
84840776
84940909
84951765
84954976
84975901
85003653
85060616
85120080
85170944
85235240
85275968
85330520
85385504
85409805
85599301
85756421
85987765
86002445
86026437
86049885
86074256
86378117
86647496
86737157
86794261
87041448
87082021
87110149
87131840
87184032
87863424
88085880
88144192
88169000
88192528
88236656
88247309
88285333
88288544
88326424
88351309
88392069
88441696
88495872
88607061
88649765
88688133
89260837
89396245
89679120
89688360
89729600
90145792
90215304
90255584
90329157
90367104
90507301
90705568
91357648
91750541
92313410
92353578
92395538
92408946
92463178
92488482
92543394
92701330
92823730
92834954
93061738
93167874
93327578
93530242
93614594
93717770
93850386
93930562
94015522
94389786
94415394
94439754
94515474
94643394
94966402
95307778
95469954
95748146
96488130
96535954
96741402
96781346
96931906
97014026
97134082
97526114
97616394
98697386
99123282
100676397
100690325
100716773
100738757
100768432
101065757
101074640
101156997
101240360
101281088
101286264
101322501
101340440
101366048
101390920
101400661
101455712
101455925
101466765
101491013
101561352
101605480
101696256
101713269
101732984
101760005
101781661
101784872
101796389
101839120
102089824
102109765
102400045
102517152
102763693
102773208
102782485
102832453
102866997
103170341
103326944
103352200
103428229
103833677
103842693
103863432
103885336
104212672
104662021
104941360
104999013
105025813
105066552
105110528
105134672
105154085
105173288
105213957
105387085
105447845
106054789
106078792
106170637
106243216
106439189
106461192
106468400
106758696
107069888
107091360
107104344
107151885
107217109
107530245
107905160
108532416
109078114
109087322
109127986
109167882
109187434
109294082
109315258
109373570
109613458
109709986
109924386
110003266
110104002
110183058
110396194
110436426
110499858
110630410
110780674
111172354
111219794
111291402
111329330
111608194
111689930
111944210
112210082
112822274
113318026
113385682
113521922
113656330
113789970
113811498
113836866
114348098
114492450
115377794
115607650
117572045
117629445
117642277
117680208
117722181
117732400
117768981
117998741
118000576
118040589
118100208
118367616
118495120
118577344
118644888
118656160
118759589
118849928
119034117
119669560
120062565
120119560
120145968
120231424
120623456
120719381
120800512
121113672
121641605
121651261
121654664
121676208
121701080
121935040
122110112
122493184
122735120
122781765
123741445
123831336
125444128
125838218
125927650
125981826
126107986
126160386
126367810
126550042
126896170
126919698
128225290
128451874
129106498
130028082
130189570
131858562
132210690
134260216
134343336
134361501
134364872
134376229
134383853
134402645
134423669
134454533
134489773
134511637
134530405
134558533
134580789
134598797
134633904
134670208
134694120
134764301
134788293
134813789
134848813
135052832
135142021
135151677
135359792
135399365
135455757
135467565
135481493
135532789
135547469
135571845
135595293
135704912
135805352
135815509
135824029
135845925
135867909
135941792
135987696
136110304
136125584
136135560
136282181
136449565
136467621
136528205
136553093
136583469
136594325
136618077
136645829
136687792
136852021
136865933
136874821
136954901
137021736
137172296
137323072
137414232
137508933
137527605
137664005
137715749
137888877
137957765
138014728
138118912
138422997
138440813
138449829
138463517
138503557
138511949
138547056
138793744
138839189
138881037
138961840
138973064
139013344
139051224
139072696
139086917
139133717
139198925
139256325
139269157
139428512
139465688
139467917
139478581
139528549
139571221
139617488
139668352
139734552
139822528
139874565
140514645
140553253
140574909
140597765
140747800
140903013
141092160
141105456
141116968
141201421
141351040
141566733
141595944
141607109
141637184
141746720
141985864
142612090
142670402
142694698
142718226
142762354
142773578
142814754
142852634
142898338
142907546
143000490
143106242
143134130
143188362
143213282
143300226
143426386
143466554
143510530
143530082
143692258
143733386
143788754
143869314
143924994
144003154
144074762
144081970
144205330
144214570
144255298
144314650
144442570
144714522
144754466
144794698
144803954
144858130
144879658
144905026
144984514
145032850
145240274
145426570
145510922
145630466
145768634
145796226
146023010
146112778
146347042
146456642
146810818
146892946
146900138
146952394
147080474
147106082
147130954
147206674
147340298
147378226
147475202
147522642
147657090
147868770
147890266
147915570
148084738
148161154
148512930
148904610
149062034
149197890
149372962
149422442
149529090
149975298
150078986
150734866
150995837
151017925
151042573
151052469
151066261
151079981
151105344
151164696
151246920
151352840
151393357
151429736
151454117
151606688
151684645
151791717
151818517
151948480
152057125
152079445
152117453
152158981
152339376
152445461
152599616
152604792
152646416
152701197
152781848
152847493
152872200
153014784
153118277
153126285
153147952
153168149
153194597
153227752
153291952
153375952
153426816
153436472
153536517
153747669
153944589
154143397
154161181
154670728
154683792
155027488
155205008
155326517
155337357
155361605
155455237
155533397
155722781
155805960
155814021
155865424
155917824
155980584
155995184
156086336
156377400
156421376
156467792
156525376
156532781
157560965
157827365
157851816
158532613
159404946
159456450
159523994
159565986
159658314
159748642
159794754
159844626
159926362
159949922
159975178
160133122
160180866
160446514
160486410
160604930
160628842
161054866
161235234
161514186
161554850
161745962
161800210
162044162
162136626
162530642
162613762
162926722
163602986
163614226
163692866
163714338
163840242
164528138
164628874
164963330
165155394
165744666
165816386
166216834
167779941
167789789
167814933
167836936
167840653
167858485
167883352
167897157
167929400
167979368
168019280
168134440
168167765
168186696
168210469
168248837
168477061
168594445
168632469
168831037
168850053
168857933
168920229
168955288
169381216
169460272
169481237
169564416
169607973
169877989
169908160
169908373
169919021
169948173
170057928
170083232
170220576
170502528
170592293
170656488
170676293
170937605
170984021
171311245
171525312
171610272
172098861
172167365
172233245
172247205
172505349
172523637
172586000
172835168
172922112
173034280
173081720
173161504
173181445
173199384
173286469
173314656
173355272
174113968
174219285
174424325
174589573
175122768
175211144
176180874
176202418
176226778
176306562
176434258
176472170
176513794
176624650
176706882
176757266
176824906
176914722
177094802
177218858
177260818
177309250
177361442
177539234
178040834
178376834
178390242
178524466
178686466
178808866
178816026
179312714
179511314
179831682
180392714
180432994
180488250
180544514
180914370
181143074
181408914
181797186
182009866
182469202
182521090
182722698
184596704
184689616
184691845
184778781
184836365
184844997
184928400
184948384
185092629
185140549
185745509
185931781
186131632
186388928
186741056
186782469
186819872
186844744
186909749
187451136
187576328
187798544
188260357
188797957
188817957
189038936
189305488
189401504
189792661
189796032
190226560
190842957
191370336
191610880
191915016
192940898
193020978
193046538
193106002
193234306
193466538
194011330
194249242
194644994
195048962
195182858
195887170
197329538
197416962
197665042
200310818
201338189
201357136
201364541
201366376
201379461
201406629
201417245
201425365
201518176
201543432
201564976
201711944
201733416
201744581
201753357
201823808
201986405
202048653
202114645
202138776
202197253
202382101
202391981
202416741
202462277
202771493
202901304
202959616
202983528
203007056
203070472
203173901
203310400
203428557
203442293
203485445
203491109
203511960
203589288
203630016
203886613
204084112
204479712
204481685
204572685
204980352
205029832
205071008
205144581
205279280
205665797
205766693
205791541
205822021
205851048
206047789
206065813
206090520
206226960
206276928
206341224
206382848
206524424
206618992
206671392
206700637
206723648
206771472
206894080
206897797
207036512
207127813
207751557
207897613
207921856
208216133
208290016
208684928
208810120
209725674
209765586
209816450
209916082
209996338
210019850
210044258
210161922
210252578
210341962
210388010
210413586
210781002
210832410
210886690
210908226
211034514
211310722
211747330
211817866
211968642
212154370
212205658
212340290
212418834
212631714
212898322
212994338
213915986
213997058
214073954
214114570
214305922
214434458
214720578
215224362
216015922
216057866
217120962
218116792
218252565
218278280
218303045
218367944
218368157
218386981
218437744
218473477
218637189
218677325
218728984
219320453
219437320
219742261
220070056
220247112
220340269
220382016
220489888
220732421
220733808
221392384
221512005
221974592
222299365
222368013
222828744
223373317
223380632
224428565
224480320
224825376
224948736
225051912
225247376
225444456
225550592
226520322
226525498
226566738
226630154
226836618
227148226
227283986
227542690
227838018
228610146
228819970
230170634
230731906
231278626
231882770
233046786
234893216
234931096
234971376
234982600
235012789
235034637
235058320
235148677
235208813
235307488
235348616
235430949
235460688
235508229
235865136
236134661
236240917
236260160
236456133
236750464
236995944
237102592
237122144
237143109
237211912
237251077
237502749
238329896
238564608
239092549
239116429
239143957
239495424
239601104
239684224
239874208
240163200
240402632
241180168
241730336
242225189
242614800
243298330
243309602
243402514
243484738
243536578
243868802
244058378
244482186
244842610
245408066
245432874
246694914
247480738
247824402
248523266
250220546
251670613
251685448
251692656
251693349
251733272
251796800
251875856
251966208
252101640
252708365
253237792
253395216
253583360
253837445
256420864
256770053
257099784
257164576
260448290
260620802
261165314
262146194
264242250
