16321
110184
245948
272143
323816
324372
471252
471848
797356
838978
868531
993291
1847683
2364646
2629839
2630451
2677016
3151501
3198594
3207490
3227919
3309747
3355266
3947584
3998656
4177922
4328689
4371018
4604558
5249369
5505654
5538218
5608962
5855872
6301029
6439282
6848918
7489089
8408270
8408882
8431270
8497556
8798541
9112897
9443994
9701993
9978225
10921280
11141545
11593764
12320828
12600259
12851980
13428752
13571088
13902028
13903152
14237722
14945984
15024166
15212784
15782928
15892748
15935504
16516099
16778236
16831844
16832152
16876123
16925083
16925287
16979288
16984420
16984728
17023936
17063430
17064390
17064506
17074361
17075013
17085573
17106078
17106786
17119394
17158689
17175009
17175069
17182241
17220770
17254533
17277446
17322158
17322834
17329298
17335761
17335853
17349137
17369546
17369654
17380874
17424521
17439881
17440949
17441609
17484298
17516049
17535122
17656384
17733184
17843293
17844129
17856609
17862942
17863394
17870114
17898757
17899833
17900229
17942598
17959034
17959814
17970246
18014469
18043170
18056289
18179075
18257923
18356656
18356812
18359692
18359920
18451480
18460708
18500644
18509848
18630921
18653258
18681937
18744594
18893109
18893513
18904329
18914378
18915446
18916234
18944109
18944913
18951249
18990354
19006766
19007186
19020050
19058769
19095626
19106057
19149379
19247128
19287064
19678305
19697954
19734789
19793990
20015488
20097600
20205714
20219409
20253194
20324489
20472326
20482181
20513954
20582945
20974934
20984470
21079234
21125314
21128962
21252204
21253008
21263440
21274899
21303604
21304008
21310728
21365835
21418248
21465168
21513528
21513924
21526788
21532743
21568608
21569628
21570464
21629219
21684320
21726468
21767206
22041099
22054068
22054728
22067336
22087827
22143504
22158864
22159824
22159916
22234248
22380557
22429745
22544617
22545173
22741570
22841888
22941828
23093411
23103968
23104028
23115296
23135751
23187588
23204024
23204676
23211140
23284256
23331029
23331625
23527810
23691313
23740429
23889032
23994896
24123430
24126490
24397060
24453216
24660048
24711432
25169557
25178453
25270465
25274113
25320193
25322689
25446483
25468176
25469228
25469648
25497867
25543752
25560180
25560968
25573448
25649424
25707783
25727096
25727876
25734212
25763939
25807136
25823516
25823968
25834784
25907268
25958437
25961497
26235336
26235444
26242568
26248331
26282156
26282832
26293392
26354195
26396816
26448392
26574898
26738902
26739498
27025568
27067908
27286688
27287708
27288416
27298339
27329988
27330104
27343364
27398279
27444740
27500704
27885582
28070408
28117136
28610628
28707104
28877072
28968008
29459044
29508004
29508184
29647365
29657222
29688993
29757986
29905041
29918738
29952521
30023818
30426210
30445857
30482694
30541893
31475978
31498313
31526994
31589649
32072704
32151552
33610307
33613187
33639447
33648683
33721387
33730583
33757571
33760835
33837173
33837961
33844297
33850678
33851082
33863946
33884461
33884881
33895697
33939538
33954898
33955950
33956754
33999121
34030858
34050121
34102561
34103581
34104033
34113630
34114466
34124898
34145401
34146181
34158661
34197766
34214202
34214598
34221318
34260037
34293858
34316577
34344344
34353752
34445360
34494476
34497584
34621906
34621998
34633234
34643089
34644141
34644817
34672822
34673482
34679946
34719241
34735561
34735669
34748937
34787466
34824337
34834962
34914992
35209640
35209812
35225795
35291752
35406982
35426821
35463714
35522721
35669178
35669830
35682438
35688901
35689017
35696133
35724834
35725794
35725854
35768481
35784861
35785569
35796129
35840546
35869189
35882118
35996052
35996264
36061379
36078164
36225676
36372812
36373168
36456978
36479121
36507786
36570633
36703652
36703832
36712856
36713060
36804620
36807728
36853808
36856844
36987169
36997218
37028933
37097734
37245001
37258506
37292305
37363794
37798118
37798682
37852197
37857305
37901337
37906469
37945562
37946150
38028835
38047900
38048608
38055072
38084743
38128132
38144452
38144568
38155780
38228128
38291595
38313480
38314440
38314548
38343187
38388880
38405292
38405968
38418576
38494728
38540481
38546177
38820932
38822008
38822788
38832391
38864156
38864608
38877472
38932579
38978848
39034948
39324722
39333902
39604496
39651400
39866668
39867088
39873808
39879763
39913588
39914376
39924808
39985419
40028232
40079632
40111118
40380034
40656964
40699168
41198088
41288848
41455776
41552388
41992409
41992997
42046490
42095654
42100762
42139877
42140441
42223072
42223132
42236448
42242211
42278020
42279096
42279748
42338823
42393732
42436128
42485940
42486600
42497160
42508811
42537424
42537516
42544656
42599571
42652176
42698888
42735362
42739906
43016263
43026744
43027140
43037956
43058467
43110496
43126876
43127712
43134048
43206916
43263617
43518989
43811920
43917576
44060947
44074092
44074896
44087376
44107851
44163336
44178696
44179764
44180168
44254288
44305457
44314637
44571265
44861700
44961888
45099778
45369480
45421072
45631008
45686916
46152707
46193024
46196288
46222376
46231572
46304276
46340672
46343552
46383107
46420042
46433545
46467346
46538833
46686498
46696545
46728262
46797061
47204881
47227026
47255689
47318538
48252037
48271878
48308769
48367778
48644864
50422948
50501796
51745152
51778600
51783700
52958292
53094440
53105024
53675776
54531490
54616385
56239105
56787585
56956929
58725961
58730889
58802834
59932994
60315650
61079896
61080228
67158379
67158679
67201795
67212712
67212884
67261844
67262056
67266984
67267156
67278595
67283139
67305815
67306155
67369984
67389726
67390178
67400994
67411041
67412061
67412897
67440762
67441542
67447878
67486981
67503417
67503813
67516677
67555398
67592289
67602722
67650678
67651466
67663946
67670325
67670729
67677449
67706130
67707182
67707602
67749969
67766381
67767185
67777617
67821842
67850505
67863626
67900748
67901104
67905904
67993828
67994392
68042968
68043556
68178105
68178757
68185221
68191686
68191802
68205062
68225505
68225565
68236833
68280482
68295842
68296862
68297570
68340257
68371974
68391045
68504624
68513804
68586508
68595760
68685379
68852032
68855424
68968977
68978834
69010569
69079562
69230097
69231057
69231149
69241006
69241682
69252242
69272757
69273417
69286025
69325322
69341642
69341750
69348874
69387401
69421202
69444113
69471619
69556544
69815308
69824560
69897264
69906444
70013061
70026758
70060577
70131874
70260080
70265164
70265520
70353112
70353700
70402276
70402840
70534218
70553865
70590738
70649937
70797602
70819937
70848582
70911237
71313049
71358514
71361550
71505934
71509042
71589000
71590068
71590728
71600651
71632336
71632428
71645712
71700627
71747088
71803016
71848416
71848476
71855648
71861411
71895224
71895876
71906436
71967239
72009860
72061472
72092693
72101929
72369427
72388716
72389520
72395856
72425547
72468744
72485172
72485576
72496392
72568912
72663233
72771586
72811265
72957989
73039897
73179396
73270368
73418823
73440516
73441592
73441988
73470243
73516128
73532508
73533344
73545824
73621764
73826341
73925226
73974529
74033154
74077186
74121409
74223696
74320136
74461205
74732064
74778756
74997896
75040272
75503974
75552781
75555889
75700273
75703309
75784331
75794888
75794996
75806216
75826707
75878544
75894956
75895632
75902096
75975176
76042787
76055708
76056416
76069024
76089479
76145156
76160516
76161476
76161592
76235936
76287018
76296214
76563756
76564176
76577040
76582995
76618824
76619892
76620680
76679435
76734536
76776720
76858114
77004994
77350980
77402400
77613176
77613956
77624388
77635847
77664540
77664992
77671712
77726819
77779232
77826116
78020634
78119509
78168258
78276609
78316290
78398736
78454856
78646294
78655530
78939296
79045124
79202824
79302800
79691839
79741268
79779584
79784128
79866624
79972641
79994978
80023621
80086278
80233545
80253194
80290065
80349266
80760966
80774661
80808482
80879777
81277504
81814034
81823889
81855626
81924617
82063744
84250240
84308608
85197095
85513217
85986916
86447108
86511643
88084877
92283470
95502353
96633896
97783832
98140288
100827632
103896192
104870226
106561922
108199976
114033288
116392257
117447464
117450516
117591360
117720209
117740050
117776905
117835914
117983749
118005894
118034593
118097442
118513930
118523977
118555730
118624529
119558242
119571745
119605510
119676997
119859200
120160832
121635441
121930820
122036512
122194192
122294344
122503170
122701984
122753540
123749896
123805840
126038018
126112004
126158944
126378064
126420232
126779393
126919200
127009924
127963272
128059920
134233148
134304963
134316455
134417804
134497453
134498129
134510737
134517202
134517294
134524434
134553097
134554057
134554165
134596746
134613174
134613834
134624394
134668809
134697490
134710417
134760901
134761017
134772229
134782086
134783162
134783814
134811805
134812513
134818977
134858274
134874594
134874654
134887970
134926497
134963334
134973957
135178624
135290122
135291190
135291594
135301237
135302025
135312457
135332974
135333778
135346258
135385361
135401773
135402193
135408913
135447634
135481417
135504138
135882048
136073314
136086817
136120582
136192069
136335454
136336290
136342626
136348957
136349409
136362273
136382778
136383174
136393990
136437829
136453189
136454265
136455045
136497414
136529185
136548450
136668800
137012227
137126154
137136201
137167954
137236753
137532800
137644549
137666694
137695393
137758242
137905297
137925138
137961993
138021002
138415786
138694919
138708088
138708868
138721348
138741859
138797344
138812704
138813724
138814176
138888260
138960979
138971436
138971856
138982672
139003147
139055176
139071604
139072392
139078728
139151632
139479196
139479904
139490464
139502115
139530692
139530808
139537924
139592839
139645444
139692192
140264968
140320912
140527048
140527156
140540424
140546187
140582032
140583084
140583760
140642835
140697744
140740104
140783666
140853273
141039938
141314208
141365764
141568193
141854992
141955144
142115908
142221600
142615898
142619305
142889272
142889668
142896388
142902343
142936156
142936992
142947424
143008035
143050848
143102212
143154256
143155308
143156112
143165715
143197492
143197896
143210760
143265867
143312136
143368272
143673507
143695392
143696352
143696412
143725063
143770756
143787192
143787844
143800452
143876640
144069633
144478344
144574992
144721419
144740532
144741192
144747656
144777363
144820752
144837072
144837164
144848400
144920712
145015169
145531424
145622148
146038864
146081032
146297092
146344032
146997608
146997908
147080338
147100177
147137034
147196041
147343878
147366021
147394722
147457569
147874057
147884106
147915857
147984658
148521152
148918369
148931874
148965637
149037126
150998377
151032883
151055008
151197344
151263856
151601932
151683276
151683888
151783043
152053775
152125680
152319744
152440000
152764801
153101744
153360776
153363532
153454628
153694400
153700355
154141011
154193960
154337308
155241477
155294464
155398153
155977754
156811522
157598272
159583250
159646486
159707138
160989761
161480938
161939969
162008832
162530341
163588145
163611032
164107276
164372800
164972544
166728320
167798568
167873872
167883408
167923344
168047012
168302824
168444675
168562244
168665100
168827668
169132360
169279792
169357361
169546756
170185732
170230530
170295464
170338368
170442864
170655783
171975892
171983281
172916802
173015629
173283458
174069505
175202306
176236582
176292466
176320832
176685454
177029185
177471515
179311682
179472385
181698596
181994240
182550720
183107608
184637464
184722456
184830242
184852577
184881222
184943877
185091146
185110793
185147666
185206865
185618565
185632262
185666081
185737378
186122596
186122904
186671633
186681490
186713225
186782218
188842026
188891158
189030536
189072912
189288992
189335684
189829200
189925640
190882052
190973024
193036309
193085481
193235464
193335440
193496224
193602052
194004240
194060360
195053636
195105056
201415204
201496728
201499748
202215427
202744384
203686556
205531526
206667798
209977585
210244993
210862121
211288740
212081154
218386505
218400010
218433809
218505298
218652961
218663010
218694725
218763526
218939412
219086888
219171346
219193489
219222154
219285001
220218502
220238341
220275234
220334241
222303810
222380673
222462273
222597280
222693892
222863880
222954640
223371332
223413536
224416016
224462920
226574658
226656898
226772512
226828420
227035272
227086864
227576068
227676256
228074498
228623440
228729096
234886159
234963148
235045644
235168262
235178117
235209890
235278881
235425938
235439633
235473418
235544713
235947105
235966754
236003589
236062790
236202024
236996873
237019210
237047889
237110546
237512724
238027395
239136769
239275009
239355984
239407368
239617284
239673440
240157832
240263696
241207840
241307780
243280449
243321858
243573008
243663944
243830852
243927328
244339208
244385936
245391520
245433860
247469104
251673728
251921344
252952576
255594496
