81275
163302
260693
311205
382495
444366
483551
505003
552798
654979
760894
888732
947657
958910
997718
1037025
1043745
1180671
1241501
1272126
1293575
1367435
1407644
1463486
1513597
1559638
1635683
1666445
1735733
1773369
1825570
1883026
1909628
1963784
1979053
2025122
2048437
2069954
2075203
2282355
2313117
2451277
2470714
2509167
2531965
2570767
2609543
2676526
2707299
2726679
2776603
2798905
2881804
2903481
2922876
3003729
3019003
3064887
3103844
3105574
3115181
3208793
3239540
3259078
3320603
3401604
3435551
3455083
3535910
3542643
3621612
3647844
3749669
3793746
3811064
3853680
3888536
3915280
3945818
3989805
4015674
4035149
4090081
4096874
4135812
4138119
4377051
4419276
4512377
4560614
4615347
4622139
4705188
4715844
4780786
4806117
4894362
4929140
4971728
5002923
5014239
5055738
5107853
5125151
5169259
5195335
5214990
5303418
5327725
5348956
5399887
5410503
5445167
5489431
5545015
5585522
5631493
5685628
5724562
5728048
5737656
5791334
5802867
5837561
5883534
5896214
5953080
5957804
5992745
6005811
6033910
6079729
6118425
6120083
6129774
6180292
6199497
6202956
6226267
6353323
6379196
6405298
6453406
6466793
6501773
6544902
6545526
6580909
6628919
6671403
6742930
6767902
6787433
6833079
6858815
6893783
6939911
6998825
7033450
7040056
7046685
7081191
7133331
7159933
7229868
7243224
7281802
7469608
7487050
7525825
7556322
7566032
7575701
7613936
7653288
7692096
7713992
7762274
7775509
7814177
7879348
7917788
7925440
7948753
7969859
8021526
8041057
8071817
8145483
8156229
8167875
8193748
8263433
8268046
8307333
8515774
8576151
8616331
8703294
8738262
8750007
8826265
8905500
8971701
9016563
9072297
9117132
9172072
9207059
9218407
9244278
9295925
9357800
9399490
9406281
9419400
9528277
9549284
9608138
9693920
9723477
9776437
9815274
9828674
9845992
9885536
9916296
9925162
9935265
10001750
10028478
10080713
10103284
10157440
10184451
10194059
10238014
10284105
10307883
10319009
10330326
10377859
10400011
10425884
10544239
10568187
10594549
10637999
10651355
10689721
10733774
10791582
10816911
10871955
10886238
10930865
10965593
10978862
11037102
11081839
11154661
11199034
11224365
11243866
11334040
11364720
11371256
11421522
11434516
11440933
11447904
11482162
11564423
11574477
11601639
11653207
11671026
11715405
11753832
11756634
11767068
11776045
11857680
11881170
11902064
11903321
11953701
11973202
11998533
12042546
12063724
12122212
12149353
12159458
12209223
12218705
12228659
12231974
12255453
12344588
12367492
12390803
12397720
12452534
12671197
12694358
12754296
12794213
12840210
12868007
12890429
12921299
12960079
12991258
13030281
13060218
13081613
13082860
13127154
13149531
13232580
13249646
13301785
13328625
13350022
13454508
13477668
13525646
13535804
13577745
13659365
13666158
13705343
13748403
13759499
13775278
13818405
13821585
13845195
13871630
13945548
13980017
13993555
14056454
14062804
14067825
14102681
14158287
14213703
14239285
14258471
14308493
14319866
14448848
14455640
14486448
14558610
14709236
14800226
14862132
14875456
14902184
14922833
14957717
15001826
15047554
15097384
15108549
15119776
15150408
15215585
15254474
15293220
15315721
15354204
15365386
15377108
15402435
15492784
15502985
15537761
15581601
15581718
15611971
15742313
15786270
15812044
15831480
15838593
15886379
15893411
15934644
16008310
16034860
16058601
16128308
16273635
16286871
16300170
16327558
16387496
16522770
16523805
16760904
16903223
17019260
17099343
17134247
17144111
17195898
17216279
17286253
17352423
17392118
17402493
17452017
17472428
17500014
17552153
17557705
17589149
17640243
17678523
17748326
17779086
17802808
17884083
17935210
17978745
18029994
18075025
18106075
18132307
18209380
18211276
18226073
18281546
18306822
18312356
18318193
18370991
18397735
18424527
18467143
18484461
18536602
18539278
18564127
18583659
18664248
18673844
18699216
18724952
18761332
18786693
18812562
18822417
18938593
18962805
19048362
19086280
19131184
19162357
19208085
19252194
19265674
19328448
19353162
19363112
19373728
19417311
19438763
19518614
19540587
19580235
19620444
19630548
19640965
19675601
19714650
19720470
19745460
19768713
19817626
19828497
19838036
19862339
19944182
19995309
20040222
20058036
20112444
20136747
20162723
20194281
20237490
20272220
20298497
20333965
20354339
20394548
20459645
20504810
20550538
20599497
20611671
20625730
20652460
20726131
20753930
20777245
20847672
20926626
21068204
21080286
21129341
21137148
21176811
21219939
21271902
21302710
21354945
21357353
21371251
21417223
21450996
21463453
21517180
21570877
21613458
21623114
21629727
21684375
21709485
21735718
21764285
21810378
21844247
21857635
21927090
21957724
22009896
22049387
22061917
22138941
22156695
22201515
22240325
22297034
22337297
22366890
22389876
22438353
22448730
22489111
22529728
22594870
22636356
22645161
22694250
22714484
22742512
22794628
22831198
22843044
22852649
22877770
22883521
22938339
22998032
23022337
23044234
23116558
23140763
23196179
23203278
23256113
23258693
23282905
23302318
23337956
23392364
23424273
23430810
23479974
23499473
23505076
23530041
23539802
23649604
23652120
23676330
23696504
23744978
23758245
23795937
23798450
23873473
23893511
23934116
23978192
23994573
24047873
24073744
24085092
24123352
24181136
24207736
24218352
24267411
24277157
24290514
24314821
24402217
24404743
24414351
24425122
24449127
24455756
24510906
24563734
24660876
24680985
24708883
24777510
24783153
24862787
24905068
24988678
25059880
25217786
25328179
25334203
25376428
25419044
25448575
25500401
25546374
25572043
25655372
25662404
25708347
25727823
25768570
25814541
25830311
25872431
25907399
25913621
25920158
25966133
26010738
26035045
26056466
26104504
26130736
26155035
26157528
26200656
26237395
26250213
26290870
26343557
26405208
26440112
26450488
26487005
26526550
26567751
26577306
26626665
26646599
26673327
26792561
26823321
26893124
26895058
26915020
26947144
27019494
27029864
27040913
27067513
27119630
27137444
27306443
27332316
27387220
27402494
27456649
27481363
27487329
27492711
27506710
27538268
27580628
27608745
27628619
27634978
27677153
27690390
27730973
27773193
27840416
27875144
27901120
27936405
27955938
27987110
28041602
28070790
28076744
28096525
28121512
28123363
28176928
28182645
28236802
28312927
28397317
28419214
28465181
28478570
28512846
28603025
28614711
28639732
28693888
28754570
28755025
28861236
28870844
28907184
28951236
28951587
28968801
29026817
29062148
29073520
29102635
29186113
29247888
29295882
29384545
29406184
29489264
29544789
29587010
29598261
29687048
29713888
29724264
29734529
29772738
29796176
29833378
29899051
29939075
29968974
29979284
29989148
30040905
30086917
30166804
30188700
30213003
30227264
30271491
30282326
30327066
30328353
30379392
30418883
30460683
30495910
30501916
30508948
30556734
30571144
30578249
30609057
30691740
30697778
30704313
30718484
30743811
30815009
30859277
30951144
30977376
31012232
31055360
31073365
31125538
31163202
31163436
31207559
31253376
31297760
31472338
31516965
31542834
31562309
31610982
31624088
31658864
31664899
31738957
31758394
31786822
31854863
32005272
32007366
32026801
32057433
32127364
32166412
32254502
32334092
32523697
32543174
32573742
32583957
32646924
32689284
32735259
32770897
33037349
33039418
33081426
33122464
33199376
33229332
33682733
33741583
33770474
33794159
33879890
34026232
34068848
34074256
34173163
34186399
34232044
34256206
34280031
34326059
34372273
34383604
34420270
34464345
34534276
34559123
34572506
34689532
34704846
34778022
34802871
34855107
34886551
34899939
34936665
34980654
35000028
35056908
35080731
35100210
35103123
35156813
35170106
35247194
35268199
35308935
35357046
35444261
35483954
35497285
35544848
35566744
35597424
35736813
35759974
35804597
35858133
35898834
35910306
35942777
35953394
36034152
36049869
36097826
36137013
36158530
36202045
36212150
36252327
36293003
36362326
36389054
36410569
36414360
36443955
36488007
36500491
36524828
36529238
36550804
36588152
36609548
36612425
36647329
36731093
36737886
36779087
36820739
36823099
36840862
36895009
36921801
36930191
36964827
37022339
37047700
37065013
37070364
37117001
37128254
37163222
37209249
37287188
37313248
37324401
37335400
37385410
37396661
37423010
37507182
37513056
37522664
37561099
37621029
37632546
37701954
37810271
37836622
37860803
37897887
37917419
38003086
38036427
38088532
38126812
38156177
38198298
38236694
38250081
38316522
38392744
38412074
38453877
38466721
38495586
38504388
38514965
38596136
38631104
38640968
38688994
38702229
38713936
38742914
38822774
38832381
38869335
38913127
38988361
39013720
39033132
39068887
39149853
39160470
39208554
39227933
39257001
39269642
39315490
39334819
39376939
39405990
39425204
39428653
39473438
39486825
39525761
39567513
39600828
39627060
39652899
39663784
39720582
39884268
39964913
39982427
40028327
40065476
40088140
40109817
40161934
40192614
40214033
40284211
40310564
40380370
40422489
40434181
40459538
40463176
40470885
40530736
40540344
40580611
40659235
40667930
40709133
40763951
40820764
40907002
40952973
40977306
40990112
41001428
41046599
41099559
41141088
41173477
41194898
41223342
41235077
41296728
41337099
41339088
41373752
41440913
41452262
41490958
41563180
41687153
41849156
42003995
42100526
42120025
42148285
42191414
42224499
42246395
42272748
42326412
42331236
42345430
42387549
42427729
42447142
42492920
42539708
42597136
42601325
42652978
42655974
42693157
42701699
42706514
42734311
42781859
42816589
42819975
42830351
42878364
42889306
42902573
42926906
43022129
43030264
43115928
43133562
43172337
43185221
43209554
43222821
43233940
43255359
43307595
43338405
43357319
43405613
43410571
43418970
43459149
43520379
43577491
43603844
43629580
43664985
43684398
43715270
43802741
43850084
43911353
43992102
44011601
44086486
44115642
44169289
44227808
44231060
44256899
44279051
44306878
44352969
44363941
44391713
44403030
44462851
44472459
44553236
44577685
44625218
44649045
44670498
44718984
44729685
44771560
44843675
44868514
44893365
44945602
44963176
45049352
45141045
45178392
45181730
45189740
45248566
45264520
45299296
45373090
45376396
45384405
45426114
45485024
45585160
45629910
45651361
45681993
45693010
45751444
45754755
45830155
45887689
45983777
46040579
46080276
46155133
46216733
46260842
46273335
46319427
46366935
46402461
46459654
46484503
46504035
46509194
46555705
46565810
46600540
46646568
46667721
46712990
46747766
46772440
46809515
46836259
46861620
46946616
46971265
46994850
46997865
47055987
47067316
47108103
47240726
47282756
47291017
47296048
47341788
47352660
47393859
47466448
47490825
47516490
47571137
47583683
47588708
47640848
47666689
47746946
47786133
47855944
47895232
47923525
47925800
47948192
47977749
48021858
48024081
48065792
48083458
48143392
48242608
48297016
48327888
48334680
48382706
48404101
48443794
48519873
48530727
48542026
48572836
48629642
48688129
48709773
48712464
48778629
48796243
48801294
48824607
48837956
48894158
48899225
48982022
49021812
49075968
49115153
49123372
49177024
49305772
49328932
49353779
49429009
49550924
49554019
49631494
49717382
49810136
49890882
49973261
50086953
50111568
50394773
50421127
50431477
50492329
50582712
50587464
50639975
50664310
50711317
50740568
50780872
50819522
50833832
50893054
50977889
50992611
51049027
51074388
51088653
51131798
51175905
51214601
51275988
51282780
51323979
51416694
51451550
51495657
51507537
51524852
51565364
51606563
51620890
51652430
51694789
51734401
51740767
51792291
51804677
51810702
51814955
51840316
51919978
51960705
51963933
51990282
52013284
52063553
52070090
52108836
52195978
52204912
52232682
52301879
52306864
52458670
52466599
52496331
52551879
52569453
52621594
52647437
52658810
52748984
52775226
52787792
52793816
52843634
52867936
52897554
52961723
53004851
53046564
53053100
53127310
53162086
53208081
53238805
53249235
53289924
53332044
53359129
53537604
53562451
53581026
53633649
53655046
53759532
53771522
53778057
53781924
53805747
53882001
54024536
54034893
54047440
54078008
54116784
54135026
54215784
54216837
54235164
54274119
54554381
54600599
54641947
54660537
54711494
54715954
54742062
54761561
54796796
54839140
54874777
54878323
54901010
54939217
54958630
54962371
54985422
54997037
55064248
55108300
55134456
55147042
55157616
55204133
55217490
55253142
55257669
55331463
55353615
55380780
55453754
55542291
55627416
55662192
55665866
55676737
55724772
55736402
55749669
55774002
55824906
55858191
55872810
55907780
55970125
56075012
56130692
56137484
56141201
56176667
56234833
56238534
56320052
56341568
56373860
56465413
56624958
56677193
56708001
56780163
56790539
56830236
56869524
56915489
56926806
56953045
57021596
57104387
57172309
57193762
57217589
57279464
57337952
57372808
57383680
57495904
57509140
57510050
57557169
57560328
57583232
57700892
57709653
57750338
57810272
57902472
57903174
57937602
58041347
58086272
58112008
58205769
58364035
58491681
58750283
58760899
58800080
58839644
58844068
58903946
58942614
58962145
59039280
59066571
59089731
59136278
59149665
59184521
59296116
59308200
59330970
59345864
59395682
59415061
59444433
59456770
59530688
59534350
59553352
59584160
59650373
59781719
59828323
59851063
59874054
59920618
59933853
59946280
59974538
60050713
60073618
60156424
60169738
60314684
60329513
60364963
60426006
60438145
60530695
60564771
60604632
60654132
60656706
60829574
60869261
60904035
60908313
60917271
60977860
60987724
60991545
61017896
61104486
61113468
61125905
61152402
61226020
61371922
61379384
61383269
61408626
61420585
61460741
61483856
61560880
61605645
61710362
61892762
61902288
61942465
61981002
61999655
62102529
62134661
62238788
62296240
62326404
62326872
62402830
62498560
62591424
62928293
62968110
62972370
62998213
63017650
63067928
63093904
63120504
63194298
63206484
63213773
63244081
63313632
63317511
63466545
63486022
63512750
63573644
63628548
63709905
63848556
63982918
64002353
64006540
64029145
64102579
64226214
64280706
64328728
64492754
64536741
64659992
65032343
65036521
65047394
65082252
65143389
65155626
65285656
65470518
65537699
65688641
65864904
66066507
66070644
66232641
66394656
67226427
67291885
67339895
67426647
67464787
67470811
67570926
67623065
67690959
67729703
67736239
67791098
67808423
67832758
67887165
67922793
68013176
68019120
68028893
68078994
68119173
68129075
68210939
68264862
68314683
68334159
68359518
68407653
68438654
68461045
68495695
68534983
68556597
68604698
68645901
68657274
68705594
68724435
68797908
68807244
68863086
68902022
68913393
68921184
68948939
69003315
69029668
69051564
69110414
69145190
69191185
69258730
69308918
69364643
69412668
69455028
69512310
69547166
69586817
69591273
69606076
69660980
69686819
69695809
69702346
69764349
69805034
69851333
69870239
69943639
69961102
69996250
70044189
70085898
70096436
70144913
70170650
70197492
70251648
70278851
70290103
70331814
70370861
70379797
70449352
70471442
70486952
70493337
70571157
70611842
70617308
70671776
70694440
70713827
70725312
70780790
70829025
70867721
70885479
70929108
70951260
70977099
71067273
71117334
71177420
71221432
71225411
71273506
71362998
71388839
71404501
71504876
71559528
71594803
71608135
71681333
71708280
71750888
71760396
71787234
71804808
71853175
71903469
71943014
71973180
72008604
72043097
72049803
72060675
72065490
72095097
72142910
72173782
72181276
72195233
72243467
72260678
72266371
72291732
72419834
72469705
72493012
72539412
72545184
72570033
72579587
72585611
72623422
72675657
72706465
72763267
72789003
72813340
72867988
72879541
72931778
72962127
72985250
73035528
73050645
73079912
73155413
73176866
73216053
73262146
73277928
73321056
73355912
73382144
73426830
73440647
73467247
73515167
73542477
73584974
73619501
73632858
73638443
73712372
73723032
73757808
73773457
73816658
73829925
73860945
73869618
73979312
74019489
74029354
74075430
74094929
74121657
74171489
74210948
74215626
74233100
74256923
74311716
74318790
74329473
74368522
74418832
74452716
74500952
74507620
74531443
74549186
74607697
74627110
74653902
74739234
74754948
74779795
74850993
74999943
75006735
75096456
75106874
75241880
75297296
75334000
75337862
75434053
75588895
75604845
75654855
75664719
75696043
75786100
75879026
75896792
75955280
75982008
75992880
76068454
76099214
76142369
76213028
76237875
76253802
76295409
76347526
76374126
76388816
76395545
76435020
76457412
76481235
76574424
76589294
76670065
76690323
76728915
76770628
76777164
76821113
76860322
76867086
76895052
76917393
76956317
76973235
76982550
77008391
77013924
77056044
77077234
77123205
77128473
77162898
77172860
77219760
77234605
77245496
77280464
77350499
77369879
77404301
77411590
77470504
77624265
77724064
77730173
77780866
77820053
77833442
77868968
77916492
77946056
77961769
77969216
78007573
78012531
78027106
78033927
78058262
78113282
78129788
78173012
78214211
78230162
78273121
78286358
78365321
78368806
78399939
78422603
78447964
78513721
78618920
78646123
78705187
78730548
78739470
78746501
78791913
78811294
78841974
78923162
78932148
78938940
78980139
79042769
79094145
79183935
79195425
79201962
79240772
79284784
79310954
79350026
79407236
79438800
79529153
79577444
79639041
79714197
79736604
79764239
79815555
79825630
79875489
79910217
79921470
79963803
80010755
80050452
80056988
80102447
80111817
80121947
80152757
80159830
80212001
80279176
80298682
80309856
80315880
80324913
80374932
80385077
80425762
80499680
80525416
80546891
80595720
80613026
80618085
80790716
80829522
80834792
80845664
80896309
80917826
80941653
80987682
81022312
81027526
81045216
81083912
81134450
81234114
81287708
81304841
81310100
81335939
81410209
81528716
81537795
81576075
81628180
81724705
81792473
81840686
81847890
81875654
81888945
81898184
81937179
81963155
81989508
82043916
82071737
82085070
82123814
82167889
82190748
82334828
82343986
82357317
82381650
82431106
82453872
82577709
82860357
82873650
82913829
83021936
83052696
83075856
83109978
83366705
83451988
83473440
83559136
83562764
83980180
84049481
84060734
84092634
84141729
84192654
84216479
84276483
84283222
84335393
84362185
84455144
84532616
84538960
84593749
84634434
84645092
84680624
84724676
84768992
84775784
84825794
84837045
84878754
84955049
85015756
85059768
85077277
85116566
85126434
85150261
85156231
85171778
85251372
85261952
85288552
85298656
85351443
85369794
85394645
85469667
85513739
85553436
85564052
85619880
85625673
85660577
85669938
85740700
85763860
85797768
85863969
86011207
86027697
86057437
86106414
86167308
86206491
86213523
86254518
86303569
86331603
86344871
86403684
86409708
86445464
86521074
86570021
86594354
86607685
86617116
86670608
86677144
86707824
86790477
86800899
86803770
86837606
86843949
86903823
86910792
86999129
87037413
87086418
87126597
87133451
87139890
87181486
87188376
87204645
87232760
87317268
87322682
87336013
87360346
87369841
87429767
87578801
87592134
87626798
87691547
87702028
87823953
87867942
87973909
88105957
88127378
88196338
88271568
88306232
88316336
88344554
88393357
88403041
88433050
88448772
88502343
88518954
88539943
88616785
88665606
88693812
88711833
88758476
88781636
88806483
88817280
88896657
88902187
88908006
88937157
88946702
89003564
89105413
89138425
89190542
89221222
89242641
89281293
89297459
89339172
89418265
89429187
89466502
89573768
89621778
89624652
89696538
89722381
89792559
89918578
90063945
90067248
90120784
90179287
90228515
90289222
90334314
90348136
90353693
90380042
90458167
90474962
90509628
90555720
90581642
90726588
90737460
90743145
90778659
90843222
90968483
91048073
91071234
91242955
91259006
91269699
91295060
91364489
91500756
91587093
91760544
91802664
91832613
91837632
91949442
92039488
92046024
92156930
92293981
92315434
92352057
92400714
92411423
92460131
92490893
92514054
92538301
92590538
92644010
92696857
92707474
92734076
92782615
92788232
92810550
92852381
92862785
92889513
92904455
92952994
92958836
92975657
93001016
93045068
93084713
93096030
93102483
93130934
93192555
93202604
93302850
93378614
93405406
93426857
93472586
93488500
93498561
93522896
93528675
93607152
93628713
93663681
93730372
93774384
93874730
93886400
93919562
93980823
94113093
94119114
94435864
94462704
94472568
94522578
94528932
94541989
94548432
94574273
94658703
94669575
94714500
94770346
94866500
94921050
94931665
94937996
94962843
95032646
95076657
95160036
95355269
95442572
95468804
95492627
95499048
95564849
95608902
95688812
95948568
95954439
96003216
96043286
96143401
96340546
96471987
96520391
96526395
96552748
96568413
96578724
96616952
96626958
96638348
96669026
96675217
96748883
96765494
96799180
96854596
96866057
96920706
96970776
97014311
97030514
97067335
97136794
97222819
97264440
97306800
97341528
97547088
97556696
97562725
97593483
97660434
97749253
97780303
97929300
98052804
98329636
98594433
98603659
98640414
98700348
98911380
98915073
99092714
99620450
99765024
99786920
100009408
100012568
100167689
100715933
100748662
100818091
100839209
100916300
100952295
100973715
101000317
101050398
101068212
101107260
101114328
101146923
101157539
101210237
101264157
101308594
101319999
101370211
101405069
101431814
101453485
101499626
101508390
101532215
101560714
101608473
101621847
101730037
101789137
101835234
101896128
101902452
101930792
101948177
101956768
102030434
102084354
102132392
102147717
102177224
102232640
102244193
102288150
102296714
102331492
102336393
102390346
102405716
102445379
102482596
102517232
102545929
102572769
102632643
102711388
102717473
102786267
102797139
102876108
102906265
102943386
102978164
102987014
102998385
103033403
103072179
103114404
103124268
103131717
103174175
103187563
103195406
103226501
103344440
103372426
103379408
103389784
103398657
103446692
103451525
103492754
103538762
103568609
103585831
103612623
103680426
103735841
103761200
103818183
103860303
103895207
103914518
103956858
103966284
103978253
104018458
104092376
104118608
104145336
104208194
104214629
104260626
104284933
104351148
104358578
104377892
104401203
104474385
104598348
104652996
104755464
104901263
104934243
104997818
105042233
105074906
105088173
105175952
105202552
105228528
105271973
105285330
105324997
105391980
105434340
105467177
105480315
105530833
105538311
105550246
105580878
105628694
105664322
105671052
105686217
105719059
105777969
105920996
105960044
105993153
106018890
106063014
106082513
106106506
106113081
106161409
106198788
106208396
106241328
106285380
106287123
106310214
106461457
106467994
106476551
106498676
106562253
106570842
106653888
106694687
106704528
106743064
106775685
106889394
106961866
107014593
107047082
107059876
107110145
107132042
107153943
107162724
107214864
107238698
107250013
107259696
107292234
107352560
107398532
107496030
107517481
107524212
107548353
107594513
107611828
107618531
107754305
108021015
108028713
108040547
108071309
108126726
108140636
108270134
108278809
108316225
108534946
108830762
109094858
109133604
109170344
109247105
109279330
109292565
109369028
109376296
109407168
109421985
109463010
109482389
109524610
109580244
109634652
109658955
109667985
109677850
109684931
109728406
109737792
109741793
109780489
109861637
109876547
109916756
109978505
110112419
110150955
110191164
110201268
110251038
110270569
110306610
110393874
110408756
110433059
110500006
110509313
110645929
110672162
110691415
110698956
110761354
110768157
110894168
111034643
111093770
111159794
111208197
111240552
111252581
111299398
111308336
111314360
111353168
111428205
111449626
111489293
111557192
111695129
111706478
111745414
111806555
111887556
112134692
112136344
112216977
112264974
112339244
112461169
112724197
113002004
113019026
113021536
113124512
113249710
113296089
113334833
113348166
113406995
113457292
113494027
113496836
113530958
113540256
113544249
113579217
113586234
113623206
113647124
113799365
113812658
113836965
113906296
113991960
114033114
114315698
114329029
114361961
114369234
114429168
114565293
114824006
114909219
115025412
115106376
115362915
115370013
115377046
115409148
115418247
115477161
115532066
115611923
115754072
115880360
116065322
116269586
116404032
116556362
116562304
116957825
116983184
117192708
117460686
117475003
117513813
117560870
117582963
117629967
117654302
117661932
117672804
117709886
117757017
117787825
117807302
117850485
117858963
117868827
117911052
117967738
118014765
118048736
118055994
118075469
118117937
118163079
118223136
118244747
118253125
118272562
118297893
118341970
118359288
118456366
118463504
118499949
118547034
118572365
118591802
118600323
118638809
118653159
118691855
118769458
118788933
118796520
118830162
118874149
118889072
118981272
119032871
119052371
119079101
119087910
119148908
119235081
119276246
119284057
119431266
119484548
119625884
119649044
119690696
119710409
119749153
119825692
119836308
119868136
119875971
119915019
119932833
119940294
120091240
120101344
120136275
120187520
120197333
120243362
120248329
120339592
120431712
120472204
120614112
120620904
120659840
120714248
120730018
120799938
120848687
121113227
121121172
121168131
121693608
121732416
121738952
121787234
121794964
121800469
121832177
121922094
121932197
121940808
121966923
121975712
122035586
122185803
122192835
122234068
122303753
122427732
122589281
122702140
122725044
122750371
122758936
122825601
122959907
123044450
123211208
123601674
123759378
123772184
123803762
123849733
123851138
123868199
123876944
123912275
124000781
124100748
124269190
124421196
124561425
124657956
124784177
124791822
124889376
124977708
125831015
125883155
125921799
125927823
125935734
125983276
125996632
126027962
126036297
126118008
126125040
126132765
126163736
126218384
126225093
126233378
126271657
126370035
126388902
126422124
126493262
126543890
126592136
126619155
126724356
126820401
126915662
126948068
127009593
127144091
127198528
127222353
127228932
127336774
127411824
127463940
127500641
127690881
127943594
127973024
127996337
128004298
128065815
128191818
128460225
128976054
129027586
129028289
129542216
130046345
130067715
130094358
130155723
130216008
130295958
130704032
130713896
130717186
130838786
130952256
131080554
131614465
131618912
132127940
132295172
132909952
132912176
133214226
133652480
134225871
134336110
134365112
134432603
134450397
134567161
134636861
134647478
134678971
134734387
134798181
134831191
134902393
134912498
134990520
135028284
135047802
135073133
135125274
135144271
135186631
135190275
135221295
135242854
135316973
135357178
135378573
135426855
135436463
135574770
135599077
135645074
135719344
135754072
135764688
135817327
135830649
135865589
135909606
135932595
135971131
136013356
136023460
136054510
136105237
136106649
136137329
136151439
136158726
136209491
136220766
136259788
136299332
136374211
136416218
136480126
136519062
136563169
136609108
136615644
136647007
136698435
136770657
136801417
136919524
136966856
136984418
137028373
137059152
137072757
137154376
137189280
137215016
137258692
137263490
137278128
137300706
137382743
137404639
137435379
137481351
137505258
137552553
137583242
137597388
137627063
137687315
137724534
137783050
137800792
137827434
137871389
137879746
137891292
137938612
137943464
137978275
137988651
137991474
138039169
138039447
138052835
138085150
138091533
138173475
138193062
138219708
138289561
138332690
138380936
138468579
138522502
138565084
138610613
138662850
138705305
138742524
138796680
138812205
138866242
138866854
138889557
138911010
138984105
139017372
139056916
139072190
139118281
139157025
139168342
139258516
139283843
139306507
139355041
139372819
139488907
139577756
139604937
139655434
139682276
139701025
139730836
139785244
139809547
139835523
139870934
139877488
139892385
139923017
140043112
140076314
140082048
140086929
140135220
140137890
140149205
140191426
140269710
140291464
140292869
140326240
140385090
140530395
140543663
140583358
140626485
140629069
140644839
140698651
140731015
140740879
140780501
140822622
140826162
140865829
140879186
140927224
140938096
140972952
141036398
141091045
141125201
141129739
141144614
141183091
141231340
141321262
141326944
141340761
141371569
141428371
141479072
141511180
141525050
141533572
141560761
141607410
141641510
141659496
141661009
141707469
141730630
141755479
141761124
141807651
141837657
141856515
141857070
141887942
141952572
141957147
142038148
142103085
142116442
142156109
142217592
142263564
142353202
142430290
142443557
142544144
142666407
142701135
142719937
142761069
142814989
142861962
142916010
142993624
142996784
143003498
143063301
143082480
143089170
143100517
143153339
143176499
143254132
143263225
143314010
143315342
143346022
143348916
143367441
143398491
143450143
143481540
143502469
143503692
143543065
143557291
143591302
143686092
143726359
143770467
143793009
143838982
143870556
143885209
143922556
143973540
144008729
144019515
144070033
144081382
144120078
144231376
144234060
144264866
144266040
144292016
144327397
144348818
144388485
144462151
144484162
144515623
144654490
144727010
144740245
144826765
144895272
144896092
144926898
144930240
144940616
144979858
145015157
145021977
145057378
145076757
145118502
145138632
145177376
145215656
145235753
145290402
145322262
145335649
145383627
145394499
145435732
145509526
145524140
145529057
145562946
145625556
145812042
145846948
145860304
145899964
145926708
145929985
145952035
145998948
146035230
146048617
146053956
146087553
146157731
146294122
146313501
146352913
146355722
146422464
146541450
146710597
146838966
146869598
146916817
146921769
146940796
146983156
147026705
147031147
147036314
147075294
147121321
147160129
147171382
147213957
147214947
147236110
147259935
147335082
147386113
147412170
147423421
147430500
147473687
147478977
147501642
147532452
147614026
147628528
147659306
147724080
147850973
147903146
147941639
147956170
147998505
148024482
148025367
148059212
148103224
148129853
148151370
148244952
148325698
148398262
148416604
148419777
148450345
148513123
148591110
148640169
148736321
148800537
148832372
148841224
148899699
148951815
148990060
148997092
149046862
149066297
149097169
149100194
149187091
149193115
149235340
149277956
149293230
149296329
149374001
149393478
149446969
149457586
149491207
149492316
149538344
149554061
149687416
149688375
149734467
149787792
149854472
149981287
150016143
150067392
150086298
150128913
150171136
150213360
150291013
150299024
150309400
150480484
150557953
150619344
150638756
150866465
151047638
151082302
151102799
151150357
151172254
151205763
151247883
151276719
151296219
151384150
151399963
151445899
151471772
151498004
151590769
151643938
151704276
151736808
151757233
151763552
151785173
151837346
151890370
151940200
151947232
151952421
151985928
152080759
152122982
152159829
152229768
152260448
152282344
152308722
152363129
152394946
152406197
152408860
152463686
152466144
152470221
152476008
152508963
152575158
152628385
152663113
152674366
152724884
152731138
152735260
152774923
152777368
152814211
152848841
152864307
152896854
152949025
152966283
153049108
153123987
153130779
153207036
153213828
153230894
153274969
153276717
153309873
153323206
153360099
153404055
153445766
153458020
153504680
153505998
153519289
153558097
153602086
153623288
153676332
153678192
153708952
153721161
153778245
153791538
153815845
153907369
153911407
153950343
154011994
154203332
154236688
154240929
154246296
154294578
154307909
154310256
154348114
154431041
154437066
154469903
154519888
154544173
154589313
154690075
154700179
154742404
154805326
155010193
155017316
155080000
155091252
155221070
155235015
155258667
155304359
155373690
155427610
155501528
155540272
155560529
155562168
155612434
155623781
155630464
155649650
155701765
155729700
155767980
155806049
155812586
155818035
155869798
155891217
155923498
156004804
156015180
156051344
156118150
156189988
156196889
156209488
156245587
156324556
156350788
156395096
156412057
156446833
156483913
156492806
156520627
156541334
156572716
156643854
156680994
156792888
156799920
156830552
156832195
156899973
156978312
157026599
157339017
157380834
157394069
157441728
157463880
157494688
157568354
157570828
157587733
157623401
157629954
157682247
157770560
157780168
157833750
157847137
157879506
157881993
157943636
158083849
158155299
158352542
158372073
158405178
158475811
158481428
158610817
158866698
159456108
159502104
159504096
159517373
159578306
159598119
159615906
159617619
159655672
159705952
159740808
159744489
159801941
159823394
159844566
159846709
159913884
159966664
159972372
159996675
160018571
160068897
160080214
160112749
160196227
160206091
160208070
160246300
160285076
160302142
160354377
160385185
160444244
160490140
160515467
160521265
160542211
160584790
160602516
160629114
160635081
160719269
160725003
160729646
160732035
160773268
160834889
160975134
161004296
161031136
161073256
161091010
161226336
161484218
161539633
161568858
161582125
161630599
161653263
161686420
161760075
161765925
161779282
161818949
161820718
161888408
161927952
162024785
162044198
162070990
162268081
162433668
162556966
162576465
162603193
162609538
162648585
162672996
162800326
162844770
162875532
162960396
163056205
163383346
163447016
163456528
163581670
163633809
163660409
163681806
163730340
163756076
163776456
163862760
163878001
163908761
163972515
163978564
164128909
164130899
164144167
164168502
164244760
164334089
164364637
164370834
164530274
164565132
164656645
164668018
164693349
164745490
164760591
164762808
164839573
164858960
164890394
165153009
165154926
165251206
165353760
165483025
165696555
165746868
165808489
165908865
165946676
166204896
166364298
166372128
166735048
166774592
166781059
166894082
167020960
167055688
167823159
167873453
167942780
167979678
168028441
168058290
168074795
168114492
168153780
168171294
168215401
168250467
168254337
168269847
168315638
168331615
168366519
168481821
168522506
168538284
168569911
168611955
168642717
168665878
168709770
168712524
168725816
168765993
168804770
168848353
168942408
168959714
169003669
169045378
169061956
169141960
169180704
169186728
169232292
169247861
169288546
169292993
169348523
169397827
169437524
169444060
169506953
169554966
169592846
169599073
169624410
169628884
169650385
169676736
169678923
169740694
169821449
169893489
169939694
169985689
170015948
170055492
170092321
170094675
170101930
170181862
170220558
170231929
170291756
170301860
170338768
170395621
170447762
170488965
170500338
170550616
170561232
170590571
170595896
170680756
170697357
170702272
170722714
170726097
170792007
170924397
170970394
170973734
171010573
171026755
171066415
171070233
171096210
171122812
171206770
171223848
171228165
171252498
171319831
171324720
171394640
171410694
171458809
171480206
171510886
171563025
171575980
171659556
171676226
171707929
171786886
171872297
171994451
172013863
172039734
172090181
172156012
172159640
172190320
172196344
172201737
172235869
172286266
172312109
172314823
172328115
172331610
172386319
172393351
172428684
172504294
172542385
172577113
172590382
172643922
172665612
172690459
172770792
172774182
172787537
172790172
172820850
172887652
172982349
173020657
173074630
173106836
173109294
173122649
173126368
173164730
173170188
173192580
173216403
173264980
173306449
173319718
173353061
173412588
173565221
173584722
173610565
173654578
173672344
173806650
174115560
174120084
174146682
174176648
174226466
174237781
174264130
174266673
174354304
174363237
174393995
174398688
174469826
174606091
174632067
174656404
174725705
174817953
174863892
174952707
175135107
175157771
175183132
175254793
175294082
175384732
175424276
175690848
175802658
175808712
175938176
175964776
176178923
176198303
176240014
176283141
176295511
176353323
176384197
176390990
176481169
176509290
176522525
176570551
176629300
176737066
176768542
176788073
176842812
176849844
176891043
176894320
176975440
176994852
177021642
177026817
177084707
177133712
177181706
177225289
177258622
177264066
177294636
177297558
177310945
177359179
177382083
177407444
177410151
177456147
177497366
177500344
177516897
177547657
177616980
177762914
177776149
177804441
177876768
177915048
177953856
178011266
178162248
178167858
178197152
178265255
178309331
178341191
178410650
178421997
178467465
178510082
178538296
178564272
178599000
178660741
178750098
178759692
178816059
178856748
178899108
178905603
178916622
178995601
179052883
179101800
179144260
179326660
179348812
179372635
179439281
179442566
179574027
179836752
179921968
180406156
180409200
180445339
180456211
180515142
180528433
180562218
180642532
180647434
180652396
180697744
180759361
180797642
180836388
180909456
180914885
180919832
180946672
181020882
181025797
181142671
181191732
181431064
181441581
181475448
181537189
181542162
181621128
181672455
181940876
181983492
182079537
182092870
182470966
182492481
182519209
182588532
182725702
182728745
182991618
183029897
183076938
183504426
184042400
184051777
184568731
184675468
184686297
184730286
184769094
184782385
184786368
184812923
184895972
184918636
184965177
184978510
185009989
185013414
185057489
185085424
185124472
185163408
185185560
185233586
185246917
185271250
185356065
185377962
185416772
185451527
185460784
185467309
185471594
185611128
185653488
185684898
185707408
185710633
185749957
185763250
185803429
185877095
185907778
185938183
185999578
186140301
186144019
186166534
186190359
186194316
186262585
186352424
186386556
186440712
186486930
186548547
186658473
186706338
186737206
186741068
186758721
186802333
186813206
186816611
186854407
186928344
186944449
186979113
187040500
187044243
187196515
187212618
187215895
187237469
187242246
187289642
187316520
187443858
187482393
187712884
187717194
187728445
187770154
187836352
187963562
188014606
188226753
188302145
188367242
188502576
188746613
188800770
188839957
188853346
188901832
188911797
188947112
189023637
189043170
189080606
189129346
189146920
189224008
189284415
189289185
189302422
189305931
189336741
189407883
189411420
189542705
189612628
189634080
189735136
189811817
189831198
189858038
189912193
189927723
190104658
190114049
190318434
190858182
190861752
190888496
190915288
190980466
190984965
191053925
191075346
191111335
191250970
191374732
191467716
191648898
191698968
191895204
192174148
192676304
192687136
192947149
192996934
193024173
193037530
193107207
193141788
193221330
193234597
193274290
193335184
193382915
193389592
193480102
193499601
193530169
193599716
193727302
193731209
193877508
194012369
194027803
194031782
194062414
194119276
194259505
194301973
194511546
194515749
194838725
194908440
195057537
195083274
195110116
195168970
195269156
195299359
195303792
195461418
195563060
195615296
195707433
195718272
196084195
196088028
196280589
196481601
196744226
197157667
197167275
197263774
197348609
197353996
197399100
197554305
197595906
197667432
197810186
198187968
198464800
198510868
198518336
198672417
199240081
199331456
199336198
199440448
199562245
199782436
199889552
201422389
201480161
201505898
201588480
201608117
201633744
201668821
201712458
201714850
201772388
201807242
201808488
201830880
201872159
201885547
201928609
201978894
201994667
202041867
202064590
202067228
202090132
202090821
202163798
202199412
202214089
202272924
202282193
202283796
202324995
202413630
202444502
202496673
202518339
202568835
202593172
202618908
202650454
202696481
202696845
202731619
202744855
202796564
202802588
202803769
202842763
202845480
202885379
202960981
202987330
202987736
202998581
203061600
203068136
203097491
203188930
203206968
203232809
203233698
203306880
203375840
203452185
203496572
203540336
203558317
203614546
203640389
203659826
203693591
203736335
203772557
203798790
203836474
203855949
203894841
203962028
204008836
204031433
204032659
204054811
204058178
204104881
204124358
204154926
204228844
204252004
204276851
204278584
204350742
204352081
204440071
204534540
204536880
204559387
204583082
204621254
204640689
204643972
204671321
204756580
204780225
204805584
204849572
204868390
205016590
205040280
205075056
205132613
205134930
205178917
205271055
205425088
205538747
205561649
205644460
205658361
205704334
205739110
205754080
205785947
205840595
205866948
205867310
205892684
205936153
205947502
205986438
206052399
206135701
206144711
206193005
206214426
206254605
206335280
206341816
206380624
206450802
206521106
206585176
206624464
206655032
206677424
206721363
206734631
206736274
206774838
206777477
206848745
206851143
206874978
206909836
206970973
207119564
207130436
207169619
207226481
207227110
207365283
207366700
207505553
207553550
207682178
207711254
207730200
207730785
207787587
207827284
207901078
207914465
207950690
207953161
208014548
208093259
208160482
208179861
208221570
208280480
208322947
208334888
208372552
208406093
208610848
208689258
208702493
208743178
208811232
208934538
208935077
209206785
209519489
209736444
209750902
209788515
209844243
209904694
209940780
209954985
209981939
210028651
210068118
210076916
210125150
210146601
210177473
210241207
210293443
210324013
210346406
210392618
210403933
210407304
210445642
210541618
210569495
210639050
210770015
210813335
210851013
210936618
210961469
211013706
211018245
211052881
211059418
211098164
211144256
211170330
211253376
211307636
211331681
211353835
211423542
211469633
211562724
211702352
211705897
211715620
211827377
211865914
211868742
211895470
211896788
211914969
211970700
211979377
212018707
212092625
212112038
212141861
212142670
212214892
212216075
212357541
212370898
212371599
212411077
212452373
212480792
212549752
212607162
212889810
212903077
212927410
212985090
213003664
213042712
213123533
213126370
213394521
213395782
213680419
213780508
213960293
213999986
214003080
214021381
214060880
214082776
214118595
214121520
214197005
214241389
214287386
214315688
214453126
214471468
214501145
214556745
214570692
214571539
214697318
214749457
214753826
214859926
214979854
214991225
215030161
215104260
215173217
215226177
215319302
215330896
215370250
215418512
215485594
216037152
216046760
216074299
216148578
216283584
216322632
216353440
216535371
216538388
216582496
216681481
217067580
217207425
217211208
217712386
218133901
218142200
218171117
218223258
218224994
218245327
218284871
218286259
218320989
218345511
218419429
218463256
218473349
218518070
218520016
218542680
218573488
218612024
218633190
218679185
218715299
218729230
218776946
218779300
218801452
218825275
218914054
218925425
218960281
219024259
219155822
219207961
219234801
219236939
219256198
219309157
219317339
219358028
219400388
219431822
219454548
219481274
219483921
219554099
219704069
219748453
219794450
219810232
219945498
220205247
220262475
220293285
220301399
220350091
220371338
220484913
220538452
220594973
220696724
220701706
220742261
220743979
220766883
220792244
220861545
220905502
220957825
221001780
221274978
221276252
221283284
221324483
221383393
221518147
221602057
221612674
221786568
221856424
222074016
222077010
222104648
222311779
222352407
222393094
222401140
222402701
222453032
222462889
222464348
222501697
222577788
222580370
222602521
222628067
222701249
222848553
222858658
222893388
222954653
222957130
223037447
223093271
223095000
223232170
223377601
223384394
223412511
223415204
223487370
223530497
223570192
223578154
223622704
223772912
223879540
223920227
223933696
224019392
224421328
224440740
224469809
224510657
224529683
224608652
224621569
224665934
224758832
224920474
224922053
225005312
225452685
225454258
225495302
225591353
226034246
226544044
226584385
226592051
226653840
226665188
226667281
226703882
226782404
226789196
226828379
226898310
226900065
226970372
227034191
227059226
227154189
227248180
227292496
227362352
227373061
227566904
227577520
227612248
227673989
227778706
227808295
227810696
227950787
228066131
228168226
228172868
228393260
228607766
228609640
228627297
228658057
228727380
228865545
228936707
229121666
229312012
229322912
229510432
229640501
230712010
230713908
230735424
230756778
230817911
230960170
231224193
231293156
231492161
231740054
231741993
232032275
232798215
233064728
233084162
233087632
234098180
234928922
234953712
235008120
235015642
235069861
235071057
235095730
235115205
235115828
235151775
235205127
235236613
235241831
235243150
235291853
235311290
235352142
235461260
235502145
235509267
235563920
235564102
235583537
235610329
235698218
235705249
235705452
235746480
235807398
235897456
235941772
235979704
236020499
236030107
236080433
236099910
236126638
236216684
236227300
236227913
236268120
236323793
236482950
236484120
236494224
236520824
236590245
236634322
236717831
236980957
237037098
237060413
237081930
237135977
237143010
237143191
237181708
237283530
237308086
237381272
237470089
237524022
237537052
237574313
237635956
237637155
237774121
238056769
238068022
238162123
238290014
238373057
238383124
238555946
239079806
239139849
239166689
239186070
239225539
239247691
239273564
239360353
239373590
239407893
239619605
239639138
239718437
239724802
239742120
239781664
239862005
240062760
240068628
240144541
240145955
240157271
240157930
240198982
240257896
240392402
240484412
240660585
240730892
241192268
241213625
241215172
241238483
241314182
241353229
241435564
241588360
241590545
241702104
241894661
242234256
242386256
242426433
242500784
242817344
242819236
243284678
243323213
243324081
243354019
243354713
243374126
243424644
243447308
243470619
243471592
243515548
243551782
243571281
243598009
243599186
243667812
243816786
243828984
243830053
243870258
243909730
243925447
244066381
244106761
244348965
244362322
244386629
244456088
244582714
244583573
244662287
244851121
244851758
245137748
245389835
245412227
245438100
245498430
245499721
245639956
245825621
245906528
246171697
246182528
246219232
246424296
246513862
246528512
246705160
246712192
246957187
247481558
247507872
247542600
247603861
247694722
247729864
247890712
247904258
247931913
247998019
248513419
248514356
249569637
249570586
249856114
250741900
251720640
251750610
251751208
251757401
251820291
251833986
251857301
251942568
251968800
251995592
251995683
252064789
252199388
252226132
252251459
252322657
252457155
252457740
252526697
252731563
252742435
252783668
252973492
253246112
253398112
253407242
253787652
253798669
253824538
253893808
254020709
254072850
254076033
254100368
254285902
254286609
254574982
254805401
255005764
255010952
255459928
255875238
255875672
255888593
255888940
255923257
255967310
255985124
256120390
256164401
256392210
256908549
257237137
257297432
257306944
257867780
257950315
259620873
260075550
260088937
260089236
260127873
260182691
260309230
260581770
261109506
261248009
261253696
261259720
262149203
262149420
262193191
263266640
264253680
264837636
264840480
266944530
