235
1817
3288
5684
7457
9317
10509
16565
18881
21316
25737
27424
29202
33084
33618
34210
36164
39024
41576
41603
48130
49241
52264
65831
68196
82118
82600
87074
101904
102561
106510
108609
131190
133552
140564
141450
148704
148995
155692
164193
164877
166592
184340
188674
198216
198681
203780
205345
217472
221264
238720
262806
264250
264277
272706
279053
281730
287108
295116
304392
328160
328259
328849
332050
338560
346145
377860
397920
401415
409674
442497
524691
525256
532778
534550
534752
543364
561540
573540
573578
574721
591170
599064
602117
606737
608328
631552
657475
658976
689232
690440
721538
787491
788617
788772
793090
806992
827536
876546
884776
918912
926216
983108
1051014
1058851
1060360
1067586
1073480
1074182
1081415
1082394
1089700
1089809
1099392
1115653
1123616
1147426
1149064
1179915
1180216
1185864
1188736
1199360
1245377
1278212
1311848
1312514
1319492
1323056
1360160
1384457
1409104
1441954
1524224
1573665
1574084
1575248
1606164
1632256
1638576
1713153
1835022
2102418
2109538
2115864
2132006
2138196
2140544
2148865
2164818
2172968
2187521
2195784
2196100
2196483
2228613
2228817
2238980
2261514
2326576
2359601
2359690
2360484
2367681
2393664
2408466
2425368
2428160
2515968
2622022
2623105
2624524
2663456
2687073
2687252
2761024
2768905
2900736
2916357
2953344
3146464
3147073
3162243
3178537
3228680
3326016
3354624
3426308
3678344
3703042
3738112
3801124
3933200
4195411
4196905
4198272
4203148
4207169
4213765
4227465
4228244
4231242
4235314
4243974
4251840
4259917
4262019
4269570
4270352
4325826
4327954
4333713
4336704
4342808
4392193
4462752
4464728
4473091
4474400
4489745
4522756
4592642
4596000
4653192
4719920
4735244
4743201
4752904
4801664
4818948
4849768
4850181
4989956
5013824
5130240
5243236
5244065
5259306
5260048
5308438
5357569
5390468
5414920
5441568
5507336
5767193
5770242
5840960
5902592
6029952
6291640
6292742
6293700
6304008
6308424
6318082
6325024
6373412
6422563
6660096
6818049
6824464
6881290
7345664
7348229
7374864
7405952
7602242
8389540
8390338
8391691
8397168
8397333
8405270
8405289
8413251
8415376
8422040
8422945
8423557
8455252
8457376
8462722
8472320
8482824
8505346
8528068
8538632
8552467
8562720
8585258
8587584
8601605
8659112
8659986
8683618
8708608
8749313
8782913
8786180
8798256
8912986
8913221
8924416
8933920
8946694
8953865
8978956
9011392
9044129
9192456
9242640
9454609
9472768
9479232
9486348
9503000
9506912
9512964
9569416
9699365
9701568
9719810
9963560
9978240
10027011
10387456
10485868
10486531
10488368
10505280
10519824
10535072
10551433
10560064
10625048
10784776
10813446
10879616
11034628
11207680
11534484
11535394
11667457
11804928
12584264
12589080
12603521
12648497
12715044
12816384
12845456
12845578
12855297
12861508
13109824
13156368
13246466
13640224
13664386
13762640
13960192
14689408
14712897
14827776
15466528
16778766
16780865
16781478
16787104
16789904
16790600
16832640
16844164
16845066
16847440
16892176
16926788
16953856
16974866
17040720
17113108
17171201
17203236
17326656
17336353
17371424
17436684
17448994
17564208
17828496
17828900
17834178
17863681
18104456
18229248
18351368
18354194
18612289
18874395
18879009
18885648
18891074
18891284
19006752
19073152
19138656
19145218
19398864
19420160
19927300
19947552
20971797
20977984
20988016
21070880
21234697
21268482
21659776
22089736
23334928
25207044
25430028
25433600
25691232
25692290
25821456
26214921
26345478
27820544
29360418
29426304
33554900
33556999
33557602
33563907
33565828
33571425
33571916
33579170
33588417
33589394
33604360
33612816
33620865
33624586
33645060
33652757
33655072
33686306
33686577
33702544
33712129
33751204
33759496
33783874
33816905
33818248
33825552
33849606
33857569
33867840
33891392
33980440
34078765
34080516
34097410
34112160
34147329
34210826
34250756
34341058
34604624
34611228
34619653
34669698
34686992
34742368
34767361
34865171
34867744
34997252
35136002
35144736
35160136
35260544
35455232
35653793
35654464
35660068
35660297
35669376
35688705
35725456
35782856
35799046
35930152
36110337
36175922
36290560
36448256
36702218
36831504
36995200
37749018
37756998
37757992
37767304
37792256
37830976
37882116
37928992
38011013
38013968
38076450
38281600
38305795
38469648
38799425
38831360
39084032
39846530
39862289
40371264
41943182
41945361
41961508
41976388
42042376
42083840
42107264
42206496
42287232
42338306
42468496
42506240
42541088
42729985
42991938
42999937
43024432
44041221
44081154
44302416
44564744
45105664
46137568
46142208
46154754
46268425
47710212
48302080
50335800
50413577
50498560
50665472
50858504
50864145
51134468
51380640
51445828
52495872
54526500
54531200
54919232
56655880
58720786
58730560
58871808
67111272
67112210
67113052
67114376
67115537
67126146
67126564
67127310
67142405
67154208
67158051
67175216
67175465
67176596
67182611
67202048
67224128
67241604
67242021
67248201
67249186
67256593
67272872
67371681
67372102
67395680
67404848
67409924
67453192
67469442
67502288
67505160
67633675
67634197
67638848
67649592
67669120
67674178
67700770
67764486
67788928
67862529
67903745
68157581
68176032
68182529
68190656
68223050
68229376
68293648
68323330
68419860
68428928
68452872
68702212
69208712
69214342
69216000
69222469
69238929
69263368
69272768
69292048
69354016
69470211
69632256
69730720
69863440
69992520
70255122
70264896
70288388
70582304
71327764
71345153
71354624
71377056
71401496
71435016
71516162
71565356
71632960
71841792
72089618
72354308
72360194
72369216
72744961
72908832
73400656
73403424
73466369
73535492
73678976
75497650
75506700
75508226
75514056
75530506
75595812
75678720
75759641
75760448
75964416
76040193
76284036
76550784
76677408
77078544
77596932
77602849
78123010
79691783
79693328
79825024
80281856
82837512
83886690
83890369
83894808
83960128
84166672
84418596
84739072
84934705
85590528
86048780
88080522
88113220
92275969
92311568
93405184
94502976
100672192
100673584
100679762
100697602
100698121
100712580
100794499
100795712
100862464
100927872
100933642
100942849
101189700
101191952
101253256
101580832
101711910
101818368
101859336
102761496
102793312
102826242
103023108
104333313
104857889
104924164
105398784
105906320
109052456
109076736
109121537
109182996
110103552
113541120
119549952
134218062
134218291
134219616
134219948
134220564
134226337
134252803
134260228
134260760
134283601
134291656
134299676
134316553
134340640
134352001
134357570
134381702
134481157
134482504
134491168
134504465
134513536
134546442
134610985
134612496
134711296
134743113
134751362
134752769
134758407
134761488
134808612
134809984
134844432
134881328
134922752
135004440
135020704
135266954
135267728
135283236
135284745
135334976
135340560
135348482
135401477
135431200
135569410
135594116
135659840
135790690
135799044
135823489
135987208
136318466
136323346
136328193
136335370
136340096
136348808
136364292
136380578
136382469
136447044
136512256
136579216
136585228
136659008
136874048
137232386
137365792
137626113
138418182
138420235
138428562
138437888
138444837
138477864
138543776
138559553
138576144
138616836
138675392
138727424
138936404
139264001
139461644
139470976
139493952
140575760
140642312
142098432
142607416
142608481
142614566
142615304
142623312
142623876
142738690
142770248
142803088
142868611
142887168
142901268
142934560
143134856
143163680
143263748
143401024
143656978
143810560
144180736
144703936
145227793
145850368
146836480
146866242
147849473
148898308
150995589
151012385
151023620
151027888
151028802
151079424
151126408
151132192
152043608
153255937
153616424
155718144
156500000
157294656
159457281
163594248
167772313
167773206
167779336
167788848
167804970
167813440
167847938
167903756
167905360
167986176
168034404
168051202
168177664
168321032
168362560
168427777
168592384
168855556
168886305
169902608
170393732
170922048
171968001
172064896
172492832
173146114
176163456
176209921
176226564
177471496
178389024
180363280
184553475
184565952
185607168
186908928
201328834
201335888
201344520
201361952
201392646
201408641
201426176
201457690
201468160
201527360
201589026
201621569
201736196
201851536
201867584
201883660
202376195
202387464
202424336
203163648
203423796
203424009
204021760
205521284
205791744
206177280
207650818
209756288
209782792
209846785
210763844
212075520
213913632
221249664
222300161
234882208
234889221
235208720
235930368
236996608
239075400
260571136
268436615
268438178
268443705
268445120
268446288
268448006
268449921
268453130
268470796
268485168
268492805
268501146
268505353
268518465
268519684
268566872
268567177
268601088
268632596
268698652
268707329
268714688
268718116
268724232
268730379
268732688
268830852
268869696
268895264
268960936
268961298
268968012
268984592
268993089
268996642
269108228
269166592
269225024
269352977
269484338
269489218
269500500
269549612
269550400
269574272
269631521
269648016
269746561
269813762
270010373
270025224
270107648
270533520
270533744
270534729
270536725
270549132
270607364
270615042
270637056
270665986
270667936
270795076
271065091
271075360
271089688
271584384
271622656
271974408
272631364
272640036
272643088
272646560
272698376
272728322
272760846
272781824
272795649
272892001
272900226
272973840
273156240
273170498
273220128
273678536
273678851
273973252
274777088
274923584
274991616
276824273
276826182
276826504
276828744
276849696
276877568
276892161
276893828
276930576
276958224
276963585
276971650
277120128
277348404
277357184
277610754
277873924
277880842
278135312
278987040
279085060
279199745
280494144
281051176
281543681
282085376
283115538
285231107
285286434
285392904
285475112
285802625
286011392
286294112
287342722
288423952
289415936
290587648
293732896
293929024
295699464
301994336
302009856
302023716
302034952
302056720
302057664
302121029
302123048
302125074
302252208
302350848
302399744
302534784
302579718
303039108
303039497
303048960
303087618
304111680
304350210
304742912
306217040
306257921
306970632
309329952
310378531
310394904
310648836
311623680
318767178
318769172
318906496
319324416
335544548
335544643
335566912
335577110
335578184
335622656
335872005
335938050
336071424
336134224
336379904
336594464
336594968
336732164
337117314
337641514
337773569
337911824
338706688
339755017
339772032
339869744
340002048
343949828
343999490
344197152
344588296
345014273
348135488
352339072
352364544
352456960
359137280
369099020
369180704
369632256
370413568
373295106
379584640
385876481
402661524
402669672
402670337
402686993
402690240
402720384
402720816
402784548
402793480
402849795
402989312
403179530
403440132
403710017
403734792
403835392
403981312
404897808
405045280
405278976
405798918
406848024
406848546
407412736
408944769
411041805
411075074
411648000
413149184
415629312
419433728
419528708
419692562
420085824
428871680
436208002
436216352
436471809
437780496
438370312
440418308
444597312
469767172
469786626
470024328
470286369
471859776
475070464
478150928
503480320
