2843635
5044058
5670887
10071733
11341774
12812132
16340216
20127083
20639302
22683548
23709485
24023227
25607881
27374206
30393044
31870739
32680432
37542370
40254166
40889392
41087593
41262221
42463399
43701589
45367096
46787017
47418970
48046454
50654069
51199379
52677022
53499575
54732029
58614149
59464249
60786088
61629547
63741478
65344481
66188546
67827964
70113815
70307801
71189822
75084740
80491949
81762401
81974926
82158803
82524442
89483311
90717809
92917106
93557651
94403015
94837940
95351584
96076525
101291755
102382375
103249352
105354044
105795149
106999150
109143839
109447675
112938115
115887028
117211915
118928498
120366748
121822625
123242711
124473446
127482956
130688962
132360709
132438104
135639545
136731565
140227630
140615602
141061279
142379644
144529187
146072470
149406058
150153097
152980721
154761524
155449427
157611236
159544762
160548047
160967515
163524802
163949852
164301223
165032501
167303809
168123518
169274635
169371628
169804447
175196999
180668089
181419235
181885328
183333388
185834212
187115302
188789647
189675880
190497586
190686785
192153050
195129040
196446259
200428588
202583510
204748367
206482321
207245771
208912565
210708088
211536652
211590298
211942441
213015154
213981917
214491751
218271295
218855045
218895350
221816227
224551772
225152200
225876230
229458329
231774056
234423830
237840613
238674010
239977862
240188948
240717113
241463603
243144352
243645250
246485422
248946892
254198467
254304010
254949529
260990998
261316961
261361541
264705035
264876208
280193117
281073983
313902692
327570254
336568655
357656496
366650393
378303185
389942096
413828342
420276906
423024152
486042944
505204781
522293589
