1005
13940
14769
14926
20970
28104
32289
37707
41210
41870
44809
52422
57879
59572
74955
77457
78308
80909
86821
92716
102509
103601
117048
119846
130064
132054
132431
134822
138026
141075
142025
146563
149217
150836
156884
162576
166009
169410
176278
179268
182915
198104
199849
201370
205169
213047
217492
236801
246664
249867
268114
268700
282280
284068
285961
286228
288325
291528
295737
309441
311949
323609
324866
328886
333994
336029
339026
344678
353329
371332
379139
382465
393627
395861
398897
406808
409955
418566
419973
434247
445584
463142
470784
475213
475793
477296
500160
527059
528149
528695
532963
534194
543864
550939
558426
559786
561648
563080
564238
579657
585828
590062
592816
596058
600149
602680
607315
617730
623329
631113
656697
664389
664718
673608
676377
682152
689764
705172
722722
726720
745740
746002
756229
757922
795915
796888
801289
805762
807745
827732
837186
837793
852433
856180
872489
873744
887176
929868
935043
954424
1016392
1032198
1049831
1051452
1054238
1058189
1063505
1068594
1079490
1081903
1082808
1084053
1095173
1098660
1102130
1103879
1117262
1127570
1131410
1134212
1139528
1152268
1155752
1157142
1157505
1183556
1186085
1191994
1198257
1200213
1209356
1212807
1215523
1217232
1220761
1222924
1230353
1237096
1249561
1253972
1258113
1271832
1279058
1296452
1312468
1316489
1316950
1321251
1321412
1335690
1344202
1346881
1347731
1353488
1378842
1401108
1411170
1426442
1441965
1442424
1459136
1479202
1540272
1581342
1583270
1594530
1598019
1601872
1608788
1615200
1675553
1708188
1724934
1734657
1737242
1770772
1794240
1803304
1810690
1839840
1848834
1851541
1868849
1893504
1902344
1908810
1933340
1933827
1968776
1984784
2100315
2101138
2101931
2107787
2108742
2115353
2117711
2126481
2132254
2132450
2147792
2151208
2153601
2164452
2165196
2168148
2175030
2181274
2205442
2207825
2212464
2234177
2239268
2246884
2249602
2253112
2268704
2269514
2270432
2278690
2279745
2302864
2318470
2336777
2360135
2360437
2372741
2385962
2392980
2394296
2396686
2397251
2398536
2400525
2412740
2418208
2424926
2430008
2433825
2451984
2453664
2491946
2496816
2498649
2499268
2510400
2570304
2622110
2626950
2627376
2639045
2641978
2663443
2669060
2670731
2688293
2696769
2697858
2701600
2703810
2704906
2706592
2720326
2754674
2757032
2757204
2774049
2777109
2789649
2795664
2826344
2840580
2852224
2884761
2885088
2886218
2928776
2932817
2953733
2957592
2973764
2988048
3016745
3064072
3150450
3150744
3151050
3158293
3159592
3162458
3170978
3172464
3185410
3203205
3211323
3214089
3215948
3232006
3245329
3278752
3278940
3291268
3304450
3309621
3314694
3395600
3414029
3416587
3424673
3430144
3441768
3465536
3473603
3475856
3539729
3556488
3604776
3621380
3672135
3677824
3678377
3679440
3688032
3703472
3705220
3707913
3834688
3868689
3950784
3998288
4197596
4204456
4205409
4206908
4207970
4216862
4218192
4219590
4221592
4223139
4226180
4227956
4233868
4254723
4260691
4261262
4277728
4280433
4281868
4286209
4297258
4309161
4326173
4327882
4335956
4337679
4338280
4347142
4352546
4360966
4361349
4370721
4380864
4397324
4405408
4407386
4428872
4461148
4465074
4468272
4473642
4490449
4492330
4494240
4505750
4510768
4512004
4528898
4531528
4560004
4600868
4604468
4613130
4655489
4661346
4719289
4719767
4722082
4724844
4736300
4739252
4753733
4757554
4761121
4767773
4768456
4778272
4786191
4787393
4789273
4818224
4825132
4834434
4837640
4866257
4869188
4883240
4916100
4924421
4985891
4994432
4999496
5005424
5013579
5022352
5047826
5060612
5064721
5070984
5112936
5154824
5181505
5247653
5248387
5250086
5251399
5265449
5276609
5284998
5286472
5294402
5300308
5320904
5325880
5346064
5375092
5388032
5392518
5406924
5412884
5449793
5459200
5474944
5506138
5506722
5521609
5524036
5539865
5540004
5545472
5550344
5591424
5637409
5693441
5769763
5774088
5785108
5804674
5835088
5964297
6032396
6066256
6144032
6303244
6316204
6316307
6328881
6344792
6358122
6359604
6363206
6364544
6385984
6391939
6398344
6422961
6427076
6431766
6445576
6448257
6469634
6472352
6492201
6557963
6627335
6689872
6718017
6816720
6820065
6852615
6867976
6948369
6951458
7012626
7014976
7069696
7078500
7082130
7088257
7094793
7095302
7241860
7345328
7350418
7350568
7377248
7391745
7411201
7440396
7471686
7479841
7610444
7741698
7893504
7930656
7934084
7948290
8201216
8395097
8398351
8400098
8410694
8410776
8411752
8413299
8423591
8436368
8438827
8440346
8441093
8446754
8450324
8455229
8456995
8459461
8463241
8475298
8487318
8489796
8501320
8520295
8526049
8532868
8536843
8545832
8557864
8564834
8587790
8591381
8593592
8604690
8634592
8652083
8654970
8660268
8663811
8664161
8671367
8676001
8685232
8688716
8692120
8716770
8720977
8724523
8742918
8753800
8782172
8794320
8814741
8817409
8817730
8833036
8843776
8848484
8852994
8873088
8890400
8915684
8917195
8917788
8929720
8932993
8953024
8957200
8958529
8962258
8979619
8980108
8991042
9008640
9011978
9019808
9046310
9057298
9101441
9113985
9151552
9175657
9179686
9243936
9293888
9316672
9322696
9328672
9380353
9442851
9461988
9462057
9470556
9478482
9489984
9499680
9503472
9504073
9504924
9508736
9508964
9519623
9521194
9572550
9572908
9575560
9579168
9579537
9618562
9636162
9666598
9701646
9702561
9703880
9708102
9716749
9732404
9742466
9784064
9802768
9839650
9846806
9965314
9965988
9966648
9980228
10003976
10035746
10044560
10094723
10133552
10158149
10226196
10252292
10387465
10486694
10488497
10503717
10504898
10506593
10511952
10518734
10527025
10529376
10555786
10558980
10561857
10567957
10584364
10587170
10619269
10620112
10620419
10633804
10654226
10703361
10750054
10765578
10770576
10783876
10797571
10814985
10846277
10890248
10977290
11018692
11025409
11059364
11061506
11124760
11149834
11178056
11277888
11280451
11290629
11305010
11420688
11608152
11609094
11669763
11683849
11690244
11805328
11817000
11960512
12059336
12064778
12075027
12091909
12159040
12190984
12255392
12386561
12585396
12586518
12590880
12592405
12594442
12599897
12601218
12601415
12622083
12622872
12625008
12673328
12715178
12748100
12750929
12781089
12821248
12849305
12849508
12856192
12902466
12912713
12927004
12945426
12952577
12976771
13108577
13124658
13128202
13142537
13150214
13189952
13191300
13238299
13309954
13320232
13372560
13377549
13414432
13467908
13500486
13635862
13648524
13652737
13657408
13660184
13665417
13682832
13697317
13698067
13706400
13707792
13763472
13795936
13926407
13960708
14041248
14166273
14188586
14292032
14682952
14684820
14692768
14712931
14719012
14721560
14761995
14765120
14849152
14878744
14942888
14942994
14951554
14970881
15073317
15230992
15237265
15351938
15466584
15728921
15831042
15991873
16124416
16256032
16384020
16782801
16782953
16784778
16787100
16793348
16795851
16796429
16798254
16800464
16803402
16806962
16814268
16826981
16831509
16846434
16847267
16849477
16859564
16861521
16863881
16865332
16876482
16876559
16877137
16884010
16912152
16917557
16943668
16947213
16958576
16965826
16966916
16992642
17008785
17040368
17041228
17041722
17049769
17052306
17058339
17064292
17072407
17088682
17111392
17134596
17141008
17147010
17154820
17175316
17175714
17183042
17189894
17204265
17237313
17244712
17269266
17307155
17319190
17322436
17337729
17341248
17342613
17374352
17375495
17380385
17384965
17399859
17401932
17424656
17440870
17443204
17445640
17465697
17485960
17502222
17564175
17567909
17590016
17598502
17598993
17634176
17635331
17646664
17694870
17696036
17723408
17826486
17832056
17854632
17855234
17858801
17861676
17869315
17876486
17894088
17900656
17905936
17928276
17964050
17999952
18010369
18022460
18038881
18060800
18093063
18097697
18110481
18147336
18161683
18161828
18170064
18221321
18221634
18239524
18252417
18351754
18356486
18361353
18371649
18415970
18468866
18481241
18484768
18616370
18645792
18657281
18843648
18874583
18881760
18883461
18884709
18908803
18911338
18913414
18925860
18929216
18940698
18954250
18964745
18977928
18990098
19006824
19018288
19022094
19022434
19026113
19073300
19083269
19108128
19146064
19153572
19203590
19253312
19267786
19269264
19333281
19399221
19401048
19417606
19429504
19440904
19468032
19489312
19555392
19596297
19677474
19694272
19934736
19939921
19945736
19947920
19992897
19993634
20029956
20056354
20060673
20087064
20120644
20197400
20283401
20365314
20488226
20498448
20513409
20586508
20660480
20709768
20845568
20974532
20980568
20992579
21010593
21015688
21020954
21021061
21032966
21037366
21037646
21047345
21054612
21061825
21066256
21074066
21106739
21116096
21124136
21168368
21173520
21187073
21235847
21242947
21245973
21271049
21299864
21367308
21397840
21498131
21508138
21518880
21561449
21566530
21594881
21668000
21700928
21766340
21792260
21889161
22023809
22025356
22025808
22028427
22036771
22077984
22126616
22176784
22282690
22364166
22381120
22480000
22561664
22582528
22816800
22876168
23077600
23086274
23095368
23101641
23102726
23104144
23167140
23201873
23206916
23265922
23332640
23336994
23371824
23379980
23478656
23597580
23602690
23613712
23740452
24129572
24158465
24184072
24191042
24416384
24774784
25166011
25169252
25178394
25182869
25194569
25200970
25202209
25217108
25236502
25242627
25249328
25258560
25268291
25270656
25298316
25298514
25311272
25314373
25362538
25363236
25430417
25461188
25481504
25495589
25499672
25567493
25626816
25692048
25693318
25698396
25699618
25703560
25706721
25739271
25757833
25821229
25826820
25856640
25968665
25988104
26018372
26124290
26215237
26216471
26232088
26250000
26288141
26329220
26347017
26353864
26382496
26439680
26477714
26481284
26493450
26550592
26607665
26759696
26771608
26838017
27267591
27273986
27280769
27282472
27287590
27305025
27345096
27394164
27402259
27430144
27443344
27525449
27525660
27623968
27825154
27853920
27854866
28051616
28127232
28328736
28348433
28966978
29384850
29384972
29385761
29427874
29434948
29495324
29504002
29507906
29510784
29589640
29623496
29631012
29688104
29758465
29827088
29885122
29890565
29917236
30019872
30167168
30475010
30481408
30542084
31080449
31463560
31469648
31621636
31981834
32523268
33561658
33565347
33567827
33573221
33580077
33588856
33590425
33596132
33596748
33608353
33624350
33626211
33630808
33632425
33634064
33639824
33641044
33644882
33662050
33670337
33700161
33706188
33707393
33719216
33719589
33728136
33739524
33752707
33758080
33760522
33768100
33788240
33794562
33806368
33808401
33819687
33819850
33827093
33839552
33841347
33845286
33851971
33865968
33886640
33904652
33908232
33916969
33927425
33951016
33955956
33968706
33991681
34016388
34080156
34081547
34095495
34105024
34126088
34132995
34164960
34194960
34215943
34218540
34219081
34234720
34269188
34276422
34285601
34292872
34341462
34347282
34349896
34351118
34357912
34366482
34377826
34415745
34440450
34447904
34471965
34480514
34522144
34606193
34607879
34611603
34611817
34615388
34620101
34621864
34646058
34657416
34670731
34672806
34673685
34691090
34707648
34734382
34734537
34735690
34743457
34750618
34769169
34867544
34878724
34884866
34890528
34914569
34998496
35008529
35030036
35062793
35128335
35140228
35147850
35161234
35161665
35184664
35195148
35195458
35209489
35218464
35264560
35397701
35465232
35521284
35590146
35652850
35655076
35657356
35668712
35678729
35689154
35695746
35703904
35717301
35724360
35750211
35754372
35758721
35760400
35768836
35791004
35798032
35818064
35849520
35916640
35919953
35933208
35942672
36013632
36086528
36131840
36182552
36187176
36193036
36225570
36246546
36282378
36308227
36319298
36438179
36441604
36519984
36700614
36702758
36707331
36720788
36725777
36741536
36750096
36763648
36767492
36782625
36847623
36864552
36868161
36897472
36905217
36963888
36997138
37234946
37391360
37487682
37490976
37749466
37760385
37766793
37768964
37778184
37786900
37790219
37793937
37800017
37800074
37802028
37824660
37847621
37848329
37863474
37883536
37890104
37892370
37896718
37921156
38011788
38015081
38019665
38025352
38043701
38045772
38056452
38092996
38113304
38143493
38158616
38274882
38277653
38287440
38308240
38340132
38384640
38404404
38412929
38425616
38453505
38502496
38668832
38801713
38802760
38803844
38814227
38822064
38823948
38830306
38863057
38871392
38874114
38945984
38969872
38994306
39093632
39127045
39194636
39322188
39331088
39354630
39846445
39864355
39879876
39886930
39923724
39981194
39986496
39997536
40044040
40075408
40157442
40173841
40176672
40403112
40444096
40453376
40895778
40897556
40936456
41161280
41287809
41420809
41467968
41954948
41960540
41961312
41968528
41976289
41980230
42010710
42025546
42026118
42041875
42075924
42076211
42087429
42092692
42094634
42108997
42139737
42189058
42205989
42206672
42212865
42219588
42229816
42271512
42322944
42472104
42473761
42475574
42476057
42533224
42603266
42612864
42632216
42734612
42779392
42928136
42996560
43033348
43081864
43092256
43135264
43161602
43204656
43258890
43274305
43532836
43647184
43780130
44044317
44045350
44053768
44058928
44082196
44089417
44115488
44140680
44142688
44172385
44181510
44306817
44319904
44376082
44433730
44438020
44587072
44589089
44598560
45091393
45220882
45285388
45359140
45422592
45625360
46137658
46156041
46157906
46171210
46172720
46207497
46211590
46233600
46272676
46276802
46301206
46409731
46416913
46436544
46465185
46539272
46600448
46663708
46687236
46696064
46702912
46731312
47188610
47219748
47317033
47448212
47513666
47988744
48235672
48243457
48251204
48270337
48579072
49283184
50334486
50337570
50352403
50356788
50358552
50360453
50364510
50376816
50382210
50398378
50400777
50408224
50419008
50421864
50422275
50431620
50442760
50463385
50472336
50496007
50497736
50528645
50530330
50596052
50607144
50627338
50735744
50757796
50858464
50860109
50871298
50875404
50889257
50896963
50897792
50905416
50921682
50957344
50989636
51011594
51173376
51183881
51250368
51384515
51389466
51392777
51447073
51479624
51516000
51658892
51708546
51906693
51953824
51970608
52035619
52429225
52433732
52434988
52437642
52438023
52463637
52474114
52486212
52500609
52511376
52576592
52577796
52740225
53018662
53084690
53088388
53219338
53223568
53480320
53490752
53545056
53608624
53772548
53829632
54039040
54526188
54543398
54548548
54563905
54568996
54642944
54666252
54673569
54706752
54725696
54804554
54805249
54846464
54858272
54919458
55058721
55246865
55410816
55576897
55583237
55656968
55672835
55839248
55848962
55869480
56230152
56623506
56639513
57051136
57149700
57152544
57741328
58721460
58723521
58743824
58753293
58763282
58770056
58790028
58834977
58855752
58985032
58993920
59015249
59113486
59138112
59257092
59458048
59770118
59772965
59785314
59836932
59908116
60358666
60555536
60819467
60825952
60850232
60903426
61407616
61604353
61898882
62916360
63013904
63086593
63475720
65020036
65208352
67110137
67110702
67111479
67113875
67116103
67116992
67117659
67118490
67129558
67130652
67130891
67131557
67135280
67138784
67146472
67148549
67151949
67153971
67160163
67167873
67177777
67180784
67183270
67199180
67212314
67215637
67217560
67221540
67226696
67246222
67256742
67259473
67262816
67266826
67267140
67283105
67286544
67308057
67311144
67334401
67342916
67374692
67379688
67382787
67403996
67409538
67415424
67428396
67439265
67441029
67445006
67454722
67455124
67478082
67504968
67508243
67509508
67515168
67519544
67540064
67551425
67588226
67638114
67644008
67646737
67649881
67650164
67687712
67692736
67699245
67700560
67717889
67733766
67740804
67764429
67766452
67773080
67784978
67801476
67803656
67878992
67895482
67898441
67904706
67913233
67917890
67932419
67938352
67966112
67977920
68026481
68031105
68060296
68061252
68100132
68161961
68166716
68171787
68179492
68193554
68195409
68202758
68211136
68234500
68239685
68240521
68256088
68256546
68272147
68289418
68291169
68296727
68309027
68355296
68357634
68370446
68419915
68424048
68426114
68434436
68436521
68449296
68497448
68511745
68550758
68600096
68687114
68700188
68706720
68722819
68729856
68733442
68747476
68752008
68755505
68830848
68946216
69043264
69095432
69206333
69207701
69212451
69217330
69218505
69239689
69240948
69247812
69256205
69267586
69282309
69289256
69295106
69307072
69343888
69353928
69354260
69361731
69388312
69406748
69436419
69469784
69470854
69476916
69491201
69534002
69608705
69611530
69634306
69750020
69754894
69779560
69797064
69861415
69864458
69867585
69928452
69961760
70004832
70090882
70150144
70255879
70256872
70283332
70287939
70337048
70388772
70484104
70566528
70598752
70647956
70788864
70819860
70848578
71320977
71333953
71339184
71345473
71346705
71348298
71385621
71389474
71436968
71437410
71438665
71443544
71450725
71483913
71484436
71532866
71540784
71567124
71571652
71598618
71631885
71643216
71649800
71664016
71696684
71698112
71704721
71836425
71839884
71848708
71852354
71860389
71904264
71973120
71984160
72000004
72028688
72032386
72091670
72095240
72157280
72354318
72358040
72363041
72376362
72389672
72417986
72419744
72439812
72475648
72491172
72503872
72655040
72876152
72876818
72896529
73007428
73401010
73401700
73404462
73406485
73408724
73434250
73498913
73515014
73615488
73663649
73664579
73664792
73679109
73683080
73687616
73708544
73745424
73934884
73990659
74222080
74456128
74483746
74522633
74581264
74846240
75500440
75504788
75507522
75514220
75518657
75522311
75522698
75528210
75532049
75532844
75567944
75575828
75584529
75597408
75609344
75612545
75616296
75629955
75638812
75645097
75653649
75683841
75702465
75712772
75728016
75770448
75778059
75798800
75810308
75858084
75891213
75907680
76022350
76025392
76034210
76039616
76046484
76056595
76066840
76080130
76087410
76153760
76155909
76288069
76292868
76300577
76382736
76415242
76546229
76558736
76558944
76562648
76583052
76617985
76636226
76677457
76816410
76845122
76849409
76873804
76943888
77071460
77119752
77146240
77597772
77635626
77661714
77680772
77730825
77738020
77744162
77746256
77792576
77860886
77923200
77946888
78028816
78055425
78147840
78381100
78414144
78643554
78677016
78678145
78709284
78783616
78908418
79692331
79697288
79697413
79701648
79725190
79743744
79749280
79765892
79829040
79857674
79905282
79954160
79957249
79975488
80020514
80109824
80220496
80249868
80306177
80318592
80750660
80757296
80789569
80908544
81331456
81532928
81791362
81821972
81895488
81920140
82331136
82444545
83890717
83891888
83905795
83913872
83916812
83919282
83924164
83930208
83937924
83952248
83953710
83956038
83958402
83964296
84011010
84017498
84019649
84025387
84029524
84038722
84050028
84078624
84099224
84099904
84100132
84116001
84148937
84165142
84166725
84173185
84182068
84185680
84189856
84197698
84222049
84280453
84289808
84377864
84411816
84416777
84418800
84420746
84421140
84434981
84444744
84447254
84464129
84480304
84544258
84623363
84676224
84677952
84681752
84738069
84812352
84935731
84945224
84952140
84968713
84969542
85010048
85019168
85135492
85201164
85265416
85369856
85461392
85557284
85598465
85606448
85738498
85992612
85992969
86024280
86048994
86049420
86155778
86181960
86249745
86255808
86376772
86379040
86507595
86512645
86672400
87031961
87037312
87052306
87180289
87236624
87294722
87558664
87818273
88081159
88115468
88155424
88158211
88223232
88229906
88245120
88343138
88347666
88361248
88457217
88607297
88614017
88622160
88638498
88670880
88686604
88705040
89137233
89166340
89198688
89211152
89653382
90194696
90198049
90244161
92276841
92279585
92279896
92289153
92340499
92410504
92438553
92446852
92537126
92572162
92667971
92799365
92807683
92835936
92887040
93003784
93329442
93471236
93716864
94373636
94374929
94404645
94408968
94900368
94912580
94939136
96469588
96536896
96608352
96665605
97518602
98636288
98844674
99614880
100680642
100686086
100702738
100720929
100730444
100737082
100742150
100748293
100750976
100761956
100762250
100794579
100800792
100802886
100811021
100812322
100831273
100905088
100926854
100930849
100934832
100942132
100952160
100968968
100995146
101023751
101188408
101192400
101198916
101220550
101222488
101257602
101271586
101318762
101323812
101359888
101384769
101450404
101478401
101482764
101712982
101715084
101718688
101761608
101785733
101862144
101876356
101877056
101917216
102025220
102040084
102105603
102121552
102236513
102338576
102368273
102377480
102764289
102765024
102765322
102782000
102793756
102805509
102812032
102842449
102892132
102916736
103022789
103029888
103039122
103100928
103186504
103285014
103293313
103352464
103354401
103580673
103682064
103810121
103817746
103827522
103875714
104079624
104860008
104866017
104868418
104886292
104890643
104893446
104924033
104930320
104989520
104990112
105054243
105154080
105158657
105270272
105291778
105382938
105383173
105384067
105398313
105644480
105693200
105938957
106442784
106643456
107096065
108019748
108071424
109052062
109056113
109058248
109060440
109062434
109069379
109070881
109072908
109088008
109089664
109113408
109127689
109250656
109347858
109380744
109453345
109579072
109805572
109970944
110117138
110117928
110235777
111149699
111182032
111218960
111446048
112312320
113246310
113262725
113393736
113510916
115355650
115933192
117441904
117449928
117453377
117460544
117474465
117491752
117540929
117542946
117571638
117592592
117605386
117647364
117706852
117710930
117712388
117770498
117900304
117981329
118034948
118491428
118539280
118575105
118587776
118628482
119038016
119279744
119558216
119571232
119619844
119800866
120136704
120586254
121635377
121702536
122294336
122946624
123733632
123740200
123994132
125829856
125868036
125969152
126095369
126681120
126883328
126896256
126918664
126943312
127950864
128975105
130026528
130154640
130318592
134218366
134220679
134227621
134229142
134231818
134233256
134242447
134242614
134243056
134245476
134252242
134253928
134260113
134261304
134263202
134268675
134271245
134281536
134293801
134296897
134312010
134323266
134332628
134333992
134350060
134353605
134356080
134387876
134398369
134398538
134403137
134414787
134416020
134419872
134424772
134428930
134432068
134447162
134472706
134481322
134482585
134497358
134500883
134514214
134514703
134515152
134521417
134531872
134537251
134547781
134558244
134559888
134562248
134568512
134580276
134587680
134620033
134621228
134628389
134648842
134744125
134752624
134753036
134776009
134784042
134785665
134791522
134800464
134810674
134812810
134813972
134816844
134824497
134840984
134869120
134875670
134875937
134878096
134892928
134893860
134902336
134943048
134976528
135008345
135011457
135016000
135021744
135029032
135045254
135136780
135151642
135169281
135267676
135268596
135273106
135279812
135284424
135286892
135287953
135299910
135301289
135336007
135348338
135350564
135356675
135367248
135381633
135406220
135415049
135433408
135455488
135463461
135540750
135540897
135561413
135578132
135595052
135597073
135602880
135614488
135660866
135704640
135791025
135793096
135807754
135809121
135836192
135872652
135899144
135925801
136052946
136067328
136120480
136193040
136319352
136324960
136333713
136333908
136335413
136340866
136348852
136357955
136366280
136385314
136390684
136397912
136414024
136419841
136446059
136446680
136488449
136491048
136530688
136586770
136607748
136660608
136675552
136687618
136712332
136728610
136841514
136847910
136859856
136864513
136876356
136912978
136981508
137101701
137239040
137298064
137365005
137366626
137368850
137374977
137388105
137413700
137430464
137437488
137505344
137628420
137642118
137668640
137693256
137904404
137920600
137920771
138019970
138203136
138281025
138414818
138415243
138417714
138418385
138420317
138429332
138429545
138466944
138470412
138484769
138487058
138496518
138506245
138512674
138543262
138563721
138568008
138584272
138592275
138609745
138613505
138625728
138692176
138702080
138707228
138709089
138717698
138739832
138740235
138791040
138807570
138809538
138842640
138953347
138969681
138972928
139002280
139008640
139014240
139069507
139141144
139165825
139202864
139398144
139460970
139463749
139473428
139487361
139535880
139547168
139558985
139559300
139596112
139608600
139658246
139727968
139747364
139853845
139985669
140312834
140509526
140518456
140521606
140524288
140529184
140550244
140575877
140579408
140591372
140643592
140645379
140657157
140675120
140771379
140776065
140853313
140904516
140976640
141045769
141075584
141101313
141164896
141575178
141623448
142084624
142606623
142613523
142623173
142642824
142649732
142659722
142676014
142690380
142692688
142714897
142738288
142743626
142759044
142778900
142804552
142821505
142869660
142870209
142875148
142877009
142879749
142888066
142917906
142947336
142951681
142958688
143032872
143069217
143138970
143140937
143143972
143153416
143157282
143159313
143164437
143166018
143235104
143270112
143294604
143307008
143343682
143395075
143665674
143672610
143681808
143689778
143693120
143794243
143819018
143860992
143919456
143982730
144162816
144180298
144187525
144216070
144310801
144474752
144572452
144704297
144718016
144732704
144806032
144835876
144869506
144871429
144884744
145000976
145295880
145297411
145362992
145752149
145753256
145758241
145793036
145801600
145883682
146031168
146801841
146802276
146813576
146841731
146849848
146869508
146940937
147032128
147063174
147130912
147333920
147342472
147374148
147390486
147472656
147620866
147652800
147849810
148002816
148112648
148152336
148902984
148918530
149192992
149980672
150212612
150478850
150995317
151003467
151007289
151009287
151011994
151014533
151021073
151032465
151032612
151033112
151050274
151062753
151063636
151084040
151085952
151137600
151147168
151185409
151200322
151212049
151226374
151260930
151264292
151265876
151283760
151296136
151306328
151355777
151392360
151405065
151405840
151422020
151470212
151520355
151528210
151539740
151557280
151584948
151656578
151691336
151782050
151871490
151883780
151914501
152050049
152055906
152076315
152077192
152086080
152104976
152142992
152145960
152175072
152175658
152179972
152191046
152240912
152308264
152315969
152322309
152576324
152603140
152717320
152772640
152831108
153094729
153110850
153133332
153157740
153159201
153160834
153206789
153227290
153233568
153363208
153690248
153748228
153895440
153913600
154212356
154304644
154337283
154535952
154666272
154673169
155199874
155222550
155241536
155257608
155259328
155321729
155322409
155357442
155402274
155460768
155472136
155525380
155812872
155845168
155988480
156155904
156256276
156287106
156320769
156369473
156639240
156762156
156766352
157286415
157316096
157394944
157548752
157816896
158073857
158339586
159384024
159392161
159392360
159392390
159405152
159428676
159453445
159502848
159539224
159547585
159563812
159583264
159650352
159651200
159678981
159703168
159786496
159842562
159912457
159990048
160006224
160170252
160174146
160433684
160438848
160442404
160448688
160538626
161498626
161546265
161613836
161742979
162562144
162857984
163611780
163840026
163840832
164241412
164638976
164642888
165676304
165693441
167775057
167776555
167778636
167785408
167789845
167809109
167818249
167821849
167842008
167846284
167856776
167866416
167903399
167912216
167921675
167938076
167944451
167956624
168036769
168043050
168043608
168052758
168054952
168084612
168108102
168132754
168178816
168222728
168265984
168297828
168319489
168364166
168370708
168411172
168427704
168429136
168460930
168566833
168656961
168826905
168829221
168855938
168864784
168878146
168919089
168920578
168964610
169019536
169025608
169120016
169165888
169217536
169354376
169378088
169422849
169480260
169872906
169874593
169885798
169891970
169902853
169909504
169936915
169955585
169962496
170003073
170008645
170024978
170070022
170132801
170147853
170168864
170393802
170394209
170526992
170545160
170917948
170942980
171053440
171311114
171540608
171974208
171976322
172050528
172065440
172108292
172139552
172163116
172163602
172250114
172261513
172295936
172491096
172493841
172509442
172548608
172660736
173052417
173085824
173195268
174137377
174326278
174359568
174858496
175112259
175392768
176160877
176165266
176167045
176169172
176170288
176185921
176199172
176212128
176229400
176263432
176295169
176381956
176459779
176558104
176570656
176685575
176687760
176848929
176963713
176990208
177213664
177228804
177275156
177381504
177479938
177504328
178259473
178266249
178299394
178324100
178324546
178339880
178405568
179831104
180372002
180405504
180420867
180748353
181995520
182458384
182976548
184550598
184559761
184567080
184574114
184629312
184631310
184682594
184687112
184699140
184715008
184812555
184828001
184942984
185016321
185074316
185108490
185140032
185209857
185598552
185603120
185630758
185672708
185729037
186125376
186974496
187187203
187433028
187728897
188746243
188748560
188768336
188776772
189010052
189268161
189353984
189794464
190971976
193233952
193282064
194052225
195035158
195037728
195039297
195560456
197206024
198312960
201329068
201331540
201339029
201343565
201345114
201347504
201360485
201361312
201371140
201376818
201380358
201392849
201427077
201429552
201449537
201459267
201462023
201466058
201470049
201476656
201491218
201492745
201527378
201548296
201602082
201603144
201616000
201621587
201640961
201655080
201662595
201740308
201787426
201854104
201854274
201855425
201867287
201906192
201908484
201929472
201990434
201992209
202115856
202146400
202227720
202379016
202384145
202401798
202404104
202416304
202473996
202638736
202641985
202659872
202739840
202770561
202801176
202834180
202901026
202986496
203170312
203427009
203430496
203440298
203445568
203495560
203498506
203525136
203621024
203661316
203689248
203948569
203952772
203962370
203982860
203989025
204032064
204474704
204476708
204537878
204562560
204620034
204739592
205521095
205522211
205522572
205562152
205572132
205590692
205595840
205620737
205657156
205684898
205799449
205849156
206046260
206049825
206065736
206127248
206176778
206315585
206587140
206637059
206778368
206848514
207128704
207675408
207950080
208420896
208667520
208830528
209723954
209752137
209765008
209774600
209797155
209813574
209864448
209911860
210053376
210112832
210116614
210248968
210258436
210272560
210505864
210568196
210764934
210768642
210784261
210832448
210895552
210903080
210928641
211421440
211812580
211814407
211850272
211943704
212083776
212599298
213925902
213946386
213975576
214303760
214435880
216015364
218108490
218110226
218138673
218141699
218144905
218203396
218236112
218243589
218248200
218270272
218365997
218366852
218386624
218411264
218431824
218437120
218629134
218630244
218645032
218696705
218923152
219153027
219742232
219844608
220209298
220218388
220225824
220303424
220495878
221118472
221250116
221298696
222298296
222299464
222306342
222429460
223350793
224397444
224527392
226494658
226570272
226771976
227672082
228065345
228802560
230696976
230703488
230720032
231216128
234884137
234893356
234899652
234905752
234914122
234914339
234947334
234995984
235022720
235037760
235044976
235077769
235274513
235406977
235413515
235443264
235479200
235603200
235739136
235933834
235946369
236200961
236470800
236716038
236979592
237045796
237052224
237125665
237257472
237281408
237305880
237372420
239081506
239145025
239227136
239339664
239427584
239697922
239730820
240124512
241172784
241209352
242746368
243282177
243403266
243597825
243814432
243827208
244056144
246030336
246417416
248512529
251659017
251659794
252215301
252706964
252717568
253100064
255869444
256901378
260096002
260177988
268435902
268437474
268438264
268438646
268439436
268440151
268440731
268441871
268446042
268446237
268448481
268449065
268449172
268451346
268454550
268454989
268456308
268456730
268457059
268457605
268459184
268460931
268461326
268462119
268463377
268465984
268466313
268469533
268471521
268472112
268473010
268473284
268474570
268476773
268477996
268478019
268478611
268478888
268484699
268484844
268486228
268486282
268491041
268495620
268496938
268497104
268501235
268501909
268502380
268502795
268507538
268508241
268509802
268510231
268511374
268511540
268512836
268514952
268516097
268518706
268520579
268520984
268521501
268524804
268525976
268526161
268526756
268530182
268531808
268534302
268535879
268536457
268536980
268538210
268540968
268542009
268543312
268550691
268552640
268554824
268568153
268568995
268571529
268572452
268572884
268574024
268575180
268575286
268577944
268583111
268583469
268584360
268585018
268586754
268589633
268595219
268599761
268600426
268601932
268603431
268604556
268608133
268611657
268612354
268613680
268616544
268617749
268621072
268624408
268624929
268632888
268634706
268636485
268641665
268643362
268644396
268644546
268650761
268652705
268657736
268659328
268664948
268666118
268666528
268669457
268681362
268700206
268700435
268700729
268701901
268702568
268704902
268706724
268706979
268708546
268709216
268710072
268710986
268715352
268715809
268716241
268722262
268722281
268723856
268726533
268730702
268731794
268732805
268734577
268736024
268739780
268741153
268744716
268747783
268751240
268751396
268753984
268755248
268763561
268765412
268767875
268768293
268768704
268769840
268771651
268779910
268781642
268782085
268796624
268797001
268799490
268800276
268804134
268804872
268820609
268828981
268829340
268829936
268830278
268832385
268834051
268834914
268837162
268837712
268837901
268843392
268845730
268847428
268849166
268861963
268863768
268864548
268888066
268894817
268895370
268898392
268904465
268911636
268915456
268940288
268943400
268960423
268960625
268963280
268965092
268965418
268966200
268968015
268968660
268969752
268970786
268971141
268972146
268974404
268978499
268978596
268980625
268980930
268982796
268984380
268994193
268996700
268996777
268997953
268999171
269003848
269005954
269009673
269011096
269012002
269013254
269017760
269025622
269026488
269028168
269028897
269029772
269030932
269031462
269041865
269043584
269050145
269058435
269058852
269068816
269070341
269075468
269078576
269082690
269091034
269091598
269092965
269093907
269097632
269099185
269100354
269104641
269105162
269108485
269108784
269111400
269117520
269119620
269123890
269125766
269132820
269134081
269141184
269156395
269156832
269158428
269168912
269173316
269177858
269195328
269197448
269222942
269223624
269224075
269226402
269228053
269229824
269231185
269238323
269239060
269240928
269246912
269246986
269251616
269254836
269255237
269255976
269256786
269287961
269288546
269295762
269296900
269297704
269300288
269310080
269324298
269353289
269357586
269363716
269372424
269386624
269394016
269406209
269418629
269420802
269484157
269486489
269487623
269489478
269489937
269490227
269490348
269491808
269492890
269493480
269495682
269496455
269497100
269500587
269500695
269501006
269501596
269504841
269507456
269507594
269508962
269510153
269514772
269517014
269518664
269519142
269521972
269523280
269525259
269525616
269534593
269535784
269542418
269543489
269550026
269551297
269551969
269552290
269554217
269559584
269560016
269566516
269570244
269582501
269586584
269587459
269588996
269590604
269599840
269611264
269615844
269615939
269616410
269619632
269620866
269621784
269625385
269625414
269628496
269632550
269633736
269644320
269648660
269648965
269654145
269656226
269659648
269668418
269681713
269682188
269683076
269684758
269697360
269705221
269715466
269746865
269748809
269749524
269758564
269758738
269761537
269762860
269763778
269767248
269772960
269779002
269779424
269782152
269787157
269791872
269796098
269811727
269812548
269818120
269820952
269828744
269832226
269862928
269879442
269880096
269881861
269882408
269885633
269893657
269903104
269926532
269945920
269951490
269975809
270008773
270009256
270009635
270009938
270010474
270019632
270020633
270024944
270027281
270028837
270033988
270035208
270043149
270043840
270049680
270049798
270063104
270075014
270078722
270079048
270084099
270086304
270090266
270106705
270109952
270140553
270146564
270147876
270148168
270156162
270172705
270176520
270205584
270223392
270272036
270274627
270275728
270278796
270279425
270288902
270309408
270319688
270336304
270353409
270401620
270435330
270534997
270535267
270535850
270537155
270537276
270538448
270540297
270541641
270541916
270542385
270542470
270548004
270549389
270549936
270551400
270553254
270557386
270557796
270563586
270566226
270568100
270568707
270569621
270570912
270574729
270576138
270577734
270577944
270582465
270582840
270588432
270600237
270600966
270602472
270602545
270603278
270606533
270606754
270609672
270615873
270618706
270620192
270632130
270632453
270633048
270645376
270647562
270655508
270664339
270664869
270666688
270667284
270668362
270668850
270672135
270672552
270675009
270676320
270680177
270681099
270684312
270685252
270690316
270696745
270702852
270713350
270721408
270731440
270733956
270735363
270737434
270745892
270770752
270781440
270795658
270796070
270800922
270801057
270801476
270803345
270807586
270812684
270813236
270814592
270816273
270832385
270838800
270844002
270845961
270862096
270868592
270872585
270885890
270893075
270893196
270895392
270925932
270938132
270942482
270950913
270959152
270959936
270962818
270993928
271007936
271057179
271058025
271058756
271064130
271067158
271067360
271070080
271073880
271074450
271078664
271085056
271085633
271089710
271090120
271091761
271094368
271108164
271122994
271127681
271131148
271138823
271141136
271164448
271188372
271191328
271192077
271206529
271212578
271220803
271222280
271254273
271254608
271319238
271320579
271321356
271321744
271323472
271327269
271335592
271356932
271360258
271386689
271434240
271459456
271519776
271581989
271582576
271584452
271585578
271589459
271589556
271592065
271595592
271600673
271602179
271611008
271614489
271615522
271623428
271626273
271632514
271634444
271646822
271647004
271649810
271659536
271663249
271665728
271671336
271680384
271712398
271722768
271729416
271746192
271747168
271777865
271783168
271843544
271843862
271844617
271845698
271847812
271853120
271859781
271910048
271919108
271945792
271974435
271996928
272015368
272106517
272111873
272114698
272122500
272142354
272154912
272173192
272179520
272236600
272239106
272240832
272334852
272372232
272392208
272400513
272631241
272631476
272633125
272634659
272635000
272636384
272636692
272639186
272642385
272642442
272646457
272646770
272646981
272648715
272649920
272650920
272654485
272657448
272658508
272662671
272663145
272663448
272663603
272664636
272668166
272670998
272672866
272674980
272678144
272679330
272684041
272698690
272699467
272700004
272700578
272701573
272703757
272704448
272704609
272709656
272711726
272713812
272714528
272730385
272737290
272745092
272750594
272761190
272763441
272763918
272765973
272770352
272771848
272773776
272779664
272783396
272785632
272786948
272794306
272795393
272796752
272797722
272810252
272826521
272826887
272827588
272828520
272834048
272851202
272863616
272869380
272875585
272892138
272892372
272896054
272897292
272897601
272900745
272901890
272902213
272909412
272910476
272911378
272912706
272923136
272927552
272930960
272932952
272936963
272941585
272957722
272959016
272959523
272966164
272968832
272970016
272974000
273007872
273023059
273029129
273031302
273039944
273044608
273055905
273059908
273155597
273156185
273156678
273156993
273159442
273161352
273162600
273162771
273163302
273168417
273171530
273171617
273180802
273188228
273189130
273195201
273199624
273203536
273219637
273220234
273223888
273240577
273245200
273253952
273254560
273285292
273289347
273290048
273301526
273309705
273323040
273336832
273351944
273359392
273416455
273420932
273426704
273436696
273449506
273452033
273473540
273481804
273549504
273563936
273645584
273679238
273680579
273680716
273686945
273689124
273691202
273695825
273698962
273700128
273703696
273713682
273715461
273716416
273730564
273735816
273744472
273745296
273746953
273752114
273757188
273761794
273776936
273785345
273809962
273812640
273813601
273815810
273817628
273818627
273826433
273850688
273858608
273895432
273941637
273942640
273950730
273959169
273973772
273982496
274010129
274030656
274038914
274071944
274073104
274137124
274204820
274206734
274207280
274212480
274225216
274235492
274236440
274251779
274284804
274333969
274399298
274464809
274466112
274532864
274608128
274727628
274728007
274728474
274729266
274730129
274733698
274735147
274737540
274737744
274739717
274744596
274755632
274759920
274765889
274768672
274776101
274785344
274792598
274793121
274797320
274809992
274819073
274825540
274830352
274858328
274859394
274859616
274871304
274876482
274878721
274892936
274898961
274940432
274956322
274989085
274989409
274992200
275001536
275005571
275013896
275023488
275023878
275025960
275055170
275075076
275120900
275130400
275186689
275253800
275255588
275259544
275260673
275268354
275284500
275304576
275319812
275329026
275333216
275349513
275388432
275390532
275514416
275579264
275644426
275776556
275779328
275779668
275779721
275792320
275793944
275800070
275808330
275841283
275847200
275908613
275943936
275980416
276042754
276054560
276070672
276299938
276300353
276342784
276448256
276824427
276825769
276826566
276827722
276828814
276830757
276831617
276832752
276833338
276834412
276836646
276836952
276838467
276841416
276842003
276842780
276845612
276849857
276851248
276857607
276858072
276859473
276862998
276863752
276866944
276870161
276873393
276874562
276877381
276881542
276890189
276891174
276891675
276893876
276895000
276896448
276900001
276906104
276910339
276914500
276922538
276923681
276932866
276935200
276939536
276940836
276944000
276956310
276959289
276959570
276963413
276963467
276964129
276966660
276968608
276974688
276976148
276977794
276980290
276984072
276988324
276990498
276990985
276993600
276998336
277021570
277021763
277027104
277030416
277037196
277053768
277086836
277087557
277091216
277096596
277096713
277100036
277102746
277104930
277106912
277107209
277119021
277119171
277124130
277127698
277131584
277138048
277144584
277152913
277154128
277154828
277155910
277160136
277169728
277180432
277190657
277219080
277219335
277219496
277224464
277234049
277241892
277266512
277282866
277316100
277348509
277349684
277349770
277350578
277353479
277358176
277359240
277364838
277366825
277369632
277369936
277373202
277373445
277381688
277383520
277384708
277389347
277389580
277411840
277416197
277418081
277423113
277432834
277446852
277447698
277480129
277480524
277482256
277516432
277528586
277548160
277549576
277553158
277561361
277611330
277616712
277621762
277622913
277628036
277643537
277676704
277692680
277742625
277745924
277749784
277873458
277876008
277876368
277876945
277881893
277883712
277889633
277890820
277891154
277891205
277906446
277909608
277909890
277915672
277939284
277946641
277947012
277950474
277954976
277965824
277971522
277987337
278003981
278005184
278005812
278025217
278028432
278036499
278037128
278048772
278055168
278071809
278077536
278134950
278138908
278139169
278141442
278143528
278152240
278159363
278169089
278169668
278201602
278265930
278335616
278397272
278397451
278400065
278401604
278405314
278410496
278417544
278430880
278446100
278462508
278468624
278532130
278661504
278765568
278807040
278921271
278923465
278925644
278927106
278927472
278930196
278933650
278937812
278938154
278940417
278940678
278945817
278947104
278955108
278956432
278958091
278964229
278987416
278987616
278988164
278995459
279000128
279009288
279052514
279053585
279054602
279067136
279070336
279085084
279094274
279105568
279118888
279119940
279150721
279183672
279184005
279184466
279186976
279188616
279191566
279210048
279216712
279224480
279232772
279251074
279265313
279318593
279388416
279445921
279448600
279450129
279451780
279457832
279478914
279486544
279495681
279511114
279535744
279548160
279577124
279593280
279728130
279773204
279873536
279970947
279972364
279974560
279978376
279980066
279987272
279990544
280002881
280009728
280027648
280039429
280068144
280101456
280182786
280234001
280364036
280494342
280561152
280633345
280756320
281018462
281018597
281018771
281019180
281020240
281024554
281025604
281027234
281027724
281030145
281039236
281040913
281048066
281054338
281055536
281055873
281059908
281069088
281069640
281075969
281086344
281087024
281088530
281100482
281101317
281109000
281120780
281125008
281151809
281152132
281153736
281159698
281165859
281166872
281190440
281215252
281227265
281281547
281281952
281283096
281288753
281297414
281314324
281346817
281378912
281416224
281420864
281444610
281495552
281547017
281554964
281559696
281562368
281579586
281608482
281618496
281673840
281675266
281682304
281706501
281806884
281821249
281837704
281875456
282067128
282067477
282068066
282072584
282075209
282081408
282083594
282101793
282134534
282136896
282214468
282297344
282329792
282337540
282382336
282615840
282624768
282656897
282724360
282853394
283120673
283124034
283134112
283136576
283149576
283164690
283181137
283189284
283216384
283247113
283250694
283384064
283508880
283641024
283641859
283656204
283910656
284173328
284196996
284295456
284491784
285214087
285214901
285216577
285219868
285221171
285221702
285223824
285225483
285226053
285227170
285229522
285232676
285233713
285234376
285238056
285239492
285245816
285246369
285247531
285250642
285251684
285253248
285254344
285254832
285256710
285258260
285261878
285264450
285265160
285266051
285270029
285278428
285279890
285281696
285282362
285283152
285286949
285288521
285290641
285291778
285295328
285295657
285295686
285315337
285319556
285337088
285343775
285343977
285345108
285345315
285346092
285347010
285350161
285350406
285354592
285361028
285361297
285364514
285368641
285375488
285376906
285381160
285395104
285409446
285412357
285414496
285415560
285426186
285433904
285443096
285444864
285450243
285462532
285474919
285475418
285476012
285476373
285477320
285480240
285483292
285486600
285489232
285491467
285495444
285496834
285497384
285507737
285508230
285509216
285513986
285517057
285541154
285542422
285544972
285560897
285567232
285577376
285610688
285615122
285618209
285624848
285630600
285640769
285671824
285679684
285737580
285741386
285741720
285741829
285743297
285745545
285753429
285753486
285754720
285759506
285762563
285769954
285770789
285771522
285772052
285777946
285782304
285803075
285803793
285804656
285805188
285805578
285811904
285831176
285853697
285870601
285872180
285873536
285876866
285877288
285884696
285901392
286001441
286002244
286004233
286007856
286011398
286016129
286042240
286049296
286081060
286097728
286146626
286162956
286197248
286261901
286262347
286262840
286263892
286264074
286266529
286269486
286271749
286273984
286279984
286285912
286297105
286298689
286307336
286310724
286311056
286331172
286332994
286343937
286345228
286348304
286351490
286359826
286369824
286392434
286396492
286401041
286401668
286410304
286410755
286426400
286466312
286490816
286523729
286525312
286526498
286527626
286548484
286564418
286572577
286589032
286591105
286622724
286654726
286691344
286785683
286786828
286793825
286800384
286802466
286805120
286822532
286859284
286884360
286918976
286973952
286986241
287049752
287068416
287178912
287310308
287311256
287311950
287314009
287314198
287316768
287319138
287320120
287322252
287328904
287329360
287332357
287334561
287334930
287343372
287353152
287359249
287360132
287375499
287376436
287376968
287377937
287393826
287396224
287408225
287412738
287441477
287449296
287450880
287475730
287478785
287481892
287490120
287506754
287572146
287572521
287573185
287582211
287589184
287604820
287605770
287633408
287637765
287644672
287646336
287653912
287705220
287707400
287720480
287835808
287836546
287838243
287847440
287858948
287873032
287875585
287899944
287903812
287932560
287966214
287986176
288040960
288104520
288227345
288359106
288364036
288364688
288376066
288378976
288391175
288391336
288433153
288489857
288492552
288501762
288505876
288555552
288629024
288655872
288883472
288884772
288899081
288916544
289210370
289407697
289408298
289409178
289411117
289411270
289413704
289414147
289415284
289416217
289420832
289423900
289425505
289425670
289432960
289440067
289440844
289442309
289460992
289466384
289474308
289480872
289483266
289488915
289489224
289505840
289506433
289517632
289538834
289539720
289546314
289548417
289550596
289558608
289570964
289588226
289603873
289671840
289673601
289693730
289702180
289718464
289735760
289769480
289800248
289803520
289816581
289841664
289869826
289931696
289934864
289941516
289952772
289956416
289968145
289980456
290003200
290029574
290063425
290064418
290144384
290194184
290194562
290197600
290267137
290456416
290456598
290459928
290466880
290472100
290484225
290490752
290492450
290521157
290525824
290619401
290654224
290718211
290723844
290726032
290735112
290980040
290988290
291046432
291111428
291504678
291506441
291509568
291522049
291524618
291540000
291545218
291571904
291578128
291639456
291700748
291770896
291775492
292028498
292028549
292192512
292308992
292552753
292561416
292667392
292945984
293602073
293602417
293603012
293603971
293604626
293605800
293605986
293610824
293617957
293618850
293624128
293626900
293627914
293630592
293636236
293639428
293654552
293658720
293667086
293667265
293669416
293672449
293675090
293681156
293685392
293699605
293702720
293733040
293734488
293736581
293737482
293741068
293765190
293773584
293782017
293815552
293866244
293867539
293872002
293872193
293879884
293882881
293898288
293938208
293978114
293994848
294028416
294060041
294126102
294132768
294133924
294135825
294143496
294158409
294175104
294195330
294200064
294256899
294268992
294275076
294354976
294387754
294387920
294425088
294650260
294652128
294656009
294659586
294662192
294670342
294683172
294690945
294715427
294716552
294785792
294797352
294917184
294945032
294978064
295053312
295208962
295256128
295306256
295436293
295699469
295709824
295710977
295714883
295731490
295732752
295735488
295780868
295804936
295831585
295899152
295964708
296092162
296225344
296239152
296353928
296486144
296747034
296755268
296814848
297025664
297800848
297803783
297806112
297812105
297828874
297881632
297927716
297965568
297992768
298059842
298070024
298074384
298123396
298320196
298320417
298361856
298385432
298845441
298863104
298877008
298975362
299892840
299893632
299894804
299959298
300048384
300187649
301469696
301990459
301990748
301991345
301991525
301994094
301996689
301996866
301998297
302001163
302002229
302004776
302005440
302007078
302007748
302008546
302011414
302012504
302015116
302015600
302018976
302023846
302025033
302027277
302028042
302031298
302031633
302032980
302041362
302042625
302045316
302056134
302056538
302056589
302057770
302064304
302068040
302073905
302076042
302085121
302090848
302093380
302100498
302104837
302114824
302122044
302123376
302123658
302123781
302125446
302128161
302129251
302131364
302133828
302137674
302138064
302142984
302145812
302146690
302155282
302157184
302158048
302161934
302170249
302186771
302188352
302188737
302191138
302191760
302195209
302204934
302227744
302252993
302255696
302256338
302256409
302258468
302260743
302261640
302262322
302268581
302269482
302271240
302274563
302279684
302285091
302285480
302286596
302290049
302301212
302309952
302317653
302319768
302320897
302329988
302334304
302334482
302351408
302392864
302393416
302400577
302403632
302422528
302424208
302448908
302481474
302514477
302515090
302515395
302516428
302516788
302517510
302522538
302524993
302526723
302527500
302531609
302543376
302546967
302547530
302554128
302563425
302572800
302585120
302585865
302588004
302589442
302590336
302596244
302596648
302599232
302612760
302617216
302646916
302649425
302662147
302668032
302678340
302680104
302744577
302776440
302779552
302780961
302796868
302817289
302825602
302876676
302907430
302908688
302911624
302997504
303040542
303043272
303044677
303046968
303048001
303048212
303051810
303056544
303065602
303071628
303071875
303072297
303073456
303074370
303076128
303091729
303095844
303106832
303107108
303108208
303108481
303112454
303120451
303121672
303146112
303169685
303173643
303178624
303186209
303189008
303202392
303235240
303249408
303284736
303301218
303301651
303301708
303303300
303317392
303329288
303337478
303343872
303371776
303374369
303436096
303566344
303567124
303569026
303579968
303587457
303607872
303628805
303661090
303694944
303702034
303710220
303825162
303858192
303890624
303958017
304088872
304089223
304092421
304093576
304096530
304097569
304103957
304105026
304107561
304113808
304119962
304120116
304120913
304122892
304125986
304128104
304133632
304140608
304144387
304153040
304153635
304156288
304157249
304158740
304162882
304169036
304177920
304201888
304218198
304219336
304220185
304222992
304230529
304237088
304292868
304320520
304349259
304350356
304354400
304357700
304357912
304370304
304384192
304415268
304419074
304480672
304483330
304513029
304611682
304611977
304615600
304615942
304628772
304629770
304646912
304652420
304685073
304750856
304791568
304808066
304887808
304890113
304940040
305005120
305135841
305140760
305143821
305152050
305154308
305168964
305201674
305235969
305268225
305270820
305291328
305299714
305399848
305406082
305447936
305594384
305661312
305662032
305668640
305745920
306186409
306187544
306187810
306188444
306190208
306193992
306198534
306201859
306204865
306208794
306209313
306211136
306218336
306221648
306226181
306227840
306233414
306234512
306250148
306251281
306252300
306258051
306270480
306282696
306283266
306286625
306315341
306315442
306319656
306320450
306348580
306350083
306376704
306389072
306398240
306447152
306448770
306450954
306454572
306459664
306497568
306512902
306518080
306528265
306579476
306585857
306611208
306643584
306709216
306709588
306717444
306725256
306726917
306728994
306749488
306774337
306776082
306840088
306850816
306909188
306970769
306978882
306988544
307007744
307232807
307233106
307233545
307233930
307241156
307243025
307249256
307253764
307271688
307316864
307331092
307365124
307366464
307499168
307527745
307642370
307759392
307762177
307830792
307921024
308281614
308283492
308285459
308290720
308304896
308314497
308331016
308346936
308421122
308428932
308480256
308546049
308559952
308649984
308809800
308839426
308936737
309330576
309342464
309396544
310116356
310381472
310381589
310382755
310383689
310384176
310387077
310387466
310387782
310393104
310394895
310395217
310397508
310398088
310411378
310411924
310422560
310423688
310427944
310432258
310445280
310448900
310451202
310452252
310461057
310468642
310478344
310485057
310509976
310510184
310510882
310515724
310536193
310546689
310559748
310575141
310595648
310609936
310640918
310642306
310642785
310662400
310675466
310710312
310716928
310739328
310771908
310772241
310784002
310904577
310906906
310907328
310912144
310927432
310937729
310939684
310968912
311035970
311050400
311075328
311165452
311173408
311183376
311198784
311230467
311427428
311429379
311432324
311439873
311443992
311449632
311461136
311476416
311492754
311494728
311558662
311567368
311689353
311697488
311771140
311853088
311951409
311961604
311968770
312148224
312475820
312478226
312479040
312484544
312492418
312504324
312508961
312541449
312558608
312573958
312614960
312747009
312774672
312885256
313000005
313067552
313136128
313528386
313657472
313787136
314081288
314573379
314575056
314585184
314589236
314605593
314607876
314647808
314705025
314721024
314769418
314835272
314839045
314859648
315097222
315098152
315103744
315211776
315662338
315687456
315756560
315886592
316671492
316680200
316739712
316833856
316932130
317194512
317734913
318768654
318769235
318770280
318771553
318771876
318775446
318776612
318776961
318783672
318784073
318785296
318785921
318787852
318795842
318800069
318802456
318804368
318808610
318814209
318821408
318833544
318835012
318836743
318843920
318855680
318865452
318867586
318881872
318899465
318908674
318910488
318914660
318930993
318940224
318964244
319030594
319031309
319037664
319042304
319053841
319066184
319102986
319112320
319128065
319160451
319165444
319209728
319227936
319292466
319297088
319299920
319318048
319325320
319341060
319357089
319373570
319423264
319424656
319430661
319459330
319488072
319553924
319556098
319623184
319816098
319816912
319818273
319820306
319823104
319826056
319833093
319864842
319881241
319889984
319967360
319981572
320013314
320077876
320096320
320209416
320340038
320344104
320372993
320611328
320864880
320865027
320869506
320875012
320889864
320942112
320963840
320995370
321001536
321028736
321077249
321128720
321142790
321388572
321391617
321405120
321683488
321913160
321953808
321978500
322179073
322961685
322964612
322967600
322978434
323002632
323027042
323032072
323051524
323092928
323097089
323110920
323224132
323224609
323256338
323485707
323498112
323520576
324044288
324149280
324337920
324550672
325066817
325075232
325095428
325190672
325320840
325648896
326109186
327155914
327157798
327159892
327163945
327189312
327189507
327221552
327290368
327303186
327360640
327418904
327424128
327434784
327458820
327682312
327700481
327746564
328229120
328306688
328335425
328729216
329253009
329257480
329304064
329384196
329580608
329785346
330302496
331354370
331358736
331367488
331382944
331417601
332267520
332398604
335545550
335545683
335547077
335547177
335548888
335552685
335554309
335554673
335556256
335556638
335561185
335561369
335561781
335562344
335563600
335566210
335567394
335569074
335572034
335577702
335580034
335580484
335581484
335582753
335583257
335586594
335589761
335592000
335593876
335595534
335601992
335606788
335610151
335614880
335615554
335616076
335618834
335623216
335627020
335627472
335628456
335634443
335643457
335644040
335644722
335646854
335651040
335653889
335677328
335677515
335677718
335680112
335680705
335683865
335684708
335685130
335689733
335691868
335694980
335708344
335715330
335716434
335724803
335729280
335741640
335743524
335745290
335749268
335751488
335757410
335758849
335763472
335773709
335806615
335808050
335808944
335809802
335810603
335811334
335811668
335812929
335813256
335815244
335819281
335823427
335833112
335841384
335841812
335847562
335856800
335859730
335872060
335873668
335886338
335888657
335893512
335897120
335921220
335937986
335941796
335956001
335966272
335971345
335978756
336004384
336038016
336071194
336071724
336073289
336077190
336081444
336083088
336085290
336086534
336092161
336094344
336102028
336102411
336102512
336106256
336125969
336135237
336136386
336138259
336142424
336142977
336154944
336160772
336200213
336200866
336202120
336203328
336203846
336204065
336204824
336225024
336248868
336298498
336331108
336332161
336343304
336347149
336367808
336373248
336382208
336399376
336429089
336462376
336470019
336478352
336594340
336596056
336597218
336597652
336598029
336601428
336601635
336602257
336607520
336611428
336613432
336618176
336625865
336625969
336630282
336636036
336642565
336659498
336660501
336665728
336669192
336670785
336677122
336692752
336724328
336727297
336736392
336740882
336744708
336774152
336789635
336826400
336855832
336856161
336864262
336875008
336875649
336889859
336893184
336920658
336929152
336988172
336994352
337019456
337117238
337119393
337120004
337134864
337145858
337150274
337158184
337182985
337183328
337232000
337264705
337283088
337323008
337379970
337389632
337448964
337641594
337641999
337643676
337645669
337648912
337651136
337654787
337658182
337659923
337664192
337670664
337674403
337675286
337679432
337683088
337692416
337700896
337707604
337708057
337709441
337710176
337719556
337724034
337740328
337760257
337773346
337773836
337778728
337782914
337798160
337805508
337807873
337846305
337871120
337904352
337906693
337912872
337914624
337924384
337928324
337944641
337969480
337973392
338034825
338036816
338040320
338100230
338165969
338169994
338174256
338174530
338176009
338182689
338186260
338198789
338201728
338231460
338232578
338237952
338341888
338378760
338429986
338445376
338460696
338690450
338691720
338692656
338694976
338696198
338714881
338725128
338739280
338772996
338796546
338822210
338825233
338829828
338837664
338968586
338984996
339018241
339214412
339219488
339607808
339739466
339740291
339740838
339742897
339744850
339747384
339749064
339749123
339749908
339759111
339760656
339761416
339763492
339771477
339774984
339789953
339791968
339796482
339804528
339806864
339809537
339812422
339832960
339837988
339853336
339870085
339870761
339874316
339878465
339882018
339886218
339887424
339904800
339911808
339936274
340001317
340001944
340007968
340018048
340026369
340033801
340034626
340066497
340068612
340103680
340134402
340136208
340205576
340263011
340263196
340264736
340276288
340279492
340281392
340295826
340301828
340332584
340369664
340426824
340461569
340525648
340533408
340606978
340657156
340787227
340788804
340793857
340796680
340820640
340832272
340852876
340869153
340887616
340918480
340944896
340951046
340984576
341049634
341053512
341065748
341314562
341315968
341319685
341328392
341836200
341836561
341841028
341852233
341853218
341854724
341872898
341876748
341903370
341911040
341966900
342036544
342106130
342278144
342362432
342491776
342626305
342892640
342918145
343148672
343474192
343933650
343934492
343936035
343937301
343938400
343943686
343945412
343948296
343949988
343950601
343953482
343959936
343961633
343965978
343966853
343972000
343973940
343974409
343985168
343999025
344002304
344002697
344006952
344007810
344014870
344016961
344035408
344064046
344064836
344066193
344068611
344080688
344082952
344096865
344134660
344186880
344195161
344195468
344198336
344203362
344204560
344217604
344228640
344261130
344268805
344334976
344343554
344363016
344457448
344459348
344462976
344463618
344465729
344473731
344506944
344523152
344540192
344557576
344598560
344622336
344721921
344723504
344752134
344916032
344981575
344982401
344983690
344986642
345006092
345023552
345030690
345068032
345080068
345114144
345118784
345121026
345178136
345260352
345276560
345311264
345514512
345542657
345636996
345768968
346031280
346031681
346032420
346064962
346067460
346079368
346099746
346105872
346165632
346169416
346177541
346292483
346309136
346391552
346555144
346563588
346685458
347078697
347144384
347353088
347621376
348128518
348129293
348129888
348140288
348151888
348160448
348193864
348225539
348291600
348324000
348393602
348405800
348432384
348652561
348659722
348717572
348803072
349178128
349179940
349193344
349569025
350228504
350232705
350306560
350358528
350486596
350781472
351273474
352321869
352322218
352322356
352323938
352324745
352326694
352327432
352328068
352329923
352331344
352333928
352338970
352342596
352348673
352350480
352354835
352356560
352371777
352389400
352393249
352396300
352403589
352419914
352436512
352455728
352456850
352461216
352473097
352477190
352486916
352489792
352495624
352518225
352530944
352593956
352597120
352600176
352601348
352602242
352620549
352633352
352650243
352651840
352690192
352715521
352715848
352747554
352845881
352846784
352846996
352847879
352857344
352864328
352866464
352881184
352886852
352919586
352928272
352949248
353009793
353042692
353108242
353173640
353245184
353374467
353380370
353386888
353395744
353402908
353404034
353411840
353425408
353435824
353436166
353436992
353501221
353503872
353632452
353636896
353640457
353845248
353895937
353898576
354025482
354420001
354422274
354423425
354426901
354427146
354435116
354455600
354508864
354519044
354550296
354568448
354616448
354684994
354713984
354992130
355074144
355205636
355469377
355536904
355730448
355999872
356517088
356524676
356549904
356552840
356556833
356581762
356581897
356585492
356600832
356649028
356663840
356777998
356780049
356786496
357044738
357056769
357179408
357566504
357580866
357700608
358383616
358627328
358629520
358646336
358744067
358940704
359138312
359661828
360716816
360718488
360727298
360743976
360745217
360755202
360775780
360809088
360850433
360857792
360908802
360972449
361042176
361103380
361235522
361238540
361521152
361759304
361761796
361775121
362283296
362807430
362807632
362816032
362828800
363071496
363397121
364019712
364904498
364908609
364953604
365035784
365168128
365430912
366026752
369098996
369099147
369101970
369103154
369104040
369106436
369107808
369109260
369111682
369118496
369120001
369123397
369133248
369133605
369135683
369140760
369148464
369164393
369165588
369166851
369168920
369184804
369197201
369203456
369205764
369214466
369230497
369230855
369240592
369243392
369254440
369263368
369266708
369281088
369298440
369312128
369362441
369363014
369371265
369377480
369385730
369394000
369405984
369426594
369435712
369491994
369508868
369561601
369624392
369625361
369627269
369629280
369632289
369639506
369642112
369656224
369666050
369676296
369688590
369762496
369819696
369890306
369893396
369951488
370147884
370147921
370149122
370149824
370155594
370163846
370165769
370168896
370237456
370280482
370319361
370344004
370409733
370415632
370507784
370541696
370671768
370705412
370807296
370950176
371196804
371198536
371204134
371208272
371212568
371213441
371269768
371327297
371347458
371360800
371458097
371462156
371491330
371542016
371721744
371818560
371853316
372255744
372281472
372310304
372768771
373293590
373296193
373297476
373301648
373305353
373310476
373325866
373368864
373375552
373430400
373440529
373588100
373686368
373850625
373884032
373948674
374081544
374342704
374391040
374411266
374612480
375390402
375394848
375425040
375455749
375653632
375939072
376569864
377489464
377495571
377507984
377513472
377520204
377553218
377555076
377619536
377651330
377750564
377754176
377798657
377882880
378012194
378028292
378089472
378142729
378540296
378544288
378571264
378602497
379585546
379590657
379600992
379625728
379781632
380371072
380633108
381681953
381682312
381700098
381719552
381820932
382009360
383254592
385881105
385882122
385892387
385894420
385908998
385933440
385943072
385945792
385949953
386007180
386007618
386138408
386138768
386173952
386408968
386548736
386662465
386936836
386957408
387055888
387516416
387974212
387975328
388005897
388038674
388374528
388501760
389038592
390070360
390073088
390079490
390299648
390352896
390594596
391118977
394265093
394265984
394274880
394346504
394399776
394821648
395575298
402653899
402654255
402654421
402654998
402656100
402657701
402658892
402659433
402660642
402661606
402663873
402666288
402668164
402672010
402672289
402675782
402679330
402680392
402682904
402686517
402686762
402689050
402690323
402693125
402694300
402699360
402703652
402704496
402713728
402715137
402719065
402719404
402720368
402721992
402725386
402731043
402731092
402735205
402735938
402739496
402739856
402745362
402751920
402753804
402755777
402757376
402760322
402768913
402785633
402786445
402787880
402788522
402788636
402792568
402792850
402794176
402795011
402797574
402800820
402801425
402801746
402805184
402811168
402818179
402819394
402819728
402826504
402839560
402841668
402849870
402853136
402854921
402858756
402884641
402915698
402916109
402917468
402918467
402921120
402923547
402924596
402925830
402932280
402932420
402932873
402938128
402944130
402950306
402952770
402964801
402983808
402986002
402990593
403000352
403005452
403023936
403047812
403050641
403059208
403079190
403079368
403083552
403097088
403118084
403120288
403128323
403180809
403181186
403181718
403182641
403184208
403185941
403186217
403187104
403189960
403194188
403195457
403196948
403197963
403211334
403216768
403219264
403220516
403226757
403227154
403245201
403251466
403258368
403259554
403275880
403309154
403325576
403341337
403345924
403375140
403382337
403423488
403439841
403440024
403443756
403457282
403466241
403474952
403484688
403505670
403509505
403521616
403539072
403572784
403575872
403702736
403702962
403705946
403706406
403707272
403710533
403713036
403721536
403726385
403726724
403734627
403736196
403737345
403748866
403751192
403755168
403767827
403768581
403769400
403775625
403776578
403789825
403816454
403834961
403845377
403851780
403857418
403865644
403898658
403903040
403915904
403939344
403964291
403965450
403965989
403970240
403972424
403974672
403985412
403997776
404000777
404029588
404062752
404111456
404226588
404228370
404230496
404230785
404243496
404258954
404268033
404293700
404316672
404357127
404358912
404367488
404377616
404496418
404521220
404684808
404750521
404751690
404752257
404752594
404753176
404758828
404764689
404766750
404767011
404767968
404771588
404775248
404775941
404783181
404783494
404786752
404787848
404791346
404804610
404822336
404825232
404826656
404832777
404834436
404852772
404857089
404883494
404886049
404888704
404918352
404946965
404947336
404948482
404975616
405013073
405016583
405022856
405026048
405031426
405033032
405046305
405053956
405061776
405078058
405079108
405144600
405145857
405151810
405274740
405275788
405277189
405282947
405297184
405308688
405331976
405340864
405344280
405374978
405407816
405410050
405414416
405438624
405537568
405684228
405799528
405800971
405801376
405804097
405807874
405816848
405833748
405840064
405868674
405898248
405930308
405939232
405979137
406065200
406143232
406192768
406335492
406339650
406388769
406588416
406849559
406852121
406856206
406857028
406857904
406860929
406864088
406865030
406865672
406872131
406881448
406882500
406884680
406886944
406890000
406890505
406900756
406914076
406915649
406917382
406929793
406934592
406945874
406970400
406978827
406979156
406979488
406986789
406992960
406998017
406999554
407046274
407048240
407077384
407110290
407110929
407111976
407113220
407118432
407130145
407150976
407158794
407179400
407207941
407241762
407265296
407306560
407371834
407372226
407374944
407375941
407388708
407400704
407404833
407438096
407438339
407445636
407455752
407504016
407505156
407543810
407640066
407643144
407765505
407896372
407897633
407898760
407903248
407908392
407912461
407914530
407928977
407930114
407945792
407961824
407972096
408028232
408031364
408158278
408163072
408324096
408428624
408522752
408699008
408948834
408949136
408950796
408955906
408969856
408977923
408996096
409011488
409018440
409075905
409092136
409109508
409206948
409274384
409474560
409485329
409763904
410059268
410124306
410263553
410517768
411044145
411045028
411046721
411047106
411048088
411050641
411051267
411053136
411054093
411059600
411062322
411065856
411066536
411074900
411074953
411075296
411082826
411091468
411092995
411107463
411109474
411109908
411120000
411124746
411149316
411173402
411174405
411177060
411189321
411189510
411206704
411238608
411248648
411255328
411275266
411304483
411305064
411308298
411318304
411320341
411329280
411340032
411340932
411369764
411402264
411437632
411475969
411566163
411566980
411568142
411578882
411584704
411603976
411632960
411639856
411652100
411664897
411697448
411703297
411722752
411829776
411836484
411877408
411959426
412090572
412091417
412096772
412098582
412107394
412119104
412127760
412131616
412156680
412161056
412190848
412221601
412224514
412361856
412370952
412418113
412483856
412617248
412631297
412778560
413139526
413144084
413147233
413148680
413159553
413173800
413204754
413207553
413253696
413278340
413288464
413303552
413401536
413471232
413664290
413673728
413925385
414203940
414322696
414482434
414711952
415238914
415244568
415252832
415262724
415268902
415269953
415301673
415303296
415372544
415416448
415500417
415502416
415571970
415629324
415760968
415764640
415795216
416288771
416366608
416424448
416809988
417333386
417333509
417333808
417378304
417612800
418054144
418383936
419433010
419434736
419435394
419439754
419441697
419445000
419446890
419447303
419448857
419452161
419459108
419464640
419464713
419467278
419471441
419488002
419498243
419501188
419504480
419504664
419512596
419529284
419529762
419534864
419545224
419562312
419565635
419567120
419571732
419578892
419594501
419606656
419627649
419645504
419695760
419696964
419699201
419700869
419709344
419718208
419726096
419733544
419743748
419758129
419758274
419759368
419824164
419825674
419954982
419955800
419956904
419964420
419964994
419973888
419979408
420008000
420020237
420024864
420085956
420102177
420121600
420151314
420249603
420356352
420479273
420480100
420481158
420483093
420487840
420488464
420495553
420499976
420513864
420548096
420610200
420616224
420643330
420757522
420818944
420873217
421008386
421036080
421069184
421265984
421528212
421528595
421530884
421532712
421540416
421562497
421577248
421601286
421658928
421666825
421675138
421791840
422019072
422052161
422052362
422134784
422318208
422602752
422613248
422641744
422838284
423624867
423625100
423626306
423627088
423633665
423637010
423642160
423647360
423692324
423788640
423830528
423886921
423924736
423969280
424182400
424284168
424411156
424714244
424738826
424820992
425199617
425738308
425754648
425791489
425855488
425984258
426254368
426771584
427819068
427820832
427821125
427835984
427851922
427855905
427862528
427888712
427909121
427952512
427958306
428081800
428082182
428232704
428344449
428347664
428673024
428867906
428917760
429064196
429400072
429922306
429932808
429981856
430048320
430186512
430473220
430965249
432016392
432017924
432021696
432111872
432144401
432553986
433324064
436207943
436208104
436209304
436210068
436213072
436213251
436216402
436219648
436224147
436226092
436228704
436232457
436242950
436244536
436248737
436252932
436257664
436257864
436273206
436273953
436274562
436279456
436282408
436283397
436291076
436297920
436305931
436341828
436344850
436347921
436359173
436372033
436387874
436420632
436437124
436469902
436474388
436476936
436482113
436502628
436504593
436511746
436535880
436543760
436588544
436600873
436601602
436619392
436733987
436736776
436742168
436748592
436753536
436756486
436764880
436766240
436801602
436863361
436864010
436875296
436931072
436995077
436996416
437002880
437259393
437266528
437268624
437272660
437276930
437297672
437325836
437354816
437387458
437387824
437389576
437425152
437519648
437535233
437585922
437657604
437780553
437780644
437831680
437847056
438305442
438307888
438309060
438317066
438323265
438403600
438436364
438453504
438478848
438501472
438591520
438599944
438632577
438838336
438865921
438894852
439091218
439353617
439354374
439360000
439369864
440402033
440402565
440404042
440407076
440408321
440410402
440420880
440438914
440480256
440503296
440541320
440566032
440665280
440680708
440958988
441073728
441253920
441476096
441647105
441712664
441975298
442499904
442500105
442507284
442580994
442896384
443025536
443580448
444597516
444598793
444604964
444606594
444613665
444635200
444653584
444665873
444680448
444732032
444735808
444858544
444874818
445056000
445153538
445186184
445251604
445644842
445646400
445677573
446435328
446693464
446697760
446727296
446824451
446957572
447234560
447815680
448791570
448811016
448856132
448923680
449085952
449323009
449839488
452985114
452987584
452989065
452993100
453004290
453018644
453019936
453051457
453117088
453140992
453185792
453251106
453378128
453509649
453515268
453615616
453787656
454034180
454041603
454115360
454328448
455082021
455090560
455102480
455114818
455149576
455345664
456785920
457179688
457228289
457244816
457310214
457451520
457704704
458231872
461386752
461389956
461439490
461537288
461635841
461897824
462424080
469763384
469765649
469768244
469768323
469771144
469771337
469772330
469774658
469780741
469782609
469782668
469787156
469795416
469800080
469803015
469805328
469811241
469811394
469827738
469828036
469828769
469830662
469832197
469853440
469872648
469879296
469893171
469893766
469895392
469900032
469914656
469917825
469934624
469992512
470026048
470032592
470032673
470040614
470057601
470057996
470091785
470093920
470122754
470155333
470166528
470171912
470221328
470287024
470287107
470291716
470295570
470311008
470321217
470323234
470353416
470354208
470384660
470417744
470425612
470435842
470487168
470548554
470550660
470569472
470810894
470813250
470824448
470827808
470828035
470829200
470846496
470847556
470880528
470884388
470892616
470942217
470942740
470974848
471072936
471130112
471207938
471336128
471341064
471597073
471860772
471863561
471863826
471869508
471871648
471878664
471892320
471924803
471941168
472007232
472023050
472121620
472122498
472160256
472400256
472515585
472719360
472907909
472915992
473106432
473465344
473956460
473959808
473961152
473961482
473973010
473989892
474022434
474030097
474089496
474124289
474169348
474230788
474236992
474251312
474480777
474491392
474530816
475005249
475013250
475333632
475660320
476054608
476055585
476151936
476193024
476316168
476577798
477122560
478151074
478153032
478155304
478168132
478184962
478204160
478224960
478282888
478294032
478316548
478347521
478414866
478417921
478494848
478674981
478691352
478716032
479199344
479209473
479461892
479789058
480250496
480272386
480280593
480313356
480641056
480776256
481297664
482345108
482354208
482361857
482416640
482476098
483131648
483426312
486539350
486539665
486539873
486541836
486546496
486557312
486572196
486615168
486625282
486671618
486719504
486735912
486805528
486810114
487075841
487096584
487326752
487686145
487727168
487852288
488128516
488636616
488678400
488702720
488771588
488914945
489162768
489685026
490734597
490737952
490758152
490768386
491126912
491323456
491782672
494927883
494936324
494946336
494994448
495222848
495583744
495980672
503316509
503317602
503325828
503333386
503347200
503350529
503351432
503384144
503447844
503451720
503521282
503581216
503583104
503596048
503841348
503922689
504266752
504369185
504397842
504431232
504897792
505415938
505422337
505462788
505484288
505544848
505937960
506724416
507527328
507551808
507576584
507643392
507772931
508039184
508561412
511705281
511705872
511709190
511803424
511975432
512232448
512901120
520101936
520110400
520131072
520226817
520421380
520618114
521143304
534773760
