87344
88768
90211
90268
102508
102547
107968
109104
143413
143562
157264
158112
169632
170320
180282
180421
275344
277600
282713
282790
303190
303273
312160
314512
458767
458992
462592
520192
729729
886849
934945
1083154
1083421
1083618
1262722
1380674
1639685
1640970
1704019
1704108
1725184
1747968
1836736
1837360
2105883
2106084
2108692
2150932
2525220
2687824
2690208
2754054
2754825
2883690
2883733
2910720
2921728
3211318
3211465
3225088
3262720
3278176
3279504
3408652
3410947
3687448
4211735
4211944
4213528
4240408
4425864
4530760
4591912
4784185
4784326
4798720
4834816
4851088
4852320
4981507
4983820
5309344
5311568
5375497
5376262
5505125
5505178
5530880
5544448
6358282
6359557
6422620
6422691
6446080
6464256
6555184
6556096
6850578
8323072
8392990
8397901
8398002
8399682
8406916
8407179
8417832
8421927
8422104
8435844
8442946
8917472
8920577
8937745
9248804
9339010
9635873
9781776
9835524
10716176
10819592
10879553
12784130
12986384
15732993
17176705
17179170
17187092
17204296
17311751
17356808
17531168
17630226
17842254
17842353
18026520
18186372
18881312
18932768
19073090
19210497
20447618
20971890
20971917
20975234
21317664
22549536
23609409
24127496
25232992
25233808
25251845
25272330
25298179
25299468
25452736
25464880
27000841
27930624
30588928
31719430
33886753
34098434
34124290
34277396
34480448
34603307
34603476
34606628
35014664
35680385
35684465
35684494
35856424
35980356
36048914
37961985
38142596
39354497
40370468
40911362
42020944
42057888
42074928
42077376
42098694
42110985
42206730
42207493
44630019
45391872
46944256
47251468
50397958
50400265
50483296
50503824
50595232
50596432
50606092
50642947
51994624
53608453
55181322
56725504
59774978
60817736
62922785
67310657
67313938
67322404
67643168
67977600
68026904
68162160
68164992
68215424
68583681
69206456
69209672
69566978
69608576
71311406
71311569
71356449
71634964
72876360
73929344
75563785
75566086
75649168
75669600
75760976
75762336
75771907
75808780
77172736
78774282
80347141
81879040
83964064
84000848
84018112
84020272
84041737
84054022
84149765
84150538
86573068
87314432
88907776
89194499
92815874
93323556
94404737
100730512
100731232
100749322
100769797
100795660
100796931
100950064
100962496
102498310
103464960
106049536
107216905
109586440
110116929
111154208
117449794
117459076
117473832
117969153
126287872
134268169
134758516
134777728
135311648
135595048
136319047
136515968
138821698
143343624
144720162
147161344
148381698
151000272
153109128
155395072
156238356
159941636
167778472
168108162
168296973
168829969
169050624
171444288
171971392
172000290
182452368
201356292
201852042
202393618
203434017
205555780
230690824
269488773
270549037
270549202
272138784
272662603
272662708
272958593
276859944
277020996
277881224
278415364
285745240
286263617
289435650
302049344
302317848
302523524
303043656
304088833
306190353
327173136
336074786
336102417
337654080
342885380
343941652
381681922
402731017
402767878
402785034
402787333
402915379
402915532
402938112
402957824
404291728
405954560
407539712
409010272
415252993
421560592
427950240
481034240
486607360
503447632
