190048
197453
643601
820870
1127461
1542432
2117148
2965604
3313748
4468036
4539529
5388808
5837248
6300369
6346912
8417484
9481360
10949634
11045696
11796869
13132065
15729768
16870272
17195029
17315952
18155088
19269832
20578849
21628178
25264353
26806284
33730945
33888404
35136276
35947569
36799112
38342176
40256256
40374285
42059012
44181540
50548776
55844898
58729993
61358224
67214408
67420624
67787012
69738666
71700577
72386305
76022869
77774857
84938905
88621640
92556320
93462848
102106124
103811139
104887312
110661664
113248648
117606928
118292737
135269092
138461255
141271040
142821456
143136899
147099672
151036204
167773402
168585224
185605376
202457354
203428656
210051588
224396420
269227304
270049353
276563984
277217968
278995224
286441602
287327553
297800452
302008626
302068290
315817985
339836980
354725888
369115781
405013003
412632576
453640260
469904385
