1044720
1172206
1526599
1619127
1973534
2281950
2390135
2852743
2960942
4384955
4501997
4935197
5052235
7828002
8311940
8508539
8883501
8942301
9317259
12300562
12445764
14383240
14536993
15184968
15655441
15732720
16711695
17508574
17711799
17856369
18582185
18656098
18935272
19095140
19798617
20350138
20517333
21432276
21490440
23356573
24231552
24251725
25051504
26021298
26050049
26304923
28629776
28837675
29041888
30044994
30075940
30413543
30487852
30593053
31492222
31769923
32026763
34018542
34439543
34660056
34844052
35464617
35699633
36128089
36460434
37102309
37308538
38669938
38714625
40014443
41159451
41359568
41477920
42666980
42718984
43554925
45158029
45251904
45974192
46510978
46521364
47203518
47476811
47762051
48243159
48357421
48380444
54642353
55064296
56333378
56451604
58902897
58997208
61302914
61772068
67834299
68060381
69012440
69056260
69668529
69721346
70958120
70964033
71359346
71542625
72230310
73699991
74465771
74762796
75001886
75546340
76236118
76307816
76650654
78652541
78723651
78831751
80102106
80292021
81063296
81268302
81465968
81884944
81922855
82741472
85226694
86106422
88201417
89267082
89671557
92582457
94514458
94932501
102376987
103434637
105195854
108794929
109397543
112427464
115085764
115573810
117589986
117953156
117976436
118339602
118808845
119067056
119632907
119715024
121670955
122048787
122372142
124289880
124854456
125835085
126461068
126754887
127016097
129253585
131173124
131991576
132390402
132842113
134685307
135088365
135990641
136048130
137234408
137263876
137722904
137749377
138444244
138906278
139243160
140665966
141564093
141676615
141702531
142665650
142826385
143465046
144204135
145785563
146059310
146326812
147199093
147423722
147916567
148028192
148718800
149163406
149365168
149478976
152405581
153426219
155879703
158548680
160044686
163326001
164841522
166470340
169005622
170440902
172519737
173088298
173296933
176350409
178333514
178555717
184650706
184819380
185327940
185496610
185694432
185776139
186966640
187224589
188754829
189159500
189599879
190917713
192446689
192957979
193429534
193569315
194266024
196219000
198639937
198716674
199378692
200082472
202557924
202652082
203540180
203961970
207065368
207513665
212558376
212702337
218271352
218620945
218635233
218984840
219164199
219763219
220074029
220220238
220637324
220954699
222409230
222458544
224939170
225715976
226165780
226809863
227076304
227681108
229723393
230556034
232030388
232853714
234966456
235153361
235657249
235844168
235964302
236404875
236541004
236985623
237412643
237838365
239391968
239657991
241243044
242388481
243073602
243380592
243429646
244616274
246876196
246946568
248652002
250101876
251658495
251723520
268439423
268955663
271830209
271918802
271927732
272243170
272270964
272380728
273771874
273835928
273910362
273981025
274242452
274474325
274807194
275302757
275875129
276310729
276762368
278017642
278185621
279026536
279092882
279135658
279209828
279473553
279714469
280119865
280237513
281264948
281351864
281381329
281684344
281691873
281820354
282232262
282339894
283200198
283645238
284225648
285389734
285629829
285793366
285845274
285906281
288710761
289039622
290009203
291840775
291999905
293361667
294043884
294997006
295538776
296985100
302084950
302312614
302344857
302406442
302624325
305502726
305827993
306823388
308972558
309223592
309547276
310784179
312087303
312172625
314352643
318871837
318924333
319067787
319318347
320324896
320407206
320748160
321259862
321636880
321729856
321928242
321962948
323395673
323594656
324141493
324274410
327571024
327766185
329319029
329778394
331559108
332185650
335707225
335981333
336126889
336158346
336226918
337035379
338243820
342170637
342319188
345342731
345858210
348491878
348822025
349393923
351052044
352401045
352635290
352998172
353021059
354176560
354626496
355512650
355521573
356719920
357608476
357913408
358293769
358515206
358680170
361531328
362023269
362828675
363179040
363534342
363742217
364935210
364962373
370520257
370935959
371393182
371576888
373993524
374080109
374557344
375145738
375415347
375784643
376017155
376452676
377686123
378196162
378562764
378967052
379126076
379790597
380381776
380684578
382744849
383829640
386991443
388236716
392190100
395354770
398861088
399068224
402767017
402969433
403019158
403090762
403265317
404107484
405389491
409617163
409899090
412757005
412848292
415589641
415916182
417092108
417572867
420675950
421191736
422211777
422315111
423822491
424009922
424876549
425465248
425759948
426115644
426338316
426821138
428175412
428605853
428904755
429285891
429459651
430146896
430737930
430979460
433113416
434124321
436353381
436558915
436577068
436782698
437458880
439127344
439382666
439412757
441207744
441492291
441918470
442129424
442337289
443025045
444804656
445778330
446716972
447156745
447390592
447561990
448836634
448844165
454560348
455215779
459297122
462464100
465996928
466162448
469854599
469931591
470050334
470325550
471246496
471441494
472273062
472471888
473116721
473743560
474352041
474727808
474823200
475071717
475529914
478661184
478742105
479081744
480381141
480510330
482358216
482397233
490085440
490308384
490998355
492872081
494996140
495998104
506872592
507063424
507643228
509651048
512230819
512774753
521076848
535822343
