1815865
7453300
8747599
11454582
12896059
15693058
17668588
19278805
22832600
23565985
26433178
28894371
35413673
37219472
41308644
42111455
44639206
46345387
48799378
51016316
55299848
56655153
57262293
60079370
64290942
67753863
69363134
71854835
73652426
77011185
79473352
81175941
87312747
90064422
95061533
101596183
103124526
105873763
107230042
110162785
112935256
114380309
119134258
120795523
130507456
137632990
140383123
141926826
145413032
146857189
148514909
154242835
155729734
160910660
165081136
167592457
169362807
175262266
176939539
179124280
179739141
183272780
186525922
194029268
198253472
202230873
203849312
206336301
208126740
210961199
213430550
217648226
219930764
221270709
222501948
227387168
230773075
230986382
235546569
237082096
253496092
259392593
260228202
270069278
271801383
273069166
274289514
275964243
279810897
283913765
286180043
287666418
291818886
294653373
298954953
301597424
304022926
309660355
310495992
313161921
314603404
319367515
320291633
321035106
325264918
331109396
337300960
337723033
340472276
341869549
345261014
346546217
354197621
355930700
358423809
360869635
365332824
367550542
374135364
378082413
378775622
382866738
393299112
394626195
408766644
411187894
413763727
414590744
415467458
420141333
421620524
424371297
425776728
429135459
437984848
439397481
442147620
443617565
444977446
449080402
453849733
455508156
466763911
472196423
474950154
476354611
505961738
507636097
509116634
515637665
523559426
532685369
535531520
