3805560
6217794
6334416
10060182
10818225
13126113
18285102
19693773
21728520
25334595
25354424
35477640
35695659
36643860
38144601
38966436
42223302
49496832
50408325
51922481
68187042
69654024
72090810
74520583
75632436
80027980
84817953
97815168
101335311
119654480
128456064
135510544
136471141
138527371
138695957
143348770
151002856
158933152
161745178
168308947
194644036
201911428
216694801
236224865
238027420
255993346
269756660
270615980
272834867
277334021
279587458
285586562
289944092
300287072
302153024
324010442
335583641
336791233
355639556
375677057
378110504
378933266
402818142
412624137
414240960
420299584
448859280
455282697
475154472
494928039
