3650873
6140574
9027027
14421994
14924404
17529423
20238289
22988918
23166440
25872187
28668581
31421698
35363308
38677461
41000523
44489485
47158945
49292095
52909722
55398717
57861283
60382832
63761481
67496759
70934185
74443920
80864378
82727396
84316639
89334758
91002488
92744875
95983925
97689234
99429132
102134396
103401442
111704726
113409329
120241418
121682605
127186400
128647294
130090969
135518087
138831294
143813363
147314890
150498644
152087919
154081521
155524950
159034056
162440581
174737771
176288696
180241958
188514746
190219805
191443843
197537895
203308055
206278190
208944048
211779939
211825917
214578010
217417412
220394337
222885062
225919320
228806165
231295410
235775324
240654181
249145873
254896682
258267155
261055168
275389662
278206591
280892307
283877802
289199119
290902952
292120118
293788901
300473154
304887724
309953941
311574342
313363160
318257377
319879386
321867076
323308259
328287662
330231856
335233545
336457961
338838903
344739229
347338755
350636602
358299704
358911398
363889387
366642508
367341778
371091874
371317820
376729093
387781450
388146900
390635891
396565408
399055879
404474969
405043655
407797344
412774701
413516979
416269076
418412170
421050033
421987119
426946838
429460421
435358818
439869580
442651317
445245542
456432228
459352157
462066318
464856848
467703081
471214025
472486487
474191344
477896814
480784163
487939361
490794776
496296021
499208812
503692930
507120412
508562619
511968246
518915153
520537194
532204672
540208670
542697913
543644711
546105076
548623210
551113933
552001875
556897526
559649617
560211663
563059740
567946789
572441291
572618581
575369458
578078060
583716230
586512408
589150243
589434301
597427543
597930185
603325168
608109966
619383491
621005560
626424001
629307276
633192978
635990059
638789979
640457925
642161506
647140399
648880561
650585622
653824904
655381427
658891146
662328340
673790270
675495577
679250695
680997332
683836397
689305160
690635734
697584444
700578053
704976363
706141360
708485237
709928914
711922252
713336991
716905729
718346918
721841923
728524964
739993392
740610734
743363849
745627799
748345924
756555224
757573702
765042860
765859122
768348821
777866306
780747535
786646184
789283987
791949581
794919732
803225152
809170368
810611303
814021930
817580212
819023635
822491830
825855784
827558031
829177105
830965698
834155100
837648485
841575563
843279148
848782433
851629656
858396259
865345161
868330672
872983502
876027472
878881897
881399482
884384548
886875267
887296285
889966886
892626104
895604353
898264146
907752069
908363547
911114428
913388834
921733206
924338285
933642375
936134432
944448839
947163353
949955082
950050708
952801331
966545634
973934133
978893836
979831186
982299457
987300216
993116483
1009568112
1016250778
1018000388
1031405985
1036257611
1040246181
1047192066
1048664273
1065493049
1071091712
