32600
101935
786941
1805248
8155328
12324400
14934021
51871800
65012163
115355704
117567872
130190848
153657956
153699602
153753737
155502666
155521825
155591828
160470097
160508172
160580258
170169612
170207394
170279505
173056786
173098121
173152356
176736545
176755348
176825418
204523668
204542538
204612897
206083234
206121041
206193420
210018953
210060388
210114834
288408329
288429220
288499794
289970452
290005642
290079841
293905698
293947537
293999180
304653457
304695372
304747298
306496164
306517074
306587913
311466122
311501409
311575828
337942625
337978132
338052234
340829260
340871458
340923025
344506962
344528137
344598692
402681911
521929024
556044946
556082249
556157220
558934177
558973524
559027466
562611340
562632802
562701073
573621346
573643025
573710988
575181385
575218980
575293586
579119188
579158794
579212449
606644490
606683809
606737492
608486673
608508044
608576098
613454628
613491858
613566537
788725767
819724295
939526086
940552192
954227712
1023412792
