2643
5088
8590
12835
16756
17795
17994
18616
20495
23076
33605
34982
37528
41107
43208
50213
52304
57634
66589
66898
68358
69160
70856
71825
86608
102442
104768
107392
137512
139557
142432
156480
164940
168454
180776
196875
214064
215424
262616
264269
273160
279177
287936
297264
299092
302088
320016
329952
333057
335894
344360
360996
395040
400000
401464
426051
487424
491656
524517
525672
526032
530544
542981
551944
565289
590228
590467
606732
658192
668688
688514
710656
755200
787718
789633
807072
829444
852800
1052761
1059152
1065109
1065752
1066656
1072384
1077314
1082816
1091080
1114444
1127456
1146929
1151108
1181857
1185344
1196294
1204360
1224960
1253904
1319520
1344546
1359944
1395200
1585792
1606432
1654880
1708066
1835525
1837080
1859840
1966272
2098330
2103048
2108048
2125848
2130344
2143360
2167814
2174208
2187424
2196576
2211860
2228788
2229521
2232402
2244801
2263064
2296384
2365700
2375814
2424913
2426496
2498944
2627720
2629936
2638090
2704385
2752525
2753696
2793536
2884136
2895874
2902080
2917392
3147880
3154179
3178510
3179088
3205120
3213330
3424304
3506432
3543048
3673600
3674432
3743752
4202722
4203531
4204565
4213440
4223360
4227213
4228272
4249088
4268184
4293896
4311072
4325961
4343826
4391584
4398080
4470848
4473880
4538373
4587534
4629504
4728576
4730916
4739144
4753928
4755459
4784417
4857985
4915280
4985360
5113888
5243300
5245488
5254272
5279840
5308938
5375016
5378192
5505155
5808144
5915136
6095872
6296196
6296609
6299976
6327300
6328592
6332960
6374144
6553890
6586560
6621192
6832272
7357504
7473408
8390151
8390940
8395336
8397338
8401104
8413288
8425088
8430849
8437830
8438160
8455584
8464432
8466696
8520584
8530052
8541192
8552800
8651876
8663045
8671552
8691872
8766464
8918560
8931362
8962561
8981568
9015312
9048129
9109544
9208072
9322512
9438018
9441584
9462800
9504904
9543744
9586752
9701382
9704576
9863680
9961491
10093824
10488256
10495552
10524704
10553349
10584584
10682512
10747915
10748688
10882048
11555328
11567233
11673632
12582966
12587176
12615768
12617986
12650000
12715200
12726784
12847248
12861984
13041920
13197312
13369410
13901832
14161920
14749760
14860288
15205384
16778438
16779666
16786992
16801861
16818204
16828419
16830512
16844888
16851296
16863492
16867338
16913411
16917768
16920736
16951808
16958592
17006864
17039530
17056514
17188872
17237056
17301827
17319184
17337376
17338560
17373696
17376384
17432728
17433184
17563700
17571912
17661954
17699072
17829910
17842465
17860872
17893120
17959952
18094112
18120848
18355208
18368640
18874608
18877216
18878508
18923840
18939939
18974848
19141184
19300384
19400710
19423744
20054656
20194304
20973068
20973892
20976720
20981800
21070400
21139464
21236738
21242128
21303424
21544964
22020296
22102032
22151173
23069201
23070080
23091200
23273472
24641568
25166213
25181184
25184784
25203456
25240068
25247936
25296945
25432088
25462848
26214952
26222722
26415104
26738756
27280416
27295762
27394120
27853056
29376776
29885056
30442496
33555064
33558336
33561760
33562905
33572108
33581062
33587478
33600064
33603808
33624581
33628227
33655312
33685639
33687760
33695360
33706256
33742849
33755232
33761288
33816929
33827856
33829000
33898640
34093312
34103376
34144282
34152992
34193664
34214408
34242608
34346048
34374272
34604169
34611376
34623528
34636291
34640912
34669248
34670880
34870016
35013632
35162176
35651686
35654659
35660840
35669520
35704834
35721600
35733576
35801120
35816192
35946501
36110338
36176449
36964480
37749648
37754904
37773832
37782594
37816450
37823492
37888258
38029568
38043688
38273542
38290464
39026688
39059476
39321864
39911472
39977096
40906752
41943713
41994248
42008660
42091010
42111104
42206728
42276864
42344512
42467528
42508290
43002368
43122712
43778080
44065024
44566544
45155328
46139488
46142720
46202889
47202432
50333733
50334344
50336072
50409488
50416640
50618400
50627840
50725392
50856352
51381344
51397124
51707905
52043776
52439104
52560900
52985864
53477648
54530592
54567040
54673472
58720270
58721424
58818592
58853632
59265024
65273856
67108958
67121936
67122188
67130512
67162376
67182725
67183176
67188738
67191876
67216400
67240368
67241496
67244228
67273345
67276032
67371714
67373315
67373588
67375142
67422336
67518560
67635872
67666256
67667080
67717136
67766344
67838208
67903632
67913216
67964936
68158092
68161797
68165928
68174401
68196864
68206610
68321316
68355200
68560896
68691008
68747270
69209136
69210243
69218400
69224968
69240898
69271832
69337130
69362688
69439488
69469256
69740545
69779488
69796032
70271360
70320672
71304468
71304800
71305608
71307586
71360576
71368723
71516168
71598848
71639072
71827512
72419392
72634368
73408518
73793552
74448905
75497625
75522688
75530800
75535424
75563777
75583520
75634704
75669512
75694146
75761704
75768834
76026240
76546272
76873744
77086728
77594916
77611088
78250496
79711232
79790208
80216069
83886603
83887394
83888321
83912960
83918952
83952272
84025424
84038144
84084768
84149253
84193280
84410636
85197120
85491713
85991560
86017536
86327296
86511632
88096928
88115216
88736768
89137664
92341256
92668032
92807200
95422464
100671936
100680480
100685888
100706336
100729000
100730370
100929553
101023808
101056772
101204097
101224452
101714948
101801984
101974026
102236688
102793360
103031296
103286016
103940160
104991232
105120896
109184032
110133504
111153160
113254416
117456920
118228992
118493312
121700608
125829696
134221877
134227032
134236488
134239328
134252304
134253152
134266905
134286468
134300193
134308112
134316039
134349032
134354304
134358022
134368768
134381716
134418456
134463552
134480560
134484161
134493696
134502416
134521152
134742409
134758422
134763264
134819904
134840480
134897696
135136264
135266514
135268363
135269248
135280644
135336194
135349256
135531584
135602304
135659792
135791176
135791664
135989248
136089600
136317012
136349953
136351816
136364672
136448130
136454664
136511776
136587296
136594688
136905232
137367712
137528320
138413698
138415392
138424338
138451072
138478016
138488320
138678536
138772496
138821760
138937412
139510016
139599936
140509251
140525608
141168640
141820416
142607402
142615328
142667776
142676608
142738000
142803969
142934088
143003680
143148160
143395328
143689744
143720484
144708624
144785410
145227872
145752328
146833441
146933768
147325200
148906112
150995256
150995494
151003840
151015560
151098368
151132224
151290376
151324928
151521297
152048129
152084512
153095176
153104640
153239568
153878656
154206272
155214848
155321088
155451488
155779080
159384896
159385760
159391753
160071680
160710656
167782529
167805066
167809312
167838472
168051264
168100896
168200192
168296483
168298508
168300688
168427840
168820805
168830208
168952352
169870528
169875968
169975808
170131480
171458560
172052480
172098576
172761088
176164930
176177200
176194052
176423296
184582224
184746112
185075200
189794304
201331240
201335968
201351171
201392240
201426952
201459717
201605132
201785856
201853954
201892352
202113312
202393632
203424576
204480528
205537808
205684738
207093888
207684608
209715334
209725504
209862912
210765312
212107264
218136960
218365970
218644544
219283464
230690816
234883344
234931200
235024384
239075400
243859456
253755424
268436266
268438542
268439730
268443152
268446112
268449088
268474373
268476528
268487424
268519433
268527104
268583000
268604448
268636928
268640448
268701800
268731968
268734848
268763672
268779586
268828693
268829826
268831040
268963910
268964120
268970560
268976576
268976688
268994704
269058120
269091460
269099018
269231136
269485140
269490368
269492262
269550595
269617672
269747464
269758480
269942816
270008488
270058496
270533320
270549011
270552192
270553376
270566658
270678016
270730248
270835720
270942720
271094272
271124512
271581956
272236560
272630309
272632897
272646282
272697616
272699404
272736258
272778496
272794128
272900736
273159296
273702913
273975296
274736144
274858080
275513348
275841152
276833416
276890208
276963600
276971680
277055488
277112832
277381156
277676160
277872653
277873296
277875744
277909506
277954816
278921272
279052294
280232000
281026628
281038864
283118080
285213520
285225480
285231200
285237392
285246112
285246481
285278600
285496320
285778176
285933569
286337024
286425152
286786050
287574032
287835200
288374792
289473568
289540224
290459904
293733888
293863712
294127624
295702656
297795587
301991216
302011008
302089344
302202884
302254624
302326016
302522373
302648320
302792712
303046728
303056912
303169920
303632384
304089352
304091156
304095362
305168416
306217217
306581504
307234304
310390816
310395968
310673424
310903552
318773250
318898216
319029440
320930304
323485712
335546240
335554584
335561222
335561768
335577123
335642884
335679497
335684128
335823120
335875072
336097280
336494592
336633984
337119488
337641541
337903776
338695168
339738832
339744800
340328960
343933256
344199680
344458256
346103808
349306880
352391232
353370160
354550016
356777992
360759296
369132040
369229842
369623136
375406592
377489536
385885184
402697216
402726952
402784771
402786352
402817288
402917512
402964512
403244288
403439696
403702112
403800576
403853312
404750736
404751904
404774976
405082112
406852160
407390208
407896088
411048192
411058696
411074752
412622848
415499264
419831808
419958816
420480128
425754624
427884560
436212744
436216336
436275264
436469766
440402080
446693377
453001472
469798928
469844096
469894208
471072769
472383496
473964800
486541824
536871574
536875283
536876088
536879784
536880528
536904010
536918032
536937264
536952870
536963136
536969424
537005192
537014344
537018897
537067589
537108512
537137676
537145632
537152544
537207816
537313536
537331728
537433344
537452672
537463048
537543744
537596032
537673731
537690208
537797120
537923976
538020864
538050672
538183184
538251328
538454048
538464272
538607624
538975296
538985056
538986768
539018248
539037705
539042306
539234448
539265536
539492440
539493248
540017700
540025024
540229632
541072128
541074000
541130856
541148288
541196323
541196568
541216772
541231168
541328704
541592592
541851784
542113862
542132232
542147200
542187776
543162629
543164576
543294976
543449088
543784960
545277696
545280129
545292309
545341464
545391634
545393184
545522241
545783984
545792320
546309192
546310401
546357280
546898432
547366920
547492096
547684384
549463072
549752832
552599568
553653888
553690176
553779648
553845256
553912452
553926736
554176517
554188840
554205712
554699328
554704913
554762400
555089922
555811856
555878401
556007688
556830720
557875488
558374914
562040928
562069640
562192384
562824192
566298624
570455040
570459680
570460544
570523660
570623232
570689602
570818720
570950786
570968576
571212048
571490624
571611136
571777024
572661776
573050912
573571592
574623936
574668816
574947840
578814248
578818576
578887808
579092484
580943936
583663616
587202610
587211520
587792448
589316224
591397889
603979821
603982176
603991552
603996360
604004400
604016800
604049428
604094976
604119170
604274712
604307840
604378112
604508674
604570656
605030544
605160192
606118144
607911936
608186369
608715008
612927488
613425156
614466688
616563208
620763144
621019680
621822976
627048512
629145872
637535312
638066696
639698944
642777120
645922819
654475264
671091224
671093060
671097349
671105440
671139844
671155776
671160352
671230208
671256577
671384704
671615168
671940612
672154114
672399400
673185932
673218608
673579072
673719296
675323912
675547137
675807776
676336640
679575808
679747600
680005640
680657024
683688000
687865987
687997984
689438976
692060180
698352128
704651360
704708625
704790536
706740482
713034752
721686528
738198792
738852880
739278912
740315136
755048448
771752576
805307490
805307525
805316611
805331204
805341224
805359680
805374592
805666817
805832200
805904400
805962016
806098944
806359584
806387984
806495232
806633600
806879297
807469376
807567488
809762864
811601922
813697104
813736448
813765632
814088200
816332800
817889664
822086912
822116358
822218768
824188960
826294784
838860952
838877217
838992448
841221120
843057156
865075200
872564736
872685632
873529352
874512912
876643328
889716864
905974016
939536512
939541520
939787008
942671872
943915008
956301384
973635584
1015021600
