251226
256682
817749
832933
3392263
3947534
5594320
5919600
6319564
6331187
6762602
7258261
7735641
9463603
9477836
10170522
10338405
10855344
11185376
12125865
12831757
13382411
14222934
15075750
18159787
18228664
19235421
19482065
20078120
20491073
21158337
21258970
21732386
21794441
22563095
22880817
23192598
25258165
25369369
25736760
26121028
26505606
27403918
27740360
30941548
31113858
31605859
32126996
35031777
35275181
36248184
36316251
36810008
36984705
37917813
37955369
38041912
38626180
38869326
39552200
40415814
42067649
42429458
42504682
42749257
43178022
44336679
44962097
47286419
47526948
48501404
48611650
50344909
50383931
52105795
52249628
52896131
53381164
54611556
55056274
57714336
58887572
58993506
61888848
63111230
63701191
64376841
65642505
68260309
68365702
68712130
69102625
69396788
69506234
69952328
70010646
71648423
71928500
72488475
72843570
73519753
74613356
75116929
75833694
75897554
76855321
78154125
78451908
79173731
79348760
79865666
80239908
84395664
84562099
84582620
84752784
85579848
86422049
88503364
89129955
90899973
91507332
92922146
94243082
94375036
95496722
97588616
98862353
101096707
101291788
102277675
102914125
103892082
104079844
105162894
105964805
106746016
107351600
109138455
110693312
111179018
111390800
113394136
113779889
118097254
119020677
119702298
120610969
122208849
124522824
125974696
127108129
130390528
135386676
135762824
135817338
136088358
136471269
136519238
136624578
137206801
139011554
139072174
139740749
140388548
141063209
141829267
141936680
143017332
143296599
143843657
144779563
145441330
145834396
146092609
146889602
147107348
151415564
151612931
152151181
153375003
154306738
154669780
155361575
156285450
156463264
157681600
159929422
161025328
161536517
162324560
163676904
163846257
168120556
168140915
168544608
168703584
169439505
170321032
172413458
173018300
174917130
175248674
176797828
177670405
178258899
179864900
181946913
182594120
184879766
185680682
186920005
187732073
188822616
191055889
193249697
194781832
197813504
201342007
201376718
202525585
202644840
203523937
203959960
204669131
205258813
205985820
206455107
209276934
210445356
210600579
213295110
215001504
216028752
218761833
219296082
220775588
221603072
222448778
225191970
227025685
227754564
230723734
235210137
236243028
237056674
238721536
239342373
241402244
243371082
245109778
247488614
268436991
268645174
268647625
269271865
269274310
272016976
272193952
273720220
273722467
273899605
274501722
275069189
275319491
275433738
278251018
278268476
278541829
278942572
278944915
279154853
279732394
281433760
281651536
284225584
285148416
319133024
319449744
321913653
321916106
322121740
322748419
324404742
325079206
328245334
329844998
352386816
352650156
352652371
352764010
352923749
357933248
358812000
362546784
368050191
369124924
369125827
369338885
369908234
372899990
374356560
376007680
378954496
379636384
382009449
419468995
419469628
419648773
420259082
422903910
424723792
426349312
429300736
429929888
432668825
436613269
436846746
436863836
436866211
439380486
443287952
445843088
447369408
448828681
470116960
470455696
475597065
476094553
479219881
480642569
482345786
482348229
482553859
483180556
521076784
537219939
537242732
537549980
537568147
540216373
540430422
540647590
540804042
542128805
542164394
543372944
543582723
543593740
543999584
546519392
546925068
546936067
547146128
547370325
547408474
549651397
549888169
550064217
550243386
554838095
554890257
554966804
555847554
556286511
556331400
558137844
558842152
562107634
563029057
569477188
569643554
571625282
571769119
571798088
572593295
572651553
573058852
574761202
575608961
579355380
579830296
586302596
586686738
587448518
588001334
590712976
591028320
592881920
593496489
596641369
598300160
599800835
599835404
605102840
606016036
606357745
607094850
608259864
608732239
608761874
612503855
612561540
612642689
619790625
619979848
620782953
620796518
621098506
621136133
626020412
626658384
627638426
630587541
631283907
631899040
637752736
637929164
638126387
638362960
641010185
642998282
643865792
647009072
648830981
650775046
672695537
673137794
673321464
674177300
675357215
675410244
675815233
679644968
679757967
679801890
686981649
687347848
688106064
688260659
688458188
688675488
691668233
693932037
694182704
697330880
698585098
700777734
704669078
704682649
705313034
705349125
709906627
710214480
711524453
714473578
715169852
715459744
738443321
738996425
741356300
741395459
744072704
744491350
747636390
749099264
751132816
751472736
789653540
790135170
790762516
790905410
792863361
793019432
796987713
797460504
805767578
806028906
806160021
806226277
823247521
824457304
827462344
833128497
834818322
835232900
840447144
841138513
844383281
849420744
851550754
851728452
875735176
876106257
876884386
878199236
880919636
883041330
912262915
915410188
923439113
942756936
942973217
943900836
944838706
948449874
950305476
962596364
965741315
990208009
1024090118
1040551942
