1280987
1800761
1942711
2561974
2648051
3406213
3601522
3885422
4487631
4693233
5123948
5296102
5815949
6215719
6243979
6812426
6861181
7203044
7474621
7678551
7770844
7982865
8613703
8975262
9386466
9804597
9887981
10247896
10592204
11099253
11327913
11418261
11631898
11994985
12431438
12487958
12748415
13624852
13722362
13931931
14264619
14406088
14874305
14949242
15173775
15357102
15541688
15798759
15965730
16671043
17227406
17628769
17950524
18231203
18492511
18645871
18772932
19228365
19249211
19552029
19609194
19631781
19775962
20495792
21184408
21584307
21665223
21685161
22198506
22369621
22655826
22836522
23263796
23514441
23989970
24237225
24862876
24975916
25325947
25496830
25946321
26907315
26948901
27249704
27444724
27571975
27863862
28331567
28529238
28812176
28851017
29170819
29481547
29748610
29840037
29898484
30347550
30714204
31083376
31597518
31931460
32039963
32342641
32794801
33342086
34194925
34454812
34525787
34878457
35257538
35798247
35901048
36462406
36662291
36676421
36985022
37291742
37393707
37545864
37861283
38456730
38498422
39104058
39218388
39263562
39551924
39928639
40520397
40686741
40991584
41141319
41453811
41889953
42368816
42670033
42800687
42877367
43168614
43179037
43330446
43370322
44346585
44387043
44397012
44739242
45311652
45673044
46217405
46527592
47008089
47028882
47340419
47720215
47979940
48139841
48295205
48474450
49574413
49725752
49951832
50651894
50817325
50993660
51453555
51885577
51892642
52251285
52485073
53518751
53814630
53897802
54125091
54281337
54499408
54889448
54954775
54993115
55143950
55727724
55747953
56663134
57058476
57224641
57414539
57624352
57702034
58341638
58963094
59281209
59497220
59680074
59796968
60313807
60616977
60695100
61031819
61050989
61428408
62166752
62261701
63195036
63711335
63862920
64070341
64079926
64685282
65410099
65589602
66259481
66684172
67327199
67545534
67932117
67982204
68220747
68755370
68855544
69332630
70137289
70148655
70401876
70556781
70602224
71160513
71556396
71688563
72967781
73165714
73188446
73275185
73694888
74004698
74095584
74158615
74255655
74752933
75212162
75409433
75876025
76003928
76268262
76535043
76593367
77360397
77777715
77833501
78660573
78826698
78852747
79222564
79268028
79441506
79978007
80280912
80358579
80519883
80900532
81082304
81208366
81402446
81723605
82012265
83315460
83710002
84091893
84643186
84748059
84898992
85350809
85427660
85797097
85961222
86077870
86448963
86567239
86774007
87539765
87611930
88131837
88446566
88558138
88993805
89141823
89357315
90212282
90544532
90596630
91336264
91374307
91427192
91774148
92413673
92847150
93452960
93608294
93742673
93930902
93951065
94479587
94692200
95055744
95307868
95696028
96338346
96909601
96915666
97061773
97273313
97685140
97698063
98661137
99522056
100311140
100772463
101074922
101219237
102177508
102183191
102387254
102689120
102953145
103592754
103746456
104188171
104236691
104485330
104813580
105046876
105376385
105405547
105789062
105997721
106025614
106439150
106535237
107097867
107288153
107368805
107970666
108114996
109154810
109482893
109784268
110007412
110333345
110392483
110495867
110878746
111174782
111605766
111679775
111787521
112796017
113315700
113980200
114084396
114348657
115563664
115745520
115957895
116439432
116917929
117495095
117718482
118200459
118585436
119202949
119227209
119797056
119811637
120107724
120376482
120657797
120752940
120793266
121850310
122275536
122305105
122356797
122948751
123002624
123506872
124283192
125087811
125567828
125856411
126209093
126710338
126722468
127014682
127437762
128261416
128287262
128583239
129652769
130037069
130213410
131400483
131935248
132127398
132809105
134474923
134732118
134922003
135246508
135626278
135945697
136275288
136368879
136637213
137034828
137203275
137673666
138219933
138332848
138520030
138835005
139056698
139201215
139649687
139670349
139851928
140188822
140985297
141129604
141711451
141829355
142222138
142447968
142822332
143452282
143895668
144053959
144184702
144532385
145081646
145122970
145424635
145486128
145798713
146159916
146318789
146522637
146844657
147641157
147666003
147752866
147934413
148041480
148063539
149205174
149440982
149453347
149626121
150226548
150678208
151426936
151599815
151995495
152149263
152358099
152686836
153573608
153890190
154020209
154071171
154151676
154350801
154424115
154847042
155945564
156028212
156631542
156754528
156764121
157256065
157294437
157379698
157524263
158102104
158419850
158827546
159262213
159415701
159756745
160320267
160335005
160784415
161064586
161114278
161288004
161651098
161865232
161909350
162646369
163917353
164192620
164664236
164688966
165034514
165548137
165742231
166235368
167138688
167286805
167900757
168124297
168636144
168847735
168981902
169264933
169773262
170080798
170263903
170488139
170498470
171155944
171519021
171577973
172690275
172929488
173375613
173562652
173822690
173924614
174085624
174483874
174496297
174630502
174695065
175389969
175476356
176463203
176661043
176737927
176842345
177673400
177698881
177875353
179045356
179291328
179310514
179425427
180294402
180371146
180541668
180823429
180830798
181055503
181986480
182621972
183437364
183534411
184306698
184613674
184725444
185087163
185295762
185795247
185907365
186422806
186452282
187008433
187351102
187911444
188010828
188358280
188894897
188993817
189032259
189084468
189512736
189600972
190376009
191075010
191191047
192430501
193206877
193560919
193616978
194167512
195110744
195160204
195179425
195851300
196258819
196878546
197266734
197443755
198253008
198792705
199385173
200059648
200355882
201407865
201489138
201651684
201976776
202626960
202837533
202949051
203141219
203927328
204348474
204571510
204955846
205026327
205130631
205958215
205984171
206268693
206528064
206850921
207370356
207674755
207816428
208323697
208585100
208726062
208738993
208934670
209725359
210405741
210589838
210641750
211372627
211729536
212150675
212152933
212225189
212375250
213291345
213414120
214022918
214306264
214537381
214586009
215320802
215843608
216125532
216542748
217441281
218124126
218481543
219339333
219484890
219853084
219956908
220373595
220810393
220828457
221094996
221406505
221418662
222132480
222606993
222974758
222979274
223123786
223423908
223907363
224540813
225256098
226033743
226695223
226719244
227074613
227285936
227748170
227845426
228873291
229315012
229935753
230360624
230917953
230924472
230976196
231758904
232272259
233046333
233555970
234921660
235636494
235692253
235788337
236730891
236783043
237196835
237209813
237352074
237643188
238055105
238379576
238587224
239080407
239420598
239904041
240293065
240294194
240330322
240863400
241486418
241510732
242938368
243458499
243887394
244404525
244622924
244631956
244920980
245521224
246171409
246488134
247234599
247565339
247755034
248654373
249185604
249676704
250353857
250740894
252063854
252111896
252583173
252609249
252816145
253245280
253757931
254169748
254364260
255946977
256419990
257303432
257835027
258000397
258544914
259394656
260509314
260522352
260625800
261096693
262191216
263135241
263217926
264766074
265785348
363859283
521257066
661669194
805314367
805370360
805557091
805645797
805662298
805933789
806005366
806241532
806303759
806330240
806570167
806720746
806790926
807147990
807610041
808047894
808604588
808771075
809003403
809252404
809728708
811218499
811298080
811707180
811902928
812470377
813074786
814315273
814866886
815318753
816284755
816451416
816986225
818047262
818285481
818515022
819140124
819262240
820658741
820687236
823962264
824462196
825821922
826303663
826716245
827666828
828036240
828549763
830787646
831031719
831329648
831536774
832724258
833036454
833721098
834683859
835658312
836770969
840450938
840560684
841161161
843223738
843642899
844415433
844449329
845495330
845946974
847759512
848332220
849256579
850724972
851808519
853624520
855179666
855805035
855836502
857263428
857479969
857764423
858140984
858448096
861569549
866567684
874777295
875079018
875815504
876791685
878728818
878821531
879646992
881602745
882267464
883223600
884673541
885606640
886596236
889555289
889861002
890457736
892375521
892404798
894446405
894722168
895355044
897663597
899453508
906563219
907197984
908098828
908415874
909283406
910466244
915481675
916497045
917030985
918683879
919340866
922773424
923633192
925565219
929850369
931598865
935452936
937822218
938496020
942413219
944406875
946293772
946395784
948008114
949749275
953453605
954410754
957552996
959225901
959546949
959724616
960611808
961422386
961646643
963701008
964884489
966394772
968704136
970080810
973367980
973821061
974173522
974523089
975540848
976241894
981610716
981999204
982522027
983649029
986292321
990226626
994126869
995231107
1002734680
1007478402
1007649076
1007919245
1009267537
1010696808
1012158535
1012206866
1013101592
1014530260
1015350996
1016081208
1016251414
1017274724
1017354400
1021317578
1023699235
1024151640
1032334529
1044986240
1046020646
1049514018
1051993472
1052775729
1053461008
1057227166
1059098370
