473
622
8064
21525
25824
26650
360459
426400
636928
720918
852800
936960
11534688
13644800
15499264
19922972
22020768
23091200
26443776
29360135
34639940
34685442
34736257
34873392
35128584
35686928
35725448
35783716
35918082
36192321
37782658
37818401
37896464
38013000
38281732
41992232
42010884
42082370
42206721
42471568
50372865
50398288
50467336
50610308
50858018
68206736
68225064
68296964
68420674
68686337
69247010
69272833
69341264
69485064
69732484
71340296
71385156
71436802
71573633
71828528
75532353
75571728
75629704
75763748
76038402
83920388
83955842
84033569
84150544
84418632
135301378
135340097
135398928
135532680
135807012
136348744
136385028
136462466
136579105
136847632
138461697
138479760
138551336
138675460
138940482
142647428
142672930
142741761
142884944
143133192
151031856
151077128
151128132
151265794
151520385
242221056
269525512
269550724
269619234
269762817
270010448
270569601
270614576
270665992
270803012
271058434
272664612
272703746
272761921
272896528
273170568
276858128
276893768
276972036
277088386
277356577
285261890
285280769
285352080
285475880
285741316
369110016
436207629
470220800
537953313
537989392
538067016
538184196
538452098
539017476
539035714
539107841
539231376
539496488
541106256
541132296
541200516
541343778
541591809
545296898
545341569
545392688
545530120
545784900
553683080
553721892
553780482
553914433
554189328
637534227
705331200
738198208
838861600
899678208
939552768
