1272898
2333825
4288824
4358633
5000769
5124357
5279282
7684358
8565300
9011909
9211266
9253386
9468545
10505521
11682330
16857540
17106147
17351896
19203864
20366368
20448279
24262664
30016612
33699528
33868004
34147240
34212051
36964395
37341200
37825031
38842754
42129672
45167620
47581204
51400782
52469901
54543025
57442818
58753394
60571905
67643171
68162460
68984902
69225614
69931840
70082689
77077584
80275488
80941216
82055244
84367376
92390660
96739347
100983568
101225516
118718529
119804320
134486803
135302221
135417969
135734144
136323948
136351930
136851088
147117072
148381836
149102672
151573280
151726113
155321867
168043550
180883491
186859650
190062688
205652278
206405896
209781305
210649604
211846722
221317636
224411969
226625736
238159112
239142084
268477019
268816705
269026638
269096368
269682969
271849090
273369220
274539536
274882595
274891804
277914848
279030528
279498758
281156162
285426280
286007972
288383376
290984129
294916152
296157189
302013972
303399436
308286217
310509742
310914057
314597700
319170818
323065888
335853704
336642346
337644257
338430228
344113297
349177349
353013248
356582274
370831360
376438866
378339424
390349832
403716134
404308483
407142535
407373944
411060104
414468160
427887634
433225984
436285585
438698544
438862272
452986149
470164545
471946272
486576212
489168906
536891815
537209456
537266829
537584258
539166246
540551489
542267136
542433289
543185104
545752136
546392108
546410515
548280352
549528961
553692456
556417292
557908061
558111750
563094278
566268552
570655124
571216216
573608544
576389130
577249332
581181634
587798017
595747856
606090265
606503171
608209732
611878016
612631732
612909131
620900450
622084800
622395696
641862689
652296704
654314010
671642692
672138706
672925224
673235477
675397730
685771018
690335744
692977808
699400353
704990464
713163585
730368004
738793602
739420176
771776680
773066757
806748516
811925672
833094224
872521765
956323849
973247490
978324096
