255
3855
4080
13651
13740
14940
15011
22117
22170
22890
22933
25398
25545
27705
27846
37689
37830
39990
40137
42602
42645
43365
43418
50524
50595
51795
51884
61455
61680
65280
218416
219840
221283
221340
233580
233619
239040
240176
340021
340170
353872
354720
366240
366928
376890
377029
406368
408720
413782
413865
434265
434342
445536
603024
605280
610393
610470
630870
630953
639840
642192
667706
667845
681632
682320
693840
694688
704565
704714
808384
809520
811116
811155
823395
823452
828720
830144
983055
983280
986880
1044480
1121809
1198881
1225761
1341505
1345345
1345614
1345713
1516161
1581681
1581710
1584513
1626753
1804353
1917985
2193426
2197266
2197533
2197730
2236973
2237138
2363725
2363826
2367042
2416962
2573442
2638962
2638989
2640770
2667650
2822466
3049490
3158118
3158169
3171843
3172620
3184140
3184899
3194985
3195030
3343621
3344906
3473491
3473580
3494656
3517440
3540528
3541440
3737280
3737904
3801180
3801251
3824640
3842816
3933450
3934725
4268571
4271380
4313620
4356132
4359972
4360235
4360404
4473931
4657540
4723060
4723083
4726404
4776324
5081124
5120532
5255941
5258250
5263411
5263564
5283900
5284035
5292810
5295109
5440336
5442720
5572102
5572873
5636197
5636250
5661952
5675520
5832810
5832853
5859840
5870848
5899785
5900550
6030240
6032464
6313222
6314505
6316117
6316202
6328410
6328485
6333705
6334982
6488118
6488265
6501888
6539520
6620512
6621840
6685443
6687756
6882060
6884355
6948240
6949472
7077945
7078086
7092480
7128576
7423000
7475496
7610952
8471575
8471784
8473368
8500248
8524071
8524248
8527400
8577320
8659527
8659640
8662344
8704584
9118280
9323544
9458953
9460230
9461850
9461925
9474133
9474218
9479430
9480713
9633849
9633990
9648384
9684480
9766288
9767520
9831180
9833475
10027779
10030092
10093920
10095248
10223670
10223817
10237440
10275072
10498826
10501125
10506300
10506435
10526771
10526924
10535685
10537994
10683296
10685520
10814985
10815750
10879082
10879125
10906112
10917120
11075685
11075738
11101440
11115008
11142662
11143433
11273040
11275424
11608596
12063108
12595305
12595350
12609036
12609795
12621315
12622092
12632166
12632217
12780810
12782085
12910684
12910755
12934144
12952320
12977856
12978480
13174320
13175232
13238355
13238444
13259520
13282304
13370629
13371914
13731858
13898050
14749969
14828577
14977089
15728655
15728880
15732480
15790080
16711680
16861323
16871976
16876071
16876248
16878888
16889988
17704002
17728040
17830369
17895454
17948944
17985666
17989746
17989773
18096171
18096340
18141220
18301000
18366535
18366648
18395208
18554916
18710658
18747664
18882936
18882951
18886280
18928008
19010571
19012356
19063812
19153632
19182096
19335201
19400481
19400750
19400913
19731460
20988205
20991522
21016866
21103281
21105985
21239560
21239815
21293064
21464080
21525520
21529824
21531408
21824065
24150340
24258576
24380545
24646146
25194820
25198923
25199028
25202244
25306896
25307360
25352208
25429105
25429134
25430913
25629186
25697538
25747970
25887873
28328226
28443201
28579848
28869648
30417288
30544900
30935073
31621250
31727652
31998024
33691521
33691761
33691790
33702171
33702372
33705492
33715272
33719367
33719480
33721160
33730836
33745025
34423060
34440264
34607691
34607796
34660932
34678536
34678791
34723848
34866205
34867986
35094816
35156256
35160528
35163680
35530760
35733582
35762241
35786018
35836418
35942532
35946612
35946635
36114456
36179991
36233240
36405380
36512258
36585537
37765752
37765767
37768584
37794440
37819600
37821216
37872672
38209602
38274882
38275149
38275250
38671392
40927761
40960386
41175072
41427972
41972241
41976350
41976545
41979153
42008946
42223392
42223824
42252320
42411012
42478340
42682400
42860930
45105800
45159456
46277154
47267905
47480964
47714328
48310280
48497682
48791840
50332501
50332586
50334810
50334885
50345478
50346249
50382345
50383110
50529888
50530704
50548741
50569226
50660611
50661900
50749488
50761920
50946240
50958384
50988300
50989571
51119760
51120480
51138570
51159045
53497936
53518496
53870598
54067209
55575856
55577280
55914496
56623203
56623260
56648448
56663040
59768940
59768979
59796480
59806464
60818880
60820016
61194240
61485056
62935200
62955600
63307785
63504390
67375662
67378465
67381122
67381362
67388596
67390276
67399960
67404264
67407384
67417156
67426434
67428897
67834401
67840130
67862808
68162680
68162695
68164488
68215944
68239885
68242690
68268546
68300352
68342080
68683540
68683803
68684004
69091842
69215262
69215457
69217041
69260305
69271851
69272020
69355272
69355527
69384200
69698112
69759552
69763760
69766464
70076424
70123812
71397505
71401585
71401614
71438365
71491602
71770152
71835687
71835864
71880744
72159250
74482722
74520640
74580612
74989825
75527202
75531309
75531474
75533090
75568960
75569328
75629172
75632004
75972865
76038414
76041729
76067073
76350084
76421184
78660676
78741633
79175720
80749585
80889864
81794184
81871362
81928512
82315284
83887462
83887513
83888745
83888790
83907331
83909644
83927820
83930115
84095056
84132000
84214576
84217024
84238342
84250633
84280837
84281610
84477450
84478213
84542400
84544560
84566025
84578310
84684960
84721744
87031861
87032010
87045376
87083520
89153632
89165968
89325571
89915404
90179152
90180000
90591232
90808320
93324960
93325648
93757440
93933568
94396560
94408800
94568460
95158275
96469050
96469189
96483840
96519424
100664883
100665036
100665660
100665795
100689157
100690442
100701450
100702725
100860678
100862985
101011552
101032080
101057872
101059232
101068803
101105676
101254560
101255760
101265420
101302275
101339280
101359712
101450505
101452806
103809888
103812240
104030208
104632320
105906262
105906345
105928192
105949440
106967088
107004096
107282437
107610122
110112960
110149680
110428170
110755845
111149145
111149222
111171840
111191552
113247120
113249376
113479680
114057216
117969985
117973266
117981732
117999752
118495266
118588420
118620696
118768000
119701761
121653265
121700680
121930242
125976642
134681665
134684946
134693412
134747214
134747313
134748993
134750493
134750690
134753810
134758955
134759124
134761764
134776712
134776967
134787620
134795538
134800449
135272226
135272658
135325730
135361540
135365643
135367428
135397911
135398120
135400728
135545200
135548544
135573888
136118808
136217604
136324932
136325195
136325300
136370244
136385136
136387968
136438400
136474881
136478990
136578087
136578264
136579880
137036840
137199873
137237120
138430225
138430494
138430689
138459153
138477895
138478008
138481224
138552432
138554240
138597504
138703362
138707469
138710274
139166210
139273344
139329864
141592712
141631521
141705282
141824020
142637192
142641272
142680110
142680273
142725153
142753970
142782530
142872603
142872804
142925844
143100032
143331348
143474754
143532065
145770513
145817928
145892480
147859524
147919488
148013313
148112424
148997124
149029400
149176704
150996540
150996675
150997299
150997452
151020810
151022085
151033093
151034378
151192329
151194630
151343248
151363680
151389600
151390800
151400460
151437315
151586128
151587488
151597059
151633932
151670880
151691408
151782150
151784457
154141584
154143840
154374144
154951680
156237913
156237990
156260608
156280320
157298880
157335600
157614090
157941765
160444464
160481472
160759813
161087498
161480790
161480873
161502720
161523968
163578720
163581072
163799040
164401152
167773545
167773590
167774822
167774873
167793420
167795715
167813891
167816204
167981216
168018000
168100800
168102960
168124425
168136710
168166922
168167685
168363525
168364298
168428336
168430784
168452102
168464393
168570960
168607904
170917946
170918085
170932736
170968320
173039760
173052000
173211660
173801475
174065312
174066000
174497792
174673920
177210960
177211808
177623040
177840128
178282592
178294928
178454531
179044364
180355125
180355274
180368640
180406784
184816161
184821890
185680386
185737536
186124308
186655761
186712356
186796040
187204160
188842113
188878866
189276200
192971810
193069700
193478913
201327450
201327525
201329749
201329834
201340425
201341190
201377286
201378057
201524880
201525600
201543690
201564165
201655564
201656835
201744576
201756720
201941040
201953472
201983235
201984524
202114656
202115472
202133509
202153994
204492960
204513360
204865545
205062150
206570944
206572080
206946304
207237120
207618156
207618195
207645696
207655680
210763875
210763932
210789120
210803712
211813680
211815104
212152320
212516864
213930064
213950624
214302726
214499337
218241153
218251540
218268744
219228168
219415570
219709728
220282945
220332578
220496004
220729368
222315144
222368800
222568705
222824514
226525713
226558338
226773024
227025924
234955842
234965124
234979880
235933969
236093570
236199972
236470344
236986760
237114372
237257232
237504545
239092002
239206977
239343624
243302724
243410960
243798530
251658255
251658480
251662080
251719680
252641280
267386880
268509924
269747426
270205970
275260033
276893837
277678097
279087140
286073096
286526724
287384610
288047616
289407442
289489988
289609736
290734608
294144132
301998513
303108420
306185262
306449921
306479384
306905345
310432772
310445698
310912009
310937666
313655568
323101824
335577367
336724177
336732450
337710596
339874882
340011140
340296260
344097416
348193060
349700226
388243520
402948754
403915136
404915713
408950818
411189317
411570472
420484232
461439000
511967361
536945741
536947522
536990786
537038466
537137873
537144868
537993394
538066990
538380308
538644616
539249936
539697169
541335822
541380865
542001280
545398923
545540109
550519060
551555652
553666436
553666676
554177037
554845201
558023232
562110753
562571288
572015746
572604961
572663876
573050984
578912648
579344513
582230017
604717124
604800129
605823296
608174818
612493312
614600722
623117352
654320257
662966276
672143401
682656288
686301186
709115972
721492032
722763784
756023876
776503312
805307990
805308073
805308761
805308838
805332320
805333648
805344656
805345888
805515270
805552137
805634821
805637130
805699635
805699788
805721600
805742848
805896252
805896387
805918976
805938688
805962506
805964805
806141958
808472581
808493066
808648800
809238672
810550531
810551820
810561616
810598560
811598640
811601088
811950080
812290048
814744512
814746672
815108096
815423488
815793420
815794691
815804576
815841360
817909770
817930245
818086032
818675808
855662604
855674883
855965856
856293456
858785280
868223232
889213120
889233456
889390336
889981440
895483910
898629641
905969765
905969818
905985024
906019584
911605760
917045248
956301418
956301461
956314368
956353536
962134016
967180288
973099056
973119680
973866240
979369993
982515718
1006657539
1006669836
1006960720
1007288480
1009780992
1019217408
