1815865
7453300
8747599
11454582
12896059
15693058
17668588
19278805
23565985
26433178
28894371
35413673
37219472
41308644
42111455
44639206
46345387
48799378
51016316
55299848
56655153
60079370
64290942
67753863
69363134
71854835
73652426
77011185
79473352
81175941
87312747
90064422
95061533
97072308
101596183
103124526
105873763
107230042
110162785
112935256
114380309
130507456
137632990
140383123
141926826
145413032
146857189
155729734
160910660
165081136
167592457
169362807
173668355
175262266
179124280
183272780
185493922
194029268
198253472
202230873
203849312
206336301
208126740
210961199
213430550
217648226
219930764
221270709
230986382
235546569
237082096
253496092
259392593
260228202
270069278
271801383
274289514
275964243
279810897
281517084
283913765
286180043
287666418
291818886
294653373
298954953
301597424
304022926
310495992
313161921
314603404
316017481
319367515
321035106
323523631
325264918
331109396
337723033
341869549
345261014
354197621
355930700
358423809
360869635
367550542
369977136
371643657
374135364
378775622
382866738
393299112
394626195
404551104
408766644
411187894
411525529
413763727
415467458
420141333
421620524
424371297
425776728
429135459
437984848
439397481
442147620
443617565
444977446
449080402
453849733
455508156
466763911
472196423
474950154
476354611
489884050
508084634
515637665
523559426
532685369
535531520
539695902
543860330
547251793
548787304
552888604
555124210
559364230
568477129
570901175
573370510
580488641
586384012
588344930
592499478
596615444
597955373
600710240
605211545
607746464
611894484
613156079
619056034
621078348
625302072
628025345
630859834
632396291
641634864
648043846
650793483
652337202
658682280
661193617
671396601
675614605
686846658
689085996
691612693
693314392
695767393
697061722
704862569
707324752
709026845
711546404
716579878
726976712
731908339
739692615
747118385
748924168
751411781
753012860
755039378
759251430
774834372
777029283
781203597
782517912
788993794
802710784
809652084
810283664
819468375
827614113
831197603
832611226
843424996
845955193
856831301
861112369
863517192
866600970
873566398
876225159
877669834
887443589
892079698
893780255
900907300
914928728
916653665
919144748
944133290
949561000
951227537
957465867
967096388
969460258
971310384
980028675
1008044896
1012151828
1015759894
1026037132
1027742401
1041391856
1057246245
