7301753
12281150
15652619
18054067
28843994
29848820
35058847
40476593
43469293
45977846
46332888
51744379
54482784
57337173
62843410
65755175
69069511
70726620
77354933
79072942
82001051
90307341
94317905
95810634
97165156
98584191
102440719
105819450
110797437
112229222
115722579
119039467
120765680
124194501
127522969
130837164
134993527
141868377
148887856
157097638
161728762
165454804
168633279
170392228
176987853
178669526
182004984
185489755
191967861
193979433
195378482
198858268
200314631
201735655
204268796
206802898
209278665
212687246
221224472
223409462
226110509
226818673
229516138
240482842
243245825
243365213
246131782
248825704
251900619
254372816
257294590
260181945
262723234
271249378
282343870
285139109
290913832
293349171
293794159
299320154
301832769
309962783
310869571
313370456
315804790
318248301
319142357
321872078
332510866
336452969
341339996
343062087
349819438
351472437
353281933
354713238
358290872
359779491
363185124
366651594
368079313
371323322
375298708
376718223
378181075
388139870
392028272
396572204
400317698
402031641
404480473
407786476
409242359
412769451
417675141
421043005
426242067
429467215
432837754
434523489
439864586
446474595
448163960
449387350
451134029
457956544
459343323
464849564
466248114
467712169
473748306
474200188
476668263
482176544
485022741
487944365
493493123
498996420
504430465
507127450
507858356
512836339
516223174
521373029
524695376
529676311
532209932
533170722
543546430
548524921
550418519
555339252
556995823
558661569
560375514
565356957
567132851
568794024
574004163
575271149
576924150
582428337
583552415
589248572
590733607
597591374
599022677
602009184
608011675
608366261
610809774
613868018
616315113
616780743
619285212
627789130
630561558
633291277
636153912
641429587
641997693
644792934
649776417
650487311
655545260
657984183
658989465
661502082
669779440
673954091
679349022
690537423
693610721
696493990
701896083
704433288
705140216
707611875
710027213
715977105
720978852
721743644
724448775
726752553
729515058
730157678
735109211
737818944
740709051
744044949
745791630
747452114
752387303
756019524
757409887
760890225
762354282
764300342
765760813
770778904
772439656
773891955
779425094
780911386
787785780
799170789
811545227
813034384
814431692
815916247
821319394
822737498
828131439
829854068
832740915
838282246
839677302
841395309
844744515
846405208
849809695
853047857
854762282
856625042
858117769
863003836
864989920
869990613
872901422
875409973
877844763
881251932
883691335
886269033
892258513
897952952
902831757
906075878
911486163
919966113
925383961
931354992
933855339
940660638
943427205
944039339
946748592
949021420
952457433
955220418
957492602
960033889
963462740
968444179
969286205
974627414
979945848
982916900
985902353
988378122
991221938
993919401
994142855
999646656
1008516110
1010197781
1011420731
1013176096
1016922492
1019786057
1021471314
1029746116
1035248259
1038160054
1041910214
1043370205
1046815464
1053705857
1058616098
1061978391
1063671820
1066962512
