87344
88768
90211
90268
102508
102547
107968
109104
143413
143562
157264
158112
169632
170320
180282
180421
275344
277600
282713
282790
303190
303273
312160
314512
458767
458992
462592
520192
528865
581905
886849
934945
1079314
1083154
1083421
1083618
1262722
1380674
1639685
1640970
1704019
1704108
1725184
1747968
1836736
1837360
2525220
2687824
2690208
2754054
2754825
2883690
2883733
2910720
2921728
3211318
3211465
3225088
3262720
3278176
3279504
3408652
3410947
3687448
4211735
4211944
4240408
4530760
4591912
4784185
4784326
4798720
4834816
4851088
4852320
4981507
4983820
5309344
5311568
5375497
5376262
5505125
5505178
5530880
5544448
6358282
6359557
6422620
6422691
6446080
6464256
6555184
6556096
6832420
8323072
8398002
8399682
8407179
8435844
8916497
8917022
9248804
9339010
9635873
9781776
10494989
10716176
10819592
10879553
15732753
17176705
17204296
17303591
17311496
17356808
17842353
18186372
18227714
19210497
21177348
21317664
22544916
24127496
25232992
25233808
25251845
25272330
25298179
25299468
25452736
25464880
27000841
27930624
30588928
31719430
33608212
33892482
34079309
34277396
34603307
34603476
34606628
34832960
35014664
35680385
35684465
35684494
35856424
36048914
37961985
38142596
39354497
40911362
42020944
42057888
42074928
42077376
42098694
42110985
42206730
42207493
44630019
45391872
46944256
47251468
50397958
50400265
50483296
50503824
50595232
50596432
50606092
50642947
51994624
53608453
55181322
56725504
59773568
60817736
62922785
67113586
67166850
67310657
67313938
67322404
67977600
68026904
68164992
68486184
68690465
69206456
69209672
69608576
71311569
71469192
71634964
71712834
73929344
75563785
75566086
75649168
75669600
75760976
75762336
75771907
75808780
77172736
78774282
80347141
81879040
83964064
84000848
84018112
84020272
84041737
84054022
84149765
84150538
86573068
87314432
88907776
89194499
93323556
100730512
100731232
100749322
100769797
100795660
100796931
100950064
100962496
102498310
103464960
106049536
107216905
109586440
111154208
113246594
117444881
117449794
126287872
135311648
136326416
136331817
136515968
138416964
138444875
138444980
142624388
142624880
143343624
144053248
144740866
147161344
148373538
151000272
151193666
151404564
151851520
152044558
152046337
153632898
159940676
167781088
168330280
168698112
170214400
171448320
172025856
201880576
201885714
202899784
203424007
205527073
208700416
226501136
251660420
268452174
268962008
268993412
269164673
269288466
269357124
269684760
270539552
270591008
272113922
272641664
273055761
277905729
278921444
281026836
281215490
283674624
285258304
285442336
287310362
289947713
290460704
302321697
302533888
303047697
306186290
306218052
335548557
336603204
337659921
338002432
339792128
361235584
377504320
386957320
402718805
402718890
402744064
402758656
402804739
402825228
402916617
402917894
404537344
405405744
408027328
409219072
431030272
444858512
453117440
478284032
486801504
508100608
537973761
545288736
545293008
545456452
545588353
545662992
546308615
546316680
547373330
549457184
553656688
553845265
554713672
555749443
555754116
557350944
557842701
557876354
570431656
570753304
570982722
572524289
572540996
577249296
595592212
603982612
604505188
605421825
606087202
609239172
616566856
629180417
641761824
671166473
671203334
671220490
671222789
671350835
671350988
671373568
671393280
672727184
674390016
675975168
677445728
696385696
713099776
726925312
749469696
755041536
771883088
805373452
805374211
805437545
805437590
805451008
805489152
805593093
805605386
808013824
808714320
810287264
810655744
830735104
848953344
855703744
880869424
895614976
941654145
943734808
947913794
956835840
973078820
1007686144
