363327
643323
938910
4221437
7307358
8412918
14712593
17857567
35588033
35616801
36545008
36560400
36887204
38243048
38270216
39383856
40523586
41225513
41585872
42908804
42910564
43104482
44244872
45327684
45884977
46740897
47597964
47827521
48554644
48980072
49549405
49550242
51090338
51113026
51702120
52842081
53916033
54080082
55338436
55776355
56399496
56732440
57551010
57753755
57754468
59059920
60147458
60441765
61296944
61395142
62392599
62393064
63084874
63773220
64102896
64102927
65045566
65046465
67123151
68658018
68672642
70159265
70186049
70866632
72072240
72074192
73145569
73741668
74637490
75326209
76485096
76508680
77123460
77719152
79046851
79276328
79998626
80958008
81580354
82155920
82451017
82969883
82970340
84772580
84801796
85612976
86208962
87330117
87756322
88488744
89236870
90056272
90655364
90753137
91263464
91263511
92465985
93663882
94023780
94606497
95164172
95698991
95699920
96912584
97076532
97585246
97586081
99098781
99099490
102177556
102294620
102971438
103597450
103919233
104473484
105099461
105664007
106211381
106435182
107374928
107547078
109179155
109972594
110135769
110695574
111216423
111331866
113590499
113825960
117841049
118088233
118654776
119289122
119685372
119874635
121906067
122310925
126047812
126128753
136022500
136050180
137313538
137315042
137672528
139301729
139324545
139880322
140684712
141989986
142154373
143099824
143128656
144470632
145275329
145967878
146589872
147483332
147952849
148772132
149243218
149603873
150020151
150021064
151954376
151968808
152393377
153198372
154525892
154820906
155405552
156707137
156805676
157536840
158093699
158860367
158861232
160599636
161287560
161883256
162113154
162664606
162665313
163885225
164311824
164675869
164676322
165939684
165939739
169127066
169562456
170059853
170726572
170955467
171329052
172336710
172644406
173186817
173804370
174196085
174633230
176597283
176772619
177556580
177767786
178373033
178939280
180554887
180888250
184890645
185256593
185702457
185876918
186852005
186970658
189141716
189348040
193006413
193749075
200307720
202622057
203176217
203541660
204354100
204802680
205056578
205942862
206147338
206833116
207243403
207837473
207930156
210198917
210279463
211068429
211305267
211853550
212422741
214078342
214718096
218326547
218929362
219557028
219750641
220271513
220375318
222431847
222630970
226604360
227149251
236769413
237212754
240002089
240214188
243902996
244462225
245635654
246452532
249045317
252135690
254283096
255903011
257180233
258082442
262211762
270384200
270386088
271029188
271051812
272248161
273581538
273611266
273889892
275344048
276088394
276514180
277586657
277601537
278273488
279727906
280088684
280908417
281369416
282535080
282633987
283291941
283979970
284199055
284199792
286198640
286225552
286439106
287892712
288692404
289053448
289534849
290703650
291260632
291903014
292132176
292823326
292823777
293918116
295100976
295264585
295905681
296528452
296814050
296814109
298159201
298454674
299372603
299373508
300040279
300041128
303224086
303901318
304466243
304755851
305269178
305717287
306630833
306785365
307332788
307908136
308484627
308822733
310732858
311072344
311640786
311747777
312877898
313094916
314642806
315376921
319085069
319497516
319857493
320212046
321042544
321655145
323296642
323520933
327266460
327419563
336958769
337275413
338077336
338254106
338899033
339216214
340087949
340437324
341197157
341402722
341909931
342625340
344241238
344672422
345174408
345776564
346372641
346591922
348250638
348392149
352496683
353194563
353505965
353944723
354519754
355081412
356714313
356830992
360759674
361109767
370841667
371934257
372527218
374157848
375428649
376967569
377851148
381822740
383845592
386326662
387008709
389169923
394799498
395348518
398729324
404114483
404337042
405212361
405336601
405979601
406608196
407051548
407691380
408036153
408244758
409064610
409604344
411277866
411853966
412756058
413106183
413439243
413666204
415643201
415827564
419543111
420366085
420702856
420776835
421561971
422135853
423707086
423797909
428155686
428387632
437694508
438996486
439428650
441147651
442772229
443687110
445454481
448842130
451414115
453362776
454562932
456164748
461525193
462689048
465650225
471733770
472491269
474425490
475044504
478988361
479268419
480396620
481821865
483658026
486789172
488923441
491270310
491917650
492905044
497074821
500783104
503395296
504434959
504458512
505676951
505706632
507551835
507567172
511838269
511865890
520633857
520634910
524189712
538874608
538897680
539723624
539752584
542057380
542071876
542232008
543480513
544584232
544878932
546147266
546173986
546531105
547778788
548869698
548967832
549639536
550742672
551299174
551980804
552144042
553140705
553140766
554155521
554156513
555298628
556546960
556975753
557663344
558407266
559305489
559534244
560145612
560768289
561121341
561122242
562706088
563386674
563812545
564251171
565070152
565223515
565224356
566583877
566944130
567542935
567543656
568398095
568398576
571579918
572416202
572941575
573151333
573781168
573867238
575096370
575191187
575718279
576267546
576889443
577515080
579030105
579646217
579936892
580046891
581046739
581249165
583133476
583666481
587435412
588017724
588583372
588830017
589960725
591710294
591922425
596007554
596198296
605473356
605631533
606416406
606785830
607208117
607918222
608495883
608900739
609579216
609788617
610387015
610538330
612554901
613229905
613520197
614087426
614664564
614767720
616596909
616968243
621127864
621433946
622027036
622332267
623248818
623463809
625141284
625754794
629285590
629706265
639223858
640111113
642553108
642911526
646161546
647251128
648569475
649150794
651200082
655239237
656454220
658577745
660081300
660869285
664936745
672487499
672834723
673502261
673917521
674336019
674505069
675460634
676153656
676532650
676641156
677415606
677798041
679858828
680144141
680921769
681123376
681757890
682362565
683819851
684234844
688297286
688482454
688981722
689713671
690317064
690537300
692167026
692744289
696468526
696783285
704661484
706077201
707172632
708332297
711020948
712032376
713764934
717493450
719458860
722275363
722610738
724830417
729850981
730931587
734529286
735543304
738209713
740115718
740667523
741479813
742820945
745022674
745801251
747298872
750856297
755702284
756077322
758190182
763644468
764952780
767691160
772947016
772948055
774377531
774401060
776013341
776043010
778797216
780411166
780426497
788564111
788591760
805338026
806580359
807177765
807658258
808197203
808867112
809046819
809624633
810424713
810617075
810718285
811927441
812168836
814103068
814335188
814876558
815089941
816071289
816456758
818097474
818192856
822554730
822660366
823253584
823804518
824496282
824713671
826315580
826878475
830638316
831285409
840149257
841894036
844378435
847713317
848828716
849382577
850528837
852562569
856466962
857818758
859988568
860922026
862470450
863332352
866387284
874187928
875389004
875604180
876976166
878856298
879823628
881247747
885543461
887374214
889893137
890512777
892871224
897652498
898761841
901812419
904855553
907282971
907310596
908115202
908116253
910299294
910322817
914883663
914913360
922820663
922836008
925205280
941040724
942450730
943966725
945309265
949018950
950087992
951329426
953303220
956929161
958535843
960761484
961611045
962627913
967316042
974659741
974675074
975243358
975270977
977550384
977551407
981504535
981528072
988598272
989988123
990017796
1007715390
1007745057
1008869903
1008885264
1011353879
1011381512
1015102596
1015103643
1016430816
1022534656
1023676509
1023700034
1049494400
