3805560
6217794
6334416
10060182
10818225
13126113
14165517
18285102
19693773
21728520
22171797
25334595
34718833
35477640
36643860
38144601
42223302
49496832
50408325
56674342
68187042
69654024
70261831
72090810
75632436
84817953
97815168
101335311
113356840
128456064
135318348
136966401
136989330
138767904
143432784
151528806
167843610
187970112
197984259
201630231
213663780
224396073
226631896
240658704
269728272
270688869
272745099
277115164
277566498
285220584
293150880
302526675
328861764
336129156
350912529
354748690
369918816
372245148
390211074
403245117
407306692
416285298
430016004
443040840
488149002
511728129
538192116
539051436
541270323
545769477
547433034
554022018
568722528
570588480
587751992
592445898
604019097
624075012
644112513
647368722
671371371
678789144
697375008
704811684
715129173
739968129
750830850
788794380
805471326
812126982
816894144
823412481
851512464
857935881
877807656
897581223
960538689
974217222
1008743472
1079285028
1101024281
1162412628
1220556934
1310818498
1419060288
1493483696
1611173411
1754145536
