1501933
1694579
3003866
3389158
3853527
4687741
4734687
6007732
6254833
6470131
6778316
6803107
7707054
8020783
8240649
9375482
9469374
10252117
10258351
10611823
10899711
11204153
11770399
12015464
12509666
12940262
13556632
13606214
15414108
15704207
15795703
16041566
16113977
16136069
16275917
16481298
16714341
17168143
18588859
18750964
18938748
19163123
19624651
19917077
20231389
20504234
20516702
20681069
21223646
21799422
22097897
22408306
22870403
23540798
23762711
23925689
24030928
24210071
24533593
25019332
25378421
25880524
26706899
27113264
27212428
27249737
27696553
28089031
28986289
29108347
29185063
29799019
29906299
30043303
30528173
30584093
30828216
31408414
31579969
31591406
32083132
32227954
32272138
32551834
32962596
33428682
34336286
34584513
34954951
35568679
36316669
36545143
36621131
36960649
37016501
37177718
37501928
37877496
38174513
38326246
38966223
39249302
39684317
39834154
40462778
40574059
41008468
41033404
41362138
41542821
42447292
42465363
43241253
43294329
43598844
43723207
43807387
44195794
44816612
44899613
45558961
45740806
46443979
46709549
46863031
47081596
47368379
47412301
47525422
47851378
48061856
48420142
48423637
49039081
49067186
49314403
50038664
50237777
50437559
50736031
50756842
51529343
51761048
52000829
52985733
53413798
53687091
53854443
54226528
54424856
54499474
54780263
55266769
55393106
55497869
56157017
56178062
56364723
56965349
57953581
57972578
58216694
58370126
59598038
59632289
59659109
59812598
59831777
60086606
60432139
61056346
61168186
61391263
61656432
62202701
62318083
62461649
62816828
63159938
63182812
63523407
63907113
64455908
64544276
65103668
65408087
65491331
65925192
66685219
66857364
67484347
68280799
68672572
69169026
69671893
69909902
71137358
71142881
71177843
71287449
72088133
72166711
72279131
72633338
73090286
73242262
73453469
73921298
74033002
74355436
74740907
74754887
75003856
75754992
76188031
76349026
76362989
76652492
77029943
77494569
77919177
77932446
78333767
78498604
78786251
78961939
79214773
79368634
79668308
80109071
80355297
80925556
80983331
81148118
81350201
81597259
82016936
82023641
82066808
82659539
83085642
84526837
84894584
84930726
85130897
85472231
86199611
86482506
86588658
86912557
87197688
87446414
87614774
88240573
88391588
88837003
89169007
89478485
89633224
89799226
90097441
90761449
91117922
91481612
91652279
91954309
92887958
93205907
93419098
93542627
93726062
93957639
94163192
94610341
94736758
94824602
95050844
95702756
96036233
96123712
96529203
96840284
96847274
97490993
98078162
98134372
98173661
98628806
98646287
99381781
100077328
100475554
100875118
101472062
101513684
102986903
103058686
103116377
103522096
104001658
104301839
104388173
104401583
105240937
105735053
105971466
106139219
106468793
106584343
106827596
107374182
107395101
107708886
108217313
108453056
108849712
108998948
109098839
109560526
109698187
110005909
110511577
110533538
110786212
110862953
110995738
111438247
111767921
112356124
112729446
113930698
114375569
115130471
115709477
115737403
115907162
115945156
116059393
116433388
116740252
116925471
117681357
118427743
118925681
118953641
119196076
119264578
119318218
119625196
119663554
119724583
120173212
120369451
120592859
120864278
121528517
121950931
122112692
122254883
122336372
122782526
123168779
123312864
123877193
124102033
124259189
124405402
124636166
124923298
126079769
126149693
126160739
126319876
126365624
127046814
127814226
128332528
128615651
128911816
129088552
129091669
130097403
130207336
130816174
130982662
131090311
131850384
131873857
133370438
133466761
133714728
134968694
135065017
136144491
136561598
136585071
137345144
137452793
137619281
138228119
138338052
139343786
139346903
139523639
139667583
139819804
140102927
142069831
142115579
142274716
142285762
142355686
142574898
142801799
143512157
143799289
144030053
144176266
144333422
144558262
145266676
145652929
146099083
146180572
146322763
146484524
146906938
147571177
147842596
148066004
148262243
148710872
148771901
148810259
149117237
149170877
149239379
149481814
149509774
150007712
151509984
151695203
152002067
152376062
152490299
152528293
152698052
152725978
153304984
153700839
154059886
154504757
154989138
155450409
155838354
155864892
156079331
156121421
156667534
156997208
157439717
157572502
157649243
157901917
157923878
158429546
158737268
158874929
159336616
159436507
159585743
159982399
160218142
160710594
161061273
161144949
161607859
161851112
161966662
162296236
162400089
162700402
163194518
164033872
164047282
164133616
164433797
164913359
165319078
165376769
165979431
166171284
166921771
166963393
167560337
167959901
168358127
169053674
169789168
169806649
169861452
170261794
170301083
170357293
170944462
171588181
171595171
172311743
172399222
172732699
172965012
173384611
173610853
173698697
173825114
174272263
174709393
174892828
175016357
175229548
175547497
176481146
176783176
176953843
177317533
177674006
178338014
178636229
178802231
178956970
179266448
179598452
180043867
180820681
180989041
181196547
181522898
182235844
182482329
182963224
183304558
183540871
183908618
185711179
185775916
186368647
186411814
186418519
186838196
187085254
187287337
187452124
187509899
187915278
188326384
188767147
189066821
189220682
189473516
189649204
189936851
190101688
191405512
191782963
192072466
192247424
192680463
193058406
193431599
193680568
193694548
194080019
194402453
194514157
194981986
195193193
195345169
195802117
196268744
196347322
197257612
197292574
197298097
198525553
198763562
199266429
199762883
200154656
200951108
201750236
202289973
202510263
202944124
203027368
203331787
203891179
203979547
204051519
204269191
205252643
205275517
205618627
205973806
206117372
206232754
207044192
207267269
207379109
208003316
208348849
208603678
208622857
208776346
208803166
208837417
210065329
210218761
210462877
210481874
211068147
211470106
211942932
212257393
212278438
212937586
213042349
213168686
213655192
213935981
214010599
214208927
214748364
214790202
215021657
215417772
216434626
216674407
216906112
217207443
217678613
217699424
217997896
218197678
218396791
219121052
219368269
219396374
220011818
220015313
220373599
220584077
220910033
221023154
221067076
221353859
221572424
221725906
221991476
222694649
222876494
223535842
223618843
224239661
224628068
224712248
224816001
225988163
227073317
227402051
227426987
227861396
227972677
228601301
228751138
229186153
230109209
230260942
230557959
230933527
231257737
231418954
231474806
231814324
231890312
232118786
232866776
233480504
233850942
234099169
235362714
235472859
235883621
236163317
236207501
236243487
236352323
236844049
236855486
237027041
237851362
237907282
238392152
238529156
238636436
239250392
239327108
239449166
239751801
240346424
240738902
241185718
241223027
241322191
241728556
242554931
243057034
243416123
243901862
244225384
244404527
244509766
244672744
244894657
245565052
246027149
246337558
246625728
247211809
247754386
247918753
247931221
248204066
248518378
248810804
249272332
249496707
249684491
249846596
251267312
251954157
252159538
252299386
252321478
252339471
252393889
252639752
252731248
254093628
254829241
254878823
255495193
255628452
256419991
256665056
257231302
257823632
258177104
258183338
258966081
260194806
260387463
260414672
261632348
261657139
261965324
262180622
262427723
263700768
263747714
264411459
265046297
265431589
266423457
266740876
266933522
267429456
269178781
269827419
270970678
271166413
271381861
271415988
273471551
274382056
275647899
278507646
279003043
281406613
282650307
284955446
286316502
286518058
288503983
289758828
289875655
290953989
291755440
293931517
296425811
296968412
296979846
298681883
300335437
301475436
302672627
304600660
308367711
308603534
311309902
314109080
315075424
319460218
320516501
321096377
322310081
325123091
335730155
337609574
338704189
340643664
342970150
343043185
345887109
348032042
348299966
348714268
351980164
353759841
354174111
356292892
360292435
361469484
365042998
365908672
366661643
370484724
371713192
372193795
374085063
377510589
378652338
380895959
381810726
384516141
391409970
399607113
407890114
408180681
409108042
410311024
414159626
414237543
415930581
416819627
423535265
425620486
428899853
428983612
429590496
437096108
443216672
445533574
445872688
447185138
448581673
453075925
453449073
454437980
458992896
462201049
468265496
472403944
475253137
479079140
484663686
493940997
494975210
496175770
496790576
507783787
508200487
515023123
521752777
538858831
544037639
544822588
546035618
548764112
549675931
551015953
551606966
552186593
552774264
558942709
559050566
561169803
563425707
564350605
566343020
568998041
573614399
575578809
581317987
582558954
589243925
591826234
592851622
593451076
593594062
596277554
598257225
606626558
608245679
610188560
614286706
617000037
619716181
621567689
625934821
627255907
629424991
629975437
632320109
633939793
635994671
636211460
639311064
640571569
641033002
643090092
645574787
646781556
648832332
648905603
650186078
656710981
659396360
665978165
671460310
673606687
675558901
679919280
685083817
685925618
688560813
690442588
701781796
702091351
712511274
712835764
714659212
714998730
715776060
720650519
722220664
731008674
736413890
739561958
739979791
744836202
745195092
745613733
749379075
760793752
763191568
763593578
775297132
777342721
791324544
805804263
806055273
806473309
806771603
806794076
807083574
808134610
808710197
808818360
809128932
809691045
810309362
811170442
812075832
812136814
814248407
814646769
816299020
816441875
818182377
819543301
820372802
822980002
824001325
824457946
824596011
824816921
827537776
829301644
829754580
831963310
832068440
833418880
834508896
835586851
835753139
839987949
840679834
840755306
843096017
844303503
844501115
845227579
845965649
846561637
847388140
848605060
849058433
849528926
851317908
851720727
852182616
854875656
856125593
856185959
858482822
864403763
866349888
868459021
868802788
869427585
871367664
878453365
882716232
883320593
884396610
885803444
886407386
887196977
889840718
890349756
891667094
892362145
892810498
892994331
893632633
895780577
897756754
906565947
907589472
910374114
911244436
915715083
923814606
929082152
929173717
933238438
941655519
942733507
943936355
944672329
946445394
949053774
949445313
950799484
951196953
955453672
957013258
957654630
961140229
961676653
963585120
964331572
971587851
973191050
973519145
974677301
975411604
977093702
977588444
982537811
986263984
990972147
993443921
995105054
998316837
999665684
1004551236
1006780229
1006990636
1009073297
1010459786
1013256781
1014368930
1015644857
1018406432
1018644500
1019229018
1023554227
1024266706
1031917440
1032471749
1036544518
1037861188
1040247218
1040376428
1040582584
1042860301
1056186424
1060472842
1061749820
1062392864
1098576961
1110400648
1114030584
1117885291
1118468111
1120258838
1126851414
1146561693
1147720103
1156197266
1158073686
1160882969
1162023922
1167334197
1168598113
1184229184
1187742778
1192837555
1195181176
1205901744
1211529394
1214582768
1224023116
1227156011
1234000074
1236459790
1243166386
1248639043
1250616467
1253936642
1261310185
1261787457
1264594042
1280881010
1284666645
1285495120
1296384807
1303183541
1304645740
1309252359
1316563272
1321779892
1327908373
1329667609
1330660572
1331595298
1343172911
1343270375
1344146015
1344534854
1345442959
1345612189
1345996154
1347340046
1347662483
1348028886
1348218680
1348573813
1351080489
1352389840
1353499322
1353541133
1354120784
1354328289
1354852986
1355060462
1355961258
1356900185
1357591716
1359273201
1360884904
1363680685
1363894837
1365276316
1365352875
1366786664
1367456720
1368303946
1372003480
1372737043
1373980838
1374040369
1375784763
1376645912
1377604323
1378942500
1380686242
1381195584
1381552492
1381900745
1383728838
1384853265
1386054709
1387074500
1391463183
1391616054
1392924988
1393138780
1398041296
1401082055
1401365162
1402913664
1403561762
1406026850
1411050509
1411570392
1412208529
1412631020
1413960755
1414558287
1416442072
1417747671
1422047625
1423880736
1424563976
1425353731
1426750912
1429329970
1432683854
1434847117
1436233797
1436577068
1437354817
1442399252
1444308506
1445206898
1447865505
1450607380
1452892302
1462665358
1465400068
1471194245
1473053488
1479935221
1485259636
1485426018
1487604359
1491736634
1492136404
1492242968
1493365577
1494797077
1495212818
1495340854
1495778563
1495807175
1498087643
1499077217
1505799732
1512695488
1515625489
1517569571
1519390680
1520490890
1520633257
1522551269
1523753546
1531187893
1533188620
1534533637
1544640228
1544858506
1544915065
1552216595
1553111079
1554681108
1560405145
1562819616
1566048942
1568411008
1570767227
1573938498
1578800776
1579248417
1581293885
1583452609
1585139714
1586239565
1587819782
1590103556
1597507670
1598187688
1602996225
1611218916
1611266265
1611383407
1612353433
1612861301
1613030830
1614260299
1614986798
1615231322
1617728633
1618222531
1618675891
1619315683
1620657815
1622057797
1624498374
1624829256
1628261438
1628654328
1628847161
1629024948
1629066186
1630964644
1631396198
1634000983
1634809381
1635730946
1636160916
1636206135
1637623521
1638204635
1638641706
1642677728
1643129998
1644519805
1646845206
1647355603
1648751747
1648987000
1650660762
1651782425
1652980420
1653034251
1653351350
1655024280
1656506540
1658488071
1661479403
1661770267
1663282465
1665534573
1666296210
1666851132
1670526864
1672533017
1674648674
1677978508
1680843184
1680954198
1683903004
1684835978
1687740475
1687915684
1692811941
1693073753
1693571201
1699355731
1701080240
1703425806
1706561074
1707119557
1711724129
1712074311
1712592055
1715096002
1719756457
1719800539
1723609170
1724493845
1729272404
1729694989
1731424416
1733193985
1739204708
1743164418
1745982269
1746622853
1747948740
1748594200
1749715406
1749891633
1750243296
1754210398
1755373160
1756924273
1760454944
1762974727
1766310537
1767220545
1767647818
1769902344
1770396006
1772697876
1776554666
1780941651
1782223398
1785203925
1787855998
1788371533
1791166652
1792479521
1795379255
1797645060
1799366541
1799420256
1804504200
1806795425
1812620257
1813007707
1813776340
1815120589
1819025679
1820512696
1820821651
1822496101
1827988484
1829604960
1829942346
1830951070
1832947107
1842479894
1845722626
1847838024
1850687696
1850925585
1851814600
1854946088
1858622534
1859135683
1870151717
1872830858
1884777508
1886242892
1886954014
1888627381
1888786746
1892209457
1893010257
1893958438
1896057119
1900328722
1901953159
1903183979
1906446972
1907712560
1908048073
1913873159
1927466144
1928011843
1929660388
1929890370
1930761742
1931523304
1933326465
1936360784
1938363779
1940261266
1942249742
1946264435
1950355196
1951092353
1951933843
1952385290
1954070768
1956948166
1957802312
1960068393
1965640088
1968502792
1972297748
1972554080
1976117289
1977684499
1980018008
1981890791
1984186523
1986025221
1988641642
1991070752
1991705097
1996665126
1997070979
1998029968
2004908113
2005237868
2010648728
2014079143
2014322347
2015078980
2015186971
2018276164
2018444565
2018538616
2019992728
2022224941
2025325990
2026057152
2027755136
2028247301
2030200214
2030879096
2032209737
2034309830
2042814499
2048252064
2048789856
2051110925
2053382626
2054308236
2054784009
2055504527
2055547954
2056163920
2061027346
2064146064
2073256968
2081052788
2082952064
2085721350
2086718274
2087204386
2090217612
2090878494
2097424925
2098922531
2102112384
2108170960
2108964995
2112227400
2116694296
2116845619
2123432341
2126644337
2132054785
2136023648
