2751916
9958729
14101488
15244903
18166495
22408294
23747057
26513325
27998778
32236675
34651635
45004054
47308344
51627799
55777710
57453625
59931237
64136412
65868107
68920235
73104658
77209305
77966158
85514575
86469848
89655286
90681953
93938749
94818730
98155140
98963219
102585955
102949876
106793178
107101517
110947089
111369862
115094952
115572799
119417991
123815849
135110427
141751349
147651792
150161735
156121926
158437073
160389261
162589978
164595252
166736803
168520403
171237188
172733546
175374845
176871329
179659318
188196256
189320846
193572165
196483282
205504796
209832441
218304111
222548182
226256193
226669341
230491786
230845860
238630100
243743793
246974886
247980680
255479344
256189726
259690633
260327125
264542316
270423020
270657147
274632021
283062311
287480991
295474298
295903725
299649731
304550835
307787933
308792586
312023894
312913601
317091960
320593088
321153367
324731513
328884658
329634853
333777564
336836732
338431467
341010117
342676306
346927257
351104544
366059859
367924420
370494900
371914787
374706957
376055450
378859718
380323153
387331920
388596423
395807266
401137932
406466907
407198325
411318718
414944297
415557383
419123856
419888680
427398406
428295002
435693684
440190099
444340778
444779638
448926415
457233753
461485714
465437445
465659947
470314844
474526181
477561970
478794286
482938007
485931264
487265720
489988143
491506433
495626442
504273556
506539779
508445741
514888305
519064776
521003120
529292546
537296789
544806075
545768167
548960112
549919838
553167305
557494502
558226376
565906836
566519482
578893615
582910648
583133590
587095041
587460793
591152430
595742155
599954290
608914108
613034359
615881952
620053081
621342433
629756819
632743428
633965866
638411213
640865370
645008099
649292072
655235881
659473808
661745671
665850828
673032373
677213708
677561243
681317831
689885777
690055110
694029544
698407604
707061994
710640580
711210579
714792975
715478424
719686433
723003289
724013582
727251232
735659090
743480732
745482251
749620160
751902958
756234689
757894230
764576947
766325028
768760330
774439802
777414740
782810632
786981041
789957641
794104496
808571349
812715884
814733616
816868519
818874249
821080606
822943398
825404209
827179039
829584776
831300564
833820227
842474525
843599667
847850744
852095553
864704028
868911269
872648658
876362309
876826987
885189657
889255222
893337761
893397903
906328602
910533795
913969460
914671464
918821329
923140350
934807579
940946274
942278389
946526284
953471145
957794694
959020049
963224232
967360867
974341802
978556947
980168068
986850657
990919758
999391548
1008228594
1012434507
1016718720
1017532439
1025188374
1025808257
1029982520
1042356397
1046595092
1050611784
1059217993
1071841666
1077290855
1085774357
1086910779
1089946796
1094016387
1095382701
1098220346
1099650406
1102373105
1106525768
1108305720
1110495919
1112521089
1116658250
1120797939
1123135844
1124867548
1127458891
1129104229
1133355182
1135744313
1139985280
1145350105
1148916302
1153069445
1153768107
1161344531
1165519018
1169754977
1170628687
1183003098
1186759757
1191310924
1195452661
1199590206
1203803527
1207902224
1210970183
1213373289
1217656994
1219251509
1221797403
1223463820
1225867060
1227786915
1230102925
1231967258
1244333455
1247047329
1251282282
1256875588
1263998021
1265148370
1269416473
1273568416
1277144640
1277172695
1281410414
1285428018
1285662373
1289844764
1293735076
1294164275
1297877533
1302518849
1306657528
1310284680
1314489649
1315319974
1322793027
1327112556
1332038210
1336158601
1346256048
1346459550
1350492681
1354727874
1354820332
1359147971
1362970196
1363291514
1367559857
1379453304
1380426326
1383602113
1384563101
1387885578
1388715812
1397020850
1405445568
1410097847
1412683552
1414315022
1416825241
1420978770
1422721404
1427052627
1429253572
1435411745
1437667510
1446322920
1447709126
1451960845
1458848035
1463179276
1464415010
1468551401
1472761424
1478123015
1478880144
1482326206
1483027753
1487165154
1491372123
1494820067
1495699828
1503173009
1504128006
1507346216
1512250968
1516486881
1520608042
1524484100
1528849596
1533065733
1553336549
1565790666
1570075137
1578188895
1590698900
1599267842
1612293470
1617350256
1624819349
1625780994
1629841965
1634055316
1637573320
1642334694
1646219414
1650473912
1654741107
1658947274
1662790258
1667449180
1671272192
1671570071
1679052494
1683263607
1684743648
1688880683
1691692293
1693096082
1696019498
1697153469
1701338884
1704364376
1712503558
1714228881
1718472744
1720911476
1729216994
1737522320
1741726249
1744990846
1749200071
1753028944
1753468684
1757614517
1761387554
1765922339
1770042856
1774218065
1778681782
1782264353
1782864143
1787116228
1798850757
1815096441
1819341504
1821254812
1823576331
1829561098
1836288036
1842184385
1846111270
1853228808
1854460244
1862932162
1880211081
1882065694
1888486395
1892736322
1897055341
1901206228
1907149960
1911296561
1914129217
1919426671
1923695524
1926637706
1930703269
1932231730
1940535616
1948013849
1948508302
1952222112
1961001797
1965070954
1969243347
1973495576
1981456593
1982141766
1990502452
2002322572
2013948329
2018162448
2020934279
2025087308
2026572386
2030637901
2043179142
2047646817
2051818200
2056069395
2058523780
2066764562
2080866873
2085051520
2101618276
2118232392
2122369667
2126517306
2130840853
