1806290
5984619
6612220
10848055
14347289
15030670
18412854
22555535
23567896
31859562
35486234
35835789
39691427
43829096
47978961
48475206
52297982
52540777
56716240
65066658
69849557
73994092
77060400
78146727
81201033
82358814
85270182
86682417
89505823
90862984
93627348
95098435
103752733
105926451
110177528
114422337
127030812
131238053
146690071
146881337
154965889
159140152
159555428
163725789
168209722
171514029
172389251
175752724
188375625
189073767
193227436
197440533
200999298
202224482
204605173
208853068
214749353
219072902
221346833
225551016
229687651
235620010
239835155
242494852
248128865
252197966
260669756
273894076
278014327
279813344
283984473
286322401
294736787
296674820
298945834
303391181
304796762
308939491
313223464
320215849
324453776
325677063
329782220
341745964
341906619
346060656
350267849
354223473
354595046
362592259
363007380
370707037
374887652
380011192
384195585
388252974
391851520
407412124
410462219
414600128
415834350
420166081
422874198
428508339
431304996
432691722
439419770
441346132
447790600
451961009
453889033
458035888
470132917
473570594
474314252
478418375
482058320
486986321
491130088
502793229
507741124
511893519
520103833
524351776
532759634
537639036
540282347
541812421
544527186
548778137
552955424
566862163
569775300
571297204
573765667
575509261
577906330
579662022
582174033
588134224
590447303
596609570
602988812
604394476
608603477
611924162
616061705
617033767
620266928
628769318
629445754
633621187
641759389
645995350
654564544
658702969
662856114
672165724
676377061
678364274
680645166
684788887
686733568
689116600
690790447
693357313
697477322
706124436
707342083
710296621
715690609
719867080
722854000
731143426
740132044
740438363
748915753
753095312
761143441
761369862
769665140
773550340
774161555
778312234
790105056
799408901
805544875
809244220
809729298
813484165
813833945
822139215
826279926
830563389
834779780
839210595
843417818
847571729
851719592
856042631
859412752
867705954
873351227
877565570
879829781
883966174
892503880
902582548
909576292
910713674
926184064
941126795
942129436
945334834
953751360
962880833
967116426
975077699
975254740
983599526
992103984
996315273
1009396364
1012220322
1016341097
1026117736
1053952280
1058017335
1077665934
1082517611
1086666450
1090159429
1094228586
1095233860
1098400979
1099338383
1102653208
1103514678
1111299398
1111653992
1115889059
1119660084
1120125722
1124194869
1132488519
1141489289
1144392478
1149764603
1154014530
1158333549
1162484436
1169476744
1173623345
1175407425
1181753455
1186022308
1187915914
1191981477
1194558514
1202862400
1210024505
1210070958
1214209152
1214310679
1218546396
1222726757
1227050314
1230775908
1235415096
1239559809
1244054118
1247390024
1251527299
1255674938
1259998485
1260763266
1269040624
1276275113
1280489232
1282212487
1286365516
1288899170
1292964685
1305505926
1309973601
1314144984
1318396179
1319801988
1328042770
1342983886
1347194999
1349723616
1353860651
1355623685
1358076050
1359950890
1362133437
1366318852
1368295768
1376434950
1379208849
1383452712
1384842868
1393148386
1401453712
1405657641
1409394014
1413353673
1421919893
1434673864
1443319958
1446569217
1459890802
1468372736
1479027833
1483272896
1486234780
1487507723
1494541066
1500219428
1507164353
1511091238
1517160200
1519440212
1527912130
1550129488
1558488098
1561921690
1579364897
1595951301
1604206624
1611948727
1613485856
1616165902
1617627545
1621781074
1624572284
1628903507
1630055876
1637262625
1638469814
1647125224
1649560006
1653811725
1659650339
1663981580
1666265890
1670402281
1674612304
1679395111
1680227504
1684464137
1687696469
1688699330
1696941652
1708888072
1713424760
1717573569
1721857034
1729889803
1754138853
1766592970
1770877441
1778991199
1791501204
1800070146
1812094471
1816297662
1828791523
1837144465
1841317672
1858455556
1880914272
1885540942
1889387538
1889694085
1897857924
1897969171
1902143658
1906379617
1914342568
1918521873
1923384397
1944526864
1947308784
1951485001
1955606402
1964173332
1986530326
2013769280
2022052658
2030359716
2034502173
2046909320
2051114289
2059417667
2063737196
2081048016
2106098246
2114760728
