87344
88768
90211
90268
102508
102547
107968
109104
143413
143562
157264
158112
169632
170320
180282
180421
275344
277600
282713
282790
303190
303273
312160
314512
458767
458992
462592
520192
528670
729729
934945
1083618
1262722
1380674
1639685
1640970
1704019
1704108
1725184
1747968
1836736
1837360
2687824
2690208
2754054
2754825
2883690
2883733
2910720
2921728
3211318
3211465
3225088
3262720
3278176
3279504
3408652
3410947
4206210
4530760
4591912
4784185
4784326
4798720
4834816
4851088
4852320
4981507
4983820
5309344
5311568
5375497
5376262
5505125
5505178
5530880
5544448
5772322
6358282
6359557
6422620
6422691
6446080
6464256
6555184
6556096
6832420
8323072
8397901
8407156
8407179
8435844
8442946
8917409
8970512
9248804
9339010
9635873
9781776
9835524
10819592
12616400
12911745
15733008
16782548
16835620
17176705
17204296
17531168
17842254
18026520
18186372
18227234
18881312
19073090
19210497
20447618
21004557
25232992
25233808
25251845
25272330
25298179
25299468
25452736
25464880
27000841
27930624
30588928
31719430
33899588
33915160
34095629
34112624
34124290
34277396
34480448
34606628
34611467
34656276
34832960
35663120
35686414
35856424
36048914
38142596
39323777
40911362
42020944
42057888
42074928
42077376
42098694
42110985
42206730
42207493
44630019
45391872
46944256
47251468
50397958
50400265
50483296
50503824
50595232
50596432
50606092
50642947
51994624
53608453
55181322
56725504
59774978
62922785
67310657
67313938
67322404
67643168
67666955
68026904
68159517
71356449
71534720
73929344
75563785
75566086
75649168
75669600
75760976
75762336
75771907
75808780
77172736
78774282
80347141
81879040
83964064
84000848
84018112
84020272
84041737
84054022
84149765
84150538
86573068
87314432
88907776
89194499
92815874
93331716
100730512
100731232
100749322
100769797
100795660
100796931
100950064
100962496
102498310
103464960
106049536
107216905
117449794
118521896
121653252
126287872
134777728
135311648
136331474
136368648
136515716
136708673
137889860
142624388
143343624
144712738
144738321
146817345
148382208
151003271
151404564
151529512
151851520
152062465
155222562
157811713
167781088
168200224
168315906
171971089
172000392
186646856
193495044
201330248
201879556
202391944
202713088
205521076
205915138
220209680
230690824
244319233
268962008
269288466
269500593
269518608
270533147
270942344
272638320
272679298
273055761
276852776
277351937
277905415
281215490
283672584
285239314
285257793
285754688
286270088
290979860
302318113
302523524
303043656
304105537
306187016
336103460
337658900
339222529
339744834
360744064
377487940
385876241
402718805
402718890
402744064
402758656
402804739
402825228
402916617
402917894
404537344
405405744
408027328
409219072
431030272
444858512
453117440
478284032
486801504
508100608
537757760
537930560
538986241
539198480
539296386
541073454
541101344
541397012
543688722
544212100
545456452
545788488
546324770
547365256
549857280
553992232
554205713
557871616
570429511
570431664
570482760
574832641
595608592
605032978
605421825
606082088
606110018
609763392
629147713
650117250
671166473
671203334
671220490
671222789
671350835
671350988
671373568
671393280
672727184
674390016
675975168
677445728
696385696
713099776
726925312
749469696
755041536
771883088
805373452
805374211
805437545
805437590
805451008
805489152
805593093
805605386
808013824
808714320
810287264
810655744
830735104
848953344
855703744
880869424
895614976
906234880
940056642
943734808
973078820
1006633601
1074274482
1074610560
1075202112
1075867968
1077952535
1077952744
1077981208
1082657090
1085817856
1086329380
1090523179
1090536216
1091052100
1091098624
1097861128
1101005441
1107317889
1108345284
1109426465
1111820290
1140851313
1140851342
1141212192
1141906688
1141957120
1142966306
1143349252
1145053569
1182803976
1208026627
1208027404
1208090726
1208090777
1208105472
1208141056
1208246282
1208258565
1209017364
1210687488
1211367584
1212940368
1213288448
1233390592
1256325120
1258356784
1283522752
1293549568
1308885760
1342255110
1342291977
1342309125
1342311434
1342439484
1342439619
1342482688
1343815776
1345490944
1346405444
1347051520
1348534416
1367474256
1384187136
1395392512
1423179776
1426131456
1442971808
1480591393
1493176704
1543536658
1610678362
1610678437
1610705920
1610715904
1610764300
1610784771
1610876166
1610877449
1612460032
1613365440
1615986736
1617215488
1640562688
1652818016
1661077760
1686242816
1694761104
1714487296
1745371680
1754300424
1889536004
1896875009
1912611344
1946681608
2013724672
