7301753
12281150
15652619
18054067
28843994
29848820
35058847
40476593
43469293
45977846
46332888
51744379
54482784
57337173
62843410
65755175
69069511
70726620
77354933
79072942
82001051
90307341
94317905
95810634
97165156
98584191
102440719
105819450
110797437
112229222
115722579
119039467
120765680
124194501
127522969
130837164
134993527
141868377
148887856
157097638
161728762
165454804
168633279
170392228
176987853
178669526
182004984
185489755
191967861
193979433
195378482
198858268
200314631
201735655
204268796
206802898
209278665
212687246
221224472
223409462
226110509
226818673
229516138
240482842
243245825
243365213
246131782
248825704
251900619
254372816
257294590
260181945
262723234
271036183
277662590
282687819
287626739
292644806
294629786
299500463
300997300
304175839
308163057
309651690
311049910
312534957
316640387
318068120
324881173
326603278
329489737
341127081
349475547
352209856
352577400
355024483
357979469
360483926
368914724
372027727
374594145
377029498
378000678
380439613
382887699
385400328
394571714
406616119
412556382
415089989
415411819
417888112
420862920
423559891
423651837
426422502
429156026
432133263
434834836
440788689
445770134
448475277
449076131
451838648
457612341
460080430
462590834
465062505
466035015
471550652
473011111
474937481
481308373
484809952
489875779
491618925
496602410
498291761
501671428
509793370
516534323
518220072
522110352
523508875
534778828
539684834
550779326
553574565
559349288
561784627
562229615
567755610
570268225
578398239
579305027
581805912
584240246
586683757
587577813
590307534
600946322
604888425
609775452
611497543
618254894
619907893
621717389
623148694
626726328
628214947
631620580
635087050
636514769
639758778
643734164
645153679
646616531
656575326
660463728
665007660
668753154
670467097
672915929
676221932
677677815
681204907
686110597
689478461
694677523
697902671
701273210
702958945
708300042
714910051
716599416
717822806
719569485
726392000
727778779
733285020
734683570
736147625
742183762
742635644
745103719
750612000
753458197
756379821
761928579
767431876
772865921
775562906
776293812
781271795
784658630
789808485
793130832
798111767
800645388
801606178
808949945
810087319
815594704
817243595
818499301
824064838
825549405
827033971
832538164
836824346
840676458
842100081
843974239
845471556
853893686
857263758
858920853
862430624
869056969
870717650
876245801
879739164
885302645
890491094
892930509
893805283
898788772
904726154
909936353
912864468
915923592
918704317
921209254
924132638
926979883
929713712
932485228
935406169
942428057
944972983
948382704
953326021
955793630
956689510
961568339
964331336
967739407
970056481
975878737
981403748
981589560
984287011
986999821
990058926
992592053
998011520
998417628
1007385874
1014240828
1017125243
1023936502
1032436356
1037830321
1041074394
1042764225
1049376168
1059334949
1062944779
1064409360
1072702562
1080417342
1085395833
1087289431
1092210164
1093866735
1095532481
1097246426
1102227869
1104003763
1105664936
1110875075
1112142061
1113795062
1119299249
1120423327
1126119484
1127604519
1134462286
1135893589
1138880096
1144882587
1145237173
1147680686
1150738930
1153186025
1153651655
1156156124
1164660042
1167432470
1170162189
1173024824
1178300499
1178868605
1181663846
1186647329
1187358223
1192416172
1194855095
1195860377
1198372994
1206650352
1210825003
1216219934
1227408335
1230481633
1233364902
1238766995
1241304200
1242011128
1244482787
1246898125
1252848017
1257849764
1258614556
1261319687
1263623465
1266385970
1267028590
1271980123
1274689856
1277579963
1280915861
1282662542
1284323026
1289258215
1292890436
1294280799
1297761137
1299225194
1301171254
1302631725
1307649816
1309310568
1310762867
1316296006
1317782298
1324656692
1336041701
1347580542
1350085477
1350991161
1356058380
1358501399
1359264431
1361994676
1367069057
1367672797
1372632552
1378610328
1381271478
1386893802
1389705924
1392660327
1395168892
1400710217
1401156117
1403595534
1409952731
1416970485
1418434217
1419857842
1423844508
1426673983
1432150794
1433811473
1435036749
1436693846
1443683859
1448700966
1452106593
1457049940
1458702415
1465521858
1468930437
1470415006
1478236011
1479986800
1481221470
1482914885
1486727705
1488417538
1491255607
1496691860
1504971238
1506501320
1511711395
1513110456
1515147414
1516603789
1521583818
1528404039
1530085724
1531718258
1536697653
1540200192
1547380192
1547980494
1555732626
1561495071
1563975428
1564947498
1573292376
1575768131
1578567987
1581109288
1581431558
1583899165
1586934849
1589839476
1598144994
1606450320
1616851595
1618340752
1619738060
1621222615
1626625762
1628043866
1633437807
1635160436
1638047283
1643588614
1644983670
1646701677
1650050883
1651711576
1655116063
1658354225
1660068650
1661931410
1663424137
1668310204
1670296288
1675296981
1678207790
1680716341
1683151131
1686558300
1688997703
1691575401
1697564881
1703259320
1708138125
1711382246
1716792531
1725272481
1730690329
1736661360
1739161707
1745967006
1748733573
1749345707
1752054960
1754327788
1757763801
1760526786
1762798970
1765340257
1768769108
1773750547
1774592573
1779933782
1785252216
1788223268
1791208721
1793684490
1796528306
1799225769
1799449223
1804953024
1813822478
1815504149
1816727099
1818482464
1822228860
1825092425
1826777682
1835052484
1840554627
1843466422
1847216582
1848676573
1852121832
1859012225
1863922466
1867284759
1868978188
1872268880
1885904075
1888897687
1891406732
1891891362
1894326713
1899910170
1900101428
1905602675
1919838467
1924818500
1925516650
1930590409
1933091282
1941511328
1947868277
1949353326
1951379008
1956356359
1957787676
1959662386
1961151017
1964598929
1967969444
1974600440
1983262886
1984519048
1986232979
1999981122
2001346924
2011251973
2019136240
2024228012
2027433858
2031049249
2032501562
2036000788
2037395727
2040806984
2047530253
2057417060
2062811985
2072515227
2074266496
2080492373
2083197518
2085910880
2088793639
2094384146
2097328561
2099800234
2102854532
2105740483
2119339176
2130986105
2142183440
