255
3855
4080
13651
13740
14940
15011
22117
22170
22890
22933
25398
25545
27705
27846
37689
37830
39990
40137
42602
42645
43365
43418
50524
50595
51795
51884
61455
61680
65280
218416
219840
221283
221340
233580
233619
239040
240176
340021
340170
353872
354720
366240
366928
376890
377029
406368
408720
413782
413865
434265
434342
443280
445536
603024
605280
610393
610470
630870
630953
639840
642192
667706
667845
681632
682320
693840
694688
704565
704714
808384
809520
811116
811155
823395
823452
828720
830144
983055
983280
986880
1044480
1341505
1345345
1345614
1345713
1516161
1581681
1581710
1584513
1626753
1804353
2193426
2197266
2197533
2197730
2573442
2638962
2638989
2667650
3049490
3158118
3158169
3171843
3172620
3184140
3184899
3194985
3195030
3343621
3344906
3473491
3473580
3494656
3517440
3540528
3541440
3737280
3737904
3801180
3801251
3824640
3842816
3933450
3934725
4356132
4359972
4360235
4360404
4723060
4726404
4776324
5081124
5255941
5258250
5263411
5263564
5283900
5284035
5292810
5295109
5440336
5442720
5572102
5572873
5636197
5636250
5661952
5675520
5832810
5832853
5859840
5870848
5899785
5900550
6030240
6032464
6313222
6314505
6316117
6316202
6328410
6328485
6333705
6334982
6488118
6488265
6501888
6539520
6620512
6621840
6685443
6687756
6882060
6884355
6948240
6949472
7077945
7078086
7092480
7128576
7423000
7475496
7610952
8471575
8471784
8473368
8500248
8524071
8524248
8527400
8577320
8659527
8659640
8662344
8704584
9118280
9458953
9460230
9461850
9461925
9474133
9474218
9479430
9480713
9633849
9633990
9648384
9684480
9766288
9767520
9831180
9833475
10027779
10030092
10093920
10095248
10223670
10223817
10237440
10275072
10498826
10501125
10506300
10506435
10526771
10526924
10535685
10537994
10683296
10685520
10814985
10815750
10879082
10879125
10906112
10917120
11075685
11075738
11101440
11115008
11142662
11143433
11273040
11275424
11700260
12063108
12595305
12595350
12609036
12609795
12621315
12622092
12632166
12632217
12780810
12782085
12910684
12910755
12934144
12952320
12977856
12978480
13174320
13175232
13238355
13238444
13259520
13282304
13370629
13371914
14173314
15213185
15728655
15728880
15732480
15790080
16711680
16847134
16852146
16853826
16861300
16861323
16871976
16876071
16876248
16878888
16889988
16897090
16900369
17704002
17713284
17895904
17899024
17985666
17989746
17989773
18096171
18096340
18141220
18301000
18366648
18395208
18554916
18710658
18747664
18882936
18882951
18886280
19010571
19012356
19182096
19335201
19400481
19400750
19400913
19731460
21016866
21103182
21103281
21105985
21239560
21239815
21293064
21464080
21525520
21529824
21531408
21698568
21824065
24150340
24258576
24380545
24646146
25194820
25198923
25199028
25202244
25306896
25307360
25352208
25429105
25429134
25430913
25629186
25697538
25747970
25887873
28443201
30417288
30935073
31526929
31621250
33691521
33691761
33691790
33702372
33705492
33715272
33719367
33721160
33739298
34412673
34440264
34607691
34607796
34610500
34660932
34678536
34678791
34723848
34866205
34866402
35094816
35156256
35160528
35163680
35324946
35530760
35783213
35783378
35794208
35942532
35946612
36114456
36179991
36180200
36511778
36585537
37768584
37819600
38019342
38022657
38064385
38209602
38274882
38275250
38478081
40927761
40960386
41175072
41427972
41972241
41976350
41979153
42008946
42008973
42012290
42223392
42223824
42252320
42411012
42476555
42521604
42682400
42860930
45359361
45615170
47325218
48239172
48310280
48497682
48791840
50332501
50332586
50334810
50334885
50345478
50346249
50382345
50383110
50529888
50530704
50548741
50569226
50660611
50661900
50749488
50761920
50946240
50958384
50988300
50989571
51119760
51120480
51138570
51159045
53497936
53518496
53870598
54067209
55575856
55577280
55914496
56279040
56623203
56623260
56648448
56663040
59768940
59768979
59796480
59806464
60818880
60820016
61194240
61485056
62935200
62955600
63307785
63504390
67381122
67381362
67381389
67388596
67399960
67404055
67404264
67407384
67426434
67862808
68162680
68164488
68215944
68300352
68342080
68618260
68683540
68683803
68684004
69017920
69215262
69217041
69355272
69355527
69698112
69759552
69763760
69766464
70076424
70123812
71322436
71349316
71397505
71401585
71401614
71438365
71581771
71770152
71835687
71835864
71880744
72041536
72253569
74482722
74520640
74580612
74989825
75527202
75531309
75531474
75533090
75568960
75569328
75622464
75629195
75632004
75972865
76038414
76041729
76067073
76350084
78778386
79175720
80749585
80806180
80889864
81297984
81794184
83887462
83887513
83888745
83888790
83907331
83909644
83927820
83930115
84095056
84132000
84214576
84217024
84238342
84250633
84280837
84281610
84477450
84478213
84542400
84544560
84566025
84578310
84684960
84721744
87031861
87032010
87045376
87083520
89153632
89165968
89325571
89915404
90179152
90180000
90591232
90808320
93324960
93325648
93757440
93933568
94396560
94408800
94568460
95158275
96469050
96469189
96483840
96519424
100664883
100665036
100665660
100665795
100689157
100690442
100701450
100702725
100860678
100862985
101011552
101032080
101057872
101059232
101068803
101105676
101254560
101255760
101265420
101302275
101339280
101359712
101450505
101452806
103809888
103812240
104030208
104632320
105906262
105906345
105928192
105949440
106967088
107004096
107282437
107610122
110112960
110149680
110428170
110755845
111149145
111149222
111171840
111191552
113247120
113249376
113479680
114057216
117969985
117973266
117981732
117999752
118495266
118588420
118620696
118768000
119547972
119607936
119701761
119800872
121653265
121700680
121775232
121930242
125902881
125976642
126095380
134681665
134684946
134693412
134711432
134747214
134747313
134748993
134750493
134750690
134753810
134758955
134759124
134761764
134776952
134787620
134795538
134800449
135272226
135272493
135272658
135325730
135361540
135365643
135367428
135397911
135400728
135545200
135548544
135573888
136003968
136118808
136217604
136324932
136325195
136370244
136385136
136387968
136438400
136474881
136478990
136482305
136578087
136578264
136579880
137036840
137199873
137237120
138430225
138430494
138430689
138459153
138477895
138478008
138481224
138552432
138554240
138597504
138703362
138710274
139166210
139273344
139329864
141631521
141705282
141824020
142114952
142637192
142641032
142680110
142680273
142725153
142753869
142753970
142782530
142872804
142925844
143163527
143331348
143474754
143532065
145770513
145817928
145892480
146047490
147859524
147919488
148013313
148112424
148903970
148997124
149029400
149176704
150996540
150996675
150997299
150997452
151020810
151022085
151033093
151034378
151192329
151194630
151343248
151363680
151389600
151390800
151400460
151437315
151586128
151587488
151597059
151633932
151670880
151691408
151782150
151784457
154141584
154143840
154374144
154951680
156237913
156237990
156260608
156280320
157298880
157335600
157614090
157941765
160444464
160481472
160759813
161087498
161480790
161480873
161502720
161523968
163578720
163581072
163799040
164401152
167773545
167773590
167774822
167774873
167793420
167795715
167813891
167816204
167981216
168018000
168100800
168102960
168124425
168136710
168166922
168167685
168363525
168364298
168428336
168430784
168452102
168464393
168570960
168607904
170917946
170918085
170932736
170968320
173039760
173052000
173211660
173801475
174065312
174066000
174497792
174673920
177210960
177211808
177623040
177840128
178282592
178294928
178454531
179044364
180355125
180355274
180368640
180406784
184816161
184821890
184844568
185603208
185680386
185737536
186124308
186796040
187204160
188761156
188842113
189276200
192971810
193009728
193069700
193478913
201327450
201327525
201329749
201329834
201340425
201341190
201377286
201378057
201524880
201525600
201543690
201564165
201655564
201656835
201744576
201756720
201941040
201953472
201983235
201984524
202114656
202115472
202133509
202153994
204492960
204513360
204865545
205062150
206570944
206572080
206946304
207237120
207618156
207618195
207645696
207655680
210763875
210763932
210789120
210803712
211813680
211815104
212152320
212516864
213930064
213950624
214302726
214499337
218241153
218268744
219157060
219228168
219415570
219709728
220282945
220340258
220496004
220729368
222315144
222368800
222568705
222824514
226525713
226558338
226773024
227025924
234955842
234965124
234979880
235999249
236093570
236199972
236470344
236986760
237114372
239092002
239206977
239343624
239633424
243302724
243410960
243532929
243798530
251658255
251658480
251662080
251719680
252641280
267386880
268583195
268611860
268755266
269566477
269569282
269595138
270586897
270795186
270799117
270802434
271253826
272702240
272753696
280040480
282071362
283197954
283385892
287850772
289735044
293749796
294144072
296779800
302023864
303188097
304161921
304169256
306463256
306710541
310477377
310911748
315654276
337526786
337773792
337815560
337920641
338171937
339878418
344492052
345244740
402663604
403841576
405293186
407142980
411570472
453116945
536990228
537019000
537137710
537137873
537140513
537190945
537428557
537596449
538059184
539050062
539050161
539157508
539699328
541076756
541081901
541082066
541085218
541131492
541138971
541983252
548421922
548479492
550638596
551690560
552093700
554598440
554771521
555794824
562374672
562565768
570432274
570442375
571769480
572594212
573055512
578977953
584138816
604156544
605127041
606343490
612647442
613029952
671351179
672285729
679774273
680018968
692195346
738345236
805307235
805307292
805309548
805309587
805320240
805321152
805357248
805357872
805503061
805503146
805528320
805542912
805654531
805675020
805700870
805702153
805897481
805898758
805982220
806002691
806092890
806092965
806120448
806130432
808453456
808454816
808857600
809091072
810573830
810586121
810876976
811204800
811599365
811600138
811618400
811638928
814745098
814745861
814764176
814784608
815816713
815828998
816120000
816447536
817890720
817891920
818331648
818491392
855638070
855638217
855659776
855681536
862126080
865861632
889204746
889241605
889585808
889782368
894438400
899678976
905994400
906006608
906299648
906626560
909115404
918552579
956325968
956338336
956630528
956958976
959447043
968884236
973090821
973127690
973471840
973668496
978322176
983567360
1006633017
1006633158
1006656000
1006675200
1013710848
1016266752
1073919009
1074924321
1074937902
1074939088
1075659808
1076120848
1076576784
1078071522
1078792210
1088570369
1090537348
1092108610
1092125713
1092884552
1092895266
1094779917
1095242113
1099759880
1104167440
1108427028
1108615698
1109452801
1109463361
1109622916
1109920640
1111536136
1111573025
1111654674
1111757860
1116215320
1118847112
1140855943
1140916523
1142948308
1143016964
1143219265
1149379108
1149773954
1155827712
1212228116
1216448530
1216614673
1226899748
1342178613
1342178762
1342179898
1342180037
1342198608
1342200992
1342219168
1342221392
1342375427
1342376204
1342505062
1342505113
1342518528
1342556672
1342595077
1342607370
1342791690
1342803973
1342832745
1342832790
1342847488
1342883072
1342965260
1342966019
1345323782
1345326089
1345347632
1345360064
1347421792
1347422608
1347637248
1348247552
1348481027
1348517900
1348862032
1349058720
1351626764
1351663619
1352007840
1352204368
1352664720
1352665440
1353469952
1354760969
1354763270
1354784960
1354797104
1392521360
1392558176
1392902912
1393101824
1397751818
1402994693
1426063443
1426063532
1426090240
1426101760
1429536768
1439301632
1442861065
1442881542
1443037232
1443627200
1449133312
1452280320
1493192710
1493213193
1493369024
1493958704
1499466240
1502610688
1509949532
1509949603
1509975552
1509988608
1513750528
1522860032
1543516256
1543553168
1543900160
1544094464
1548746757
1553989642
1610614358
1610614441
1610615129
1610615206
1610638688
1610640016
1610651024
1610652256
1610821638
1610858505
1610941189
1610943498
1611006003
1611006156
1611027968
1611049216
1611202620
1611202755
1611225344
1611245056
1611268874
1611271173
1611411465
1611448326
1613778949
1613799434
1613955168
1614545040
1615856899
1615858188
1615867984
1615904928
1616905008
1616907456
1617256448
1617596416
1620050880
1620053040
1620414464
1620729856
1621099788
1621101059
1621110944
1621147728
1623216138
1623236613
1623392400
1623982176
1660968972
1660981251
1661272224
1661599824
1664091648
1673529600
1694519488
1694539824
1694696704
1695287808
1700790278
1703936009
1711276133
1711276186
1711291392
1711325952
1716912128
1722351616
1761607786
1761607829
1761620736
1761659904
1767440384
1772486656
1778405424
1778426048
1778584064
1779172608
1784676361
1787822086
1811963907
1811976204
1812267088
1812594848
1815087360
1824523776
1879124001
1879197762
1879316500
1880163460
1880261136
1880375560
1880625186
1881215496
1881276801
1881441312
1881677892
1883341120
1883382792
1883505282
1883783185
1887441985
1887445266
1887471752
