1799643
3599286
7198572
9534397
9894959
14397144
14938795
16007017
16659150
17395582
20098271
21944891
23009639
24474683
25474975
28794288
28882661
29877590
31163317
31903525
32014034
36420909
38137588
38562795
39575425
39579836
40196542
40871706
41305843
41712775
42455647
43889782
44146419
45965797
48941175
49292735
51855018
52939207
53995029
55366613
57588576
57765322
59046137
59732785
59755180
60024035
61889885
62195566
62494863
63575531
64028068
64186957
65613701
66490429
66636600
69582328
70842163
72841818
74818263
78179037
79142662
80102909
80393084
81612341
82611686
83060626
83425550
84911294
87411307
87779564
88291302
90758325
91727265
91931594
92038556
93510003
93695309
95110771
95298477
95889463
97495683
97898732
99546121
100471577
101899900
103709014
105250067
106545503
108205741
108776490
109211559
110733226
113133385
113160339
115177152
115530644
116591065
118092274
118267687
119510360
122231545
123350385
123774829
124653268
124828338
127151062
127614100
128056136
128371866
130576543
131227402
132470279
132980858
136218605
139409017
141598495
142019499
143490403
145683636
146658953
146776675
148362802
148791611
149636526
150007398
152550352
152762653
153286490
154251180
155313871
156865978
158120331
158301700
158319344
159131773
160205818
160786168
161606067
163486824
164039839
165223372
166851100
166883779
168674743
169208591
169822588
174789847
175559128
176585676
177122769
179047999
179534867
181582186
181839499
182823085
183454530
183863188
187020006
187390618
188223459
188885949
189880887
190221542
190596954
191220825
191778926
192540769
194556507
194925958
195764700
197170940
199059602
199312361
200943154
203908207
204085743
205078094
205754227
207170967
207271015
207420072
207904721
208399113
210294742
210500134
211426971
211756828
212547521
213090558
214186231
215209229
215980116
216411482
219106729
219567797
221466452
222122195
222616910
225614533
226321186
228477007
229192765
230354304
231061288
231428442
232055633
233182130
233852075
234456387
235141323
236184548
238085369
238359413
238931140
239020720
240096140
241358243
246272298
246700770
247549658
247559540
248045153
248782264
249182981
249979452
252634722
254085019
254302124
255228193
256112272
256747828
257176781
259207438
261066977
261153086
261327929
262454804
262832919
264940558
265961716
266546400
270819055
272437210
275656121
276226285
276411337
277540683
278329312
279926905
281934213
282277109
283196990
283368652
283907927
284482195
284838881
285058063
287980215
288461183
288838541
291125037
291367272
291859283
292260075
293321986
293553350
295486891
296718802
297583222
298993342
299273052
299379163
302490107
303287710
305100194
306626119
308218399
312716148
314141227
315656943
316240662
316570648
318263546
320411636
320535234
321572336
322237763
323212138
323327405
324839089
325733647
326449364
327956798
328025309
330446744
330731201
332242504
332729651
333702200
333767438
337349486
337492027
337538290
338417182
338919009
339004733
339645176
340645091
341216715
349267307
349645228
350441783
351118256
353165208
353186639
357913941
358095998
358642169
358714270
359069734
360826853
361115257
362372002
362537113
363018635
363033300
363678998
364520806
366013463
366909060
367726376
368154224
369565589
370719205
371085487
372384607
374040012
374781236
375746185
376406629
376461254
377771898
378086135
378231879
378332717
378391377
379761838
380013355
380443084
380974169
381193908
382441650
383557852
384341401
385343554
385625858
387045003
388607059
389113014
389982732
390312029
391594928
392954295
393894417
397163681
398184484
398624722
398875073
399913507
401886308
402878139
404520533
405396295
407599600
407816414
408171390
409134997
410600125
412028646
414341934
414542030
414836056
415796605
415809442
421000268
421252135
422418225
425095042
425383121
425435734
426182012
426972747
428404974
429242917
430418458
431884693
432103193
432822964
434406643
435105960
436846236
437345769
438213426
438602717
439135594
439185693
439589045
439823685
440075579
440464447
442932904
444244390
445305529
445858771
446311597
448030513
449131978
450154853
451033809
452533540
452641356
453012951
456024777
456288378
456954910
457662631
460489585
460708608
461616391
462122576
462691211
463623781
464443395
466364260
467632393
467704150
468305538
468761609
471200150
472369096
472820871
473070748
474438189
475755139
476587770
477153778
478041440
480304219
480686413
481629603
482710233
482716486
483148687
486189105
487506293
487760811
488926180
491664659
492637889
493392431
493401540
494321691
495099316
496090306
498075357
498365962
498613072
499313352
501835845
508055350
508604248
508921390
509688611
510456400
511449163
512224544
513180759
513487464
514353562
514912901
518996113
519244422
520407731
520491742
520757065
521758469
522133954
522306172
522656818
524909608
525912205
528550255
529881116
530076723
531923432
533803409
537770733
541035699
541219807
544340309
544874420
546920047
547088838
547843357
549834666
551312242
552419803
555081366
556656577
557523833
557636068
557727299
558098735
558943737
559853810
562798165
564065034
564554218
566393980
568077996
568658677
568963878
569677762
570116126
573961612
574280043
574372761
575192534
576087406
576922366
582266458
582734544
583625913
583718566
584426297
584520150
584815643
585602401
586635812
587106700
588140435
589444597
589495945
590143551
590973782
592525139
593451208
594728022
595166444
598438986
598546104
598758326
600029592
601672771
602159183
603106051
604980214
607670159
610201408
610259249
611050612
611266717
611619247
612692839
613145960
615931077
616436798
617004720
617673946
618860111
620312771
621208283
621255484
621475207
626394911
626549479
626638345
627463912
627790661
628001113
630986225
631313886
631811371
632481324
633206800
633277376
634149165
636527092
638825015
638913759
639878073
640456395
640506419
640823272
643144672
643229845
643972155
644475526
646424268
646654810
647932009
649153906
650943006
651109639
653796949
653947296
654670949
656017854
656159356
657550033
660893488
661462402
663884749
664101259
665459302
666682017
666993847
667404400
667535116
673643121
674329578
674698972
675641253
676834364
677887170
678009466
679111881
679290352
679399943
680669045
680892763
681101503
682437526
682800553
683000949
684614357
685552917
686480658
686560493
688115965
690980111
691289398
694699383
697989793
698534614
699159388
699606663
700875375
702236512
703235737
705453306
706342704
706373278
707480293
708491076
709693261
711504565
713234238
713464231
715179471
715827882
716191996
717284338
717780747
718139468
718380229
719131299
721653706
722022831
722413655
722786089
723639342
725074226
725986851
726037270
726328744
726877589
727357996
729041550
730393413
731292340
733348059
733818120
735452752
736392337
736823601
738309981
739131178
739569059
739727171
740607678
742170974
743660710
747073722
747496979
748080024
749562472
750357285
751411689
752813258
752893836
754077817
755543796
756463758
756665434
756908701
757103135
757831330
759290755
759523548
760026710
760886168
761948338
762387816
763377387
764883300
765702227
767115704
768216517
768682554
769092609
770163076
772723741
774090006
774748481
777023021
777685714
778226028
778445763
779703832
780753301
783058800
784031757
785908590
787745047
787788834
788683760
791715217
791717991
792760699
793461291
794327362
796238408
796787749
797074777
797249444
798085702
799480329
799810758
801304613
803772616
805756278
807780107
809041066
810330935
810792590
811058777
811425038
811675111
814947066
815632828
815734561
815920279
816342972
817541661
817629551
818541169
820312376
820930083
821200250
823016908
824010933
827159194
828683868
829084060
829278733
829680288
831618884
831942743
832609257
833596452
834873289
837950503
838423937
840705991
840811242
841178968
842000536
842504270
844134835
844836450
845707884
846316327
847027312
847475053
847608515
849003829
850068367
850190084
850766242
852362232
852776589
853945494
856283419
856327803
856744924
857099109
857124121
858163110
858852925
860836916
862425619
863769386
863920464
864091698
865645928
868827622
871014597
873011131
874691538
876283349
876426916
876570883
877301421
877421663
878271188
878371386
879178090
880151158
880928894
881962897
882360967
883841674
884220603
885865808
886739779
888488780
889679374
890467640
890610546
892623194
892916813
893603027
896061026
896809733
898077739
898402519
899827901
899864337
900309706
902067618
902458132
903544941
905284744
906025902
906655441
910619401
912049554
913908028
915325262
915422479
916771060
918559605
919722025
920710465
920979170
921417216
923511585
924245152
925382422
925713768
926093539
927246570
928222532
928654475
928886790
932728520
933168658
933601557
935408300
937443931
937825548
940565292
940611319
942036379
943411318
944738192
944831051
948876378
951510278
952341476
952842255
953437652
955724560
955846163
956082880
957223907
958211179
958479577
960021395
960384560
960608438
960675169
961905095
961943737
963259210
965012621
965034807
965420466
965432972
966299406
968083777
971331682
972054829
975156353
975529558
975581743
978051395
978981213
980208033
980525211
983672425
984101235
984751554
985089192
985812075
985909781
986803080
988643382
990198632
990238160
992180612
994582151
995129056
996150714
996731924
999917808
1002242629
1003235865
1003496542
1003671690
1007251394
1007889101
1008225145
1009286437
1009713755
1010538888
1013292053
1014793993
1015482865
1016340076
1016885449
1017208496
1017823459
1019377222
1019388318
1020912772
1023559150
1024449088
1024661783
1025896609
1026361518
1026991312
1028707124
1029825802
1029906997
1034161987
1036829752
1037469986
1039667350
1040459197
1040815462
1041514130
1043516931
1044267908
1044612344
1044859162
1045311716
1045782641
1046565069
1049201803
1049819216
1050437670
1051331676
1051759386
1053951905
1057734806
1059762232
1061471813
1063846864
1066185600
1067606818
1075440371
1077138918
1079811293
1080536012
1080731619
1081298045
1086011706
1087330200
1087719367
1088854266
1090120993
1093007454
1095658725
1096086435
1097045465
1097664175
1098019700
1100918576
1101701004
1101775213
1102169883
1102867207
1103215723
1103966708
1105619609
1106500162
1107240017
1107808105
1109489373
1109955582
1110653831
1114941811
1117575626
1117657829
1118431046
1118775499
1120073553
1120349106
1120475951
1121587030
1122821352
1122875921
1123504395
1126009273
1126080847
1126570843
1127896249
1128095328
1129651996
1129903630
1130597942
1131110803
1132681462
1132750455
1133114761
1134191592
1138066138
1139258500
1139561778
1141874386
1142944325
1143746421
1143921569
1145236922
1147565838
1147755851
1148856879
1149703147
1150123150
1150257439
1150804344
1151108731
1157284999
1158709193
1160156279
1161409428
1161572842
1162207805
1162394451
1163075835
1163120268
1163811218
1166956388
1167210078
1168500386
1169431228
1170853328
1171953833
1172010018
1172326782
1172454677
1175103389
1179399862
1180513577
1181014605
1181184225
1182448832
1182470770
1184224433
1185578544
1185875380
1185968239
1186106725
1186546334
1187099079
1187454060
1187758793
1188479782
1190243356
1191400735
1191637420
1191759086
1192487698
1192953543
1193045019
1194045963
1194641360
1197633091
1198606757
1201252964
1201840881
1202213827
1204064137
1204224853
1204775176
1204821203
1207734596
1210006948
1210872507
1212073299
1212217837
1213588889
1213881962
1214101314
1214755111
1215381169
1216732020
1218596856
1220236053
1221389852
1221499721
1221769878
1222101217
1222211673
1222714207
1223971934
1224249841
1225664470
1226064383
1226518283
1226773054
1227045485
1228923018
1229638566
1233000321
1233573571
1235557829
1236864118
1237870513
1238224919
1238541772
1240828174
1242198887
1243938690
1244840623
1245025387
1245416025
1246125365
1247357166
1249077032
1249405844
1250673786
1251047078
1251422365
1252498712
1253876524
1254860325
1256872077
1257013959
1258994851
1259068740
1259447669
1260170952
1260678332
1265122648
1267781269
1269179691
1270059936
1270165842
1270278212
1271056667
1271167530
1272792108
1275174575
1275505278
1276464954
1277643415
1278653977
1280609205
1282811620
1283097916
1283260877
1283714133
1285057900
1286646730
1288626626
1290359524
1290384530
1290673187
1291155840
1293521769
1294707042
1295119367
1296713309
1297382512
1298389048
1298471626
1300008466
1300456334
1301166296
1301775762
1302110375
1302647193
1303217740
1305483047
1309500376
1309776348
1309816306
1311233572
1312165262
1312348214
1313767611
1313887131
1314350102
1315540896
1315759365
1317059385
1317803343
1318399555
1318799651
1323418163
1323472458
1326217861
1329213525
1329939938
1331039080
1331140611
1331749078
1332283423
1334386450
1335808528
1335900582
1336690801
1337021640
1341661833
1343694647
1344066335
1346272072
1347656505
1348003190
1349185627
1350146726
1350551828
1350693850
1351114167
1353156281
1353760212
1354460804
1355244142
1355715886
1357020514
1359477905
1359678429
1359722216
1363419122
1364293775
1366730282
1366855493
1367517671
1368870218
1368995475
1369037880
1369797932
1370268505
1370681522
1373393513
1374202044
1374757858
1374798037
1376796283
1377139046
1377587116
1378800837
1379116754
1379267128
1379294742
1379804284
1380503195
1381991904
1382631281
1383209452
1385095830
1385273165
1386597415
1387456905
1387959843
1388603741
1390687141
1393405318
1393894125
1394557043
1394670357
1397122266
1397920151
1399403622
1402681665
1403006670
1405296289
1406045205
1407914524
1409157282
1410655950
1412030894
1413611300
1413661431
1415455697
1416308950
1417090202
1417441333
1418442033
1419399644
1420060115
1420606050
1420892759
1421413609
1422215355
1422409413
1424412240
1425065896
1425253125
1427605748
1428102157
1428352332
1429095226
1429344177
1430055105
1430767363
1431077868
1431255600
1434019400
1434638863
1440002330
1440286094
1441110305
1441136847
1443588157
1445153514
1445214367
1446600080
1446871939
1447614840
1447705482
1448193187
1449428318
1452776072
1455629851
1456499440
1462187840
1462803754
1464683078
1465042025
1466177081
1466589860
1466814600
1468081656
1468371510
1468593236
1469473925
1469580093
1469745242
1472782627
1474394130
1476607326
1479188084
1479385333
1479948515
1480078735
1482998635
1483566130
1485646761
1485890173
1486138554
1486590151
1487476586
1491307907
1491433025
1492520461
1492779930
1493536343
1493670314
1495357334
1495492065
1495854633
1496373976
1496748870
1497805453
1500828836
1501059363
1502745977
1502832948
1503511428
1504338974
1506413171
1507604550
1508569856
1508657608
1510954507
1514276815
1515002259
1515314258
1515672260
1516136993
1516496910
1518885470
1519954199
1520845286
1521088704
1522276048
1522647484
1523201428
1524131011
1524959864
1527170844
1527552109
1528590768
1529809700
1530478926
1531030465
1531519802
1532693656
1534337559
1536214882
1537282235
1539747952
1544377468
1545324208
1545810872
1547191911
1548725320
1548904775
1550588700
1550954604
1552317202
1553784065
1554032438
1554958380
1556247721
1557339968
1557776906
1557987698
1560375923
1560839643
1561864862
1563057346
1563765017
1564748847
1565200805
1569306892
1569741029
1571392145
1572291105
1573094502
1573201556
1577359329
1578518745
1578820874
1579405649
1582928405
1583353077
1583786384
1584013673
1584685226
1586138052
1587629836
1588539398
1589943430
1590825022
1595031076
1595673940
1596163213
1597875232
1598059340
1599639778
1602609225
1603012266
1609712912
1611462009
1613680206
1614390846
1615429143
1618802320
1619666175
1621571186
1621785041
1622264556
1622574037
1624653187
1624826765
1625347645
1626693814
1627067724
1627645876
1628486510
1629068739
1629708067
1632570490
1633130084
1633979799
1634302376
1635179784
1635258975
1637027245
1637794972
1638813863
1639297225
1640117051
1640299204
1645647770
1645702608
1647619749
1648170263
1648593397
1648870543
1649408034
1649586921
1651393309
1652384323
1653161952
1654016571
1654845726
1654939049
1659718740
1659969162
1661053599
1661293518
1663838962
1664333936
1664773412
1665854040
1666795186
1667179396
1667291363
1667621220
1669631356
1670218595
1670264333
1670764805
1673045394
1674662264
1675114549
1675773892
1676152425
1679178077
1679713961
1679850742
1680988315
1681106251
1681432408
1683032060
1683859850
1684394834
1684847660
1685866744
1686462041
1686956468
1687000965
1688451237
1690528609
1691457846
1692028185
1692928947
1694466600
1694841267
1695185003
1696254517
1696449830
1697328792
1699451086
1702177862
1702248803
1703465658
1704103650
1704534359
1707878218
1708348049
1709270157
1709613590
1710775812
1711329111
1713068812
1713711918
1714046426
1715372262
1715594858
1716016613
1716364497
1718262023
1719078417
1721005844
1721301507
1721898647
1722388601
1724797011
1725057230
1726231000
1730256580
1730685389
1731621506
1731674204
1732643495
1732941616
1735450905
1736882498
1738348586
1739312129
1739663137
1739883535
1742087224
1742930346
1745597331
1745774991
1747570076
1748850733
1749298907
1750319902
1753589222
1754529288
1755888711
1757169570
1757500659
1758137020
1758876076
1760438628
1762139965
1763142242
1763275988
1765041741
1766289737
1767040051
1767721745
1768043694
1768203192
1769146834
1769580677
1770605259
1770688886
1771020345
1771075994
1773441587
1775082656
1776397904
1776764426
1777909866
1779757255
1780574585
1781469672
1782962840
1784188203
1784463988
1784849501
1784946278
1786368386
1786654746
1788413849
1788769376
1788840966
1789387521
1794136897
1794280624
1794310247
1795622641
1796349007
1797838417
1798215828
1801556749
1804872161
1806262836
1806830364
1807838470
1808413378
1808531870
1813716081
1813781446
1814753932
1815049488
1815241141
1816565204
1816686910
1816774759
1817522703
1819395777
1819458336
1820509995
1821487856
1822644550
1824154194
1824271505
1826940939
1826948409
1829154565
1830880231
1831111913
1833718923
1835807329
1837517878
1839265120
1840910603
1842382941
1847337779
1848206499
1849892233
1849899604
1850779526
1854161645
1855493292
1856342226
1858612338
1859014272
1859437896
1859887376
1862644762
1863001196
1863444648
1864024513
1864944394
1865418362
1869942960
1879472828
1880795640
1882542577
1884634344
1885028779
1886155206
1886329537
1886416666
1888276193
1889348188
1890306610
1890731723
1891488834
1892132947
1892255446
1893390436
1893800349
1897551698
1897826955
1898038522
1898177095
1898389918
1899933985
1900651805
1901211348
1901381694
1907104795
1907387505
1908462919
1908851121
1908873990
1909124226
1910021008
1911166192
1911818036
1913330862
1913631060
1914301513
1916291287
1917128831
1917242306
1919006128
1920168965
1921162457
1921822891
1921869082
1924866225
1925361448
1927907658
1928376902
1929406379
1930023589
1933281032
1934392577
1936140329
1936983497
1939054638
1939084518
1940063571
1940212624
1940312648
1941467276
1943397888
1943683591
1946536397
1946629319
1947909142
1948391277
1951686179
1952492153
1952861604
1954811806
1955738534
1957262089
1957602696
1959251996
1960092773
1964028093
1965627764
1965835925
1966166574
1968304576
1969272451
1970896947
1971916327
1972330720
1972661032
1974520198
1978808392
1980599864
1980632419
1981362394
1982260273
1983439712
1983996821
1985877576
1987216028
1988351362
1989181939
1989363300
1990601285
1991645488
1994197125
1994933294
1997410713
1997838929
2000706716
2000822646
2001799947
2014470021
2015529279
2016776032
2017879920
2018039752
2019107685
2019427479
2020316201
2020641998
2022655301
2022830371
2023708816
2024116878
2025876135
2027435576
2028167384
2030859814
2030889298
2033844972
2034323052
2034408986
2036174936
2036746325
2038445013
2040178241
2040938112
2041087397
2041811988
2043773609
2045583619
2047012068
2047056483
2047937462
2049584913
2049987900
2052372748
2053264050
2053973132
2055552049
2056659786
2059190297
2059699987
2064806425
2064993411
2065740234
2067347970
2068332793
2069042466
2070840386
2072447180
2072664360
2081869930
2083295666
2083645972
2085069474
2085157009
2087388934
2087728465
2089685557
2089894943
2091068458
2092964330
2095628628
2096533633
2097270065
2098534280
2102930848
2103336972
2103591817
2105770840
2107908220
2111062722
2114495055
2115469605
2116320328
2117081769
2122008640
2122376856
2125537732
2126861088
2133086471
2139236499
2143884353
2145421860
