2808091
5616181
8502642
11232361
13897543
17005284
22464721
24908234
25347990
27795085
34010568
36449491
42420410
44929441
49816468
50695980
55590169
58385410
58995294
64061547
68021136
69677707
72898981
74612926
76306146
84840820
86263919
89858881
93268998
99632936
101391960
102876995
109749034
111180337
116770820
117990588
128123093
136042272
137432635
139355413
140819470
144337490
145797961
149225852
152612292
161026230
164405891
169681640
172527837
174213574
179717761
186537996
187990295
190919458
199265872
202783920
205753989
211255746
219498068
222360673
230770963
233541640
235981176
238686307
244413450
256246185
272084544
273204590
274865269
278710825
280367922
281638940
283353351
288674980
291595921
298451704
303792787
305224584
307114150
322052460
323832386
328811781
336633035
339363280
345055673
348427148
356930586
359435521
364413510
370567427
373075992
375980589
381838916
390111698
398531744
403087483
405567840
408097358
411507977
414041106
422511492
424700074
436229555
438996136
444721345
461541925
467083280
471962352
477372613
480259970
487076111
488826900
509086742
512492369
537933742
541427099
544169088
546409180
549730537
554913098
557421649
560735844
563277880
565717283
566706701
571916902
574845011
577349960
583191841
585634874
588626050
591399607
596903408
607585573
608726539
610449168
614228300
618859106
635465862
644104920
647664772
655905554
657623561
671867022
673266069
678726560
681608423
688429674
690111345
696854296
705500486
713861172
718871041
728827020
738593566
741134853
746151984
751961177
763677832
780223396
788759602
797063488
806174965
811135680
816194716
823015953
824501002
828082212
841051174
845022984
847906895
849400148
857872066
872459109
877992272
880875031
886350882
889442689
891881626
923083849
934166560
943924704
952277138
954745225
960519940
966021187
974152221
977653800
1018173484
1024984737
1074443847
1075867484
1079968882
1082854197
1084346926
1088338176
1089757211
1091161251
1092818360
1099461073
1101179082
1108099983
1109826196
1114843297
1121471688
1126555760
1131434565
1133413401
1134845186
1143833804
1149690021
1154699920
1157900083
1162974470
1166383681
1171269748
1174513695
1177252100
1179916842
1182799213
1193806816
1209098599
1212470098
1215171145
1217453077
1220150542
1220898336
1225923459
1228456600
1237718212
1245849242
1270931724
1279867074
1288209840
1295329544
1296712230
1311811108
1315247121
1343734044
1346181127
1346532137
1349036594
1357453120
1363216845
1368721034
1376859348
1380222689
1385204134
1393708592
1411000972
1415922082
1427722344
1437742081
1456001027
1457654040
1477187132
1482269705
1492303968
1503922353
1527355664
1529036811
1535648866
1551909086
1560446792
1577519204
1594126976
1612349929
1613781234
1622271360
1630741014
1632389432
1634111523
1646031905
1649002004
1656164424
1674248578
1682102348
1684537687
1690045968
1695813789
1698800296
1715744132
1720722115
1744918217
1755984544
1761750061
1772701764
1778885377
1783763252
1814455362
1821179947
1846167697
1847628170
1868333120
1884439687
1887849408
1896123478
1904554276
1909490449
1912669050
1921039880
1932042373
1946819874
1948304441
1955307600
2015109522
2036346968
2049969473
2061763078
2081540610
2148887693
2151734968
2154432419
2159937764
2160157642
2165708393
2168693852
2176676352
2176981294
2179514421
2182322501
2184790110
2185636720
2190615607
2194118146
2198922145
2202358164
2216199965
2217893382
2219652392
2227996762
2229686593
2234590434
2241478795
2242943376
2253111520
2262869129
2266826801
2269690372
2284085942
2287667608
2289160323
2299380041
2301040722
2309399840
2315800165
2325948940
2329690402
2332767361
2342539496
2349027389
2351532326
2354504200
2359833684
2365598425
2387613632
2391021703
2402027018
2416450518
2418197197
2424940196
2430342289
2433442098
2434906153
2440301084
2441796672
2443183451
2451846917
2456913200
2465216578
2475436424
2483417158
2488287859
2491698484
2500233890
2516780430
2541863448
2559734148
2568009234
2571437095
2576419680
2587921163
2590659088
2593424460
2623622216
2630494241
2684705571
2687468088
2689657110
2692362253
2693064273
2698073188
2701533639
2714906240
2726433689
2728970882
2734740495
2737442068
2752032947
2753718696
2757558918
2760445377
2770408268
2787417184
2795839762
2820574211
2822001944
2831844164
2840085714
2855444688
2875484161
2912002053
2915308080
2923438190
2954374264
2962854154
2964539409
2984607936
2989752491
3007844705
3054711328
3058073621
3071297732
3089703491
3095545386
3103818172
3120893584
3155038408
3178365186
3188253952
3224699857
3227562468
3235974294
3239878702
3242791451
3244542720
3256430338
3261482028
3264778864
3268223045
3289526618
3292063809
3298004008
3312328848
3323249810
3342994499
3348497156
3355708906
3364204696
3369075373
3380091936
3389192226
3391627577
3397600592
3405873862
3431488264
3433202195
3441444229
3489836433
3492312202
3498250467
3511969088
3514853895
3523500121
3526263106
3545403528
3557770753
3567526504
3609202742
3628910724
3642359893
3692335393
3695256340
3736666240
3765470794
3767422998
3768879373
3775698816
3792246956
3809108552
3818980897
3825338100
3842079760
3850420578
3864084745
3893639748
3896608881
3904910595
3910615200
3952085018
4030219044
4031195146
4072693936
4099938945
4123526156
4163081220
