255
3855
4080
13651
13740
14940
15011
22117
22170
22890
22933
25398
25545
27705
27846
37689
37830
39990
40137
42602
42645
43365
43418
50524
50595
51795
51884
61455
61680
65280
218416
219840
221283
221340
233580
233619
239040
240176
340021
340170
353872
354720
366240
366928
376890
377029
406368
408720
413782
413865
434265
434342
443280
445536
603024
605280
610393
610470
630870
630953
639840
642192
667706
667845
681632
682320
693840
694688
704565
704714
808384
809520
811116
811155
823395
823452
828720
830144
983055
983280
986880
1044480
1341505
1345345
1345614
1345713
1516161
1581681
1581710
1584513
1626753
1804353
2193426
2197266
2197533
2197730
2236973
2363826
2573442
2638962
2667650
3049490
3158118
3158169
3171843
3172620
3184140
3184899
3194985
3195030
3343621
3344906
3473491
3473580
3494656
3517440
3540528
3541440
3737280
3737904
3801180
3801251
3824640
3842816
3933450
3934725
4356132
4360235
4360404
4474036
4502596
4657540
4723060
4726404
4776324
5081124
5255941
5258250
5263411
5263564
5283900
5284035
5292810
5295109
5440336
5442720
5572102
5572873
5636197
5636250
5661952
5675520
5832810
5832853
5859840
5870848
5899785
5900550
6030240
6032464
6313222
6314505
6316117
6316202
6328410
6328485
6333705
6334982
6488118
6488265
6501888
6539520
6620512
6621840
6685443
6687756
6882060
6884355
6948240
6949472
7077945
7078086
7092480
7128576
7423000
7610952
8471784
8473368
8500248
8524071
8524248
8527400
8577320
8659527
8662344
8704584
9458953
9460230
9461850
9461925
9474133
9474218
9479430
9480713
9633849
9633990
9648384
9684480
9766288
9767520
9831180
9833475
10027779
10030092
10093920
10095248
10223670
10223817
10237440
10275072
10498826
10501125
10506300
10506435
10526771
10526924
10535685
10537994
10683296
10685520
10814985
10815750
10879082
10879125
10906112
10917120
11075685
11075738
11101440
11115008
11142662
11143433
11273040
11275424
11700260
11813956
12063108
12595305
12595350
12609036
12609795
12621315
12622092
12632166
12632217
12780810
12782085
12910684
12910755
12934144
12952320
12977856
12978480
13174320
13175232
13238355
13238444
13259520
13282304
13370629
13371914
13731858
14173314
15213185
15728655
15728880
15732480
15790080
16711680
16847134
16861060
16861300
16871976
16876071
16876248
16878888
16889988
17833489
17895649
17948689
17985666
17989746
18301000
18366648
18395208
18743569
18882936
18882951
18886280
18928008
19335201
19400481
19400750
19400913
21239560
21239815
21293064
21529824
21531408
21698568
24150340
24380545
25194820
25199028
25202244
25306896
25307360
25352208
25429105
25430913
25697538
25747970
25887873
26028048
28579848
28869648
30417288
30935073
31526929
31621250
31998024
33691521
33691761
33691790
33715272
33719367
33719480
33745025
34412673
34440264
34678536
34678791
34723848
34866205
35156256
35160528
35163680
35530760
35791058
35836418
35942532
35946612
36179991
36180200
36233240
36405380
36511778
37765752
37768584
37819600
37872672
38019342
38022657
38209602
38275250
38671392
40927761
41175072
41427972
41972241
41976350
41976545
41979153
42008946
42223392
42223824
42252320
42411012
42478340
42521604
42682400
42860930
45615170
47325218
47480964
47714328
50332501
50332586
50334810
50334885
50345478
50346249
50382345
50383110
50529888
50530704
50548741
50569226
50660611
50661900
50749488
50761920
50946240
50958384
50988300
50989571
51119760
51120480
51138570
51159045
53497936
53518496
53870598
54067209
55575856
55577280
55914496
56279040
56623203
56623260
56648448
56663040
59768940
59768979
59796480
59806464
60818880
60820016
61194240
61485056
62935200
62955600
63307785
63504390
67381122
67381362
67381389
67388491
67390276
67426434
67840130
67862808
68162695
68215944
68242690
68268546
68618260
68683540
68683803
68684004
69698112
69759552
69763760
69766464
70076424
71397505
71401585
71401614
71438562
71770152
71835687
71835864
71880744
72041536
74482722
74520640
74580612
74989825
75527202
75531309
75531474
75568960
75569328
75629172
75629195
75632004
75972865
76038414
76041729
76067073
76350084
76421184
78741633
79175720
80889864
81297984
81794184
82315284
83887462
83887513
83888745
83888790
83907331
83909644
83927820
83930115
84095056
84132000
84214576
84217024
84238342
84250633
84280837
84281610
84477450
84478213
84542400
84544560
84566025
84578310
84684960
84721744
87031861
87032010
87045376
87083520
89153632
89165968
89325571
89915404
90179152
90180000
90591232
90808320
93324960
93325648
93757440
93933568
94396560
94408800
94568460
95158275
96469050
96469189
96483840
96519424
100664883
100665036
100665660
100665795
100689157
100690442
100701450
100702725
100860678
100862985
101011552
101032080
101057872
101059232
101068803
101105676
101254560
101255760
101265420
101302275
101339280
101359712
101450505
101452806
103809888
103812240
104030208
104632320
105906262
105906345
105928192
105949440
106967088
107004096
107282437
107610122
110112960
110149680
110428170
110755845
111149145
111149222
111171840
111191552
113247120
113249376
113479680
114057216
117969985
117973266
117981732
118495266
118588420
118620696
118768000
119547972
119607936
119701761
119800872
121653265
121700680
121775232
121930242
125902881
125976642
126095380
134681665
134684946
134693412
134747214
134747313
134750493
134750690
134753810
134758955
134759124
134761764
134787620
134795538
134800449
135272226
135272493
135272658
135325730
135361540
135365643
135367428
135397911
135398120
135400728
135545200
135573888
136217604
136324932
136325300
136370244
136385136
136387968
136438400
136474881
136478990
136482305
136578087
136578264
136579880
137199873
137237120
138430225
138430494
138430689
138459153
138477895
138478008
138481224
138552432
138554240
138597504
138703362
138710274
139166210
139273344
141631521
141705282
141824020
142680110
142680273
142725153
142782530
142872804
142925844
143067272
143331348
143474754
145770513
145817928
145892480
146047490
147859524
147919488
148013313
148112424
149029400
149176704
150996540
150996675
150997299
150997452
151020810
151022085
151033093
151034378
151192329
151194630
151343248
151363680
151389600
151390800
151400460
151437315
151586128
151587488
151597059
151633932
151670880
151691408
151782150
151784457
154141584
154143840
154374144
154951680
156237913
156237990
156260608
156280320
157298880
157335600
157614090
157941765
160444464
160481472
160759813
161087498
161480790
161480873
161502720
161523968
163578720
163581072
163799040
164401152
167773545
167773590
167774822
167774873
167793420
167795715
167813891
167816204
167981216
168018000
168100800
168102960
168124425
168136710
168166922
168167685
168363525
168364298
168428336
168430784
168452102
168464393
168570960
168607904
170917946
170918085
170932736
170968320
173039760
173052000
173211660
173801475
174065312
174066000
174497792
174673920
177210960
177211808
177623040
177840128
178282592
178294928
178454531
179044364
180355125
180355274
180368640
180406784
184821890
184844568
185603208
186124308
186655761
186796040
187204160
188842113
189023296
189276200
192971810
193009728
193069700
193478913
201327450
201327525
201329749
201329834
201340425
201341190
201377286
201378057
201524880
201525600
201543690
201564165
201655564
201656835
201744576
201756720
201941040
201953472
201983235
201984524
202114656
202115472
202133509
202153994
204492960
204513360
204865545
205062150
206570944
206572080
206946304
207237120
207618156
207618195
207645696
207655680
210763875
210763932
210789120
210803712
211813680
211815104
212152320
212516864
213930064
213950624
214302726
214499337
218241153
218268744
219157060
219228168
219709728
220496004
220729368
222315144
222824514
226525713
226558338
226773024
227025924
234979880
236093570
236470344
236986760
237504545
239092002
239206977
239343624
239633424
243302724
243410960
243532929
243798530
251658255
251658480
251662080
251719680
252641280
267386880
268583396
268586516
268611860
269304084
269566477
269754411
269754580
269799460
270011208
270213156
270540354
270541854
270542049
270543633
270586897
270590274
270795085
271257920
272702240
272761521
272764225
273482305
276891723
276990722
280040480
280101441
282071362
282076177
283197954
283385892
285344334
286097538
286336066
286427272
287588888
293081600
302001442
302121243
303317570
304353825
306741537
310477192
336478242
337688584
337740068
337774599
339812884
402785421
404557832
405293186
411308305
411583512
417367104
486548002
486622209
503321636
536947988
536990228
537047688
537137873
537140513
537428557
537596449
538059184
538104128
538182882
538184466
538641426
538779968
539050062
539050161
539078721
539104267
539106052
539157508
539902017
541073947
541081901
541082066
541085218
541110562
541139172
541990932
545329293
548421922
548479504
550584385
550638596
551649320
551690560
551814162
554598440
554975777
556598276
557912642
558007313
562054151
570888216
572819592
574784036
575162436
577769602
578883200
578961684
604008728
604012823
604013032
604016152
604242478
605170240
608733313
612493312
671351179
672417924
673914888
679477938
679774273
680005928
755241986
805307235
805307292
805309548
805309587
805320240
805321152
805357248
805357872
805503061
805503146
805528320
805542912
805654531
805675020
805700870
805702153
805897481
805898758
805982220
806002691
806092890
806092965
806120448
806130432
808453456
808454816
808857600
809091072
810573830
810586121
810876976
811204800
811599365
811600138
811618400
811638928
814745098
814745861
814764176
814784608
815816713
815828998
816120000
816447536
817890720
817891920
818331648
818491392
855638070
855638217
855659776
855681536
862126080
865861632
889204741
889241610
889585808
889782368
894438400
899678976
905994400
906006608
906299648
906626560
909115404
918552579
956325968
956338336
956958976
959447043
968884236
973090826
973127685
973471840
973668496
978322176
1006633017
1006633158
1006656000
1006675200
1013710848
1016266752
1073816653
1073816754
1073818434
1073861698
1073890350
1073892129
1073919009
1074668610
1074795083
1074797892
1074823565
1074848324
1074922705
1075659808
1075904980
1075908132
1076118240
1076120848
1076146704
1076576784
1076756772
1078071325
1078124562
1078251777
1078665473
1078792210
1078872192
1083081217
1085546753
1087439140
1088426564
1088439329
1090537611
1091703080
1092108610
1092752516
1094984324
1095267328
1098000384
1099174434
1099203720
1104429072
1108345524
1108414737
1108640034
1109477441
1111507463
1111566360
1112048264
1115850824
1116210187
1118847112
1140855928
1140857736
1140916523
1143095624
1149322260
1149798434
1152520208
1210193954
1216881224
1258357266
1308690564
1342178613
1342178762
1342179898
1342180037
1342198608
1342200992
1342219168
1342221392
1342375427
1342376204
1342505062
1342505113
1342518528
1342556672
1342595077
1342607370
1342791690
1342803973
1342832745
1342832790
1342847488
1342883072
1342965260
1342966019
1345323782
1345326089
1345347632
1345360064
1347421792
1347422608
1347637248
1348247552
1348481027
1348517900
1348862032
1349058720
1351626764
1351663619
1352007840
1352204368
1352664720
1352665440
1352900608
1353469952
1354760969
1354763270
1354784960
1354797104
1392521360
1392558176
1392902912
1393101824
1397751818
1402994693
1426063443
1426063532
1426090240
1426101760
1429536768
1439301632
1442861065
1442881542
1443037232
1443627200
1449133312
1452280320
1493192710
1493213193
1493369024
1493958704
1502610688
1509949532
1509949603
1509975552
1509988608
1513750528
1522860032
1543553168
1543900160
1544094464
1548746757
1553989642
1610614358
1610614441
1610615129
1610615206
1610638688
1610640016
1610651024
1610652256
1610821638
1610858505
1610941189
1610943498
1611006003
1611006156
1611027968
1611049216
1611202620
1611202755
1611225344
1611245056
1611268874
1611271173
1611411465
1611448326
1613778949
1613799434
1613955168
1614545040
1615856899
1615858188
1615867984
1615904928
1616905008
1616907456
1617256448
1617596416
1620050880
1620053040
1620414464
1620729856
1621099788
1621101059
1621110944
1621147728
1623216138
1623236613
1623392400
1623982176
1660968972
1660981251
1661272224
1661599824
1664091648
1673529600
1694519488
1694539824
1694696704
1695287808
1700790278
1703936009
1711276133
1711276186
1711291392
1711325952
1716912128
1722351616
1761607786
1761607829
1761620736
1761659904
1767440384
1772486656
1778405424
1778426048
1779172608
1784676361
1787822086
1811963907
1811976204
1812267088
1812594848
1815087360
1824523776
1879124001
1879197762
1879316500
1880163460
1880261136
1880375560
1880625186
1881215496
1881276801
1881441312
1881677892
1883341120
1883382792
1883783185
1887441985
1887445266
1887453732
1887963272
2147632962
2147633229
2148811015
2148814344
2148995106
2149417488
2152628544
2154832146
2155350152
2155903112
2156398472
2156398727
2162692130
2164293963
2165838884
2166428744
2166506113
2166638658
2166891028
2168531009
2168602904
2168726562
2168983937
2173583364
2182169729
2182236178
2183217448
2183668033
2185306754
2185330964
2189496868
2189694018
2215805473
2215907656
2216957988
2217231492
2219054097
2219328018
2223121473
2223251992
2281708353
2282439040
2282627105
2283808779
2284356648
2286158349
2290092152
2290189444
2332168450
2415920729
2415920806
2415921494
2415921577
2415945104
2415946336
2415957344
2415958672
2416128009
2416164870
2416247562
2416249861
2416312380
2416312515
2416335104
2416354816
2416508979
2416509132
2416530944
2416552192
2416575237
2416577546
2416717830
2416754697
2419085322
2419105797
2419261584
2419851360
2421163276
2421164547
2421174432
2421211216
2422211520
2422213680
2422575104
2422890496
2425357104
2425359552
2425708544
2426048512
2426406147
2426407436
2426417232
2426454176
2428522501
2428542986
2428698720
2429288592
2466275331
2466287628
2466578512
2466906272
2469398784
2478835200
2499825712
2499846336
2500004352
2500592896
2506096649
2509242374
2516582506
2516582549
2516595456
2516634624
2522415104
2527461376
2566914149
2566914202
2566929408
2566963968
2572550144
2577989632
2583711936
2583732272
2584480256
2589982726
2593128457
2617270284
2617282563
2617573536
2617901136
2620392960
2629830912
2684355898
2684356037
2684357173
2684357322
2684375968
2684378192
2684396368
2684398752
2684552716
2684553475
2684682345
2684682390
2684697088
2684732672
2684772362
2684784645
2684968965
2684981258
2685010022
2685010073
2685023488
2685061632
2685142531
2685143308
2687501065
2687503366
2687525056
2687537200
2689599120
2689599840
2689835008
2690404352
2690658316
2690695171
2691039392
2691235920
2693804035
2693840908
2694185040
2694381728
2694841952
2694842768
2695057408
2695667712
2696938246
2696940553
2696962096
2696974528
2734698592
2734735504
2735082496
2735276800
2739929093
2745171978
2768240732
2768240803
2768266752
2768279808
2772041728
2781151232
2785038342
2785058825
2785214656
2785804336
2791311872
2794456320
2835369993
2835390470
2835546160
2836136128
2841642240
2844789248
2852126803
2852126892
2852153600
2852165120
2855600128
2865364992
2886075136
2886274048
2890924042
2896166917
2952938529
2953057416
2953348116
2953848856
2953871746
2955051080
2955417601
2957068416
2957119506
2957254913
2957509160
2961277441
2961318020
2961442850
2961719616
3022069762
3087077636
3221226348
3221226387
3221228643
3221228700
3221239488
3221240112
3221276208
3221277120
3221422170
3221422245
3221449728
3221459712
3221573644
3221594115
3221619977
3221621254
3221816582
3221817865
3221901315
3221921804
3222011989
3222012074
3222037248
3222051840
3224372640
3224373840
3224813568
3224973312
3226492937
3226505222
3226796224
3227123760
3227518474
3227519237
3227537552
3227557984
3230664197
3230664970
3230683232
3230703760
3231735814
3231748105
3232038960
3232366784
3233809744
3233811104
3234213888
3234447360
3271557177
3271557318
3271580160
3271599360
3278635008
3281190912
3305123850
3305160709
3305504864
3305701520
3310355200
3315600384
3321913424
3321925792
3322217984
3322546432
3325034499
3334471692
3372245152
3372257360
3372550400
3372877312
3375366156
3384803331
3389009925
3389046794
3389390992
3389587552
3394243584
3399484160
3422552118
3422552265
3422573824
3422595584
3429040128
3432775680
3490218562
3490807848
3490849088
3490972690
3491252228
3492030592
3492282648
3493861448
3493889153
3498119298
3498182673
3498344708
3498583072
3758170504
3759227394
3759282304
3759415332
3759670344
3760197954
3760226948
3762361376
3762585624
3762825218
3766552644
3766649858
3766763649
3767013904
3825223720
3892347169
4026531855
4026532080
4026535680
4026593280
4027514880
4042260480
4278190080
