5300207
16497542
28144471
41743164
44629115
47683413
50155086
53099501
58690008
61572767
64286129
66991274
73217151
74968420
84671662
90066587
99953394
106676663
110087920
111482859
114982085
116434398
120049789
123255635
128347407
136231674
146136723
147502525
161250668
162964599
164220761
172883207
179514203
182884718
186332630
187821261
189695971
191127288
196104639
198130321
199615370
205972319
214392365
216893238
221966997
222665147
227645180
241880972
247382219
247573477
253156934
255592285
256076915
258585960
261579572
275214767
278505459
280198888
283561181
288471422
295361815
298807074
300267065
304017225
306929020
312431163
320705965
322391222
325254787
329001183
330756548
331979498
333661169
342530623
348034424
348257878
350955341
353799157
356274926
359260379
362231431
367549865
372891074
373733100
378714539
382143390
384684677
386956861
389719846
393155859
395428687
398137940
398750074
401516641
408321940
410822287
416793318
422211166
430691116
436101401
439345522
444224327
449918766
455908246
458485944
460925347
464332516
466767306
469275857
472186666
477187359
479173443
484059510
485552237
487414997
489129422
492367584
495772071
497432764
500781970
502499977
503895033
509436364
512323211
514045840
519439781
520857885
526261032
527745587
529142895
530632052
541033327
549338653
557644171
560548798
563584482
566052089
566374359
568915660
571715516
574191271
582536149
583508219
585988576
591751021
599503153
600103455
607283455
610785994
615765389
617397923
619079608
625899829
630879858
632336233
634373191
635772252
640982327
642512409
650791787
656228040
659066109
660755942
664568762
666262177
667496847
669247636
677068641
678553210
681961789
688781232
690433707
695377054
698782681
703799788
710789801
712446898
713672174
715332853
720809664
723639139
727625805
729049430
730513162
737530916
743888113
746327530
746773430
752314755
754823320
757777723
760589845
766212169
768873319
774851095
779810850
780414590
785488971
788219216
788982248
791425267
796492486
797398170
799903105
811441946
822826955
829701349
831187641
836720780
838173079
839833831
844851922
846312393
848258453
849722510
853202848
854593211
858225432
863160621
864821105
866567786
869903684
872793791
875503524
880455057
881097677
883860182
886163960
888869091
889633883
894635630
900585522
903000860
905472519
906179447
908716652
914118745
917002014
920075312
931263713
936658644
940833295
949110653
951623270
952628552
955067475
960125424
960836318
965819801
968615042
969183148
974458823
977321458
980051177
982823605
991327523
993831992
994297622
996744717
999802961
1002246474
1002601060
1008603551
1011590058
1013021361
1019879128
1021364163
1027060320
1028184398
1033688585
1035341586
1036608572
1041818711
1043479884
1045255778
1050237221
1051951166
1053616912
1055273483
1060194216
1062087814
1067066305
1074781085
1083074287
1084538868
1088148698
1098107479
1104719422
1106409253
1109653326
1115047291
1123547145
1130358404
1133242819
1140097773
1149066019
1149472127
1154891594
1157424721
1160483826
1163196636
1165894087
1166079899
1171604910
1177427166
1179744240
1183152311
1185915308
1190794137
1191690017
1194157626
1199100943
1202510664
1205055590
1212077478
1214998419
1217769935
1220503764
1223351009
1226274393
1228779330
1231560055
1234619179
1237547294
1242757493
1248694875
1253678364
1254553138
1256992553
1262181002
1267744483
1271237846
1276765997
1278426678
1285053023
1288562794
1290219889
1293589961
1302012091
1303509408
1305383566
1306807189
1310659301
1314945483
1320449676
1321934242
1323418809
1328984346
1330240052
1331888943
1337396328
1338533702
1345877469
1346838259
1349371880
1354352815
1357675162
1362825017
1366211852
1371189835
1371920741
1374617726
1380051771
1385555068
1391103826
1394025450
1396871647
1402379928
1404848003
1405299885
1411336022
1412800077
1414198627
1419704868
1421091647
1427914162
1429660841
1430884231
1432573596
1439183605
1444524702
1446210437
1449580976
1452806124
1458005186
1461373050
1466278740
1469805832
1471261715
1474567718
1477016550
1478730493
1482475987
1487019919
1490908321
1500867116
1502329968
1503749483
1507724869
1510968878
1512396597
1515863067
1519268700
1520757319
1524334953
1525766258
1527575754
1529228753
1535986104
1537708195
1542595222
1546537325
1557176113
1559905834
1560799890
1563243401
1565677735
1568178620
1569085408
1577215422
1579728037
1585254032
1585699020
1588134359
1593909082
1596704321
1607798813
1612704819
1623974772
1625373295
1629263575
1630949324
1637690277
1645812219
1649191886
1650881237
1655864722
1657607868
1662673695
1666175274
1672546166
1674472536
1675932995
1681448632
1682421142
1684892813
1687403217
1689871306
1695644999
1698407516
1699008370
1701713513
1706694958
1712648811
1715350384
1718327621
1721061145
1723831810
1723923756
1726620727
1729595535
1732071828
1732393658
1734927265
1740867528
1752911933
1762083319
1764595948
1767044034
1769482969
1770454149
1772889502
1775455920
1778568923
1786999721
1789504178
1792459164
1794906247
1795273791
1798008100
1806356566
1817993910
1820880369
1822602474
1829415527
1830843260
1834948690
1836433737
1837831957
1839320590
1843307808
1846486347
1847983184
1852853861
1854838841
1859856908
1864795828
1869821057
1876447464
1884760413
1887301702
1890189057
1893110831
1895583028
1898657943
1901351865
1904118434
1904237822
1907000805
1917967509
1920664974
1921373138
1924074185
1926259175
1934796401
1938204982
1940680749
1943214851
1945747992
1947169016
1948625379
1952105165
1953504214
1955515786
1961993892
1965478663
1968814121
1970495794
1977091419
1978850368
1982028843
1985754885
1990386009
1998595791
2005615270
2012490120
2016646483
2019960678
2023289146
2026717967
2028444180
2031761068
2035254425
2036686210
2041664197
2045042928
2048899456
2050318491
2051673013
2053165742
2057176306
2065482596
2068410705
2070128714
2076757027
2078414136
2081728472
2084640237
2090146474
2093000863
2095739268
2101150759
2101505801
2104014354
2107007054
2112424800
2117634827
2118639653
2129429580
2131831028
2135202497
2140181894
2154785401
2159764798
2163136267
2165537715
2176327642
2177332468
2182542495
2187960241
2190952941
2193461494
2193816536
2199228027
2201966432
2204820821
2210327058
2213238823
2216553159
2218210268
2224838581
2226556590
2229484699
2237790989
2241801553
2243294282
2244648804
2246067839
2249924367
2253303098
2258281085
2259712870
2263206227
2266523115
2268249328
2271678149
2275006617
2278320812
2282477175
2289352025
2296371504
2304581286
2309212410
2312938452
2316116927
2317875876
2324471501
2326153174
2329488632
2332973403
2339451509
2341463081
2342862130
2346341916
2347798279
2349219303
2351752444
2354286546
2356762313
2360170894
2368708120
2370893110
2373594157
2374302321
2376999786
2387966490
2390729473
2390848861
2393615430
2396309352
2399384267
2401856464
2404778238
2407665593
2410206882
2418519831
2425146238
2430171467
2435110387
2440128454
2442113434
2446984111
2448480948
2451659487
2455646705
2457135338
2458533558
2460018605
2464124035
2465551768
2472364821
2474086926
2476973385
2488610729
2496959195
2499693504
2500061048
2502508131
2505463117
2507967574
2516398372
2519511375
2522077793
2524513146
2525484326
2527923261
2530371347
2532883976
2542055362
2554099767
2560040030
2562573637
2562895467
2565371760
2568346568
2571043539
2571135485
2573906150
2576639674
2579616911
2582318484
2588272337
2593253782
2595958925
2596559779
2599322296
2605095989
2607564078
2610074482
2612546153
2613518663
2619034300
2620494759
2622421129
2628792021
2632293600
2637359427
2639102573
2644086058
2645775409
2649155076
2657277018
2664017971
2665703720
2669594000
2670992523
2682262476
2687168482
2698262974
2701058213
2706832936
2709268275
2709713263
2715239258
2717751873
2725881887
2726788675
2729289560
2731723894
2734167405
2735061461
2737791182
2748429970
2752372073
2757259100
2758981191
2765738542
2767391541
2769201037
2770632342
2774209976
2775698595
2779104228
2782570698
2783998417
2787242426
2791217812
2792637327
2794100179
2804058974
2807947376
2812491308
2816236802
2817950745
2820399577
2823705580
2825161463
2828688555
2833594245
2836962109
2842161171
2845386319
2848756858
2850442593
2855783690
2862393699
2864083064
2865306454
2867053133
2873875648
2875262427
2880768668
2882167218
2883631273
2889667410
2890119292
2892587367
2898095648
2900941845
2903863469
2909412227
2914915524
2920349569
2923046554
2923777460
2928755443
2932142278
2937292133
2940614480
2945595415
2948129036
2949089826
2956433593
2957570967
2963078352
2964727243
2965982949
2971548486
2973033053
2974517619
2980021812
2984307994
2988160106
2989583729
2991457887
2992955204
3001377334
3004747406
3006404501
3009914272
3016540617
3018201298
3023729449
3027222812
3032786293
3037974742
3040414157
3041288931
3046272420
3052209802
3057420001
3060348116
3063407240
3066187965
3068692902
3071616286
3074463531
3077197360
3079968876
3082889817
3089911705
3092456631
3095866352
3100809669
3103277278
3104173158
3109051987
3111814984
3115223055
3117540129
3123362385
3128887396
3129073208
3131770659
3134483469
3137542574
3140075701
3145495168
3145901276
3154869522
3161724476
3164608891
3171420150
3179920004
3185313969
3188558042
3190247873
3196859816
3206818597
3210428427
3211893008
3220186210
3227900990
3232879481
3234773079
3239693812
3241350383
3243016129
3244730074
3249711517
3251487411
3253148584
3258358723
3259625709
3261278710
3266782897
3267906975
3273603132
3275088167
3281945934
3283377237
3286363744
3292366235
3292720821
3295164334
3298222578
3300669673
3301135303
3303639772
3312143690
3314916118
3317645837
3320508472
3325784147
3326352253
3329147494
3334130977
3334841871
3339899820
3342338743
3343344025
3345856642
3354134000
3358308651
3363703582
3374891983
3377965281
3380848550
3386250643
3388787848
3389494776
3391966435
3394381773
3400331665
3405333412
3406098204
3408803335
3411107113
3413869618
3414512238
3419463771
3422173504
3425063611
3428399509
3430146190
3431806674
3436741863
3440374084
3441764447
3445244785
3446708842
3448654902
3450115373
3455133464
3456794216
3458246515
3463779654
3465265946
3472140340
3483525349
3495064190
3497569125
3498474809
3503542028
3505985047
3506748079
3509478324
3514552705
3515156445
3520116200
3526093976
3528755126
3534377450
3537189572
3540143975
3542652540
3548193865
3548639765
3551079182
3557436379
3564454133
3565917865
3567341490
3571328156
3574157631
3579634442
3581295121
3582520397
3584177494
3591167507
3596184614
3599590241
3604533588
3606186063
3613005506
3616414085
3617898654
3625719659
3627470448
3628705118
3630398533
3634211353
3635901186
3638739255
3644175508
3652454886
3653984968
3659195043
3660594104
3662631062
3664087437
3669067466
3675887687
3677569372
3679201906
3684181301
3687683840
3694863840
3695464142
3703216274
3708978719
3711459076
3712431146
3720776024
3723251779
3726051635
3728592936
3728915206
3731382813
3734418497
3737323124
3745628642
3753933968
3764335243
3765824400
3767221708
3768706263
3774109410
3775527514
3780921455
3782644084
3785530931
3791072262
3792467318
3794185325
3797534531
3799195224
3802599711
3805837873
3807552298
3809415058
3810907785
3815793852
3817779936
3822780629
3825691438
3828199989
3830634779
3834041948
3836481351
3839059049
3845048529
3850742968
3855621773
3858865894
3864276179
3872756129
3878173977
3884145008
3886645355
3893450654
3896217221
3896829355
3899538608
3901811436
3905247449
3908010434
3910282618
3912823905
3916252756
3921234195
3922076221
3927417430
3932735864
3935706916
3938692369
3941168138
3944011954
3946709417
3946932871
3952436672
3961306126
3962987797
3964210747
3965966112
3969712508
3972576073
3974261330
3982536132
3988038275
3990950070
3994700230
3996160221
3999605480
4006495873
4011406114
4014768407
4016461836
4019752528
4033387723
4036381335
4038890380
4039375010
4041810361
4047393818
4047585076
4053086323
4067322115
4072302148
4073000298
4078074057
4080574930
4088994976
4095351925
4096836974
4098862656
4103840007
4105271324
4107146034
4108634665
4112082577
4115453092
4122084088
4130746534
4132002696
4133716627
4147464770
4148830572
4158735621
4166619888
4171711660
4174917506
4178532897
4179985210
4183484436
4184879375
4188290632
4195013901
4204900708
4210295633
4219998875
4221750144
4227976021
4230681166
4233394528
4236277287
4241867794
4244812209
4247283882
4250338180
4253224131
4266822824
4278469753
4289667088
