1807
2032
6739
6828
11370
11413
12598
12745
18745
18886
21605
21658
25180
25251
32512
109104
119488
177312
183376
203104
221584
301456
319840
341072
347296
404160
414256
493312
792193
1098514
1282072
1320322
1411138
1515556
1586188
1592323
1671685
1747200
1770688
1868848
1921280
1966602
2135572
2328708
2361460
2361483
2388100
2627845
2646282
2720080
2786313
2830848
2935296
2950150
3015072
3156486
3166729
3269632
3310176
3342595
3440908
3474064
3546112
4236568
4331080
4571156
4622376
4729353
4739590
4824064
4883088
4915468
5013763
5046880
5137408
5249290
5267717
5341600
5407750
5458432
5550592
5571593
5636432
6304771
6310924
6390282
6476032
6489136
6587584
6629632
6685189
7866112
8915169
8947726
9373712
9441415
9506052
9578000
9700129
10765584
12206084
12653328
12728324
12848642
14229506
15470600
15763472
16845697
16850971
17318029
17339144
17547296
17831458
20989457
21239044
21430402
23601220
24395808
25166165
25166250
25173001
25191430
25265296
25330179
25494028
25560160
27787824
28324096
29903104
30409408
34082859
34447368
34635988
35784004
37766434
40503298
41943654
41943705
41953539
41963788
42107184
42140682
42238981
42271168
43522560
45089952
46662736
48259584
50332732
50332867
50344453
50350602
50430214
50528848
50627232
50725129
51904864
52974592
55585792
56623504
58986514
59383936
59850753
60850248
67375133
67388296
67397650
67636002
67683588
67772528
67786760
68237313
68599809
69238855
69238968
71370960
72908872
75498547
75498700
75510282
75516421
75596041
75694752
75792976
75890950
77070736
78130176
80761856
81789280
83886697
83886742
83896588
83906819
84050368
84083717
84182026
84214064
85484032
87032912
88605856
90184192
92311588
96739329
100663642
100663717
100670470
100688905
100762720
100827660
100991491
101057680
103285440
103827712
105394432
105906736
109854752
111214612
117999617
118493320
125830912
134277256
134496302
134496465
134784514
135005512
135268530
135284356
135426050
136351008
136581890
136749072
138445636
141627396
142610552
142673473
151060708
151083024
152084545
167774285
167838504
168048672
168431636
168822033
172195841
173801600
201330200
201466625
203497544
204996641
205557778
228606080
251789346
268510856
268570145
269051908
269092114
269620096
269746408
270535496
270598189
277389329
278943776
279052496
285216846
285229860
286525457
288915584
289439856
302006295
302261008
302420032
302579888
309329985
335549736
336726084
339779716
339869707
342376464
361300032
402653539
402653596
402660544
402678832
402764032
402850310
402948617
403065088
404226640
405799946
407372805
408945312
415318024
421662721
427829760
447217920
453313536
478315520
491782400
503337472
537004820
537985137
539015232
539100802
539443264
541068609
541074980
543752321
545275979
545276084
545792832
546441352
554174552
554442786
570433678
570448001
571523112
571737664
572556033
574103568
574750944
589367328
604246210
605110278
608962564
671089750
671089833
671101584
671107680
671252746
671296512
671405056
671416581
673710604
674234816
675807536
676332035
697828352
721445120
746592512
755073536
778044416
805306938
805307077
805317024
805327184
805405699
805495296
805640704
805700620
806879497
807928928
810550416
811598086
830767360
847262720
860357120
883950080
889211904
906166528
940064898
943988800
973113360
1074280578
1074332961
1075970078
1076203521
1077479432
1078003719
1078206640
1078220864
1079513105
1082168578
1084228484
1084497986
1086374017
1090676737
1091046916
1091585288
1094722306
1094783016
1107357712
1107968768
1108484168
1109475458
1112047652
1141088258
1141965632
1142965792
1148321920
1167067138
1182928897
1191198788
1207960117
1207960266
1207970128
1207980448
1208058892
1208130048
1208312320
1208353795
1209532678
1210582160
1213203552
1214251273
1233322240
1249922048
1261437440
1288176128
1291858944
1308918016
1342178393
1342178470
1342190176
1342196368
1342341381
1342395392
1342483456
1342505226
1344799235
1345323312
1346896320
1347420684
1351221288
1373635584
1384219136
1392515328
1417699584
1426457088
1444414464
1478541376
1486098432
1509957761
1543571488
1610613100
1610613139
1610619952
1610638528
1610729728
1610809865
1610908166
1611018496
1612186272
1613759493
1615332362
1616904784
1635799552
1657798912
1661109248
1686438912
1697120512
1711286784
1745424448
1749172228
1753260064
1761872000
1879326753
1881149576
1895833620
2013267712
2151157826
2155906600
2156947520
2164265137
2166629888
2172796952
2181187620
2181565824
2185273410
2185298564
2214740546
2215182474
2215676544
2216822801
2218868769
2260731912
2290634753
2292254722
2294292864
2299297796
2302806080
2317389952
2349273088
2383421444
2416123969
2417001792
2418033025
2421688352
2424572036
2432796680
2436919296
2450014280
2485133346
2684961296
2685009927
2686522624
2690785288
2692841540
2696941602
2702186500
2703261714
2722365457
2752644128
2860646912
3020460032
3221360836
3222306851
3229622285
3239125120
3254781458
3257139240
3289120833
3292528916
3893362712
4026533954
