3540231
3891210
6508752
7119024
9674976
11272301
12978702
13340677
14420304
18002456
18145570
18999425
19444804
21132321
21288980
25284936
25719426
34788418
34896008
35746084
36229649
37937796
38056257
42055698
42525736
50663056
56624496
68252225
68735364
69392424
69497874
71414920
71886914
75686161
75805220
90192640
93376000
101319437
105906364
111149267
135390228
135837729
136491394
136634952
138531362
138965272
142768196
142922881
156238051
162549808
168231113
168583175
177223424
185256192
201657184
218301958
218893321
269626178
270026529
270634532
270802248
272714632
272901908
276962833
277384578
285485284
285770354
287184000
288178448
289417243
293634701
298991876
299963394
302088660
302130354
303047757
304120107
306649120
309608962
311116352
314054660
335627384
335679969
337348624
338109056
339756167
343937310
349708808
350521345
390234184
394338337
402920120
403196113
403720238
404755015
407733312
410067201
411967776
414352392
454328337
455614600
491261988
495206466
504434818
505561108
538070296
538455684
539039617
539265810
541142306
541347393
545425220
545790760
553719921
553796328
554713623
555751566
558334336
561259528
562766864
565739777
570704305
570954968
572424736
573384768
574636366
578819111
584198145
585204232
604275938
604512628
605036939
606110749
609030672
611403780
613304448
615649794
655626308
656949282
671163090
671254708
672862528
673661984
675291693
679512139
685261826
686035204
725749778
729890948
756121640
757211201
776503425
780410904
810594310
905973258
1023411600
1074892097
1075060258
1075980072
1076382532
1078074756
1078496792
1082214162
1082403713
1090785746
1091060916
1091572013
1092633675
1095639616
1098024962
1099794464
1102127620
1107380450
1107432052
1108812048
1110148224
1111495307
1115703325
1121223684
1122509058
1140949681
1140992216
1141932622
1142958119
1145782560
1148720129
1149703232
1152663816
1192378497
1193349144
1208231025
1208517096
1209877120
1210980368
1212186903
1216357518
1221662728
1222787585
1262764072
1267208257
1293426706
1294237828
1312890948
1317175330
1342812928
1343143945
1345324752
1611336195
1611465996
1661001808
1889561600
1897400392
1898185249
1916863505
1921122696
1947337764
1948320066
2017724546
2022179348
2148604692
2148829064
2149731970
2150116625
2151844641
2152208194
2155949640
2156154148
2164335032
2164425937
2165786688
2167083552
2168489006
2172657991
2178159105
2179483656
2181335160
2181571297
2182121607
2183143966
2186167312
2188513544
2190283136
2192655361
2214871764
2215123122
2216502304
2217640256
2218793037
2222998059
2228322562
2229412868
2269388930
2273869844
2281772260
2281849202
2282755099
2283815309
2286626944
2289598980
2290582032
2293508098
2333220900
2334228546
2369863697
2374111368
2383953992
2384728097
2416246839
2416574670
2617290832
2684795904
2687502816
2696939184
2953429152
2973827652
2978088994
2987917586
2988704900
3003142153
3024355624
3028812865
3088188033
3089172504
3231756297
3372223242
3502264416
3511157121
3515089944
3524330024
3525445697
3561095698
3565226116
3590374656
3625189700
3626501154
3763364608
3775988866
3777102100
3796371492
3800302146
3826518033
3827827336
3896640584
3900768545
3959443462
