14603506
24562300
31305238
36108134
57687988
59697640
70117694
71593719
78740365
80953186
86938586
91955692
92665776
96220373
103488758
108965568
114674346
125686820
131510350
131674681
138139022
141453240
154709866
158145884
164002102
180614682
188635810
191621268
194330312
197168382
204881438
211215977
211638900
221594874
224458444
231445158
238078934
241531360
248389002
255045938
261674328
264390471
269987054
283736754
283958535
288188243
297775712
314195276
323457524
330909608
337266558
340784456
353975706
357339052
364009968
366880931
370979510
382946585
383935722
387958866
390756964
397716536
400629262
403471310
408537592
413605796
418557330
425374492
440224965
442448944
446818924
452221018
453637346
460259885
480965684
486491650
486730426
492263564
497651408
503801238
507156633
508745632
514589180
520363890
525446468
542072366
555325180
565375638
569206885
575253478
585289612
585304699
588625287
589259572
599000926
601994600
608351678
616326114
619303380
622099820
625069914
633280774
636136240
649762346
653206556
658591983
658979474
682254162
698951094
704419712
705154800
710048966
711152949
715958938
718051697
720967852
737829448
744055454
745204747
749188290
754058996
756001356
760879226
764791233
765775398
770800656
788670965
789143428
813232238
825112764
830179978
830823638
835776224
841725840
843498591
847119782
847303674
852845004
858312052
860560707
864266526
869669672
871026849
874425621
881577378
891540268
896950554
898152262
903677296
915224682
920160860
925181668
930125010
932070030
943101304
943137459
946022222
949874962
962616746
979751558
983237850
993204820
996583522
1003342856
1019586740
1033068646
1036440144
1044220704
1047017750
1069557656
1074675067
1079369668
1101558652
1107149130
1118698576
1123569254
1124459230
1135511220
1140536450
1156796478
1158610054
1163611824
1168480492
1173367514
1175155626
1180615068
1185355539
1201892644
1209776850
1219550904
1222995086
1226215615
1236509788
1239846185
1243434778
1244278663
1248878845
1253452656
1256429894
1263241160
1270174100
1273029538
1276700083
1279517556
1287468328
1290307358
1293233062
1313150652
1317075147
1320927456
1330015320
1337506308
1340934194
1352443864
1355355630
1362409814
1372221194
1378956922
1389355046
1395805342
1402546420
1405917890
1416600084
1429820102
1433198832
1435645612
1439138970
1452784000
1455557558
1466570040
1469367140
1472295250
1480954715
1484367524
1485271288
1490207438
1501224000
1506916394
1507928853
1512759642
1523857158
1528321589
1534863752
1545731842
1551125812
1552587624
1562543590
1569317260
1579616970
1586261664
1596223534
1601290776
1603212356
1620174638
1623660957
1631189408
1634487190
1636998602
1648129676
1651098810
1654067942
1654288849
1665076328
1673648692
1681352916
1681756275
1684200162
1687948478
1690943112
1707787372
1714527516
1716565605
1717841706
1724861248
1738113938
1741435300
1749603245
1752491602
1759478328
1770605290
1780982188
1785861018
1787610566
1797577544
1809452308
1819872706
1825728936
1831847184
1837408634
1842418508
1848265276
1853959766
1864970456
1870812338
1884856114
1889945966
1896765408
1906652042
1911587260
1913379020
1923136678
1928662672
1935478814
1940112962
1951757474
1957470765
1962807496
1963179120
1968574022
1973999642
1980117852
1985184106
1996023040
1996835256
2014771748
2028481656
2034250486
2047873004
2064872712
2075660642
2082148788
2085528450
2098752336
2099054217
2118669898
2125889558
2128818720
2145405124
2160834684
2170791666
2174578862
2184420328
2186688171
2187733470
2191064962
2194492852
2204455738
2208007526
2211329872
2221750150
2224284122
2227590124
2228005707
2230428981
2238598498
2240846654
2252238968
2255209038
2268924572
2271787178
2277760192
2289765174
2290474346
2295361372
2301477860
2306372050
2307303310
2312312248
2329320084
2340324378
2346049648
2356600998
2357737210
2363327692
2368171649
2373294658
2374716446
2383907087
2384832344
2389710190
2391720754
2396745988
2413300704
2421650006
2432439868
2454816670
2460963266
2466729804
2477533990
2482608400
2484022256
2488965574
2493796250
2505696034
2515699528
2517229112
2522639374
2527246930
2532771940
2534057180
2543960246
2549379712
2555159926
2561831722
2565325084
2568646052
2576300297
2578516430
2585780872
2588561598
2595522274
2598450388
2602342508
2605263450
2615299632
2618621136
2632592012
2635564596
2638232637
2649313384
2672083402
2695161084
2700170954
2701982322
2712116760
2717002798
2718528862
2723989352
2734138114
2735345594
2745265104
2757220656
2762542956
2773787604
2779411848
2785320654
2790337784
2801420434
2802312234
2807191068
2819905462
2833940970
2836868434
2839715684
2847689016
2853347966
2864301588
2867622946
2870073498
2871407693
2873387692
2887367718
2897401932
2904213186
2914099880
2917404830
2931043716
2937860874
2940830012
2956472022
2959973600
2962442940
2965829770
2973455410
2976835076
2982511214
2993383720
3009942476
3013002640
3023422790
3026220912
3029610937
3033207578
3043167636
3056808078
3060171448
3063436516
3073395306
3080400384
3094760384
3095960988
3108277907
3111465252
3122990142
3127950856
3129894996
3146584752
3151536262
3157135974
3162218576
3162863116
3167798330
3173618051
3179678952
3196289988
3206824725
3212900640
3233703190
3236681504
3239476120
3240866445
3242260247
3242445230
3245822177
3253251524
3256087732
3266875614
3270320872
3276094566
3287177228
3289967340
3293403354
3296332893
3300101766
3303423152
3310232126
3313569267
3316708450
3320137300
3323862820
3326848274
3336620408
3340592576
3350593962
3356415580
3361432682
3366302262
3368956103
3373116600
3377995406
3383150802
3395129762
3406518640
3416276250
3422764492
3433585062
3450544962
3461380658
3462994697
3473322720
3478323414
3491934012
3497467146
3498691414
3504109920
3508655576
3515527602
3521053572
3525597940
3530680514
3537538216
3541279569
3547501094
3549185146
3559867564
3570504432
3576446536
3582417442
3587368980
3593056612
3598451538
3598898446
3609906048
3627644956
3631008298
3633454198
3636964928
3644457720
3650184850
3653555364
3681109254
3686932844
3694433164
3697353146
3704243664
3718024450
3727844932
3734569518
3737956376
3744537760
3777795374
3782813464
3783782724
3788653426
3799820340
3800202856
3800927779
3811205350
3839676934
3849637000
3851033300
3861180818
3866182564
3883022656
3895736554
3898706652
3902758016
3912712718
3915575352
3919324772
3922302034
3929197858
3935938888
3947974209
3949200880
3966525772
3969038096
3972465958
3999962244
4002693848
4022503946
4035699737
4038272480
4044964205
4048456024
4054867716
4062098498
4065003124
4072001576
4074791454
4081613968
4095060506
4114834120
4125623970
4131432845
4145030454
4148532992
4160984746
4166395036
4171821760
4177587278
4188768292
4194657122
4199600468
4205709064
4211480966
4238678352
4261972210
4284366880
