5503832
8909855
16293681
19917458
24795303
25464571
28202976
30489806
36332990
44816588
47494114
53026650
55997556
58882867
64473350
66916381
67871485
69303270
74762707
76160911
83195041
90008108
92890475
94616688
100011589
101537589
103255598
108149787
109898311
111555420
114907250
116621673
118369745
119862474
126849187
128272824
131736214
136158797
137840470
140703075
144450367
146209316
153019561
154418610
155932316
157388679
165688053
169569157
171029150
172939696
179310572
181363906
187877498
189637460
194620435
196310280
197926438
202405341
205171910
205899752
210880687
213586356
214203034
216966017
219352889
221894178
222739724
225207319
227717707
230189904
231145598
238835982
247631698
250107465
261375875
270220854
271705901
279992927
282014065
283502698
288529865
295303584
296951995
298601365
300323470
305599205
306739659
312243852
315212985
316874146
320778522
323683119
325179956
329190504
333473606
337040806
339479741
339961747
342474376
345467092
348314337
350749690
353742658
356523383
359318636
373658203
376392512
378641692
381371399
381955881
387144330
389645201
392966564
408247075
411009592
416605777
419664882
422136553
425075143
436608222
439141829
445096364
449975193
452512386
453338682
458281999
460983572
461691720
464388691
475574451
477260200
483986881
487487586
488939897
493949772
495961360
497359883
505491029
510958688
512379452
513839911
519381266
520654250
522343601
529084632
538345155
540846040
541314294
543757805
546816945
549264042
552118431
560623369
563394901
566124622
574961982
577757221
579942009
590948596
591807450
594320065
596790429
599299462
605787475
609101670
615575866
617585172
619004687
624047788
625827202
627541145
630805189
634183920
639459483
641186176
642306734
643959733
649463026
657769316
659269706
660697425
667555128
669043747
671984099
673673464
676862934
678609613
682020234
685352612
688837383
693854514
695318569
702209088
703595867
705387563
712259333
713744729
721954511
732119718
735848840
740989800
743829574
746716929
749413914
752110900
755185815
757719436
760646306
763528677
774663840
777192846
780602057
791614532
797208621
802275864
812933814
814396650
815820273
822637436
824355431
828227913
829888594
831114766
832771861
838247712
839777360
841426251
844648037
849778745
854796812
856590004
861615233
871387368
875313939
877875261
880380198
883787361
888681556
889559276
894446297
897852830
914467506
919869575
922971428
930874890
931319894
933759309
940629688
943327139
944073869
949052362
955123940
957588572
960894569
965876014
968409141
971862528
974531440
977508677
979976286
983012866
985801783
991252884
994108321
1008547112
1011386141
1013079558
1016891482
1018581313
1029776610
1036664971
1038129552
1042006240
1051763849
1058585092
1062012977
1074593578
1079594271
1084726083
1087959149
1089612150
1091536334
1092967637
1097920224
1099839676
1101324711
1104906889
1106334610
1109447673
1114989004
1116452752
1117875851
1121846693
1126410525
1130152499
1131813672
1133038964
1134695535
1143721377
1146398351
1152020691
1157787230
1160296261
1165821296
1166267180
1168706103
1171677465
1174190082
1174921586
1177368681
1179800391
1182304860
1185711387
1191484310
1194214029
1196501411
1199908580
1204851921
1212018961
1212324415
1217828216
1220299875
1220749133
1226068718
1229054171
1231763904
1237343657
1240106162
1242684866
1245381849
1254478469
1259513638
1262949651
1265486856
1267931732
1271310433
1276822426
1281730740
1290016198
1295212645
1296829259
1298584144
1310471762
1313440871
1318947616
1321744661
1323491342
1331701656
1346064746
1354427416
1355122486
1360196245
1362635662
1374430409
1379771554
1380110220
1382553239
1385611467
1388059088
1393821533
1396815208
1407897857
1411146721
1414123988
1415776463
1421281160
1422421158
1428101381
1429585950
1430956848
1432384043
1439372866
1444582953
1446006578
1448027164
1454502464
1457799285
1471318180
1477074769
1485562403
1486961464
1490964502
1492420877
1493771701
1499240320
1502124231
1503805916
1510779545
1512469378
1515788460
1529153894
1532650056
1537520660
1542522401
1544008897
1548879604
1552288179
1554829480
1560596005
1565621264
1573962082
1579915282
1588208992
1614156191
1615428273
1617142698
1623771075
1625431768
1629467232
1633737038
1637748498
1639241225
1642161212
1645886796
1647371351
1650808418
1654358078
1655789861
1657680395
1659169552
1662601128
1667640454
1672618945
1684949050
1687199334
1690643539
1695701488
1698201835
1704191106
1715627241
1729408056
1732320781
1737822538
1745297316
1750248849
1752724618
1753653974
1758662883
1770379314
1773076777
1775266311
1778510444
1783912537
1786675522
1786795806
1789562373
1797802387
1812657204
1814048047
1818183169
1821067590
1822527581
1827938920
1829342928
1837642658
1846280700
1864737283
1869615158
1881892548
1884556778
1893052568
1896006971
1904441417
1906942290
1913080343
1915589388
1918040098
1920475449
1926448464
1929654515
1934721734
1938132353
1946965071
1948683604
1957113894
1960336136
1962050067
1970292101
1973701314
1980408199
1981839516
1998783096
2005427729
2016457188
2019886033
2024869014
2031686171
2033437440
2035064878
2050376748
2051616514
2057117765
2059965040
2084712794
2087249985
2093190184
2101223568
2118435986
2131889219
2143683332
2152110037
2154581710
2160536231
2168096287
2168843569
2171548714
2173821558
2179893592
2185169203
2188032774
2190765402
2193536065
2196440692
2199300812
2202212601
2204746210
2210571659
2213051536
2216611440
2218006379
2219539525
2220991838
2225042178
2226498073
2227880247
2233316500
2241595878
2246271688
2249735096
2251481763
2253228429
2254917782
2258208458
2266710364
2268174407
2271488626
2276468021
2279970560
2283940827
2287812853
2290700210
2292422313
2297832604
2300662079
2304653841
2306138890
2307536214
2309024845
2317671955
2322689062
2326094689
2329544783
2331038036
2339509954
2341257374
2342918533
2351939659
2354096997
2362512919
2366006196
2371080577
2373519514
2382621848
2385065347
2390905322
2393409777
2399180412
2404721737
2407607054
2415804448
2416857787
2421940366
2423339413
2426746578
2431681767
2433558623
2435313988
2438503018
2440184689
2441909549
2443594806
2446927640
2450040691
2451734120
2455573830
2460205850
2463934516
2475319525
2483271979
2488666910
2491208197
2494094658
2499855311
2502564564
2513751176
2516929763
2525294993
2527996042
2530296740
2533766663
2538832946
2547136832
2551547291
2554289280
2554345390
2559850729
2562820828
2570856036
2571324746
2573833297
2576826893
2579689528
2582128931
2584965203
2587470152
2588328550
2593312033
2595755066
2601519799
2605037698
2613315056
2618846731
2620569360
2623997221
2628979298
2630639948
2645586054
2654225112
2664076420
2672317202
2674035209
2687093589
2690031739
2692512096
2692919100
2695394855
2698452233
2700985362
2703929777
2709455748
2709640664
2712341699
2718295942
2723173811
2725940392
2726583028
2731665601
2735119714
2737587321
2748486181
2758906608
2760852652
2767204226
2769126202
2770819617
2774020367
2775771156
2777431624
2787300621
2794041700
2799436625
2810891136
2812285595
2820195694
2821856373
2825367104
2828630044
2830344455
2831993385
2833650482
2838587025
2841957540
2845442808
2854105254
2857075347
2858507144
2870823490
2875335020
2882094341
2889915595
2892645840
2895418252
2898338233
2903921690
2906426625
2917696070
2922971693
2923849987
2926358552
2928830020
2937102802
2945522848
2954781973
2956246030
2957760288
2959150651
2964652412
2966055506
2967515977
2974330308
2979832451
2982744246
2987954397
2989640134
2991399656
3001435777
3006346018
3008256012
3009708311
3014692432
3021180549
3024501936
3032973762
3037787233
3041216084
3046197523
3048968200
3057699192
3060404323
3066131466
3071672745
3087381045
3095662407
3104229585
3106673098
3131581332
3137355033
3140150274
3145826411
3154663845
3156377790
3171623745
3181397800
3198535684
3222901671
3224586940
3227973769
3231198933
3234700512
3239766339
3244655213
3248182321
3249638698
3251561988
3259683930
3268110632
3269570611
3273399435
3275146640
3284669388
3289675831
3292438828
3295351577
3298149701
3300947824
3306619603
3309482214
3317894548
3325580516
3331534989
3334898360
3342544384
3343140142
3348122217
3358104988
3366527214
3369487296
3372301923
3377761366
3383384586
3386192164
3389305167
3392038996
3394306938
3397717053
3402677768
3408728752
3413680261
3425007116
3428457762
3429942329
3431862885
3436945488
3441822952
3448596609
3458433988
3473547323
3475044640
3483452498
3489981692
3494991561
3498400142
3501162645
3506057888
3506937368
3509405443
3511823405
3515229034
3522775108
3525888047
3528958721
3531844678
3540085712
3548436130
3557363564
3564528706
3565728286
3567414021
3571253291
3574232456
3575688339
3584102881
3596241041
3597701514
3628761577
3630192882
3638683008
3642509624
3644231715
3647152662
3659122196
3662443553
3672576072
3684368770
3692222540
3694657879
3706457616
3708920488
3712225437
3725864324
3737133763
3760422162
3764131388
3767015803
3776972790
3785472644
3790866609
3792654785
3794110682
3802412456
3809225509
3814299920
3815981067
3822593122
3825487769
3828258434
3838853342
3847391048
3850799119
3853275412
3858938449
3861406538
3864463460
3867346723
3875651765
3881071232
3893523241
3896027698
3897016604
3899463687
3904444224
3910207949
3922003594
3927213793
3930141908
3938486694
3946991152
3962913186
3964283532
3981004904
3991024641
4002992131
4004645144
4027896658
4030597705
4030816615
4036324896
4039171093
4041868558
4047641475
4050174616
4053144772
4061275802
4086358284
4095293634
4103636400
4112138790
4117047560
4130673681
4133529124
4161733746
4170103040
4171522075
4196608161
4203236552
4213199429
4236464784
4244739334
4253034612
4261681706
