6901751
7323285
11956479
13803502
14646570
15055291
18767335
22608627
23912958
27607004
29293140
30110582
33411537
37534670
41021019
41870691
44821689
45217254
46953391
47825916
50142413
52942261
53286651
53471783
55214008
57118031
58586280
59858899
60221164
61757727
64671509
65516115
66823074
74890857
75069340
75951031
77446231
81757757
82042038
83741382
86749683
89643378
90434508
90806879
93906782
95063279
95651832
100284826
104663487
105884522
106573302
106943566
110428016
112408911
114236062
114726131
116111113
116554389
117172560
119303837
119717798
120442328
123508677
123515454
124318999
129343018
130341707
131032230
132272633
133646148
133696359
136305949
148531677
150138680
151902062
154892462
155706431
157280841
158048035
162960927
163515514
164084076
167482764
167584407
169701983
173821929
175853975
176413391
177911273
178836343
179286756
180869016
181613758
182527855
184457273
186235253
187813564
187936147
190126558
191303664
192774957
193423605
194391847
197772747
200569652
202635051
206265593
208000851
208465069
209326974
211119339
211769044
213146604
213428149
213576291
215792267
216992597
220856032
221146419
221737301
223282895
224817822
228431267
228472124
229023185
229230909
229452262
231973319
232222226
233108778
234345120
238505607
238607674
239435596
240884656
241599229
242606259
243802077
247017354
247030908
248637998
254735233
256012227
256995565
258686036
259184679
260288089
260683414
262064460
263139371
264545266
264797733
267292296
267392718
272611898
274038167
282949345
284969535
288095561
290163197
290674365
291492615
294218655
297063354
300277360
300971467
303804124
304447401
306491381
309784924
309999271
311412862
311967355
313367907
314561682
316096070
318284247
320235355
325921854
327031028
327915055
328168152
330795745
332510521
332703855
334158467
334965528
335168814
339403966
343819249
347643858
348255193
348837179
351327847
351473069
351707950
352284685
352378749
352826782
353232117
355822546
357672686
358573512
359459609
361501687
361738032
363010875
363227516
363492947
365055710
368914546
369009809
371135341
372188951
372470506
373801431
375627128
375872294
378240387
380253116
381284913
381761783
382607328
384232455
385549914
386847210
387185221
387249827
388016891
388783694
389454221
391209783
391990371
393855119
395545494
398636237
398790329
401139304
404066223
405270102
406394365
406747941
409823567
412531186
414399193
415653237
416001702
416474835
416930138
417816075
418653948
422238678
423538088
425371493
426293208
426856298
427152582
428682861
429965127
430305453
431584534
432699499
433506699
433985194
436991091
441712064
442292838
442436307
443474602
444023917
446565790
448129301
449635644
456862534
456944248
458016407
458046370
458461818
458904524
459891185
462901603
463946638
464444452
464526519
465087117
466217556
468690240
468764577
470348527
473940059
475836793
477011214
477215348
477861569
478871192
479449525
480741043
481769312
483198458
485212518
487471325
487604154
493036891
493656243
494034708
494061816
494415047
496290517
496345883
497275996
498882313
500243277
501312163
504208949
505072869
506072939
506805275
509470466
509719973
512024454
512600521
513991130
514147193
516508703
517236165
517372072
518369358
520576178
521366828
522392279
524128920
525784089
526278742
529090532
529595466
532240577
533866865
534584592
534785436
535691685
538701733
545223796
548076334
549406515
550106477
553038789
557310351
565898690
566009509
566696871
567748081
569939070
570947399
574003831
576191122
580326394
581348730
582985230
583429725
585064651
585226813
588437310
588987179
590227949
591119061
592305237
594126708
594178639
597270719
597821431
600554720
601119803
601942934
603070345
607608248
608894802
609411711
609539503
612982762
613493757
619569848
619998542
622825724
623934710
624739179
624942083
624965599
625178941
626735814
629123364
629654747
632192140
633667217
634234467
636529971
636568494
638469503
638557897
640470710
640784221
643213785
644041627
644447275
647876891
648903237
651843708
653142691
654062056
655830110
656336304
656733293
658738743
660943541
661591490
661931731
662923149
663139129
664300905
665021042
665407710
666179953
668316934
669931056
670337628
670793833
671546345
674397531
675130609
678373289
678807932
682728343
683177615
684427899
684650677
684947221
687638498
690244351
693165647
695287716
696510386
697066967
697674358
699096721
701054235
702106797
702601699
702655694
702946138
703415900
704569370
704757498
705653564
706464234
708033581
708107717
711645092
712397611
713879307
713897841
715345372
717147024
718919218
721104449
723003374
723476064
726021750
726455032
726985894
727617875
728193225
728370335
730111420
736934149
737829092
738019618
742270682
744377902
744529849
744794983
744941012
746420609
747602862
751254256
751719363
751744588
754012283
756480774
756603353
757720603
758336481
760459929
760506232
762569826
762987853
763523566
764614247
765214656
765289253
765997693
768464910
771099828
772962033
773694420
774370442
774499654
776033782
776725127
777567388
777592583
778908442
779914315
782419566
782643607
783980742
786179127
787710238
788895975
791090988
791685919
793291179
797272474
797580658
800252949
802278608
803832721
804594825
807188279
808132446
810433995
810540204
811967199
812788730
813495882
819647134
821599081
825062372
828798386
830027961
830635749
831306474
831696285
832003404
832280401
832949670
833860276
835632150
837307896
838198789
842927801
844302287
844477356
845335787
847076176
848911015
850682727
850742986
852586416
853712596
853808479
854305164
857365722
857533377
859393805
859494705
859930254
860610906
863169068
864548875
865398998
866935979
867013398
867349603
867970388
868565485
868657027
873982182
878439449
878929765
880446343
883398765
883424128
884013211
884585676
884872614
885811571
885862277
886290979
886949204
888047834
889606059
890859855
892938147
893131580
894356069
894541281
896258602
899271288
899557903
900021443
902795657
904467765
906610617
910973341
913374977
913673365
913725068
913888496
915808019
916032814
916092740
916507125
916923636
917809048
919782370
923340247
925803206
926375993
927893276
928888904
929053038
930174234
931848487
932435112
936915665
937380480
937529154
939955455
940697054
944271035
944364485
947294033
947880118
949998121
950514969
950701367
951673586
954022428
954430696
955723138
956651481
957742384
958899050
959416861
961482086
962117951
962785905
962886685
963384207
963538624
963974707
966396916
968150121
968557003
970425036
972173613
974942650
975208308
975399335
976887935
980695267
982194617
983090781
986073782
987312486
988069416
988123632
988439321
988660291
988830094
989973363
992581034
992691766
994551992
997232861
997764626
998942931
1000486554
1002624326
1003357305
1008100253
1008417898
1009603687
1010145738
1012145878
1012336955
1013610550
1016880305
1017029955
1018940932
1019260029
1019439946
1021331351
1024048908
1025201042
1025681069
1027982260
1028294386
1033017406
1034472330
1034744144
1036738716
1041152356
1041606249
1042733656
1042838985
1044784558
1048257840
1049952479
1051568178
1052557484
1052874379
1053528149
1056592899
1057782291
1058181064
1059190932
1061630785
1064481154
1067733730
1067847237
1069169184
1069570872
1070895653
1071383370
1077192699
1077403466
1079720063
1081269469
1083125491
1085046137
1090447592
1094252333
1094677169
1096152668
1097218519
1098813030
1100212954
1100385149
1102300839
1103671273
1104620687
1106077578
1106499881
1111717339
1112464939
1114620702
1119145263
1121273463
1126073567
1129946279
1131104889
1131797380
1132019018
1133393742
1135496162
1135901323
1138912677
1139878140
1140590003
1141894798
1148007662
1151595039
1152382244
1152765841
1155222287
1157534027
1158592815
1160652788
1161668811
1161948519
1162697460
1163159995
1165005751
1165970460
1166859450
1167709897
1170129302
1170453626
1170937747
1172628197
1175059349
1176874620
1177742249
1177974358
1179301493
1180455898
1180529969
1181637957
1182238122
1184315033
1184610474
1185383271
1187957457
1188253416
1188357278
1189728483
1192994627
1194541438
1195044953
1195642862
1201109440
1201747937
1202239606
1203334163
1203885868
1205311509
1206140690
1210760907
1215216496
1216226591
1217789604
1218823422
1219079006
1219488131
1220851151
1224227557
1225965524
1226987514
1228741459
1229725501
1230425777
1232883947
1233859501
1237699351
1239139696
1239997084
1240093751
1240821057
1245651448
1247869420
1248160413
1249405747
1249478358
1249884166
1249931198
1250357882
1253471628
1254492667
1255247261
1255488297
1258246728
1259309494
1259836299
1260642539
1262862017
1264384280
1264622715
1265858051
1267334434
1267366737
1267750269
1268468934
1269346715
1269737009
1270669383
1273059942
1273136988
1275774935
1276939006
1277115794
1278653607
1280941420
1281568442
1281979241
1282649861
1286427570
1288083254
1288724387
1288894550
1290091573
1290495173
1292237369
1294959977
1295753782
1297806474
1302750027
1303687416
1305192625
1306005083
1306285382
1308124112
1308916087
1310711853
1311660220
1312672608
1313466586
1314112345
1317477486
1320260269
1320569945
1320949347
1321887082
1321914765
1323182980
1323863462
1324397905
1325846298
1326278258
1326778293
1327144461
1328601810
1330042084
1330815420
1331996175
1332359906
1334937963
1336633868
1339862112
1340675256
1341587666
1343092690
1348445081
1348795062
1350261218
1352396999
1356746578
1357090259
1357615864
1359215523
1360743739
1365456686
1366274149
1366355230
1368235413
1368855798
1369301354
1369894442
1370831143
1372377183
1372652539
1374301725
1375276996
1378447679
1378511575
1380488702
1386111413
1386212865
1386224623
1386331294
1388569197
1390575432
1390859057
1392006809
1392976575
1393020772
1394133934
1395348716
1395762637
1395965461
1397680269
1398193442
1400313169
1402108470
1403111195
1404213594
1404707689
1405203398
1405311388
1405892276
1406831800
1409138740
1409514996
1410940589
1411307128
1412928468
1415105995
1415330631
1415955773
1416067162
1416215434
1418863999
1420324647
1422275307
1423290184
1424268941
1424795222
1425042673
1427758614
1427795682
1429940629
1430681477
1430690744
1434294048
1437550761
1437838436
1437926991
1442208898
1446006748
1446139315
1446952128
1449601505
1450747965
1452043500
1452602125
1452910064
1453971788
1455235750
1456048947
1456386450
1456740670
1460222840
1462104387
1462538115
1463698981
1465063627
1466831387
1468189811
1469584783
1470387413
1473868298
1475658184
1476039236
1477335963
1478958821
1479725423
1484541364
1488755804
1489059698
1489589966
1489882024
1492841218
1495205724
1495892967
1496409717
1498197331
1499083187
1500646063
1502508512
1503438726
1503489176
1506016261
1507209813
1507416625
1508024566
1508070337
1512961548
1513206706
1513964995
1515441206
1515748429
1516647609
1516672962
1516887313
1518544853
1519171751
1520210897
1520919858
1521012464
1523520775
1523752545
1525139652
1525975706
1527047132
1529228494
1530429312
1530578506
1531645833
1531995386
1535411947
1536929820
1539666067
1542199656
1543719551
1545877341
1545924066
1547388840
1548740884
1548999308
1549092507
1552067564
1553450254
1554800799
1555134776
1555185166
1555433927
1555729177
1557816884
1558020325
1559828630
1561441491
1562185791
1564089457
1564839132
1565287214
1567961484
1568071969
1568728505
1572358254
1573213289
1575420476
1577791950
1578543667
1579910301
1582181976
1582256801
1583371838
1584407499
1586582358
1594544948
1595161316
1598718063
1600179013
1600505898
1602038273
1602632969
1604557216
1607665442
1609189650
1612338173
1613601855
1614376558
1615304569
1616264892
1620867990
1621080408
1622351083
1623934398
1624892243
1625577460
1626052167
1626991764
1629600493
1629974293
1633314455
1634378555
1636778607
1638714963
1639294268
1641692485
1643198162
1644036825
1649539343
1650124744
1651352967
1652508837
1653038231
1654576229
1654716083
1655321821
1656244699
1657596772
1659210697
1660055922
1661271498
1662612948
1663392570
1664006808
1664560802
1665899340
1666433459
1667720552
1668606065
1670239137
1671264300
1674615792
1675408905
1676397578
1679122277
1681855119
1683485889
1684167399
1685855602
1688112553
1688604574
1688954712
1690183797
1690671574
1692591499
1693788699
1694152352
1697822030
1698444697
1700988157
1701365454
1701485972
1703659973
1704063093
1705172832
1706053181
1706670849
1707425192
1707616958
1708415181
1708610328
1709076515
1711629291
1713068627
1714731444
1715066754
1718104017
1718787610
1718989410
1719860508
1721221812
1725116837
1726338136
1726744365
1728199867
1729097750
1730797996
1733871958
1734026796
1734216497
1734699206
1735940776
1737130970
1737314054
1739739911
1741210805
1747964364
1749940323
1752286953
1753349585
1754113693
1756878898
1757859530
1759157395
1759930415
1760068093
1760892686
1762965663
1762997611
1766797530
1766848256
1766854135
1768026422
1769171352
1769745228
1770230111
1771623142
1771724554
1772581958
1773898408
1775297421
1776095668
1779212118
1781294821
1781407139
1781719710
1783173823
1783904147
1784879477
1785876294
1786263160
1788712138
1789082562
1792517204
1792705319
1796811481
1798542576
1799115806
1800042886
1801766297
1804794017
1805010881
1805591314
1806273637
1807157517
1807836729
1808534215
1808935530
1812409805
1813221234
1813604535
1821688307
1821946682
1822840489
1823283417
1824064855
1826749954
1827346730
1827450136
1827776992
1830724321
1831616038
1832065628
1832185480
1833014250
1833327699
1833847272
1835502211
1835618096
1839564740
1841447797
1843574857
1845601599
1846680494
1848288077
1851142223
1851458787
1851606412
1852751986
1854462569
1854834719
1855786552
1857777808
1858106076
1860348468
1863013657
1863696974
1864870224
1865945573
1873100855
1873831330
1874760960
1875058308
1879910910
1880542751
1881394108
1884917365
1886187945
1886767907
1888542070
1888728970
1890399051
1890931101
1892131127
1893099305
1894588066
1895760236
1898511495
1899418307
1899996242
1900260939
1901029938
1901099865
1901402734
1901864173
1903347172
1906958553
1908044856
1908861392
1911446276
1913302962
1914669383
1915484768
1915825523
1917798100
1918833722
1920037573
1920636173
1922964172
1924235902
1925571810
1925773370
1926768414
1927077248
1927949414
1928280081
1929556469
1930276137
1932793832
1936300242
1937114006
1937841757
1940850072
1943611779
1944347226
1948711985
1949885300
1950416616
1950798670
1953320521
1953707031
1953775870
1955224655
1955240629
1957168891
1958856879
1961390534
1964389234
1964445393
1965328735
1965693897
1966181562
1970094483
1972147564
1974624972
1976138832
1976247264
1976878642
1977320582
1977660188
1978008931
1979946726
1980544091
1984585977
1985162068
1985383532
1985774251
1989103984
1990405673
1991492929
1994465722
1995529252
1996542623
1997885862
1999312935
1999471217
2000973108
2001159183
2005248652
2006714610
2010292251
2014013199
2016200506
2016835796
2017125777
2018941349
2019207374
2019807387
2020291476
2022997571
2023450977
2023872293
2024291756
2024673910
2027221100
2031076515
2031654585
2033760610
2034059910
2037881864
2038520058
2038879892
2042662702
2045547713
2048097816
2050402084
2050595339
2051354151
2051362138
2052326269
2053170263
2055964520
2056406191
2056588772
2058789065
2062746289
2064013869
2066034812
2066628949
2068944660
2069488288
2072013135
2073398291
2073477432
2074321415
2078887949
2080748423
2082304712
2083212498
2083645517
2085240609
2085467312
2085677970
2089280081
2089569116
2096515680
2099039493
2099418899
2099904958
2100326955
2101944919
2103136356
2105114968
2105748758
2107056298
2109748391
2110440969
2110902531
2113185798
2114116035
2115564582
2116362128
2118381864
2123261570
2123451273
2123905301
2124714283
2128616019
2128962308
2129193089
2130799841
2135467460
2135694474
2136098965
2138049833
2138338368
2139141744
2141791306
2142766740
2155586285
2156911473
2158938061
2163688922
2163858695
2166339298
2166550513
2168147659
2170392474
2176525661
2178706549
2179255455
2179894196
2180233742
2182586751
2185194948
2185617378
2188260313
2188606305
2188811670
2190953389
2192758393
2193301300
2194319007
2196590361
2197236787
2202190831
2203019667
2205567674
2206267869
2207224263
2208054193
2209929450
2211027262
2211832473
2212304744
2212983836
2215877595
2217377341
2217689854
2218249333
2220404527
2222906248
2223751108
2227647847
2228508509
2229036978
2229728962
2230139692
2230706537
2232252905
2234423130
2234627135
2236598177
2238033138
2240273933
2241035441
2241154366
2241163975
2242127791
2245697074
2246598593
2246989926
2247889085
2252847277
2254486987
2256898014
2257544809
2258555686
2260509275
2260530309
2263651700
2264501921
2265052090
2266675351
2266964878
2268624738
2268796329
2272375252
2272665831
2274532709
2274570876
2276181298
2277125840
2278484024
2279476491
2279689325
2282290615
2282893055
2284271542
2285487035
2287271034
2287548363
2287896060
2289015018
2293325406
2296707661
2297056683
2298328848
2299747127
2300018568
2303011707
2305570277
2305876823
2307812046
2309533370
2309856137
2310157283
2310590308
2311974276
2312795736
2313929426
2317022162
2318183773
2320954917
2321362612
2321770622
2321817263
2324518077
2325712706
2328582628
2328938743
2329184059
2330698037
2330754256
2331177099
2333064218
2333468129
2334587234
2334825084
2334844302
2334873413
2336771934
2343830493
2343910500
2344600585
2345713538
2346496204
2347124323
2348294522
2353893791
2355049011
2357390671
2358210906
2360023719
2361490326
2361798553
2364948791
2365113561
2366312380
2367605970
2368918221
2369627724
2371062955
2371140885
2371636103
2373534902
2373576970
2374934647
2376202323
2378863465
2379819752
2381520194
2382620532
2383298119
2383828427
2385867054
2386049273
2386446108
2387584209
2389364243
2389765828
2390109010
2392880923
2392919539
2393168561
2397266856
2397848014
2401581770
2401658104
2403472703
2404878948
2405853453
2406570521
2406768032
2408695559
2409235131
2409484400
2411469334
2411895002
2413523201
2417097582
2418302462
2421016187
2421059436
2421578447
2422057443
2423490422
2423962707
2426321965
2426515261
2427058420
2427613078
2428308472
2429676749
2430546388
2431083189
2436215665
2439167164
2440558721
2442708467
2443122843
2444841581
2445739807
2445931674
2446629718
2448304963
2449174048
2452010606
2452553488
2458539766
2459788559
2460910011
2463656906
2464269998
2466684627
2468140444
2469559311
2470736509
2471583092
2472228626
2472830918
2473139093
2473247861
2473696968
2474422539
2476464904
2478107824
2480375204
2480961843
2481534023
2486560676
2486998251
2487968175
2488448945
2488883898
2494426186
2495241576
2496057596
2496150878
2498439289
2501552506
2502349367
2503941764
2504867339
2506314979
2507327243
2507410905
2509681608
2510393838
2510884470
2511053451
2512226629
2513912426
2514024864
2514870550
2516905275
2518254327
2518644788
2518770911
2519452610
2520275287
2521690820
2522166520
2522204956
2522263178
2523452205
2526060220
2526439635
2528364587
2529386065
2534290801
2538319109
2539260509
2540177338
2540337352
2541717522
2542033071
2543943428
2544018261
2545508760
2546764998
2549105396
2553246403
2553607833
2560303934
2562614374
2563109667
2564431749
2565254369
2565476575
2567297694
2567416773
2568588383
2568938164
2570086893
2570979219
2572563790
2573821581
2575497004
2576113458
2576605305
2577675387
2582413934
2582743474
2583870239
2585141112
2586022889
2587151179
2587728292
2588100531
2590352794
2591771800
2591823445
2592795553
2594642262
2594798122
2595456199
2595788558
2597959825
2599586156
2599670292
2602385646
2602778161
2604920998
2605243561
2606113705
2609451867
2609706561
2610243282
2612155856
2614822951
2615511129
2615556740
2617757416
2619112590
2619750827
2620173206
2621157639
2623887573
2624250460
2624614898
2625408568
2627684770
2631244838
2631850049
2632048008
2632734372
2638278198
2638355430
2638853474
2640645925
2643121287
2643854573
2644993409
2647050064
2647683103
2648212380
2654079925
2655082859
2655679892
2655832560
2659461758
2660278703
2662274248
2663132449
2663917283
2664223258
2664637965
2665657394
2666052416
2667825561
2667943245
2669189923
2669907470
2670986614
2671485152
2672403001
2675455020
2676306356
2676965909
2679562754
2686380219
2686711516
2689121276
2691615063
2692160285
2694548726
2694635224
2695221995
2695673246
2696631238
2699050615
2699497196
2700441766
2701827983
2702045981
2704610775
2705160282
2705546874
2706633192
2707552131
2707742508
2709133296
2709455919
2710695467
2711869850
2712616225
2713609128
2714682730
2716116825
2717405979
2721660563
2723876217
2724947682
2727029591
2727722377
2728613167
2730158157
2730850680
2731202001
2733441271
2733633794
2737933286
2738762038
2739713203
2740268869
2742199514
2743995966
2744379700
2745775788
2748947011
2749126278
2750864448
2754064139
2754112463
2754902835
2755254445
2756537564
2757623328
2758694043
2765167775
2765768421
2765795613
2769595884
2772093470
2774336374
2775540305
2778346699
2779830164
2781056348
2782063425
2782298775
2783488213
2785885606
2788591585
2788797240
2789337841
2790005371
2790939043
2791634974
2793989370
2795439509
2795682536
2796973604
2798178188
2798794538
2799012074
2799910288
2801361430
2803455541
2805446160
2807645129
2808447291
2808732000
2811003629
2813266760
2813643139
2814440038
2814469459
2815584398
2816725125
2820523719
2822995143
2825637704
2826512854
2828452702
2829414242
2830023187
2830284148
2832550865
2836297259
2838925753
2838932551
2841368724
2842999504
2843355701
2844631544
2844818108
2846343525
2848347533
2849394930
2850234555
2851664929
2855621364
2857215086
2858322573
2859069529
2859570531
2860399880
2862064291
2862251030
2865146310
2867170838
2867338162
2870072475
2870650649
2871879568
2872593523
2873304028
2874285292
2874623254
2876969610
2877911267
2878748761
2879418057
2879556395
2880341204
2880566080
2881827343
2882257452
2886326902
2889025006
2889805928
2890058174
2890355309
2891421572
2892668005
2893066926
2895897992
2896290983
2896849392
2896926264
2897042708
2897583681
2899420762
2900439501
2901543627
2902797975
2903281521
2904636792
2905395622
2907206577
2908558425
2909245526
2911288482
2912651539
2917943849
2921097954
2921710477
2925060453
2927737637
2927940695
2928290989
2929154570
2931037370
2931430225
2932329729
2932871028
2933191056
2935951396
2936582494
2936752207
2937374781
2938672835
2939095217
2940019011
2940403208
2940552874
2943533872
2946046348
2950727144
2955373017
2959009158
2959732018
2961339259
2966165433
2966918219
2969289121
2970040439
2970298105
2971486645
2972231023
2973124220
2975502567
2975751697
2977745100
2978735686
2980737429
2981379850
2982333113
2983025090
2983464675
2983469502
2985508951
2986981583
2987111740
2987349898
2989693118
2989744915
2990392680
2991968311
2992690138
2993657377
2994474790
2995229341
2997462977
2997643932
2997770465
2998236241
2998967719
3000159514
3000400133
3003510360
3004743268
3005726962
3006563983
3007748457
3007867126
3010536043
3011823413
3016239917
3017344220
3018003300
3020152087
3020256830
3021257309
3022798576
3023191493
3024030307
3024562130
3026818710
3027972936
3028612577
3028717414
3029191315
3031647897
3033105231
3033221940
3035410471
3036059952
3036163242
3038107458
3038891717
3040633879
3041800876
3042112596
3043113619
3043428750
3044093468
3044299109
3047047513
3048436002
3051688664
3051856936
3054521967
3055219337
3057287644
3058072674
3060671565
3062358348
3063003474
3064743762
3068265023
3071283707
3071420086
3071929474
3073002916
3076828064
3081840805
3082162254
3083538610
3083629832
3088031184
3090741532
3092018006
3092862764
3094457225
3094831630
3095433179
3096524211
3096907317
3098348687
3100291498
3100599315
3101017272
3101223431
3101746148
3103333488
3107885892
3109186851
3110180911
3110307221
3115006028
3116216450
3116612368
3117985096
3121015957
3121480679
3121828189
3123229365
3123630095
3126683689
3129072748
3129227212
3130223300
3133808202
3134214889
3135786309
3138417543
3138758926
3139384325
3139788035
3140225498
3141549521
3142503170
3142829633
3146616480
3147882558
3148941112
3153870993
3155826207
3156395385
3157074237
3159564533
3160676202
3162682070
3163876136
3164181472
3164756749
3166446277
3170141453
3171439868
3171678241
3172276905
3173073758
3177064848
3178781250
3179889963
3180350918
3180962868
3181792282
3182461555
3183780043
3183831140
3184200897
3184621184
3188167474
3188402842
3190896198
3192331292
3193472403
3194202179
3194250801
3194489580
3195486656
3197322354
3203426392
3205129064
3206448170
3211641860
3212973985
3217295639
3225276790
3225939384
3226952678
3229412995
3230758904
3231557477
3235746478
3236836922
3237111375
3238777023
3241613804
3241786800
3242960342
3243862844
3244643151
3245778828
3246102041
3248579063
3248993481
3250617582
3251095779
3251510744
3253399884
3255422445
3256172318
3256608314
3257685911
3261307571
3261737902
3262836916
3263610100
3264797215
3265782736
3267620614
3268001368
3268065635
3268547543
3270782944
3271428190
3273907286
3274727141
3276256052
3277738285
3277748802
3279734608
3280821323
3281881812
3283816563
3284750002
3287221893
3287328310
3288628955
3288930175
3290227165
3291257829
3295837478
3296011989
3297357211
3298989501
3300268786
3300422059
3302411716
3302562289
3306575534
3307961106
3308392279
3309742686
3311953019
3312075677
3312832666
3313072197
3314217712
3314920354
3319398894
3319783940
3321045809
3324430543
3325008153
3326178983
3327495507
3328382924
3329958043
3330040428
3331942758
3333015125
3333054090
3333301699
3334950971
3335584809
3336915380
3339132707
3339397861
3340508284
3341275752
3342165769
3343924109
3343943417
3344067928
3349219999
3350410374
3350768908
3351831427
3352101213
3354245248
3357991741
3358272871
3358512369
3359465001
3360644630
3360741278
3362322022
3363025242
3365591480
3367763008
3368837881
3369045069
3369904438
3370353551
3371636129
3377377927
3377938653
3380825961
3382263303
3382851902
3384053194
3384107578
3384694917
3384874741
3387964569
3388250659
3390982773
3391467735
3391708120
3396703292
3398658331
3399917317
3400641137
3401147269
3401189100
3403010373
3403596962
3405936285
3406610811
3406869103
3407621291
3409209750
3410703465
3411665941
3412176680
3414629048
3416643202
3417113902
3418500183
3419492778
3424106849
3424287564
3429038481
3429699522
3430110832
3430221935
3431192034
3431777839
3432527094
3432973257
3434394438
3434588188
3435786300
3436321341
3439418767
3440495092
3441059237
3441533913
3443395370
3443881424
3445211747
3446463560
3448872728
3450105428
3450540500
3452209581
3452336928
3454895123
3455239212
3457359061
3458062467
3459427434
3463408672
3467806610
3469044291
3469410934
3469980352
3471325199
3474523610
3475025077
3477622999
3479049872
3479442289
3479802630
3481396428
3481455270
3482078609
3483685148
3485966602
3490673757
3491092729
3493291179
3493563790
3495094645
3497008955
3498397639
3498506638
3499789035
3501259713
3502211607
3502831381
3503791760
3505542060
3506186637
3508313929
3509421756
3510998443
3511344836
3511790231
3512562726
3513084648
3514204283
3516331027
3517340249
3517618082
3521957153
3524515717
3524539879
3524935065
3525110870
3526830669
3530067535
3530367858
3530381454
3535253800
3536656997
3538515360
3538633035
3539227754
3541779440
3542152568
3542486333
3542953169
3545203402
3548589538
3549211418
3551306212
3551707293
3552985462
3554305217
3554718377
3555846210
3557745507
3558981219
3562495241
3563759080
3565632277
3566946524
3566949923
3569161498
3570655410
3571657414
3572600925
3573316112
3576644934
3577018412
3577268913
3578515793
3582519885
3582808972
3583780409
3586439281
3586858028
3587192676
3587261845
3588397319
3592661302
3593817650
3595629139
3596275488
3597703398
3598255461
3598882635
3599124408
3601086936
3601762860
3603809417
3605336963
3606455572
3608338886
3610013874
3611352466
3611453995
3611629142
3613198760
3613648512
3615859751
3616171038
3616820065
3617031256
3617493153
3625170156
3628153277
3630566364
3630942757
3631173944
3632128208
3632503867
3632632700
3633226970
3633599159
3635234931
3635359496
3637852362
3638650204
3639215985
3640238123
3640974439
3642356105
3643467803
3644312336
3645098318
3646215136
3646368880
3646601768
3646967507
3647683714
3650765639
3651357876
3652751669
3653395354
3655603606
3657559691
3658112302
3659079394
3659498801
3661789936
3662079305
3663307596
3664036263
3665188883
3666929506
3667800587
3669040457
3669633202
3671007404
3674744631
3675093316
3677819430
3681616159
3683125501
3688404050
3692646225
3694712260
3695200237
3695745753
3695937306
3696657991
3697783305
3698095363
3702077073
3702574103
3702637258
3707991626
3708223987
3708397742
3709098330
3709298695
3710825492
3714591092
3715376802
3716692419
3717175810
3717377665
3718258408
3718898464
3724419144
3725396751
3725681340
3726020766
3727265914
3729862022
3730706786
3732554374
3733322768
3733622100
3737428629
3738714425
3739373669
3739584096
3744219849
3744584737
3744609048
3753970640
3756131467
3762190145
3763262386
3766039335
3766872159
3769805223
3770534668
3771773179
3771980388
3773031537
3775194870
3776326603
3778137433
3779882255
3781516465
3781757419
3784847218
3786352790
3787894309
3789391929
3791094594
3791798125
3791948735
3792597230
3793112562
3795489642
3796162253
3796919741
3796978398
3797694677
3798764792
3801679787
3803460157
3803521486
3804019746
3808006552
3809698919
3809987724
3810573139
3811231401
3812462669
3813991210
3814134497
3814959133
3815276052
3817050001
3817182578
3818566532
3819445702
3819455356
3822093647
3823399361
3823534254
3826479518
3826620083
3826739832
3827216148
3831902588
3832006182
3832660423
3833301712
3836172611
3836452974
3837896628
3838615299
3839831106
3839921018
3841465932
3841608977
3842975034
3843217515
3846812813
3847442306
3847804216
3848057282
3848988834
3850451790
3850789053
3850918199
3851294293
3852835380
3853316618
3856733739
3857327878
3859537072
3862002888
3862594615
3863372567
3863970276
3865644318
3867193031
3868013266
3868250604
3870089521
3873588438
3874931209
3875691476
3876163178
3876514881
3882005793
3883146247
3884996186
3886295147
3887204792
3888522952
3892820526
3893030012
3894129237
3895030970
3895988125
3896682467
3897378165
3898113504
3898589451
3898899338
3900576966
3901640612
3902544237
3902982869
3903378763
3904585789
3905649161
3906153772
3908462224
3909741506
3909753587
3909951180
3910898982
3912517415
3915812146
3916800165
3918726814
3918960232
3923337294
3924636256
3924842836
3926356401
3926974257
3928731268
3930299786
3930958609
3933784110
3936118104
3936741544
3938743590
3939373852
3940703288
3941114570
3941682307
3945298217
3946611378
3946924965
3949388356
3950152129
3953210645
3955413523
3955893680
3956230224
3961560286
3962955026
3963735581
3964283227
3965101113
3967091640
3967602709
3967970867
3968661700
3969217549
3970967401
3972866467
3973859482
3976263493
3977233048
3978523300
3979501779
3980078089
3981383941
3982003876
3984855963
3988291727
3989046398
3993806760
3995083766
3995356524
3995403867
3995812643
3996375300
3996531329
3998522184
3998770699
4001595641
4002132995
4005829857
4006172480
4010182023
4016197962
4016840860
4017170482
4019593572
4019776016
4025549381
4028578720
4030503315
4030919727
4032386259
4033370237
4033999416
4035646949
4036552364
4037424775
4038241880
4038362357
4041430802
4042179612
4043382710
4043458015
4045564774
4045943518
4046330986
4048323541
4049213726
4052333107
4052770217
4053099348
4053714982
4054550896
4054963214
4056008648
4058530471
4059183328
4060793689
4063813859
4065569953
4066791297
4068288136
4069092405
4070890054
4072878174
4072942747
4073130794
4074676784
4075850517
4078780955
4079169931
4081080163
4082528408
4084949252
4085741088
4088486544
4089056771
4090631221
4094548266
4095477710
4095824881
4096172730
4096778373
4098755766
4098975082
4099173029
4099776542
4100308228
4102360441
4103742355
4105883730
4110661848
4110970776
4112962952
4118324801
4120132756
4120946130
4121467929
4122559712
4124088970
4125190409
4129351438
4129625261
4130034204
4131285002
4131469081
4132092422
4132967348
4133916881
4135615394
4137234537
4137522692
4138175618
4139911629
4141629511
4145185581
4145389969
4145749312
4146868997
4148281468
4148550145
4150398576
4152574659
4160258338
4162735305
4162943511
4163676777
4164079266
4164168766
4165307122
4166196035
4166664826
4169212655
4171645418
4173650201
4173868756
4176748883
4177880492
4179390577
4180268624
4180879296
4182029850
4183955021
4185408906
4186874125
4187068613
4188023729
4192012033
4192799258
4195396088
4195872834
4197070162
4198663868
4199354825
4206646048
4208217612
4210078852
4212296278
4213218188
4214442088
4216100916
4217439462
4218298403
4220076438
4220178632
4220918146
4221758720
4223770977
4228851300
4228955403
4229322036
4230581665
4232089975
4234308748
4235858089
4237178936
4239461158
4240920710
4241017954
4241495512
4243489664
4247161060
4256632849
4259369136
4261961349
4262774480
4263528635
4265412692
4275800072
4278464322
4279247965
4287107630
