1644161
2500930
4233301
6842884
8414378
9737480
16949848
22111248
23597098
33640868
43261973
44210208
67471760
68168233
73794569
84149894
85606658
104923746
105554048
111165528
134891104
136320278
144246790
156270756
159515025
159731776
168298825
170230273
268766245
269093914
270020708
270807192
273940867
274776416
277922448
279446083
281124873
281169926
289606272
295700748
307234316
310576448
319176744
319389716
335708933
338732034
352346305
360715312
369891840
402735882
405821441
420226304
436244674
440412208
471203920
472449184
536982022
537030921
537314324
537511976
538386592
539693136
542933568
543163057
546308466
548159872
553975835
557843912
565315072
571080743
577833216
578816708
604003394
605552796
633612288
637544208
655396865
671132801
673448044
687872800
717755392
723542018
742473733
746749962
1077166626
1077444881
1078477010
1082425569
1087506504
1088488580
1090749474
1091060749
1091582082
1091633988
1107511313
1107593230
1109406785
1109525384
1128534288
1132995104
1141710920
1143087156
1145098760
1145572640
1149309187
1208881284
1209077816
1212293635
1216405764
1216613904
1293977664
1309688960
2147763025
2148041634
2148666756
2149649992
2151953952
2156411152
2161655841
2162458642
2164279350
2165213185
2166412416
2166432033
2181071929
2181907458
2182146112
2182222354
2204237892
2207318152
2214727912
2218070020
2218795278
2223202816
2223539268
2250246275
2281775316
2285510664
2286129408
2286176392
2290094605
2299528259
2370306576
2391015712
4227870720
