276953
1107812
1127658
2066962
2737203
3445046
4431248
4510632
4858071
6819497
8267848
8505933
8530491
8562061
9142630
10948812
13780184
15372314
17724992
17864207
18042528
18621317
19432284
21080838
22569498
23143761
26487875
27277988
27985413
30035202
33071392
34023732
34121964
34248244
36322050
36570520
36870281
37244999
38176329
39018818
39336977
43795248
44403970
46411877
53480049
55120736
56362146
60657665
61489256
62984342
68555349
69567425
70280459
70451367
70899968
71456828
72170112
72225059
74485268
75505546
76891158
77729136
80979969
81265481
81859121
84177038
84323352
92575044
93849784
100992684
102867030
105449754
105951500
109111952
109140066
109463817
111941652
118022465
120140808
132285568
134346913
136487856
136656404
136992976
137740362
141038982
143690918
145288200
146282080
147082769
148979996
151571042
151591449
152264717
152705316
156075272
156516705
157347908
168951934
169924353
172818951
175180992
177127554
185647508
193029634
201497667
205840658
213920196
218236713
218237590
220482944
221937681
225448584
226822181
236004113
236196290
242630660
245367885
245957024
247497258
251937368
268504694
270140330
270561939
270575971
273090785
274221396
275431809
276976481
277653026
277979538
278269700
280038425
281121836
283599872
285574293
285827312
288680448
288751826
288900236
295801410
297941072
302022184
306333318
306501635
307564632
310916544
322994634
323919876
325061924
325141001
327436484
329777427
336708152
337293408
337679576
338445062
339829029
349720706
353392713
356783634
361111968
370082882
370300176
372508714
375399136
385951875
402868499
403970736
406589705
407458881
407929427
409082373
411468120
411633866
416293033
419434727
421799016
423806000
427854721
436447808
436560264
437855268
447766608
470065677
472089860
474165258
480563232
495976718
529142272
537152826
537387652
537732173
539156569
540713990
542141121
542513286
542736523
544379712
545951424
546625616
547971904
550961448
552616997
555747298
557915171
557975885
562587669
563233350
564155928
571306002
572130657
572793641
574763672
579108895
581152800
585128320
588331076
591430309
595919984
598745226
603997085
604405994
606284168
606365796
609058868
610821264
613454241
617619570
621482177
624301088
626066820
629391632
629998090
637677061
639779378
655412226
660865091
672049409
672499233
677679249
679697412
686557218
687972410
691275804
694370434
696815756
704660691
708510216
708864014
710463520
714086915
717324609
721814790
738730659
739775514
742590032
772118536
805990668
806520885
807438990
809772419
811618410
814617617
822876482
822919209
823362632
848511105
848857352
855680784
872946852
872950360
881931776
887750724
901794336
906023492
907288724
910165049
944016452
944785160
950083591
970522640
981471540
983828096
989989032
1007749472
1042827265
1074210570
1074418827
1074565830
1074863937
1075616808
1076235287
1076449836
1078230276
1080099546
1081241760
1083715676
1084253382
1085702241
1086630026
1086925920
1090536573
1091695632
1095534673
1097861507
1100158986
1103741568
1108034129
1112606765
1113637232
1115686695
1115788056
1120965698
1121583492
1125294632
1126478208
1141598214
1142212741
1142993957
1145557056
1149043713
1151896067
1158697762
1160913220
1170220556
1174417995
1174569363
1175465376
1179410472
1193740800
1204830225
1210911044
1213269298
1216680019
1218457898
1219494549
1229201588
1233323456
1237483527
1241521308
1241715362
1241926752
1247054592
1250467889
1258301778
1259864265
1262637320
1265108496
1276575896
1279953056
1281370137
1284002053
1284687360
1342457808
1345167384
1346375967
1347625492
1350750356
1351893515
1359295009
1359490313
1361002752
1374949380
1378615461
1386358796
1388707890
1394084358
1394742337
1413614402
1418395689
1422427408
1428340746
1476446508
1477051980
1479564290
1480636032
1496416416
1510048779
1546125426
1553737728
1598095428
1610729922
1610818737
1612202166
1613240625
1613834786
1617217026
1622418704
1623289865
1627576833
1631851720
1645494604
1646791754
1652606120
1656752724
1689354252
1690698369
1695580880
1699262466
1712068352
1728708636
1744859760
1745227821
1745635976
1746481536
1753875218
1766992896
1780646084
1811981640
1818231588
1829323808
1839208512
1879217442
1879671557
1885078112
1898586752
1904217234
1904255076
1914782740
1917523968
1919983617
1948586114
1988124930
2148420133
2151229588
2153784382
2156143446
2165637403
2169176236
2171359280
2181074261
2190025353
2197999698
2207257896
2220139712
2241998851
2242986176
2248294884
2282816460
2284192395
2284527713
2295468305
2312144968
2315796779
2353795148
2354137602
2374509648
2403350560
2417255473
2426554530
2432783622
2461041188
2466480417
2495613959
2500431360
2529493760
2551843969
2563269124
2584318096
2585791256
2684557928
2686931201
2703273089
2705728034
2705853328
2736018048
2739422276
2756362760
2826972960
2829058296
2885857300
2954145802
2955478312
2957109264
3028567112
3039822593
3222432024
3224930176
3225459250
3227943180
3229999392
3236434113
3256292356
3259057537
3296990384
3305376104
3323559970
3356279828
3366160400
3458475010
3489694441
3510657091
3556847952
3624018310
3800965184
3810529318
3960471623
4098885768
4211343377
