1807
2032
6739
6828
11370
11413
12598
12745
18745
21605
21658
25180
25251
32512
109104
119488
177312
183376
203104
221584
301456
319840
341072
347296
404160
414256
493312
599329
1098514
1119778
1320322
1411138
1586188
1592323
1671685
1747200
1770688
1868848
1921280
1966602
2135572
2328708
2361460
2361483
2461729
2627845
2646282
2720080
2786313
2830848
2935296
2950150
3015072
3156486
3166729
3269632
3310176
3342595
3440908
3474064
3546112
4236568
4277570
4331080
4571156
4622376
4729353
4739590
4824064
4883088
4915468
5013763
5046880
5137408
5249290
5267717
5341600
5407750
5458432
5550592
5571593
5636432
6304771
6310924
6390282
6476032
6489136
6587584
6629632
6685189
7618594
7866112
8423649
8947726
9373712
9506052
10493997
10765584
12206084
12653328
12715393
12728324
12848642
14229506
15470600
15763472
16845697
16850971
17339144
17433874
17547296
18910496
21430402
23601220
25166165
25166250
25173001
25191430
25265296
25330179
25494028
27787824
28324096
29903104
30409408
34082184
34082859
34608401
34635988
35784004
40503298
41943654
41943705
41953539
41963788
42107184
42140682
42238981
42271168
43522560
45089952
46662736
48259584
50332732
50332867
50344453
50350602
50430214
50528848
50627232
50725129
51904864
52974592
55585792
56623504
58986514
59383936
60850248
67374401
67375133
67375330
67636002
67683588
67772528
67786760
68237313
68239374
69238855
69277056
71370960
75498547
75498700
75510282
75516421
75596041
75694752
75792976
75890950
77070736
78130176
80761856
81789280
83886697
83886742
83896588
83906819
84050368
84083717
84182026
84214064
85484032
87032912
88605856
90184192
92311588
100663642
100663717
100670470
100688905
100762720
100827660
100991491
101057680
103285440
103827712
105394432
105906736
109187137
111214612
117999617
125830912
134277256
134496465
135268530
135284356
136581890
138445636
141627396
142610552
142610567
142673473
151060708
151083024
151429124
152080449
163840033
167774285
167838504
168048672
168306178
168431636
172195841
173801600
201330200
201466625
203497544
204996641
205557778
228606080
251789346
268510856
269389888
269500648
269539332
269620096
270535496
272897312
277389329
278927394
279052496
285216846
285229860
285503616
286525457
288915584
289439856
302006295
302122529
302261008
302540864
302579888
303079458
309329985
339779716
339869707
342376464
361300032
371458088
402653539
402653596
402660544
402678832
402764032
402850310
402948617
403065088
404226640
405799946
407372805
408945312
415318024
427829760
447217920
453313536
478315520
491782400
503337472
537004820
537159698
537478672
537534471
537763968
539100802
539443264
541074980
542687296
545275979
545276084
545792832
546441352
554172632
554967080
557875213
571576328
571737664
572556033
572788868
574103568
574750944
595658784
605454337
608962564
633348112
671089750
671089833
671101584
671107680
671252746
671296512
671405056
671416581
673710604
674234816
675807536
676332035
697828352
721445120
746592512
755073536
778044416
805306938
805307077
805317024
805327184
805405699
805495296
805640704
805700620
806879497
807928928
810550416
811598086
830767360
847262720
860357120
883950080
889211904
906166528
943988800
958529537
1007157378
1074280578
1074282637
1075249188
1075970078
1075996673
1077479432
1078003719
1078206640
1078220864
1082168578
1082271248
1082572928
1083260945
1084228484
1084497986
1091046976
1096290320
1107357712
1107968768
1108484168
1109475458
1112047652
1141088258
1141965632
1142965792
1148321920
1167067138
1191198788
1207960117
1207960266
1207970128
1207980448
1208058892
1208130048
1208312320
1208353795
1209532678
1210582160
1213203552
1214251273
1233322240
1249922048
1261437440
1288176128
1291858944
1308918016
1342178393
1342178470
1342190176
1342196368
1342341381
1342395392
1342483456
1342505226
1344799235
1345323312
1346896320
1347420684
1351221288
1373635584
1384219136
1392515328
1417699584
1426457088
1444414464
1486098432
1493221378
1509957761
1543571488
1610613100
1610613139
1610619952
1610638528
1610729728
1610809865
1610908166
1611018496
1612186272
1613759493
1615332362
1616904784
1635799552
1657798912
1661109248
1686438912
1697120512
1711286784
1746968608
1749172228
1761872000
1879181378
1879326753
1895890964
2013267712
2148795169
2151157826
2151728641
2154365057
2156266592
2164392113
2166629888
2168475688
2181046414
2181060737
2215676544
2219065728
2260731912
2282243144
2282905602
2290188322
2290360584
2302675010
2317402116
2350121028
2416198210
2416386049
2417001792
2421688352
2424572036
2432796680
2451573776
2453737474
2475704320
2484084760
2684397636
2685468784
2690785288
2696974464
2701133188
2717926434
2722365457
2752020520
2753628162
2860646912
3087011876
3221360836
3222306827
3225551394
3239125120
3255046664
3288466696
3289120786
3292536897
3558903808
3767011329
4294969798
4295759488
4297078808
4303390248
4312793127
4315947778
4320280600
4328671268
4332782212
4366360608
4370735233
4413460608
4429737985
4433641486
4438229058
4446488616
4463870016
4464967816
4496756736
4564060289
4564197412
4564680720
4580320320
4597007488
4609933312
4832432196
4833035520
4838131745
4848654338
4850779144
4899209992
4900003906
4901077136
4941430784
5368725618
5370544193
5377167496
5377362208
5378187268
5387718688
5435852872
5440012564
5773459524
6040846360
6443780104
6444556512
6444630784
6444974082
6447828993
6455050308
6459494720
6459768962
6576701825
6576742420
6587159552
6719275282
6777996804
7281311816
7520390272
7533003280
7549812769
