1774570
4811508
5404958
10918074
12421968
16048548
17247907
18627913
21906519
27375129
33879749
38640689
48956555
49289057
50583654
51956620
55227026
55681400
61161692
65808936
69879228
70342230
73609032
74988706
76340486
81699864
90440171
92213761
93380687
96639313
104177811
109587395
110311465
113328439
120753712
126813536
127145610
134861149
135447223
138460073
140224579
146037261
149299987
152431636
155686154
157058784
162031428
165744048
168634264
169227378
172248428
179350728
185207099
185670353
190345253
195858817
203658465
205031179
210046043
220510786
226632440
228143378
231426060
237462052
242092240
248025194
248742784
253774983
268990259
269706457
272702919
274337325
286218640
286542458
289813348
291315854
296337706
296932032
302809590
303534620
306572034
313137484
313592486
318267474
323143073
330703877
337785487
339288421
342903697
344238645
349028545
354753580
360940694
371639370
377511152
382285316
392724509
402761326
404403588
407424154
418272288
419858637
429920375
436555947
438190913
446941201
453148168
458229526
472969272
476219686
479619202
482611612
496059937
526471488
539021282
540793864
543794454
545675096
547177650
550776390
556261697
563767825
566760207
567476453
572799271
578175033
578986397
584112259
589502340
590873710
604670558
605133236
608428202
609809216
615256804
615973134
619018256
625266185
643564933
648602657
654922296
655507922
658520268
674368853
677409867
680494597
690892828
696011010
696821926
700564050
711230094
713781440
714105642
717363764
738417411
739789033
743514653
755266976
770741252
788562789
807975121
811717157
814620779
815084417
825525656
831065800
831659298
834692156
841764372
845489376
848414020
862063171
877692019
891207716
904536448
906365864
907876418
916493074
922821899
941713804
946340728
947064978
953518120
983045145
993632768
998517072
1007365168
1010976452
1024197267
1044819969
2150450793
2151044483
2154048669
2156973369
2160243751
2167040202
2167503648
2170749502
2172129748
2173497456
2177211012
2183770284
2184356678
2187385432
2190419990
2194031330
2195542280
2206729909
2210491457
2215052245
2216431679
2219731233
2226817157
2231381366
2236172162
2236765288
2248406288
2253491214
2275558153
2284099380
2290225038
2291735652
2295363216
2305933449
2307203373
2317378033
2322139909
2329182293
2342175746
2349781640
2350236002
2359839282
2363564230
2383029325
2400590084
2403622938
2418356570
2419991216
2423736388
2424547808
2425928202
2429207316
2436434963
2441381699
2473889826
2474668422
2480015512
2484365068
2487623186
2497742504
2500352581
2504077489
2517336611
2517668297
2534190208
2553077767
2562921033
2564293027
2573378640
2586318530
2587034920
2627747073
2634124056
2646343752
2652455060
2656053856
2685241739
2685835873
2695565617
2695889627
2701829928
2702292162
2719116452
2722108858
2723874384
2733018368
2736079367
2759939213
2770395796
2775156832
2782135088
2788698392
2791985158
2793775688
2804159569
2818857174
2823631394
2824217032
2829238380
2840206465
2852171283
2869395632
2879461386
2889158272
2894628304
2905743395
2957808716
2963498498
2969751579
2974853381
2980333729
2986412157
2991088265
3029479508
3032500554
3091547409
3104506182
3104838316
3121142048
3196322854
5379210132
5386248245
5386575367
5408590053
5409681930
5478385816
5507494096
5555397922
5637265288
5642661168
5667457026
5675630696
5700080145
5764022572
5855316194
5910239245
5916674118
5924868642
5949403140
5990329088
6045045094
6066217992
6075058818
6316769712
6325584961
6415191048
7517823378
7528842588
7593400064
7610942464
7631675440
7639400515
7654837792
7786728235
7786755172
7928611346
7940354312
8060174865
8279558165
8394133632
8592993380
8596735632
8598861022
8599578420
8602607146
8604241344
8609432263
8610025773
8613062707
8616413591
8619716745
8626264737
8626719051
8629989461
8632713755
8643245058
8653014604
8657365464
8662123308
8662716614
8667689314
8669192840
8672774268
8675447953
8690605853
8695997955
8709218900
8712964256
8717969668
8731821095
8732665219
8743048090
8744812656
8748411524
8749763360
8761415702
8764711176
8766427974
8768061612
8792127621
8795738737
8808699430
8809153996
8825458240
8829052084
8836629776
8866013769
8866776045
8868548615
8871553305
8882003712
8889111632
8894164370
8899286156
8900621608
8911127345
8918698081
8927022337
8936621649
8943022152
8943346594
8957215238
8959584302
8963293914
8964935984
8995670538
8996002272
9001603760
9002189146
9005234244
9011995817
9038990977
9055707170
9064686914
9076629781
9081722891
9127748486
9128210540
9131460978
9132841624
9141588424
9143222818
9144192293
9147787217
9161053507
9161508521
9178621962
9181647124
9188683952
9196283450
9202482816
9212987545
9219444771
9236269125
9257356306
9262899505
9271585377
9276244117
9277840504
9288680642
9294791710
9299901696
9316401225
9340847401
9364373922
9364968008
9395639477
9405762575
9412098582
9416757474
9417474824
9428984432
9433745540
9465254153
9482300480
9530824194
9564070087
9599025236
9606531844
9655337096
10737674765
10742300921
10742764307
10752890947
10754507950
10764835860
10769933578
10771438792
10772811554
10781557874
10787762795
10789527937
10810869061
10814235873
10824352018
10830223784
10830940738
10844648320
10847572516
10872306512
10872760506
10876047780
10877420110
10883674112
10889856537
10926197186
10945631256
10968670721
10974693417
10980823187
11006938836
11011744800
11017192836
11040749585
11043995919
11056727384
11075180674
11081826360
11125522660
11140222051
11157201600
11161831476
11184120348
11190506501
11277972997
11293428556
11301126172
11311825088
11316317072
11320959332
11342012499
11345595047
11362837508
11417709576
11434742081
11465147936
11475661070
11481040912
11545887030
11549161512
11555610770
11602366976
11609904992
11611538570
11659182081
11679204225
13960578122
13961208232
13984334706
14042680586
14059852228
14076510849
14131659161
14229455059
14302845512
14362489377
14500394000
14547968013
14630030724
16176654342
16441713689
16845242464
