7426
10513
12805
18700
21026
25610
35984
37400
42052
49173
67808
69921
74800
82057
98346
133127
135616
139842
147553
164114
196692
264265
266254
271232
279684
295106
328228
393384
527393
528530
532508
542464
557321
590212
656456
786768
1051204
1052739
1057060
1065016
1082881
1114642
1180424
1310865
1573536
2099841
2102408
2105478
2114120
2130032
2163715
2229284
2360848
2621730
3147072
4392968
4491776
4737040
5253122
6297632
8403008
8785936
8983552
9474080
10506244
12583712
12599299
12681344
13107268
15990784
16806016
16820232
17571872
17965057
18948160
20971848
21054464
21233669
21496322
23232512
25167424
25198598
25362688
26214536
27789312
29368336
33612032
33640464
33704064
35143744
35930114
37748788
37757120
37786624
38797321
40435712
41943696
42106881
42272768
42467338
42992644
50332801
50397196
50725376
51386368
52429072
58736672
67224064
67280928
67408128
67667972
70287488
71304712
71307281
71712768
72417344
73400580
75497576
75514240
75571201
76679168
77594642
83887392
84213762
84545536
84934676
85983241
88082560
100663555
100665888
100794392
101450752
102772736
117473344
134448128
134561856
134816256
135335944
136382720
138412170
138444833
138555392
138675456
139476996
142607377
142608904
142614562
143425536
144834688
150995152
150997028
151028480
151142402
153358336
167772737
167774226
168427524
169091072
169869352
176165120
201327110
201331776
201353216
201588784
202899457
234946688
268573184
268894209
269123712
269632512
270671888
272630404
272637992
273420288
273711360
274726977
276824340
276889666
277110784
277348865
278953992
281021440
285212707
285217808
285229124
285477120
286851072
301990304
301994056
302056960
302284804
302524416
306315266
335545474
335546448
335548452
336855048
338182144
352330240
402654220
402661505
402706432
403177568
405798914
406913040
469893376
537146368
537151520
537788418
538247424
539262977
541066336
541134852
541196816
541589633
543186944
545260808
545261698
545275984
546840576
547422720
553648680
553715728
553779332
554221568
554697730
562040833
570425414
570433569
570458248
570954240
573702144
574621952
603980608
603988112
604111873
604569608
605048832
608206850
612630532
671088901
671092896
671096904
672172032
673710096
704660480
805306393
805323010
805412864
806355136
807405572
813826080
939786752
1074290689
1074303040
1074333698
1075576836
1076494848
1077937158
1078067457
1078272000
1078988928
1080033304
1082130625
1082181632
1082269704
1082393632
1083179266
1090519569
1090523396
1090551968
1090653184
1093681152
1107297360
1107431456
1107558664
1108443136
1109393413
1111507456
1124081666
1140850828
1140867138
1140916496
1141908480
1143212032
1145569312
1149243904
1207961216
1207976224
1208221699
1209139216
1210097664
1212155968
1216413700
1225261064
1342177802
1342185792
1342193808
1343227936
1344344064
1409318913
1610612786
1610618888
1610646020
1610825728
1612710272
1627652160
1879573504
2148581378
2148606080
2148667396
2148797440
2151153672
2151678034
2151698688
2151744001
2151810176
2152243200
2155872269
2155874352
2156134914
2156544000
2157977856
2164261250
2164363264
2164539408
2164785217
2166358532
2169503776
2181039138
2181046792
2181103936
2181304321
2183170048
2214592673
2214594570
2214862912
2215117328
2216886272
2223014912
2248163332
2281701656
2281734276
2281832992
2282231808
2283814913
2291138624
2298487808
2415920385
2415952448
2416003072
2416443398
2418278432
2424311936
2432827400
2450522128
2684355604
2684371584
2684387616
2684495872
2686455872
2688811016
2818637826
3221225572
3221228288
3221237776
3221292040
3221651456
3255304320
3759144961
4297162756
4297212160
4297334792
4297592833
4298115088
4299162000
4299170817
4299210816
4299423778
4300865536
4303356068
4303397376
4303488002
4303618305
4304486400
4307554312
4311744538
4311748704
4311763456
4312269828
4313088000
4328522500
4328524808
4328726528
4329078816
4329570434
4339007552
4362076229
4362093584
4362147840
4362207872
4362608642
4429185346
4429189140
4429580288
4429725824
4430234656
4435476992
4446027777
4496326664
4563403312
4563437570
4563468552
4563665984
4564463616
4582277248
4596973569
4831838723
4831904896
4832006144
4832364608
4832886796
4848623872
4865654800
4901044256
5368709161
5368719488
5368743168
5368775232
5368991744
5377622032
5637275652
6442451144
6442456576
6442475552
6442582033
6443302912
6446647300
6510608640
7518289922
8594133568
8594145440
8594161676
8594194690
8595178512
8598332544
8598356288
8598388760
8598454788
8600420385
8606713922
8606728449
8606777984
8606842928
8606974984
8623493252
8623522306
8623621376
8623751264
8624013329
8657051912
8657110020
8657306113
8657567936
8658092066
8703180800
8724169232
8724283401
8724677634
8725201280
8726249540
8858372232
8858403872
8858632210
8859418629
8860467968
9017753600
9126809088
9126809872
9126871105
9127329828
9128902666
9663678484
9663681537
9663685152
9663807618
9664725064
10401873920
10737422376
10737426435
10737435712
10737680644
10739515536
11324620800
12083789824
12884904224
12884910160
12884918278
12884934785
12885426696
