1807
2032
6739
6828
11370
11413
12598
12745
18745
18886
21605
21658
25180
25251
32512
109104
119488
177312
183376
203104
347296
404160
414256
493312
792193
1098514
1282072
1515556
1586188
1592323
1671685
1747200
1770688
1868848
1921280
1966602
2328708
2361460
2361483
2388100
2461729
2627845
2646282
2720080
2786313
2830848
2935296
2950150
3156486
3166729
3269632
3310176
3342595
3440908
3474064
3546112
4622376
4729353
4739590
4824064
4883088
5013763
5046880
5137408
5249290
5267717
5341600
5407750
5458432
5550592
5571593
5636432
6304771
6310924
6390282
6476032
6489136
6587584
6629632
6685189
7866112
8947726
9441415
9506052
9578000
9700129
10765584
12206084
12653328
12728324
12848642
14229506
15470600
15763457
16845697
16860488
17339144
17547296
17831458
20989457
21430402
25166165
25166250
25173001
25191430
25265296
25330179
25494028
25560160
27787824
28324096
29903104
30409408
34082184
34082859
34447368
34635988
34883136
35661124
37766434
37771393
41943654
41943705
41953539
41963788
42107184
42140682
42238981
42271168
43522560
45089952
46662736
48259584
50332732
50332867
50344453
50350602
50430214
50528848
50725129
51904864
52974592
55585792
56623504
58986514
60850248
67374401
67375330
67397650
67636002
67683588
68193920
69238855
69238968
71370960
72908872
75498547
75498700
75510282
75516421
75596041
75694752
75792976
75890950
77070736
78130176
80761856
81789280
83886697
83886742
83896588
83906819
84050368
84083717
84182026
84214064
85484032
87032912
88605856
90184192
92311588
100663642
100663717
100670470
100688905
100762720
100827660
100991491
101057680
103285440
103827712
105394432
105906736
109854752
111214612
117510280
117999617
125830912
134277256
134496302
134496465
134784514
135399600
135426050
135626818
136581890
136749072
138445636
141166656
142610552
142673473
151060708
151584787
153126176
167774285
167838504
168048672
168431636
168822033
172195841
173801600
201466625
203497544
204996641
205557778
228851840
268510856
269051908
269620096
270540845
270571012
277389329
278943776
279052496
285216846
286525457
288915584
289439856
302122529
302261008
302420032
302579888
309395520
335549736
336726084
339779716
339869707
342376464
361300032
387981314
402653539
402660544
402678832
402764032
402850310
403065088
404226640
405799946
407372805
408945312
415318024
427829760
447217920
453313536
478315520
491782400
503337472
536913176
536945474
537004820
537548808
539015232
539100802
539443264
541074980
545275979
545276084
554172632
554442786
554844289
571523112
574103568
574750944
589367328
604246041
608962564
671089750
671089833
671101584
671107680
671296512
671405056
671416581
673710604
674234816
675807536
676332035
697828352
713425408
721445120
746592512
755073536
778044416
805306938
805307077
805317024
805327184
805405699
805495296
805640704
805700620
806879497
807928928
810550416
811598086
830767360
847262720
860357120
883950080
889211904
906166528
940064898
943988800
956436512
973113360
1074280578
1074282610
1074332961
1074536517
1075880832
1075970078
1077479432
1078003719
1078206640
1079513105
1082132705
1082135874
1082572928
1090522692
1091831168
1092773888
1107357712
1107968768
1108426882
1108484168
1114144772
1117917185
1141088258
1167067138
1195393088
1207960117
1207960266
1207970128
1207980448
1208058892
1208130048
1208312320
1208353795
1209532678
1210582160
1213203552
1214251273
1233322240
1249922048
1261437440
1276133400
1288176128
1291858944
1308918016
1342178393
1342178470
1342190176
1342196368
1342341381
1342395392
1342483456
1342505226
1344799235
1345323312
1346896320
1347420684
1351221288
1373635584
1384219136
1392515328
1417699584
1426457088
1444414464
1478541376
1486098432
1543571488
1610613100
1610613139
1610619952
1610638528
1610729728
1610809865
1610908166
1611018496
1612186272
1613759493
1615332362
1616904784
1635799552
1657798912
1661109248
1686438912
1697120512
1711286784
1745424448
1749172228
1761871880
1879326753
1895899152
1914699912
2013267712
2147770720
2151157826
2151714829
2155906600
2156405508
2160198017
2164265137
2166629888
2172796952
2181187620
2185273410
2185299076
2198478976
2207318017
2214602114
2214740546
2215706638
2218868769
2260731912
2281865482
2282766980
2286158360
2290634753
2292254722
2299297796
2299535400
2317389952
2349273088
2415933464
2416123969
2416295952
2416575760
2418019136
2418409506
2450014280
2684657793
2685009927
2686522624
2690785288
2692841540
2693818368
2696941602
2703261714
2705328193
2719223812
2752644128
3221292562
3221360836
3222306851
3230402576
3288858761
3292528916
3657441284
4295006608
4296024091
4297147140
4299358284
4304486480
4305723458
4328571201
4329113666
4330622480
4332994580
4345594496
4362215536
4362666520
4363550721
4429317508
4429972552
4450418721
4464984072
4472217600
4496376834
4564060289
4564193316
4565569554
4567648258
4572333568
4575989825
4580466696
4622254084
4631576736
4697653769
4831873061
4831932417
4840882496
4849672260
4865397320
4901179396
4903158024
4940890242
4976541713
5371068968
5377171588
5381324824
5387649089
5389689346
5406527520
5435952136
5436867392
6443008224
6449791012
6450844692
6452150408
6459328520
6478888961
6520094720
6593450304
6719340832
6745489922
6782452736
6979518608
6979586306
7181180928
7532987424
7654606976
8321536000
8590090640
8590271568
8592818592
8594157608
8594265664
8606715154
8607252493
8607504448
8612020244
8623524002
8625660033
8657322632
8664514688
8724240400
8733073600
8792572932
8859689090
8864139296
8867037252
8875148068
8877441032
8891940883
8896151816
8992587932
9127366788
9127854193
9135785985
9160368142
9196027938
9219219456
9672067848
9684680833
9697498120
9730855428
9732884497
10334806048
10468984898
10738500928
10738599945
10754273282
10762586244
10872291872
10989076496
11006120193
11007968384
11073519618
11274616872
11307844480
11815632898
11819557889
11846811744
12889702528
12893437985
12895392384
12902780928
12918591746
12918989856
13031702534
13086263360
13425977360
13488883201
13825540096
13960774658
13976076304
13993248772
15032557572
15034482968
