265226
530452
1060904
2121808
4243616
8487232
16973953
33686274
67110405
134807586
137398272
138413328
159400448
167780484
201723904
269230592
269615172
274796544
276826145
318800896
335560968
537165841
538461184
538968712
549593088
553652290
637601792
1074429960
1075052928
1077938752
1084227590
1107316737
1157627952
2148598288
2150105345
2155877504
2168455180
2181300320
2214633474
4295311364
4297196576
4300210179
4311755008
4336910360
4362600640
8321499136
8724152393
8858370194
9126805796
9663751168
10737567744
12884939264
