524659
722561
5780482
10256408
23121936
25201185
35914774
41025569
46243844
67128912
67154024
68428293
84444420
92487688
100804738
136856616
144835344
168888840
201609474
268515585
268616096
328204546
369950752
537232192
539133964
547422370
574636106
675555360
704643461
739901504
806437892
1077938950
1155792960
1208553492
1216356363
1258717184
1361059876
1610772992
1653083136
1946189842
2147508508
2148124674
2148928768
2151679204
2164396039
2189705856
2416972336
2449507337
2625636356
2702221440
2959606016
3223324817
3238527560
4297857536
4299456643
4303358408
4311818770
4313071712
4404023313
4597088836
4833944641
5251272712
5373035544
5404442880
5570036384
6451503136
6512705546
8595062788
8601495552
8609071369
8623499040
8626143424
8662352256
8725233702
8728351297
8927712256
9151971412
9663875168
9680471170
11006124098
11341414433
11819585792
13027836928
14228652033
15086913536
