18605908
43339667
57695465
65840006
136869303
141728583
166415906
193002013
340308606
363148572
444083992
484203525
507184323
538762156
628940825
631456241
642289109
651399960
657364576
663431246
749776545
774128478
807906098
852517733
864601402
957626833
977573515
1124733915
1232183538
1276190428
1384550220
1502364404
1511160482
1511887126
1618877586
1634040388
1645028925
1722897446
1753864387
1760888137
1795678600
1949704428
1968771745
2078410885
2093049912
2159964865
2184349374
2192120692
2285239306
2320417585
2342165888
2357823247
2382719205
2471900230
2490713712
2534247064
2665513448
2714082353
2768395911
2800119040
2892702356
2920814651
2989142285
3092319654
3149733920
3163996306
3289683427
3306123314
3317746514
3320325221
3331875228
3342271237
3499851897
3530311726
3536451072
3762443644
3785374122
3804693218
3948446284
4116939786
4152643657
4228656706
4475462779
4478292120
4526146756
4596355360
4671518852
5017848884
5253435503
5470544459
5591800168
5654490255
5712779575
5845050241
6445534633
7269411040
7348434864
7661117766
7678727699
8671536298
9014551113
9354900226
9678471853
9919609859
10002062088
11025172565
11131855395
12231664937
12652208275
12954168684
12996724245
13120711058
13164093154
13208060348
13450709253
13594386470
13757838337
13823377490
14018687141
14520888976
14641168906
14715768980
14799357376
14931757681
15036773258
15305610579
15327379982
15503852388
15641873097
15712400588
16142973016
16924320020
