18605908
43339667
57695465
65840006
141728583
166415906
193002013
340220362
363148572
484203525
507184323
538762156
628940825
631456241
651399960
657364576
663431246
749776545
774128478
807906098
852517733
864601402
977573515
1124733915
1232183538
1276190428
1294633276
1329675523
1360571535
1375129888
1384550220
1411578961
1502364404
1511160482
1511887126
1618877586
1634040388
1645028925
1722897446
1753864387
1760888137
1795678600
1949704428
1968771745
2093049912
2159964865
2192120692
2285239306
2320417585
2357823247
2382719205
2471900230
2490713712
2534247064
2635228457
2714082353
2768395911
2800119040
2892702356
2920814651
2974476512
2989142285
3092319654
3149733920
3163996306
3289683427
3306123314
3317746514
3320325221
3331875228
3342271237
3499851897
3530311726
3536451072
3634585926
3652195859
3762443644
3785374122
3804693218
3948446284
4116939786
4152643657
4228656706
4475462779
4478292120
4526146756
4657121891
4671518852
5017848884
5059932930
5253435503
5377340325
5470544459
5845050241
6445534633
6993226270
7348434864
8338884885
8671536298
8929718910
9033494296
9232223685
9547561409
10679358856
11542815963
12033720479
13089869873
13120711058
13206144321
13441906312
13594386470
13789304912
14102317359
14241809558
14506951179
14931757681
15118910186
15188740737
15189940004
15348535683
15436763676
15707178322
16111155528
16167184400
16212692512
17316730295
17604485705
18989844613
19513646464
19836994024
21489030896
21505462295
21811022956
21999650326
22047665368
22290652937
23208395050
23221447008
23626704778
23909794517
24913260552
25270206625
25773803615
25812195442
25850170009
25897832587
25962817504
26714821696
27129093674
27151212689
27191190336
28195368453
28510790195
28539203876
28823995138
28993508240
29161047625
30845245956
31225548177
31256113348
31948080076
32372450321
33630322996
