14178
14493
22105
22950
24891
28356
37935
39888
41805
44210
49782
52617
70460
72899
74846
76705
83301
84634
100115
100588
135909
138522
140679
141944
148668
150339
162849
165578
166197
176552
197081
200230
219008
236041
266583
269992
271925
272842
280334
280817
296312
297607
316193
320579
328299
331156
341257
353104
366148
394162
396365
416276
438016
469011
529868
530995
533166
535889
541589
543850
557539
560668
571009
579653
591600
592143
633410
640134
657193
657622
681490
707232
726037
732296
787611
789348
829481
858200
871937
933927
1052922
1056517
1058712
1058919
1066659
1067356
1077697
1082581
1084202
1096776
1115078
1117241
1142018
1155211
1180191
1183200
1263749
1279244
1311149
1314386
1325360
1362980
1411393
1451050
1459473
1574198
1575625
1596560
1654867
1710124
1712305
1739779
1840225
1867854
2102155
2104436
2106601
2108182
2115026
2116141
2126512
2131876
2132059
2156896
2162871
2166600
2185489
2212545
2228590
2231953
2269731
2328962
2360028
2362659
2374209
2398476
2443334
2494521
2556677
2623047
2623928
2648195
2658920
2693764
2695705
2785421
2891890
3017226
3146609
3148942
3184801
3195143
3215437
3221712
3281300
3287305
3295282
3473690
3686628
3934229
4200086
4200809
4202996
4206091
4210895
4214576
4227769
4230470
4248800
4252546
4261290
4262485
4272840
4285585
4297093
4326515
4328332
4338449
4376069
4407574
4458433
4458558
4592932
4620555
4654616
4719450
4721829
4731960
4743777
4817993
4915843
4985357
4998228
5015074
5244524
5245331
5263413
5285153
5313872
5379209
5406886
5513305
5521762
5571591
5776578
5832860
6292765
6294242
6312772
6365507
6390286
6430874
6439329
6562600
6570515
6586469
6820049
6947380
7373256
7864363
8355840
25239829
25241642
25445058
25445417
25821958
25822401
26248065
26249238
26613888
26751240
27415556
29405264
29446688
31458378
31459377
42067984
42140209
42142020
42472257
42474502
43008153
43008804
43591168
44073020
44074115
44327296
46400652
46401603
46800968
48246818
50479189
50479658
50889810
50891140
51467272
51643778
51644940
52597264
52732936
53219488
54591533
54594306
55320833
55599632
56105024
75567434
75569189
75661383
75662104
75719172
75767916
75771009
76173442
77119536
78119187
78120584
78922816
80038144
80741905
80742568
84131873
84279945
84281442
84512912
84943885
84945538
86048888
86050054
86522880
86557440
88113458
88115784
88281156
89279488
89395968
100847936
100958378
100960340
101011585
101069314
101778185
101778596
102764742
102765864
103098400
103367696
104341824
105030672
105383684
105383961
127934977
142688688
142690377
142741596
142743043
142794944
143491108
143954440
144179858
144181537
144749824
144966305
144966678
146809925
146811160
147376130
151134283
151134868
151286912
151322766
151325232
151439368
151535832
151536899
152121857
152346884
154141222
154144016
156336224
157358088
157844608
168263746
168325186
168558789
168560914
168825102
168826416
169025824
169922696
170000624
170001932
170943489
171018752
171983898
171985157
172527904
193470512
197165572
201593012
201594891
201695872
201916585
201916756
202023170
202139652
203432332
203433552
204095553
204637216
205653320
205654546
206608388
208683648
230690945
243368968
243548688
252187144
253773826
276865318
276866073
277069834
277426244
277611781
277612706
277876871
277879392
279052873
279053616
279546880
281034872
281037441
281350288
282264320
285376659
285377376
285483192
285486086
285589888
286982216
287401472
287592520
287835180
287836482
290007056
290066816
290456131
290457892
291516421
302268566
302270760
302297280
302572800
302645532
302647393
302874641
303071664
303072774
303372290
305148424
306341890
306790920
308282913
308283468
327156168
328089600
335679779
335681736
336351504
336527492
336650372
337117578
337117733
337748240
337904096
337906712
339747356
339749984
340148800
341885954
342034433
360713984
368574464
377626784
381747206
386941024
402862210
403185687
403186024
403346496
403392768
403833170
403833512
404046340
404275209
404767512
404769952
406093954
406851686
406854673
409273408
428113985
444598794
449859584
453122052
478151874
480645120
486736912
487098400
504375312
505446405
545284261
545285448
545498144
545554483
545554884
546185856
546373748
546376195
546476290
547361362
547363849
548028440
549978505
549981760
552732676
553730636
553731122
554139668
554201108
554852488
555221317
555222538
555847968
556009056
556009618
556816896
556991489
557850894
557852865
558141576
570463508
570464354
570753318
570755776
570966384
570967053
571027489
571179776
572705792
573087888
573571717
573572184
574820362
574897152
576061584
595755017
603993226
603994436
604537132
604537425
604594560
605144576
605290691
605291064
605749282
606359586
608240480
608242700
608837637
610297872
610407936
629284882
629674080
645924386
649138176
654312336
656179200
671159400
671160342
671359377
671359558
672281604
672703008
673054984
673399328
673711040
673711153
675328003
675397896
675436672
676332308
676333642
696255272
697909248
713179142
715139136
721423873
746588804
752099328
755253568
771887121
775979200
805402632
805724420
805834827
805838112
806371374
806372048
806691968
806781441
807437633
807438896
809763492
809765200
810190856
810647570
812187908
830492929
847252624
853835776
856227970
859836464
880855104
881984520
889194517
905990660
906240009
947949728
947986960
956302724
959193088
973472800
974192705
1008795658
1010843681
1049100544
1082228946
1082229033
1082478604
1082561552
1082664352
1082665477
1083311748
1083312209
1084244138
1084245761
1085079872
1085547010
1086328859
1086331076
1086728224
1090568522
1090569872
1090727984
1090995264
1091108966
1091109768
1091194889
1092129284
1092372736
1092625427
1092626596
1093959728
1094844648
1094846471
1095049732
1107366368
1107366407
1107461220
1107462296
1108279336
1108402216
1108628032
1109598784
1109917989
1109920960
1111802128
1112539786
1112542228
1113630721
1113981954
1133514785
1140924613
1140925992
1141506636
1141508481
1141932768
1141933082
1142054978
1142360576
1143001108
1143309313
1144078624
1145344066
1145592320
1147143344
1147144458
1166017076
1167171584
1182795088
1185579008
1191318656
1191510034
1207984777
1207985428
1208586250
1208759040
1209074264
1209075874
1209189120
1210061106
1210061957
1210622020
1212386304
1212485665
1212678534
1212680304
1213595716
1233147920
1233289250
1250296065
1258569764
1259348160
1284521989
1291848772
1298276352
1308625696
1314455552
1342214257
1342215554
1342316589
1342317776
1342718754
1342720140
1343820033
1344476168
1344702528
1345064966
1345324130
1345325952
1346659336
1347504192
1348207120
1367356032
1371799810
1384144961
1392511568
1397915648
1417696288
1418264600
1426358284
1428177025
1442843651
1484784452
1486495744
1493174537
1510215704
1510507136
1537277952
1543774242
1610633624
1610634310
1610801169
1610919972
1611448840
1611669654
1611671105
1612777090
1612777569
1612855298
1614025984
1614839900
1614842272
1615480064
1615661058
1637089352
1638007168
1652629640
1653342228
1660985858
1663045644
1686376961
1694500129
1712455940
1740652544
1753222402
1760038912
1761706113
1766065168
1778384939
1811982344
1812480018
1891697665
1895899456
1895974944
1912604424
1916289024
1946944576
1950482562
2015494164
2098204672
2155892835
2155895560
2156265621
2156266818
2156929577
2156931460
2157514912
2158035746
2158036049
2158630976
2158789136
2160100752
2160101389
2160861190
2161656840
2164373508
2164457892
2164458066
2164957208
2165122080
2165327680
2165327883
2165477441
2166391124
2166394370
2168062592
2168717475
2168720648
2171095044
2171606048
2181137044
2181139744
2181455968
2181989504
2182217932
2182220560
2182389778
2183151945
2183152678
2183214208
2185237763
2185239076
2186356744
2186838529
2187919456
2206205464
2209398784
2214630150
2214631480
2214732736
2214733838
2214920497
2214921416
2215793184
2216177667
2216558672
2217101440
2217738826
2217739649
2218816516
2218901584
2219354240
2239760592
2244378624
2256684033
2265976852
2269126722
2281713957
2281714202
2281849226
2281851984
2282508328
2282804226
2283012867
2283014296
2283905064
2284520450
2285962292
2285963712
2286207108
2286815233
2288157248
2309488649
2323718147
2332035176
2336440320
2357728272
2358280512
2365589152
2369060864
2382636288
2383020068
2415969832
2415970578
2416186418
2416187777
2417172500
2417519104
2418025060
2418025738
2418118722
2418562049
2419146888
2420244805
2420246704
2420476416
2420674580
2441220136
2442200066
2457874704
2460483716
2466291745
2466578500
2491515009
2500592130
2517139528
2520793472
2558853384
2563244576
2569015440
2571141130
2583692425
2617248321
2642436096
2684428514
2684430084
2684538892
2684633178
2684634528
2684819488
2684965378
2685436185
2685438532
2686854160
2687303809
2688032780
2689737218
2690647236
2690648833
2709523492
2715885568
2727870530
2730623264
2734713088
2760640520
2761965828
2768289922
2768310281
2785020065
2827010561
2835391552
2836529200
2852716568
2854256898
2877558784
2885682183
2961319937
2969569928
2975088640
2986344979
3020431408
3021015296
3072458752
3087143680
3087548484
3221267248
3221267596
3221602338
3221839944
3222278801
3222280514
3222898704
3223453891
3223457028
3223609349
3225436460
3225439362
3226079266
3227785232
3228050944
3246721025
3263170610
3267465216
3273917184
3276275856
3301441601
3305259280
3306684456
3321972740
3323994136
3364102224
3365963904
3372291328
3372754946
3388999234
3392278528
3422572736
3427009032
3498052680
3504488448
3506439685
3523412226
3556769878
3556945920
3600023552
3623960593
3624960036
3766485518
3767562240
3779072576
3791798912
3791945793
3825208848
3832578048
3893888128
3968008192
4026601604
4028891176
4052254720
4198506496
4303405393
4303405708
4303622345
4303622694
4303946787
4303948560
4304482322
4304693256
4304830560
4305461263
4305464864
4307682000
4307684609
4309156100
4310762624
4311785670
4311788049
4312150028
4312355136
4312531242
4312532612
4313973922
4313975364
4314174480
4315160705
4315482144
4315955977
4315957330
4316108832
4317126976
4328542316
4328542994
4328742921
4328915784
4328917156
4329191680
4329914416
4330131586
4330243136
4330685096
4330687493
4332748823
4332752512
4333052034
4336126208
4353713154
4353757316
4362139650
4362274369
4362275112
4362604574
4362605472
4362911936
4363423761
4363977984
4364206738
4364207180
4364330240
4365234212
4366533016
4366535201
4366876708
4387784705
4404021634
4409004032
4412410928
4418797568
4429258865
4429261324
4429463581
4429466496
4429840994
4429841808
4430436416
4431450118
4432101633
4432860168
4433684544
4434452486
4435214496
4435478274
4435478676
4454354056
4460920832
4471166977
4479517089
4504683812
4507377664
4513083664
4513367042
4534050856
4556193792
4563427914
4563429428
4563698452
4563698849
4564603144
4565016656
4565505728
4565506090
4565712976
4566942724
4567683075
4567704580
4568121649
4568123910
4568660096
4588569684
4590837760
4605444672
4606918696
4614001153
4616880146
4639957249
4647436294
4651488264
4664066257
4706205701
4715455520
4718658176
4731178304
4738121728
4765271552
4766040136
4831937061
4831939664
4832371459
4832371812
4832760834
4833169540
4833953300
4833953992
4834140292
4835025922
4836037058
4836039192
4836442152
4837132289
4838293776
4857042432
4862246946
4875092993
4882440272
4886496260
4909563937
4915749408
4918870280
4932583490
4933157000
4974839824
4975001672
4983030018
4984934465
4999623296
5001185284
5034279056
5108664588
5113405440
5117706768
5135933728
5167383826
5170040832
5192876032
5234493571
5284872192
5368721571
5368722004
5368857028
5368860168
5369077784
5369266356
5369268032
5369634881
5369861152
5369931780
5371610144
5372510466
5372969522
5372971145
5376065560
5393877344
5398790144
5413797956
5414855424
5419041865
5444231312
5444599818
5457838212
5469422081
5470427144
5511644672
5512368512
5521276945
5521834504
5536579844
5536620562
5570036035
5647892497
5654022146
5670782080
5675155552
5705433136
5706416644
5755117568
5771363342
5773488128
5851086848
5913969720
5916180480
5922635779
5922887808
5939136785
5972690982
5976961024
6040862816
6044123649
6064971780
6142820352
6174288384
6175096968
6216093696
6442534168
6442535520
6442586480
6442588802
6443204676
6443249808
6443679888
6444810630
6444811785
6445121546
6446654085
6446655778
6447242240
6447890465
6447960074
6468149824
6468927760
6484395232
6486949888
6492819720
6493437955
6519062540
6522159618
6526337125
6545738240
6585059398
6589394944
6593466884
6610518560
6615466064
6643941385
6645891120
6719275162
6719590400
6728204448
6729826561
6744581632
6745505797
6773803008
6777998468
6784557056
6845145472
6945837056
6988238853
6996100241
7012879370
7019188224
7046824452
7047484480
7088414720
7113539756
7113891840
7202144256
7247921186
7252017224
7393509376
7525662723
7532972060
7537221632
7550014468
7583598848
7583891586
7610568704
7650413601
7692894208
7785157128
7789872384
7936016384
8053203208
8055685200
8104509440
8598337036
8598337795
8598470925
8598472288
8598881546
8598882449
8599634501
8599635120
8600780936
8600965408
8601493524
8601665602
8602583265
8602586130
8604654080
8606736903
8606739480
8607007258
8607009984
8607633984
8607813904
8607826211
8607827476
8609530128
8609899072
8611190785
8611431776
8611432586
8613052456
8613396612
8623539249
8623540238
8623756164
8623756362
8624080257
8624080948
8624681040
8625334400
8625737731
8627028512
8627712264
8627790368
8627814982
8627817512
8629864576
8648657568
8654225408
8657141789
8657142882
8657577108
8657578760
8658178054
8658223209
8658224898
8659341472
8659443718
8660718096
8661242410
8661245312
8661524640
8662827265
8664123456
8682292352
8684439560
8699527236
8700043274
8707377473
8724273184
8724348986
8724350148
8724582529
8724680985
8724681890
8725218600
8725219857
8726581762
8726651200
8726855692
8728518668
8728608978
8728612356
8731502624
8750371904
8751423618
8766095714
8766820352
8774649088
8776843281
8799690785
8809119880
8812249108
8824816259
8858390697
8858394114
8858607681
8858763380
8858764680
8859230466
8859427378
8859428164
8859521664
8861132804
8861270656
8861679640
8862598736
8862599203
8865714434
8884126209
8903460865
8910815492
8912905344
8934146051
8942256836
8943706112
8959362560
8961654818
8984236032
9001026564
9003597904
9009446978
9009631520
9030402320
9059698950
9064427520
9126846802
9126849541
9127280770
9127497776
9127592168
9127593744
9127859016
9127859219
9128526340
9130229769
9130510592
9131017864
9131018340
9131206912
9133424688
9151971484
9152290816
9172951057
9177157824
9178318850
9202305328
9207119872
9210958852
9216983043
9229599240
9271574785
9278357510
9294580104
9299574784
9328790528
9331277892
9378537472
9403630466
9405468672
9412117512
9415164064
9428959364
9429328448
9462419536
9529459213
9558949888
9663759012
9663759371
9663811726
9663812929
9663967250
9664626948
9665060960
9665249744
9665252896
9665851652
9667879974
9667881616
9669216264
9670524946
9671082497
9690972165
9705901056
9707720848
9714008376
9714647040
9739176514
9744551936
9747574856
9764381056
9768796165
9806284844
9810567168
9814671969
9831982088
9865041408
9867167760
9890955264
9940699264
9940795936
9949418512
9951117826
9965680672
9966780428
9999221521
10067641345
10072621192
10167140352
10209591299
10217327364
10223099904
10234299408
10240393536
10267984136
10268723328
10334904480
10335033408
10377789440
10468984858
10473230336
10546585600
10737488274
10737489441
10737583126
10737584456
10737688860
10737690242
10737999908
10738243586
10739319304
10739560465
10739671560
10740830400
10742284480
10742662048
10742664257
10763124754
10766782724
10780147745
10789912586
10812915878
10813255680
10821862401
10823409952
10838082160
10839359488
10880025288
10881482752
10888415365
10905215120
10905227332
10938827520
10986979328
11014244884
11019526144
11022631001
11039410370
11043999744
11074028560
11075063820
11140148224
11142299681
11191975936
11282814080
11284807776
11291459841
11291658304
11308901408
11310204932
11341422657
11345723416
11367612928
11408509474
11413819392
11547444226
11584749568
11744346112
11820139524
11822694664
11827974304
11829248006
11844717065
11870019584
11878663200
11946033680
11949605121
12079874368
12080128129
12167741440
12222205954
12348031029
12449222656
12501139456
12884939331
12884939928
12885041956
12885044290
12885230225
12885230636
12885443128
12885445892
12886065224
12886548485
12887089186
12887312400
12890802192
12891328584
12891726208
12910202897
12926847064
12931219456
12936314916
12961483776
12962759424
12968860160
12970360898
12985578497
12987793428
13032751113
13035897164
13036576768
13053789186
13054788160
13086230752
13090881536
13161796864
13168017444
13170117008
13175128064
13186892043
13220495648
13220520072
13287721472
13288607764
13329768448
13430358536
13431218368
13438552105
13455327410
13455691776
13483114496
13488882053
13558095896
13560218656
13631508480
13690356737
13692567618
13796114432
13967032598
13967601664
13975692544
13977583808
13992985090
13993377921
14028374025
14029964352
14067761184
14092910722
14147391488
14227081285
14253309952
14497616416
14579564544
14898757632
15042887809
15050343432
15055454736
15066014016
15070658572
15099496467
15150104576
15167390784
15168706816
15191867392
15302133792
15376973824
15569814144
15570321666
15854481408
16106127466
16106344448
16308510720
16410247168
16655843328
17188295189
17188296842
17188397409
17188400148
17188585859
17188588640
17188798987
17188800960
17191404581
17191406104
17192735746
17193369872
17193550400
17194590340
17194745896
17196708360
17196745378
17196747032
17197179282
17197181004
17197470976
17197827142
17197828641
17198026788
17198759966
17198763073
17198887104
17200996388
17201414161
17201692864
17213505932
17213507619
17213534466
17213558838
17213562432
17214234648
17214644864
17214997076
17214999816
17215784260
17215785097
17216185376
17218703384
17220256002
17220894785
17240692992
17242914946
17247019224
17247021604
17247072352
17247420434
17247764809
17247767184
17248031372
17248033826
17248313857
17249207307
17249208656
17251860576
17252294916
17252516992
17253339154
17272410136
17273209090
17293148417
17297359876
17297449224
17314107539
17314110476
17314209797
17314480721
17314483330
17315143740
17315146560
17315758464
17316250776
17316251940
17316496896
17318879266
17319986688
17320403016
17320644992
17339252964
17339719680
17356031872
17359962112
17364488272
17365499907
17389733920
17394302988
17397973765
17414751329
17448318116
17448319058
17448424464
17448452322
17448454169
17448767808
17448861754
17448864513
17449617184
17449617604
17450737676
17452040706
17452667394
17452900481
17455653904
17473554436
17477698592
17490317321
17498637585
17523802516
17524629504
17532264451
17534292512
17548968770
17550675968
17597202435
17599301192
17602592768
17616101920
17616667652
17649668360
17704419328
17716789353
17716791444
17717007568
17717009154
17717331266
17717332520
17717989904
17718845525
17718848896
17719263392
17719496961
17721238032
17722065056
17722511366
17723819016
17746362373
17758683418
17759260672
17767072936
17769512960
17792319505
17800824960
17805869136
17817937922
17823694884
17860526209
17867749408
17871946242
17884807180
17918067106
17918922752
17945362432
17994219556
17995727040
18001989700
18002345994
18022941760
18044952576
18052286081
18120477696
18124112016
18253808801
18253809738
18254140098
18254141716
18254677192
18254678534
18255056899
18255455236
18255741329
18255744040
18256118024
18257956944
18258370824
18258866720
18259985412
18278778124
18281422848
18295554664
18296815616
18304019456
18331469828
18333368960
18337536001
18342216706
18354815136
18396775425
18406965314
18421434432
18427675152
18455101572
18456248592
18496892928
18530436626
18533617664
18539610145
18539937936
18555994628
18557706370
18589182208
18594398217
18614452288
18656336384
18660589856
18799036928
18803073090
18807259673
18825349152
18828234881
18857725992
18859704896
18924701220
18927919104
18975686656
19058917639
19159678976
19201802240
19327377734
19327379624
19327648648
19327650833
19328020996
19328090160
19328467304
19328470656
19329204354
19329455888
19329456135
19331056704
19331753024
19331891209
19334955524
19352531969
19369568768
19373506580
19377685185
19402851908
19406135296
19417530504
19428017298
19430412288
19453771776
19469960234
19472142336
19478397216
19479134228
19495655552
19528779778
19532881937
19605749777
19613223936
19616768768
19631507472
19634585634
19663094280
19663175716
19730006662
19731329024
19772112896
19872613040
19874021376
19882054016
19883622434
19897790536
19897974789
19931497728
20000671752
20002898016
20100169728
20132660252
20134813696
20212355072
20409749792
20410138760
20417873008
20420198400
20435206150
20435706113
20468204067
20535312461
20565721088
20673757376
20719882240
20873478144
20938508289
20942225680
20982006784
21022121984
21474907658
21474908336
21475001904
21475002561
21475107552
21475109125
21476343944
21476434208
21477458700
21477461010
21478002754
21478080532
21479391520
21479575688
21481165825
21501116481
21517312129
21526235264
21529887264
21550334066
21550567424
21558724032
21561737216
21575574032
21576810502
21617484290
21618508816
21630156824
21642608842
21643022336
21679310849
21680362048
21752842242
21756117512
21760049293
21776869384
21781025028
21810972736
21854437376
21877817362
21879619680
21903183872
22020097158
22022467584
22028484916
22029115392
22046343488
22047490562
22079097856
22083043338
22145926409
22192128000
22280225536
22281195553
22481608704
22561177633
22565491456
22566412298
22582134050
22584823808
22607593472
22615688213
22683584520
22686999680
22766764032
22817014104
22817718272
23085776964
23162519552
23376953344
23631267872
23637000512
23639365696
23643357190
23655874617
23689449729
23689962504
23757128193
23757717764
23808974848
23832297600
23890756675
23975723008
24160249872
24184504320
24461967360
24696341008
24699207840
24801050624
24972959744
25367187456
25769878832
25769879686
25770083461
25770084936
25770460248
25770461474
25770886665
25770887280
25772081220
25772437514
25772523553
25774227600
25774272580
25774592768
25775194122
25794970448
25796706304
25811788864
25813910020
25820405794
25820663813
25847402561
25853690033
25870489616
25874726984
25912707328
25916608560
25923422720
25925059585
25937717249
25942818948
25962758152
25971155970
25973489704
26046627918
26046787584
26056071176
26071794328
26073153536
26107480192
26109674500
26172457409
26249068544
26317178882
26320307456
26323592704
26340229921
26373784086
26374877184
26416119808
26440991296
26441040144
26575439873
26579312680
26659536896
26744983552
26852204553
26860718096
26864533888
26877100115
26910654820
26911383552
26964131840
26977764106
26979356672
27114094640
27158642688
27263016960
27380712450
27383038084
27405651968
27930001921
27934065196
27935203328
27951384064
27953070464
27985971204
27988852994
28054650898
28135526400
28185821444
28186251360
28213248000
28454158475
28508717056
28597297152
28993136704
28995228680
29066575872
29159129088
29797515264
30073160104
30074028032
30081569824
30083678466
30102782992
30132028032
30161248256
30198988839
30300209152
30334780544
30335312385
30383734784
30601779204
30606360641
30753947648
30878498832
31139629312
31142740484
31283347456
31474323456
31708962816
32212254932
32212688896
32255250432
32619118592
32818397184
