524659
722561
5780482
10256408
23121936
25201185
35914774
41025569
46243844
67128912
67154024
68428293
92487688
100804738
136856616
144835344
168888840
268515585
268616096
328204546
369950752
537232192
539037858
539133964
574636106
671361072
704643461
739901504
806437892
1077938950
1155792960
1208553492
1216356363
1258717184
1361059876
1610772992
1653083136
1946189842
2147508508
2148124674
2148928768
2151679204
2164396039
2189705856
2416972336
2449507337
2625636356
2702221440
2959606016
3223324817
3238527560
4297857536
4299456643
4303358408
4311818770
4312302852
4313071712
4404023313
4597088836
4833944641
5251272712
5373035544
5404442880
5570036384
6451503136
6512705546
8595062788
8595243408
8609071369
8623499040
8626143424
8725233702
8728351297
8927712256
9151971412
9663875168
9680471170
11006124098
11341414433
11819585792
13027836928
14228652033
15086913536
17188263436
17191430144
17196976260
17200980288
17247260930
17251698697
17331913745
17450467416
17583088128
17836278272
17993957377
18253660229
18559799424
18791530792
20468278272
21476118528
21743275042
22012248208
28051636360
