10969763
25133585
30990514
37018728
73552122
80032345
96120904
106335378
120131203
126774304
136375507
143101552
167251041
169095355
179524120
197971977
205700137
210146062
242638913
248578786
252306000
270973332
276392024
285665865
295799018
307082288
322057761
328553602
337328290
347888129
358097733
363267333
365156368
378046057
404773167
408519819
421922458
427910201
449460800
461390796
491017824
504301593
527469064
540216505
546598426
548292940
558665384
570937553
580956786
588613444
595088064
609311811
644186155
650306184
656015930
672391274
682918601
701169880
707214338
713055905
745648272
755905153
766070818
810181857
820840002
831685715
855718552
875050011
893437198
906371430
935594177
940294917
946505778
957680163
967993472
1007212744
1044120736
1074625673
1075710885
1084890666
1111072993
1117700674
1128669936
1138835539
1153978064
1158304023
1158721122
1193570826
1199771817
1210945626
1230115403
1243171890
1270983808
1280295072
1290314243
1295008433
1301749778
1349784785
1359713984
1379977401
1402480651
1410745387
1420895880
1445107779
1481963522
1502353584
1516250218
1577219216
1614704688
1620644499
1631711777
1642500226
1644866648
1683759306
1703198840
1724207364
1739594768
1781153931
1787634216
1828933128
1850216561
1883707496
1920189440
1930184209
1948600466
1954687537
2025887256
2080744513
2164068492
2165265192
2170937792
2192707520
2198919687
2221165873
2316207395
2317685349
2334687420
2350531928
2352092295
2416465590
2438089058
2484079515
2491509318
2501131276
2517860556
2565874228
2727057444
2766177508
2772207874
2929731597
2954625149
3243414580
3251373338
3261143458
3263324222
3276343884
3372772226
3474198976
3502396289
3695784200
3771932741
3899153412
4045406919
4295740058
4306282553
4315418396
4319365259
4325583400
4338512977
4349531363
4368996960
4372103471
4380301425
4401743368
4414686233
4432012873
4438377706
4451509336
4462867724
4474837122
4485838896
4504832436
4511896592
4522612225
4546767050
4570915522
4577411169
4581040339
4591338096
4600185237
4611709961
4631622200
4660400778
4666437200
4703014417
4715455910
4717399040
4749594728
4798595715
4809007136
4832924126
4835558947
4842300544
4853285938
4863305361
4866185803
4905372423
4918154440
4945684498
4950444192
4967639792
4995467842
5124133156
5147594928
5151322114
5176073250
5212487754
5240865448
5247475723
5301801554
5369148947
5379314864
5393429506
5412030680
5448631370
5474630273
5505440448
5511395427
5523968916
5537695400
5574494778
5653945434
5675614755
5686190208
5690916914
5727456416
5790281865
5848563905
5915203593
5922695438
5939226306
5950014561
5992114241
6075550225
6096291840
6120563744
6124242066
6200504896
6244172296
6263210009
6442561189
6515517444
6587228570
6590106369
6719419752
6736413212
6879750465
6982564608
6990090263
7018122286
7038305186
7218595200
7466148112
7534248323
7550589200
7585601564
7651746317
7719666018
8336181584
8594588063
8595528368
8605192980
8605808659
8609519777
8616000002
8629880536
8642233545
8645068069
8660650570
8666507497
8678574171
8690849314
8701392001
8737969344
8741598322
8745529092
8761993739
8772782248
8802829370
8814879880
8833488978
8861266664
8862205284
8867500107
8893558400
8921288242
8930615826
8940748977
8945524739
8952119968
9029812819
9047605314
9077591248
9097482660
9133512201
9139467434
9145275416
9164581332
9165769313
9180088432
9194178291
9204622416
9265742702
9308537873
9322530304
9330551328
9336752259
9362749000
9418357824
9438003354
9451102248
9476639752
9539465249
9550450835
9615573097
9669453369
9683051560
9688893067
9715284032
9741079648
9761196422
9775466504
9825167960
9836435074
9866746384
9888405505
9934294625
9940905154
9967079945
9989394456
10046447696
10050093282
10066436786
10077257745
10097345024
10202748167
10207570560
10213935139
10218678417
10322322435
10354967618
10385135658
10470179544
10543436322
10647310528
10763912017
10798240846
10939999009
11065303424
11175612420
11219764547
11372921608
11576417553
11814836553
11945984213
12037713924
12046175332
12096647459
12153274444
12449252225
12891099178
12903846459
12910489752
12925422658
12928170276
12955992272
12973195969
12983738466
12986096824
13057564817
13072933504
13079035939
13088074755
13088338261
13161765585
13188146202
13225011336
13288019105
13298071042
13439737474
13480599625
13526306817
13543707152
13561065536
13632029209
13725870243
13732628992
13774693920
13827840024
13858030704
13974670848
13984533521
14004802152
14059659313
14069924498
14100398192
14110458465
14161105034
14298960897
14361978920
14487389192
14501863450
14524350632
14562799840
14564066580
14633929929
14765623362
15078637702
15306135108
15368093751
15504771716
15605703944
15727624197
16659794484
16786264322
17181060431
17184650826
17206089464
17221560866
17227794561
17230440499
17230999900
17235084166
17241000592
17249773232
17256268819
17269335201
17279632898
17320909465
17332410504
17366729952
17373079107
17381870179
17392543936
17435792410
17451556370
17461422508
17470200835
17482203770
17492484313
17555722880
17561579555
17567355025
17583665857
17594454114
17624648714
17663541400
17667235882
17731197008
17733810402
17744206401
17765516344
17770259594
17785530889
17807321112
17826452674
17856927264
17870132273
17902356569
17985344171
17996050440
18028244064
18058625617
18071109696
18121557340
18154430992
18176614401
18190708354
18258168515
18262084381
18268481632
18274191570
18301203464
18329155738
18343286824
18355521105
18378163264
18394474000
18400543923
18406368257
18465444937
18480629540
18488566151
18498226209
18532237368
18543239306
18553766441
18574503172
18608107632
18658102856
18692493856
18807850091
18828384786
18858956416
18893245160
18924747588
18940495882
19069963393
19184845314
19202072658
19215188192
19334401288
19362148768
19400000360
19428821134
19474239856
19495137080
19500901572
19605528711
19889458326
19894395396
20135153188
20176179976
20401574982
20546028164
20703118802
20956860824
20959989505
20988723213
21278359700
21479242960
21510624566
21522055707
21523145540
21525717673
21536636938
21544135722
21550730889
21576921154
21615595523
21621944992
21627687442
21676261625
21747094664
21777778912
21816149106
21835605184
21920024208
21971863571
22019059817
22049778689
22080020627
22090678832
22108864545
22171630600
22186033362
22216346688
22247002152
22280755249
22334801480
22553706585
22568616520
22599245344
22618575011
22624825856
22741684304
22787137560
22820628481
22826470050
22838553104
22895694084
23056173120
23120593252
23123824776
23238681122
23245176961
23354156216
23522710531
23623701785
23757529140
24167761680
24431927586
25799511112
25806074002
25812668977
25835966496
25853722129
25875390568
25879036229
25905104789
25908035625
25914122890
25925173816
25938205761
25990042306
26044843170
26051061249
26067346448
26077042890
26105779288
26142197808
26176923761
26248026664
26309730371
26315703008
26328769106
26400264203
26441829520
26547372034
26566729904
26594527754
26675856521
26844647539
26849681668
26854294004
26873442497
26879462427
26918158473
26928284312
26980924576
27011637448
27296664193
27316126722
27415478434
27425530369
27451821104
27514843161
27594719808
27674170400
27750316032
27927808803
28001306026
28154626320
28186304793
28236096100
28588401703
28792857024
29411508254
30066239072
30076372163
30100601352
30192175680
30208550928
30220552354
30305945121
30351068201
30385918017
30482661448
30556696576
30610163834
30683453568
30736221706
30876107393
30889181328
31181022242
31194104976
31222843394
31419863058
31474065995
31678010960
32229856388
32291955740
32816564293
33437066560
