95
6080
12486
18017
28760
29220
33130
33688
37172
37969
42400
49714
49988
51334
69678
77961
87170
108688
117000
134788
141842
147626
149256
155910
174113
184464
196665
197730
209936
263465
267526
297568
330257
337440
344588
361492
389120
395316
397394
397473
402435
426184
467012
524679
524860
529169
530698
546836
558150
591169
591954
598312
627720
729218
741888
787601
794661
799104
819844
1049227
1049316
1055492
1057601
1082920
1132673
1138784
1147042
1153088
1182280
1188876
1311813
1317000
1329666
1343502
1376515
1458193
1577168
1589765
1601538
1613953
1622040
1647120
1707009
1840640
1870080
2097648
2099397
2102436
2104338
2107684
2110721
2113818
2120320
2130955
2148432
2156032
2167316
2170915
2180113
2245824
2342914
2379008
2384001
2500616
2638888
2666500
2686989
2688514
2713600
2889729
3031044
3149880
3154438
3181696
3199232
3285376
3344400
3408528
3670344
3672608
4198729
4200560
4202728
4204569
4207248
4215554
4234244
4243977
4260049
4292869
4325957
4326673
4329500
4337698
4408324
4424224
4456804
4459392
4476933
4522264
4587654
4606016
4721952
4726806
4784776
4788227
4989504
5283888
5292098
5310474
5376160
5410817
5578880
5768322
6291852
6297096
6488136
6586433
6848672
6956032
7488000
8391074
8398017
8400945
8415242
8438796
8455556
8456296
8458818
8470680
8520073
8520400
8524805
8542240
8552515
8554520
8626432
8659084
8667220
8692225
8913955
8924176
8953928
9077888
9195528
9471233
9552384
9699522
9703712
9978240
10029060
10100768
10502217
10522658
10621200
10682528
11018498
11143232
12058641
12584202
12586560
12592164
12599457
12601604
12616322
12654720
12847107
12976648
13652992
13762578
14680833
14942256
16786453
16793741
16794914
16802434
16803888
16810196
16814466
16820744
16822368
16861760
16880129
16908435
16913032
16925204
17006604
17044002
17074305
17121664
17306180
17311876
17318992
17565736
17629190
17845256
17858633
17892496
17899780
17956901
17958402
18124816
18481424
18875952
18876554
19013697
19044352
19139076
19140872
19152962
19529762
19992578
20982018
21037586
21136448
21274628
21495905
21596160
21643272
22022212
22044673
22053632
23068679
23101464
23135488
24903680
25166102
25166688
25169931
25198760
25300224
25433216
25438272
25624592
25722885
25755840
26214936
27275776
28327940
29433864
29888768
33555794
33565826
33575208
33579456
33591040
33591820
33596440
33620300
33630213
33637121
33644562
33686601
33705987
33726596
33751562
33816970
33817158
33853697
33882276
33964672
34078898
34088452
34127905
34177282
34218241
34504720
34605321
34611242
34637860
34668848
34673665
34738704
34997504
35128416
35660448
35676172
35721600
35783428
35816480
35913747
36966404
37748781
37783624
37834816
37896240
38291968
38539296
39847956
39862402
40174080
41944712
41945648
41955588
42045456
42205281
42208260
42467608
42483778
42999888
43139080
44046344
44564516
46202914
46669952
47480832
50337936
50406464
50465281
50532384
50858304
51142656
51396768
52428904
52470016
53018640
54526337
54789136
55578632
58771456
60818434
67110970
67116161
67121674
67150528
67156224
67177744
67240982
67256898
67258373
67265568
67305764
67379273
67379362
67388548
67407912
67441280
67452961
67551488
67635842
67641496
67667980
67686464
67764420
67768368
67895632
68161810
68167683
68190740
68263944
68354561
68420632
68681766
68764672
69210689
69226502
69240068
69272712
69306880
69337640
69339394
71305761
71307680
71322626
71377921
71467018
71600144
71630914
71844097
72491072
72882176
73401424
73410688
73797632
75499841
75568160
75595905
75665920
75760164
75793410
76088064
76562480
77594770
77602821
79700240
79724612
80740361
83906577
83910920
83918883
83953156
83953673
83956032
84019280
84288000
84936992
85098624
85984128
86246401
87040016
88080436
88096960
92356610
93324352
94896136
100663491
100664098
100665732
100667476
100672017
100712584
100734978
100938752
101191689
101744960
102498432
103024672
103810560
105415680
105971716
109092896
109248576
117448710
117800960
119685120
130023936
134219556
134220060
134224387
134227536
134238306
134249472
134256800
134275077
134292490
134316120
134319105
134357633
134361408
134420488
134480552
134481994
134483993
134496560
134516804
134555904
134677632
134785026
134808097
134873114
134891776
134905952
135284352
135300114
135528836
135700480
135791362
136318048
136381120
136397060
136578060
136847408
136855555
137363540
137371657
137499648
137986048
138412434
138457096
138486276
138698754
138708224
138941456
139461137
139464740
139477256
139527232
140515584
140673028
142607416
142641668
142655746
142672145
142753924
142901392
143134785
143654919
143673408
144720416
145096705
147324940
149946496
150996162
151060549
151061256
151128070
151134248
151159041
151273985
151521297
151535652
152047745
152256512
152306720
152576064
153141376
155521024
160039424
163594256
167780452
167788625
167855136
167903648
167968788
168067106
168299528
168300550
168820936
168888832
169870480
169873441
170656000
171967296
171967491
172064896
173670400
176162945
176169474
178290752
184565770
184582672
184942656
188745760
193986816
201331976
201345168
201424902
201458448
201461890
201592320
201596948
201851464
201851909
201884032
202383904
203460624
203628544
204750848
205570080
205783169
209715424
210042888
210264064
214041600
218145792
218366210
219152396
234902016
235046912
241172488
268437154
268438338
268438736
268438789
268452244
268461192
268487712
268488714
268501194
268574896
268601412
268706065
268715026
268718656
268724228
268835840
268974592
268978248
269092416
269107329
269221986
269263872
269291536
269485108
269496325
269554208
269582353
269680772
269748257
269795456
270532761
270606416
270668290
270991616
271319560
271581474
271583244
271614528
272629811
272643136
272663681
272705568
272892436
273187080
273219652
273287184
273678424
273944578
274219040
274735114
274743616
276832808
276840486
276842513
276861248
276907072
277088000
277159938
277250080
277612672
277875714
278921860
278990849
282132736
283150336
285213265
285217832
285224978
285235456
285246736
285279235
285280276
285401088
286523712
286785672
287391752
287441924
287580192
287834369
289411204
289424896
289538336
289669129
293609856
294125616
294785024
301992104
301996097
301999137
302022768
302133256
302204928
302318600
302514197
302515584
303054916
303202306
304103952
306188560
306225664
306446528
308412417
310399104
310510608
311427585
318767652
319328256
335549968
335552864
335578184
335806979
335808776
336166944
337117249
337690625
338168832
338694272
339738886
339870336
340001824
344074240
344461316
346292288
352583824
357048320
369491972
370149392
377487370
402653633
402653710
402678528
402785538
402786848
403014144
403062792
403178128
403181856
403316740
403710082
403722256
404751873
406929409
411041874
413139208
415240704
419496096
421531712
423657474
428081156
436240644
438315008
445186048
469829696
471859236
479232000
520093697
536871574
536875561
536876184
536888705
536926209
536928296
536940040
536944692
536977922
537004384
537010250
537022532
537028736
537037826
537264141
537419793
537430544
537660480
537921936
537985094
538051664
538189842
538198052
538480672
538575488
538968674
538978817
539000881
539132168
539250704
539493648
539494406
539820064
540033160
540147715
541066032
541082696
541131936
541155584
541202944
541364352
541394948
542113925
542123520
542183440
543164456
543170628
543425538
545261605
545284672
545305600
545326098
545472513
545521706
545914900
546316552
546703360
547360960
547489280
547651588
549457926
550502496
552091648
553649252
553650848
553654338
553683204
553762832
553844994
553984001
554181376
554307585
554702080
554762280
555754504
555810948
556302400
557842956
557862944
558366864
564135952
566232065
570443266
570493120
570556454
570589760
570687764
570691656
570730496
571147264
571478146
571998220
572522817
573051392
574619674
574631937
574668804
578815264
578846729
580984832
587236480
587341840
588513792
603980232
603996171
604012626
604012708
604014081
604049413
604176528
604509186
604520992
604577856
605163528
606076956
606347520
606601345
608960520
611352576
612389120
612630545
620769408
621037568
629276704
638607360
641859840
646449152
671097988
671105560
671129872
671154307
671220769
671363104
671482370
671613252
671907841
672141888
672172040
673450112
675545168
675807266
679478144
679575584
679756800
683681792
687869972
689963296
696254536
704643589
704645378
705183872
713166848
739246337
771753024
805339143
805372001
805388928
805539840
805568928
805601304
805898496
806355977
806365248
806502656
807407876
807444608
809502850
809902080
810025473
813760524
822214848
830505472
838861576
839139329
839393282
859897856
872415812
872421408
873791488
876625936
880804992
891289602
939573312
941752336
956304384
974127136
1006641160
1073742990
1073746021
1073748504
1073750356
1073751090
1073758920
1073761348
1073768705
1073809956
1073816448
1073848385
1073875138
1074010432
1074022560
1074029072
1074053123
1074135440
1074235392
1074266691
1074287872
1074334848
1074398244
1074405896
1074434050
1074528332
1074792529
1074797600
1074807584
1074835968
1074855964
1074991360
1075462208
1075576880
1075872129
1075904834
1075913732
1075974153
1076101665
1076113410
1076379792
1077944451
1077969488
1078020112
1078035458
1078209536
1078517760
1079017608
1080035842
1080049700
1080561728
1081082128
1082151425
1082164320
1082262274
1082273920
1082328072
1082425608
1082462212
1082736672
1083180548
1084230657
1086325184
1086328872
1090519460
1090520705
1090552326
1090650440
1090682928
1090781210
1090846816
1090932736
1091061762
1091708928
1092125696
1093664960
1094719489
1094722080
1098911824
1098933248
1100218369
1101103104
1103233028
1107298339
1107307072
1107330053
1107333312
1107345680
1107363344
1107394600
1107429388
1107832848
1108083714
1108345094
1108476033
1108688896
1109394696
1109524560
1111491204
1111695360
1115752704
1116242432
1119879185
1124078336
1124081673
1140850993
1140867458
1140884624
1140986944
1140998168
1141440522
1141950464
1142432000
1142949960
1143767040
1144127492
1145053196
1149247554
1149894657
1153712128
1158152720
1159729184
1162870786
1174667784
1174945796
1176567809
1178599520
1183846400
1191185408
1207959819
1207969928
1208041986
1208093712
1208095236
1208223749
1208516628
1209040929
1209536520
1210056866
1210081344
1210089992
1210384400
1212153926
1212547104
1212743936
1216353282
1216610880
1224771648
1225523328
1228932104
1242571776
1275080705
1276182656
1283457284
1342181768
1342183430
1342218498
1342243337
1342244128
1342291972
1342570561
1342702340
1342702616
1342709952
1342736385
1343226386
1343496200
1344276528
1344312320
1347552256
1348534400
1351614624
1352810496
1358970913
1359675392
1367345160
1379401728
1379942408
1409286277
1409417250
1417740304
1476395112
1476558976
1480597520
1510215680
1543521280
1610617122
1610629232
1610629388
1610744337
1610753280
1610880001
1610940552
1611141252
1611956288
1612251137
1612781568
1613766688
1614808084
1614954498
1619050624
1619795968
1623261696
1627426824
1629504000
1646297090
1649412096
1652555844
1661468704
1677722664
1677731856
1677820160
1677983750
1694498881
1745027136
1745356288
1751121921
1754267664
1761615874
1879049282
1879076864
1879312896
1883275296
1887437057
1896873988
1912602768
2147486764
2147501063
2147504321
2147505200
2147549829
2147616068
2147616779
2147623192
2147683072
2147811378
2147844105
2148009160
2148018241
2148024672
2148077828
2148106816
2148139526
2148534294
2148549200
2148598208
2148609024
2148696352
2148795144
2148806720
2149585696
2149613762
2149679376
2149728289
2149974592
2150107520
2151682186
2151719232
2151759912
2152218756
2153906320
2155962372
2156136720
2156414464
2156925568
2156986401
2157445130
2157970452
2157977696
2158035464
2160246784
2160590928
2164261187
2164269217
2164314116
2164360224
2164532480
2164785673
2164826128
2167537672
2168458368
2172652034
2172928032
2181041169
2181071363
2181116416
2181334080
2181431336
2181697664
2181892096
2182087812
2182109184
2185233952
2186281025
2187366400
2189459840
2189692930
2198077445
2202533890
2214660256
2214666498
2214727937
2215133202
2215641192
2215641233
2215678976
2216034306
2217017348
2218787352
2218815488
2220884002
2225096704
2231370762
2232160256
2239758468
2248157192
2250768448
2264924432
2281703713
2281709587
2282014720
2282496008
2283274400
2283801104
2283810944
2288010240
2290221090
2298478744
2298484224
2302673156
2315321410
2315411456
2348826692
2357199361
2415935753
2415953412
2416054308
2416123905
2416190080
2417754116
2418049064
2418280450
2418561024
2420179984
2421164544
2424307843
2424311832
2424963328
2432698464
2432704524
2433761282
2450530560
2462056452
2468348032
2483032130
2483191824
2516598816
2550139012
2550173697
2551250952
2558534656
2684362960
2684363013
2684373508
2684387404
2684494368
2684518529
2684618256
2684944408
2685404194
2686476290
2688811041
2690121984
2692745352
2701280256
2701394050
2702182401
2709590016
2719055872
2720139264
2726314000
2755659840
2785018496
2819102720
2819751940
2822799872
2885681200
2952790290
2964324352
2986349568
3221226026
3221228802
3221260928
3221295176
3221505032
3222278147
3223494656
3225686528
3225946120
3229614093
3229646866
3234865152
3240099857
3254779956
3271573568
3288344064
3288596672
3292561409
3355444289
3355447568
3355516960
3366453248
3439460352
3491758148
3506733056
3523346944
3758097216
3760194688
4094164992
4294968858
4294969940
4294970435
4294984337
4295000289
4295008524
4295012355
4295033606
4295033893
4295035020
4295041608
4295067264
4295098674
4295122953
4295136512
4295147556
4295231634
4295237688
4295237954
4295265288
4295328032
4295362817
4295495784
4295500322
4295516228
4295557520
4295622737
4295640066
4295690272
4295753739
4296016149
4296028320
4296032291
4296051201
4296057920
4296082696
4296101892
4296153090
4296294472
4296409604
4297065858
4297072788
4297078848
4297101448
4297458704
4297590808
4297605888
4297851072
4298178625
4298638340
4299162820
4299177998
4299196450
4299211136
4299229504
4299293736
4299301632
4299687941
4299723264
4299964432
4300213264
4300742664
4301262865
4301365248
4303375488
4303376402
4303380768
4303454218
4303487521
4303953921
4304142596
4304404524
4304929344
4305486352
4305797120
4306503936
4307615764
4307824640
4309647426
4311750692
4311761448
4311794689
4311814168
4311884928
4312010817
4312170498
4312272384
4312289408
4313122816
4313841988
4314038784
4314923040
4315943938
4315947088
4318054400
4320280640
4322230401
4328525957
4328532240
4328540256
4328554518
4328751105
4328790528
4328849488
4329080960
4329127944
4329840641
4330098944
4330619401
4330687488
4330758146
4332741632
4333765122
4334813472
4336910595
4336915520
4336927236
4341237760
4345298993
4345954308
4362084737
4362093888
4362098696
4362133520
4362141715
4362371077
4362731784
4362872832
4363126976
4364189856
4364337216
4364767232
4365221898
4366352896
4367581440
4370464856
4370466822
4370858112
4375183392
4378927136
4379377730
4379906560
4387275008
4395631628
4395909122
4396810272
4399825040
4429186185
4429189680
4429202452
4429205761
4429218370
4429275264
4429316172
4429718784
4430106624
4430243844
4431347752
4433381896
4433575938
4437712912
4437837856
4438098050
4439674884
4441800705
4445964672
4446519304
4454417408
4462872064
4463837184
4467195908
4479528960
4496294532
4496294946
4497866768
4498393089
4500492352
4529914112
4563411974
4563441680
4563480832
4563484720
4563567112
4563730561
4563927204
4563932161
4564452224
4565041154
4565633152
4566573056
4567597664
4567748608
4571791429
4571859456
4572364800
4573102096
4573889568
4575985800
4580180234
4580190209
4580278336
4596961314
4597088576
4599349248
4614784000
4630511657
4630709248
4647305220
4697638914
4697661472
4697883712
4698800129
4704436224
4831842640
4831843844
4831849504
4831854786
4831969668
4832150016
4832169986
4832362785
4832460804
4832919810
4833091584
4833150080
4833429504
4833951749
4834070560
4836098057
4836196368
4838130304
4840226992
4840752136
4841279489
4848615939
4848748552
4857012228
4865400968
4865458720
4868538384
4870111296
4882186496
4898949888
4899209312
4903149570
4915725328
4932538368
4966123536
4966318344
4968186880
4988076032
5033312256
5100282384
5102370888
5104469248
5108793346
5117837312
5133830148
5234495616
5368713858
5368717829
5368722440
5368741913
5368784898
5368859136
5369012352
5369266496
5369561600
5370807872
5370841092
5372907780
5372919873
5373558912
5374017568
5375262728
5377099024
5378310144
5385552129
5386551312
5388115968
5393874978
5402263626
5402264736
5404381184
5423267840
5435851296
5435883588
5436084240
5436867585
5452595336
5502927056
5503029248
5504237570
5505155328
5511331848
5537005569
5637275668
5637423360
5638197312
5639241731
5679095808
5708449792
5788140032
5905582209
5906104338
5906629128
5939527680
5983174656
6039797796
6442451046
6442451368
6442452737
6442522625
6442717196
6443238432
6443647104
6445105153
6447726596
6450882560
6459228864
6476530192
6501171208
6509699076
6585057600
6595543042
6780092928
6979388480
7524647040
7532971012
8589951029
8589954576
8589956105
8589969856
8590003206
8590020880
8590071328
8590106704
8590133313
8590200980
8590213441
8590268448
8590336288
8590461028
8590483616
8590491786
8590853128
8590983585
8590999698
8591114506
8591213568
8591311424
8591642628
8592034568
8592035916
8592035971
8592191488
8592392320
8592556624
8593081410
8594129446
8594147464
8594270212
8594325888
8594718768
8595439656
8598331924
8598390273
8598732802
8598849545
8599377936
8600691712
8602518672
8602550560
8602652736
8606711922
8606713224
8606714913
8606716165
8606974736
8607023112
8607248392
8607269408
8607318017
8607780928
8609858049
8611431428
8615165988
8623521937
8623626496
8624275969
8625072128
8625604609
8626667528
8627691784
8631877766
8641314836
8657043981
8657044144
8657044739
8657070144
8657117316
8658108676
8658358273
8659181570
8659206240
8659271697
8665436296
8665989136
8674082884
8678051840
8691253250
8699248896
8724185132
8724218146
8724333056
8724422848
8725278720
8726516224
8726773892
8728887360
8732542020
8734375936
8734640130
8745124480
8757744640
8757772297
8757970960
8791267332
8791294017
8808103952
8858370360
8858407552
8858411017
8858501889
8858517600
8858566674
8859435528
8860729349
8861155328
8864665632
8867283458
8870977536
8875221504
8876230656
8891941122
8891994116
8896121856
8917090368
8926281728
8926536704
8929738760
9000976417
9126806209
9126807640
9126814082
9127002628
9127076360
9127101472
9127379200
9127895044
9128968202
9131002113
9131098176
9143599110
9150005248
9153020032
9160364080
9193922593
9194963458
9244246024
9261041696
9396813840
9397355520
9403895808
9533652996
9663729696
9663766536
9663840516
9663939664
9664209921
9665773590
9665905280
9667086336
9668198401
9669444096
9673179138
9680461968
9684664576
9697379328
9697501188
9697820736
9701429250
9739176448
9797910657
9806323712
9831449120
9932115985
9932374146
10032807936
10066331904
10217391104
10271850624
10469113864
10737422866
10737435520
10737453104
10737455368
10737483860
10737565708
10737813632
10737946657
10738475144
10738515969
10740564004
10741621249
10741744642
10743777280
10758389832
10764681472
10770972896
10771039488
10771529732
10773078032
10775445504
10779492353
10804822528
10871898118
10872356864
10880045056
10943987712
11005861922
11014340608
11072964609
11140072000
11274813506
11341479936
11408507912
11811174400
11811946752
11812339728
12356419616
12884912768
12884971712
12885032967
12887261218
12889359872
12889620738
12893585472
12902735874
12918587416
12935495808
12952536192
12958302212
12960415745
12985565760
13019123722
13020168288
13172211728
13430227200
13455328257
13958645800
13959692420
13967560704
14495522880
15032387844
15032647697
15034499136
15041823744
15049293856
15166636160
15301345288
15573454848
16173236226
17179878921
17179967588
17180006417
17180011584
17180082256
17180131928
17180134434
17180164370
17180672130
17180789248
17180919568
17180922890
17181204736
17181311072
17182034177
17182097478
17182130689
17182298176
17184229632
17184326792
17184342560
17184620561
17185128468
17187221504
17188257941
17188456450
17188816928
17189310532
17189316736
17190379536
17190617602
17190884352
17196719104
17196789764
17196942848
17197179906
17199136896
17200840746
17202938432
17205051649
17206116354
17213437984
17213491224
17214505600
17214996483
17216045192
17216571456
17217626178
17217754112
17218142468
17222213632
17230282756
17230463264
17246987012
17246994476
17247011081
17247111304
17247567892
17247674368
17248029700
17250123809
17255383680
17255634944
17256546560
17261723648
17263756448
17280549889
17314086966
17314091148
17314124544
17314251784
17314613440
17315266704
17316202504
17318289665
17319593984
17322549312
17330864464
17339256864
17385390594
17414758528
17448307329
17448308960
17448308995
17448329281
17448435980
17448846340
17449492992
17450926098
17451713536
17452505096
17456734212
17481925184
17482514464
17498638338
17515446402
17515495680
17532191240
17583046665
17586847808
17716750348
17716758546
17716809992
17717002436
17717003009
17717264906
17717838848
17719951872
17725133328
17725136899
17729454208
17733517337
17750294689
17752392708
17783914530
17785962560
17853059074
17884839936
17935368192
17985250304
17994088512
18052415489
18253611192
18253635716
18253645834
18253680658
18253807621
18254137616
18254139936
18254675977
18255725570
18257806088
18257806369
18264097056
18266718210
18272485388
18312331392
18320756740
18321048576
18321769024
18387830144
18392043520
18421514242
18454939680
18522308644
18523162624
18591260672
18793234432
18811715584
19327353393
19327354434
19327373832
19327455360
19327484290
19327655968
19327911168
19329456132
19329982976
19331565569
19332792320
19333906688
19335872584
19336004609
19344132360
19348328464
19360907278
19360911680
19362218000
19363069984
19377848320
19394527297
19396690944
19461637124
19462651968
19797377024
19864621056
19864748068
19998458112
20132694016
20401619073
20417937920
20669546512
20971528192
21474870320
21474972224
21475120128
21475295240
21475885138
21479621632
21483229568
21491614792
21491679362
21491875860
21517893632
21542470145
21544042768
21550343168
21563047936
21611421696
21613248672
21743274272
21745434628
21911044112
22012243968
22145925185
22548717600
22556969024
23085531136
23622369282
23622393872
23634903552
23756670976
23890756736
24226299912
24697110784
25769803881
25769804828
25769838597
25769936001
25769967650
25770131716
25770627072
25770860561
25771001856
25771903120
25771917828
25774080002
25774129680
25775046848
25776129024
25778192706
25778225672
25778454688
25786843139
25787236416
25799165952
25803464704
25803898896
25822236672
25837113344
25841377280
25904546848
25907167488
26038771968
26039287814
26055032960
26105348176
26306679872
26307264640
26382172164
26441031680
26575110688
26843554306
26861371424
26877100289
26978025480
27120370688
27380449296
27917313024
27950844416
27984396576
28456255489
28995223556
30064787720
30075387904
30098325540
30132961280
30199054848
30337400833
30601906176
