18164893
21938851
47465519
50266641
61980850
72668945
74037352
138651529
147103994
157488213
160064089
168502454
192241736
212670610
240261763
253548576
272750803
276393476
286202480
288462632
334501985
338190523
359047704
395943945
411400233
420291342
485277761
497156834
504611408
528746005
541946260
552783960
571331145
591597802
614164528
644114977
657107074
674656418
679874360
695775745
716194629
726534405
730312720
743615556
756091497
784352658
809546031
817039499
843844250
855820345
873125280
889398547
898921024
922780620
982035040
1008603161
1054937608
1080432825
1093196314
1096585548
1111543656
1117330088
1132475705
1141874897
1144701959
1161912946
1177226052
1190175424
1218623555
1227138660
1241847760
1277250865
1288372267
1300611720
1312031290
1344782442
1353484162
1365836489
1402339544
1414428674
1426111137
1491296400
1511809665
1518490724
1532141602
1620363489
1641679426
1650861322
1663371347
1711436440
1732346917
1750099995
1786874126
1812742502
1871188161
1880589061
1893011506
1915359779
1935986816
1980767554
2014425288
2088241312
2149251209
2151420837
2169780778
2222145761
2235400770
2257339120
2277670995
2307955408
2316607767
2317441634
2349815300
2387141130
2399543465
2421891162
2426688668
2460230219
2486343730
2491518785
2523008013
2541967488
2560589984
2580627971
2590016177
2603499538
2699569361
2710643814
2719427264
2753574768
2759954617
2804961291
2821490731
2841791112
2853377313
2890215491
2963927042
3004706992
3032500330
3154438288
3229409328
3241288339
3263423009
3285000322
3289733208
3322965156
3367518410
3406397560
3448414468
3479189520
3562307723
3575267880
3657865736
3700433009
3767414888
3840378880
3860367889
3897200786
3909374513
4051773976
4161488961
4177528234
4322290950
4328136844
4330529576
4341875136
4379907315
4385414080
4397838855
4404329608
4442331441
4572386646
4609740322
4632414499
4635370085
4669374652
4701063512
4704184455
4731864139
4832930486
4876177762
4968158107
4983018054
4988437634
5002262540
5035720908
5054669880
5113255105
5131747892
5140227152
5452992011
5454114852
5504156856
5532354788
5544415490
5654473936
5859463181
5909250173
6051144705
6443077036
6486829108
6497515268
6502746394
6515723408
6522286498
6526648382
6552687180
6647000074
6745543554
6948397504
7004791681
7391568136
7543865413
7789086005
7798306820
7926318656
8090813127
8120230985
8591479450
8612565049
8630835996
8638730379
8641492416
8651166248
8657474669
8677025873
8699062499
8699929857
8731248040
8737993312
8744206639
8760602737
8803486216
8829372441
8864025161
8869946533
8876755178
8903018584
8925735180
8949674114
8971677744
9009664436
9023793168
9045223937
9060771618
9093533898
9131593035
9141830338
9147520274
9154822241
9162080467
9182675568
9200370069
9223419913
9263243832
9320800906
9332873808
9406028305
9429136932
9430911398
9434798080
9499189352
9544795142
9597190787
9618014240
9665847774
9671117347
9684600960
9706571826
9726610065
9732371019
9770910804
9810744071
9836308680
9891368978
9900888224
9935278832
9990935106
10151855172
10203208900
10248266020
10295189680
10302644226
10351699077
10352146466
10424975434
10481730216
10494951435
10603602514
10738297363
10747403616
10758629552
10786859010
10824061144
10897262666
10897393041
10949259905
11010880192
11022790755
11024731734
11047936916
11069064456
11075390120
11148988986
11274798416
11307890778
11342193806
11351228963
11372380288
11381833778
11454912672
11580563593
11697127617
11830407177
11845390606
11878451906
11900029025
11984228417
12082423072
12151099921
12192583680
12241127456
12248483986
12401009216
12488344072
12526419993
12885121701
13031034884
13174456730
13180211969
13314831432
13438839144
13472825884
13759500609
13766788122
13965128448
13968280657
13980180503
14036244526
14076609442
14437190016
14566895232
14932295952
15068496259
15101178128
15171203100
15303492109
15439331682
15654194437
15806531072
16672362832
17182989569
17189175711
17191056048
17210385172
17211617299
17219039393
17231999490
17259760344
17284466889
17290135845
17315352002
17321300554
17324324036
17333014761
17357148251
17381698082
17402783873
17475938496
17483196530
17491057412
17504404867
17523986955
17545564328
17599991428
17605658682
17629759624
17666977874
17718451246
17722532584
17724410212
17735000139
17737751960
17787116160
17842575922
17861231122
17881497777
17891049475
17904239264
18059625043
18095210562
18155182288
18194964900
18267023881
18269342870
18271460933
18278934698
18279646260
18290550808
18329162196
18331538017
18360176752
18388355827
18409244752
18531484526
18617075729
18645060096
18661102112
18673504387
18725497416
18836715584
18876006554
18902204456
18953279496
19078930465
19100901523
19231146089
19338906169
19366103080
19377785483
19378079586
19430568000
19482159200
19522392454
19550933000
19650335320
19669533954
19672869506
19733492240
19776811009
19868588641
19881810114
19934159369
19978788888
20036259348
20092895312
20100186338
20132872882
20154515473
20194689536
20405496071
20415140480
20427870243
20437356689
20602553438
20644644867
20709935170
20770271274
20940358360
20980567424
21086872098
21294620864
21527823185
21548271274
21576141842
21596481614
21690997760
21879997217
21923103792
22130606464
22314757641
22351224836
22439528771
22548866956
22584370401
22745842440
23090316817
23152834833
23372895492
23629672777
23775167497
23891968213
24075427844
24092350564
24167912970
24193294627
24306548812
24898503553
25782198314
25807692347
25820979352
25840256564
25850845250
25856340260
25911984336
25946391233
25967476834
25972193464
26106136408
26115129489
26145866368
26158071843
26176149507
26176676181
26323530449
26330007053
26348619004
26376292378
26450022536
26576038049
26596141570
26879474306
26961199177
27052613633
27087413776
27122131008
27264057881
27451740323
27465257472
27549387296
27655680024
27716061296
27949341184
27969067025
28009603688
28119318577
28139848338
28200796272
28220916321
28322209930
28597921793
28723957800
28974778376
29003726874
29048701096
29125599456
29128132884
29267859657
29531246658
29871851012
30086734912
30091251360
30157275270
30299723020
30612269636
30660416513
30736187447
31009542788
31211407624
31291688450
31455248389
32290374723
32752297104
33319588404
33572528386
34362120527
34366915614
34369301066
34381917473
34394446964
34412178168
34443121186
34455588993
34460880947
34461999452
34470167430
34482000528
34499545776
34512537619
34515978074
34538670241
34559265282
34641818265
34645799941
34664820872
34733459680
34746157635
34763739747
34785087680
34871584794
34903112210
34922844588
34940401667
34964406906
34984968409
35111445120
35123159075
35134709905
35167331009
35188908130
35227970692
35249297418
35327082648
35334471722
35458680015
35462393936
35467620578
35488412225
35507418497
35531032632
35540519050
35571061257
35614642200
35652905154
35713853984
35740264497
35804713049
35846098185
35970687659
35992100872
36056488032
36117250641
36142219328
36243114332
36308861456
36353228801
36381416066
36509476398
36516336323
36524167965
36536963168
36548382930
36587004949
36602406920
36658311322
36686573608
36711041617
36756326464
36788947472
36801087667
36812736513
36885267494
36930889801
36961258276
36977131911
36996452385
37059855619
37064474680
37086478474
37107532329
37149006084
37216215152
37228909644
37316205128
37384987168
37615700075
37656769042
37717912192
37736696838
37786489576
37849494340
37880991754
38139926657
38369690114
38404145234
38430376160
38668802312
38724297120
38799999848
38815011874
38828934436
38857642126
38948479344
38990273336
39001802948
39193282500
39211057287
39225951409
39594577156
39778916502
39788790276
39799985218
40270305828
40352359176
40803149894
40939082832
41071944936
41092055684
41406237138
41877571122
41913721240
41919978241
41977446413
42556719252
42953156417
42958485712
43021248822
43044110875
43046290244
43051434665
43073273866
43088271402
43101461129
43153842242
43231191043
43243889312
43255374354
43352523001
43494189192
43495503624
43520265735
43555557600
43632298098
43671210176
43840047760
43943727123
44038119529
44099557377
44160041107
44181357104
44217729057
44297209216
44343261192
44372066514
44432693312
44461721228
44494004264
44561510449
44669602376
45107413081
45137232456
45198490144
45237149859
45249651200
45366711311
45483368528
45574275096
45641256961
45652939426
45677105680
45791387908
46112346176
46241186148
46247649416
46347068738
46477361698
46490353793
46708312248
47045421059
47247403289
47259391152
47295079466
47515058228
47603813376
48335522576
48863854882
49140467297
50550035584
51586010449
51599022152
51612147858
51625337393
51671932960
51693102480
51707443729
51750781032
51758072133
51810208661
51816071209
51822761540
51828245130
51850347064
51876411457
51980083906
52089686178
52102121985
52134692880
52154085578
52211558488
52280430338
52284395568
52353847409
52496052776
52619460675
52631405280
52650333472
52657537618
52752884780
52800528395
52883658896
52982621952
53094744066
53133459632
53189054986
53351712905
53689294963
53699363076
53708587508
53746884801
53755547148
53758924827
53829748640
53836316809
53856567960
53961848992
54023274696
54048855312
54224204932
54593327745
54632253442
54779776328
54830956706
54851060225
54903642160
55029686297
55189439040
55348340768
55500632064
55855616803
56002611626
56116143114
56309252368
56372609305
56472191588
57176803367
57585713600
58823016478
60130088598
60132477536
60152744131
60201202184
60384350784
60417101840
60441104546
60611889697
60702136361
60771835969
60965322824
61113393152
61220327546
61366907008
61472442890
61752214145
61778362512
62362044450
62388209808
62445686786
62839726098
62885332264
62948131403
63356021328
64459712644
64583911452
65509164040
65633128517
66874132800
