47889
39340065
50865360
67388586
81846336
135102537
163581192
297467904
504399360
540279408
572688520
608764800
688918659
809645088
1075921045
2156003809
2190749704
2199929602
2350979104
2504261649
2692842514
4496294230
5377251330
7784702528
8665961477
8892334148
10603726864
10741622918
17185538306
17263891016
17323008546
17450404931
17481924920
17733871616
19596365952
20418921508
22652125184
30068983312
34360874304
34366558234
34460606467
34510913584
34764759424
35173450249
36508143104
38688264868
44036325408
49395302401
51616155792
54395928640
