116189203
137333327
171463654
382408806
426365240
591411192
874185658
1172624580
1297301731
1345498291
1518429017
1639334264
1683338513
2182823465
2265343307
2415210528
2483741413
2511408774
2693846235
2976220259
3004535324
3095673972
3294446412
3481981442
3848940580
3933293074
4350973571
4506653297
4534308325
4637148825
5209894688
5407420476
5452934098
5514798110
5666273792
6053105288
6210327819
6336053414
6595942586
7013881028
7094686529
7130967057
7634725005
7814906305
8190603844
8595535994
8750310308
8891052046
9120646608
9219693896
9268521353
9311668566
9426322977
9606113347
9772303498
9832818213
9869364088
10119125121
11180053045
11480043910
11612784917
11820076903
12600475880
13032509711
13231026594
13287598030
13746313604
13979197793
14319583765
14541979827
15135656480
15197046068
15257313923
16158574172
16442236112
16543787280
16991445000
17233699221
17307894505
17524242825
17637714458
17662846100
17667484012
17953728087
18301299264
18436851504
18535748517
18540889350
18827451564
18988695819
19075981995
19197909061
20025906189
20076087728
20178673794
20535932298
20541907161
21479284500
21803157554
22097473610
22327460956
22353709762
22438553344
23054860354
23162406919
23337177396
23832397571
23974119465
23980044432
24703717666
25309553888
26049267934
26340918709
26612060480
26818663044
27202178307
27264030322
27476365457
27929098056
27939098248
28472159010
29091961371
29314064582
29796551736
30138642501
30301374216
30392787977
30473158824
32280175670
32347589333
34446029607
34660715345
34843550466
35040958764
35180327113
35186534532
35370589354
35597072535
36015017044
36104950512
36309155885
36595269840
36711201368
36814784907
36963535880
37607024682
37627249837
37721349186
37860364307
37985913316
38132557698
38734013829
38853468352
38941062215
39252601347
39289356972
39428923784
39819876616
40037786218
40101790102
40215422048
40857323298
41301377114
41624412477
41919452056
43135996179
43205609997
43258766660
43260479034
43690939393
44577744082
44917658114
45099365564
45744349204
47851769202
48051823249
48328199552
48835335169
48872070697
49404852960
49437507655
50332322310
51608410755
51636538417
51954074849
52216799271
52706731544
52984755840
53192194402
53740051905
53793035876
54249931349
54396342552
55097958739
55157457164
55858201631
56103869288
56307783700
56665314706
56915224752
56916938958
57061589889
58418311331
59328704005
59698282497
60210053602
60382522498
60670805835
61058621488
61211017878
61415235627
61807799180
62306513153
63765578240
64458254425
64486002724
66201061440
67128869002
