4493443
12600593
25201185
41025569
50884609
67154024
68166165
84444420
92487688
100804738
134308048
136856616
153098306
184975376
268616096
268959902
273713232
302125636
328204546
369950752
537232192
547422370
574636106
675555360
704643461
739901504
806437892
1074463873
1074941970
1076004876
1082396964
1094852928
1312822272
1479803008
2148124674
2148928768
2151679204
2156535856
2156990529
2189705856
2422739200
2449507337
2625636356
2702221440
2818573842
3225747480
4297535488
4300743682
4311749520
4313071712
4331176128
4430301704
4565516803
4899210376
4974497792
5435883590
6207578128
6442475788
6513918464
7543456768
8595062788
8601495552
8609071369
8623499040
8662352256
8665960962
8725233702
8927708176
9151971412
9798420752
9948991488
10871771272
11006124098
11341414433
12884909061
13165920296
17179940106
17192558596
17200381968
17249095812
17251698697
17324704512
17469539840
17582526513
17718846529
18303942824
18530975808
19344261127
19428016464
20401109504
21483489298
22012232228
22549659905
25769853464
25770002528
26341543936
30282883072
34362922496
34363935494
34441789504
34628458504
34647056420
34897658168
34939079680
35469213952
35576094730
36509321361
36524524104
38664274052
39057360192
39212613633
40835747874
42966467714
51540402560
52412055554
53826568192
