722561
1319445
4493443
12600593
25201185
41025569
46243844
50884609
67154024
84444420
92487688
100804738
134308048
136856616
153098306
184975376
268616096
268959902
273713232
302125636
328204546
369950752
537232192
547422370
574636106
675555360
704643461
739901504
806437892
812126464
1074941970
1082396964
1216356363
1312822272
1479803008
1612843020
2148124674
2148928768
2151679204
2156535856
2156990529
2189705856
2449507337
2625636356
2702221440
2818573842
3225747480
4295758928
4299248160
4312074372
4316078400
4496572674
4698186240
4832887096
4951376384
5109055489
5444239504
5637147682
7551320068
8592502784
8595710978
8606716816
8608039008
8757774856
8860484099
9194177672
9269465088
9730850886
10502545424
10737443084
10808885760
11838424064
13025411092
17184997380
17199005961
17213433632
17216078016
17252286848
17255895554
17315168294
17517642768
17741906004
18388355344
18538926080
19596058690
19931349025
21485348864
21508456467
23756673152
25769810949
26050822184
34359809290
34380251152
34428964996
34504573696
34649409024
34762395697
34898715713
35483812008
35710844992
36524130311
36607885648
37580978688
38655754946
38659426313
40804581408
42958325778
43487068708
44024496385
47278343168
51539657240
51539806304
52111347712
60347654144
68722660864
68723673862
68801527872
68988196872
69006794788
69298818048
69828952320
70869059729
70884262472
73014493253
75229111296
77318979716
77712065856
77867319297
79490453538
85916140674
99858252288
103080010112
103951663106
105366175744
