103605667
512963876
586263047
698430314
944673363
1080582001
1100793950
1236422835
1278543453
1365353882
1677950023
1700311689
2198088439
2356105482
2618958570
2778972697
2789587248
3339326930
3683138305
4426197258
4634975722
5549474502
5754908164
5990583280
6191198428
6278762528
6451342156
6596900004
6712811926
6986327240
7518984839
7582322964
7589618238
7878410307
8617092705
8629622468
8726544026
9188544775
9458206036
9620432640
9798132661
9905424397
10185937542
10208176580
10407576738
10824661377
11045897263
11854351002
12000985443
12096029440
12214270048
13158723158
13371555962
13767050022
13980062985
14270116995
15168249634
15576863337
15805352132
16014393497
17327732861
17372286342
17508506048
17585030518
17665679496
17737916188
18071746578
18606998957
18936849680
19054985777
19097331364
19294683460
19399757507
19429739316
19481272665
19785818640
20050153611
20416170409
20691359782
20705219320
21564826680
21592512035
21796423765
22039267026
22047133449
22050558134
22219465107
23127581025
23361330240
25644246058
25980097504
26444224005
26545796170
26847390762
28034465874
28202943118
29219229708
30068015567
30121739168
31232895561
32225046754
32583479620
33831541268
34586758703
34609302488
34663727293
34684827817
34771676354
35036318025
35850572805
36239951411
36787217739
37115251716
37413459486
37807513990
37963729960
38127092456
38460268625
39201739918
39242790208
39389009932
39527793605
39623237633
39762348335
40904020872
40975084577
41549845616
41643706722
42027664916
42666558729
42994884848
43320416331
43370158033
43570778293
43768045594
44136752897
44728719784
45124959316
45308226065
46052415618
46984696077
47392293236
47643759120
47985158688
48473651219
48589802008
48887252002
50013677706
52684010246
53083265561
54366799926
54509835369
55419553920
56117234337
57179333761
57216090456
58426689093
58555775000
60239006796
60549589260
60568379955
60996781576
61010357680
61216556241
62335766842
62847910737
63523004572
64594362370
66712554768
68741426064
68939256087
69083601464
69360330576
69510635708
69526417772
69847417641
70342859306
70868505722
70926454948
70963712837
71358088345
72079935276
72214735369
72253612054
72766457414
73293678821
73424573324
73458327650
73664628332
74164470683
74570576208
74778642690
77870435505
78398730273
78492739942
78560710984
79814489122
80474145121
80637992448
81657911874
81806110767
81812083905
84847233144
86374075424
86459573263
86506277475
86735716658
86872452034
87164612672
87266779764
87622160581
88052802885
88124464398
90950746696
91340834837
92629249824
93628498464
94792201496
94795504421
95078000676
95902958410
96169410872
97794761920
98252116355
98948391430
99657789969
100545860964
103341704210
104021113109
104302062604
104320785620
104499599744
105096675567
105547891148
105680881671
105937945217
106250213952
106850159954
106873042082
107414590491
107420082700
107433043349
107509492154
107794420386
109225445890
109794513201
111686143458
111842313784
112006833805
113573759617
113888559794
115479449616
116057998664
117328429188
117407220849
118648528983
119322190784
120285428737
120842723720
122641539177
123019617794
124421047680
124697319747
124755709828
124933767338
126789107857
127804642952
129002344600
129387465436
131006203047
136103985156
