578113
1156226
1323281
1646633
1837123
2103521
2312452
2392331
2646562
3293266
3319809
3674246
4198447
4207042
4624904
4784662
5293124
6586532
6639618
7348492
8396894
8414084
9249808
9569324
10586248
13173064
13279236
14696984
16778837
16793788
16828168
18499616
19138648
20993153
21172496
23136769
26346128
26558472
29393968
33557674
33587576
33656336
33939457
35722249
36999232
38277296
41986306
42344992
46273538
52437059
52692256
53116944
58787936
67115348
67154053
67175152
67312672
67668017
67878914
67899688
69338243
71444498
73998464
75829313
76554592
83951907
83972612
84689984
92547076
104349697
104874118
105384512
106233888
117575872
134230696
134308106
134350304
134625344
134813701
135315481
135336034
135757828
138453281
138676486
142870025
142888996
147996928
151658626
152569089
153109184
167903814
167945224
169379968
171966665
177217541
185094152
202506785
208699394
209748236
210769024
212467776
235151744
268461392
268599465
268616212
268700608
269250688
269627402
270630962
270672068
271515656
276906562
277217287
277352972
279969865
281024769
285740050
285777992
286286337
295993856
302024773
302776849
303317252
305138178
306218368
335807628
335890448
337911841
338759936
343933330
354435082
370188304
394265601
405013570
417398788
419496472
421538048
424935552
470303488
536879945
536922784
537198930
537232424
537401216
538055745
538501376
539254804
541261924
541344136
543031312
543197504
545278033
553813124
554434574
554705944
559939730
562049538
571480100
571555984
572572674
591987712
604049546
604258819
605553698
606634504
610276356
612436736
671615256
671780896
675823682
677519872
687866660
708870164
740376608
788531202
805848073
809803778
810027140
822116625
834797576
838992944
843076096
849871104
940606976
1073759890
1073807559
1073845568
1074397860
1074464848
1074802432
1076111490
1077002752
1078068489
1078509608
1080070161
1082523848
1082688272
1084301569
1086062624
1090556066
1107626248
1108378657
1108869148
1109411888
1115701259
1119879460
1124074369
1124099076
1141442049
1142960200
1143111968
1145145348
1157775377
1183975424
1208099092
1208517638
1211107396
1212170757
1213269008
1220552712
1224873472
1342701921
1343230512
1343561792
1351647364
1355039744
1359220745
1375733320
1417740328
1476404353
1480753216
1577062404
1610641441
1611432065
1611696146
1620054280
1644233250
1646395397
1669595152
1677985888
1686152192
1699742208
1881213952
2147519780
2147566353
2147615118
2147691136
2148795720
2148929696
2149604864
2151712899
2152222980
2154005504
2156136978
2157019216
2160140322
2165047696
2165376544
2166407201
2168603138
2172125248
2172790016
2181112132
2181563525
2198865937
2214988033
2215252496
2216757314
2217738296
2218823776
2219844609
2231402518
2239758920
2248148738
2248198152
2281706545
2282884098
2284912769
2285920400
2286223936
2290090307
2290290696
2315550754
2367950848
2416198184
2417035276
2422214792
2424341514
2426538016
2441105424
2449746944
2685403842
2686461024
2687123584
2689073697
2703294728
2710079488
2718441490
2751466640
2835480656
2952808706
2961506432
3154124808
3221282882
3222864130
3223392292
3223848969
3240108560
3288466500
3292790794
3339190304
3355971776
3372304384
3399484416
3527475201
3762427904
3774874627
4295039560
4295132706
4295173125
4295230236
4295382272
4297591440
4297859392
4299209728
4299432577
4303425798
4304445960
4308011008
4311881731
4312273956
4312826049
4314038432
4316463129
4320280644
4328542229
4329963529
4330095392
4330753088
4332814402
4337206276
4344250496
4362077289
4362224264
4363127050
4395698305
4397731874
4429725857
4429976066
4430504992
4433514628
4435476592
4437647552
4439689218
4462805036
4464869889
4479517840
4496297476
4496396304
4563413090
4565768196
4569825538
4571840800
4572447872
4580180614
4580581392
4631101508
4697948417
4735901696
4832396368
4834070552
4834525187
4836212737
4840226957
4844429584
4848683028
4853076032
4882210848
4899493888
5370807684
5372922048
5374247168
5378147394
5406589456
5420158976
5436882980
5502933280
5670961312
5704286211
5905617412
5923012864
6308249616
6442565764
6445728260
6446784584
6447697938
6478430224
6480217120
6576933000
6585581588
6678380608
6711943552
6744608768
6798968832
7054950402
7524855808
7549749254
8590079120
8590265412
8590346250
8590460472
8590764544
8592056457
8594129301
8595182880
8595718784
8598419456
8598865154
8606723105
8606851596
8608891920
8616022016
8623638017
8623763462
8624547912
8625652098
8628076864
8632926258
8634238977
8640561288
8657084458
8659927058
8660190784
8661506176
8665440785
8665628804
8674412552
8688500992
8724154578
8724448528
8726254100
8791396610
8795463748
8859451714
8859952132
8861009984
8867029256
8870953184
8875295104
8879378436
8892977281
8925610072
8929739778
8959035680
8992594952
8992792608
9001533441
9126826180
9131536392
9135325473
9139651076
9143681600
9144895744
9160361228
9161162784
9262203016
9395896834
9471803392
9663727873
9664792736
9668141104
9669050374
9672070149
9672425474
9680453914
9688859168
9697366056
9706152064
9764421696
9798987776
9799991331
9932178180
10737948706
10738466917
10741615368
10745844096
10748494336
10756294788
10813178912
10840317952
10873765960
11005866560
11007952129
11274551321
11341922624
11408572422
11811234824
11846025728
12616499232
12885131528
12885200929
12891456520
12893569168
12895395876
12960434240
13024364545
13153866000
13171163176
13356761216
13423887104
13489217536
13597937664
14109900804
15049711616
15099498508
16106258561
17180158240
17180530824
17180692500
17180787745
17180920944
17181065349
17181529088
17181968407
17188258602
17190365760
17191437568
17196838912
17197730308
17206087713
17213446210
17213703192
17214538305
17217783840
17221845137
17232044032
17247276034
17247526924
17249095824
17251304196
17256153728
17265852516
17268477954
17281122576
17314168916
17318477827
17319854116
17320381568
17323012352
17330881570
17331257608
17348825104
17377001984
17448309156
17448897056
17452508200
17481998593
17582793220
17590927496
17716772963
17718903428
17719904264
17722019968
17734058512
17737719813
17741906368
17750590208
17758756872
17785954562
17851220144
17859479556
17918071360
17985189904
17985585216
18003066882
18253652360
18255725633
18263072784
18270650946
18279302152
18287363200
18289791488
18320722456
18322325568
18324914337
18524406032
18791793668
18943606784
19067306497
19327455746
19329585472
19335810049
19336282208
19338100748
19344140298
19344850948
19360907828
19377718336
19394732112
19412304128
19528843392
19597131777
19597975552
19599982662
20032012289
21476933834
21483230736
21491688192
21496988672
21512589576
21626357824
21680635904
21747531920
22011733120
22015904258
22079864849
22549102642
22683845248
22817144844
23622469648
23692051456
25232998464
25770263056
25770401858
25770853387
25782913040
25787138336
25790791752
25839108097
25913720896
25920868480
26038255665
26048729090
26307732000
26342326352
26713522432
26847774208
26978435072
27195875328
28219801608
30065295877
30099423232
30198997016
32212517122
34359746739
34359837221
34360006240
34360789641
34362360116
34364000312
34364483585
34364720258
34368310272
34371278864
34376582218
34377630084
34393297434
34393379104
34395406412
34398535939
34428028176
34432110600
34443634304
34448113665
34496120576
34511585312
34519158848
34561589259
34603024400
34628244500
34631336992
34634039296
34682699856
34729034240
34766586402
34896620550
34896846864
34897133800
34899099682
34932273280
35031089221
35433628480
35436241920
35501115776
35502686726
35569025026
35569795224
35718694948
36238790722
36507377700
36519936017
36524077057
36545012224
36565942402
36576165892
36662412292
36675649792
36775674049
36909910032
37044408320
37187747872
38655264780
38697173057
38721819393
38723969024
38726664224
39218840576
39325827202
39461193728
39749427202
40365981704
40818966880
42144891392
42951934592
42966466567
43050865664
43137368064
43486610561
43503325232
44023447636
44694505984
46177206272
47245754882
47378875456
51539968192
51541741608
51547210240
51549700098
51556392192
51607840768
51619300416
51827441665
52412055556
52680855552
53687223816
54760833285
55834656777
55842965664
56136565762
60129675329
60167356420
62278074512
68719543704
68719872148
68720132173
68720542222
68721619712
68722361860
68723949665
68727886920
68728393747
68736549188
68737569794
68740450720
68753572288
68757438472
68759331856
68770089472
68780298244
68786603269
68788051968
68800217108
68811800704
68853753860
68853825594
68855276048
68862610464
68987949264
68988602624
69004821088
69021990950
69029857304
69059215881
69124247553
69256386569
69265342468
69265795200
69273583617
69298454592
69357019652
69390644224
69426479112
69793358339
69805867648
69810534400
69934252288
69960999008
69994840576
70221037570
70334283864
70665764992
70867525792
70913884160
71135404053
71303168640
71673843712
71958560776
71974261008
73014534192
73014977546
73016344704
73018640192
73034367248
73232556033
73299756032
74088449041
74090283560
75171381249
75699060772
77309674146
77310597632
77331505152
77477249041
77849460740
77850496000
78393770000
78399931584
79591129376
82409685057
82678140930
83751895568
85900591392
85903589394
85907735686
86001057928
86033566465
86034186248
86201667584
86369109008
86450896928
87246768128
89120850048
90194325572
90196836352
91343552768
94489282604
94539743234
96640962561
103079257153
103079551496
103080560672
103081906240
103089963392
103096549890
103122208256
103148424200
103180140610
103217893392
103347718274
103423680512
103616221444
103618183697
103633928256
104152958242
104457076736
105227240464
105229852674
105260253225
105293906176
106308831296
107390963848
107646828548
108582338560
111669160208
111803891844
111937979392
112214409226
112811048961
120263417984
120284315664
120326210080
120527520072
120830035968
