4493443
12600593
25201185
41025569
46243844
50884609
67154024
68428293
84444420
92487688
134308048
136856616
153098306
184975376
268616096
268959902
302125636
328204546
369950752
537232192
547422370
574636106
675555360
704643461
739901504
806437892
1074333313
1074941970
1076004876
1082396964
1094852928
1312822272
1479803008
2148124674
2148928768
2151679204
2156535856
2156990529
2189705856
2422739200
2449507337
2625636356
2702221440
3225747480
3825221665
4301267592
4330882054
4647289025
4702011394
4848751648
5519720964
8592502784
8595710978
8606716816
8608039008
8758757896
8860484099
9194177672
9269465088
9730850886
10737443084
10808885760
11838424064
12954110240
14260641808
15167389697
17184997380
17191430144
17199005961
17213433632
17252286848
17255895554
17315168294
17517642768
17741906004
18388355344
18538926080
19461705864
19596058690
22549627976
23676848128
25803915456
26050822184
34359809290
34380251152
34428964996
34431567881
34504573696
34649409024
34762395697
34898715713
35483812008
35710844992
36524130311
36607885648
37580978688
38788959360
42958325778
43487068708
44024496385
51539657240
52111347712
60347654144
68722660864
68723673862
68801527872
68862091275
68988196872
69006794788
69257396536
69298818048
69828952320
70869059729
70884262472
74092937248
75229111296
77318979716
77712065856
77867319297
79490453538
85916140674
103080010112
103951663106
105366175744
120259151968
137439478115
137443234336
137444231248
137482997784
137539756162
137603055744
137642475521
138253041665
138513015808
138848240392
139720656402
140695306244
141869199616
143883649088
150340665354
155156291592
158914052272
163208764417
171875238944
171933171788
172352358656
182804611200
190058594306
207769047232
214816014352
225494204672
244846690817
