8271
17858
18648
30738
33189
39010
43052
49690
50693
66659
67218
70820
74513
82470
86284
98953
106518
131351
132336
140584
143944
149541
202769
267588
272580
285728
298368
303432
332328
346115
395912
459329
491808
525125
529464
531024
536597
561426
566282
592040
624160
655450
661764
667682
681992
688832
689409
721926
795040
797185
811088
852113
934146
1048693
1048810
1050380
1053600
1061004
1066544
1075488
1082946
1133120
1192208
1311892
1313864
1319520
1343750
1380544
1442057
1583248
1609764
1622033
1646852
1704288
1851432
2098068
2101616
2103433
2105498
2115746
2117376
2131078
2175009
2187584
2230852
2249344
2261260
2303104
2365460
2369032
2392656
2555922
2719747
2885698
2949636
3155974
3162140
3244304
3278337
3313666
3408930
3670401
3671108
4197894
4207625
4219457
4227284
4229896
4281408
4358530
4361280
4391684
4392970
4456981
4481058
4571648
4718727
4773888
4786433
4854912
4857924
5317248
5345288
5537840
5832738
6297858
6334592
6389796
6572040
7349264
7471236
7667713
7868928
8391811
8396040
8402000
8405043
8406060
8411201
8471424
8496384
8521876
8545282
8585552
8650962
8675457
8685578
8721409
8724994
8732696
8913419
8982816
9060512
9310216
9437784
9472640
9478178
9504801
9551876
9576453
9986560
10487200
10535170
10588224
10682912
10911872
11010376
11030544
11550816
12592260
12648518
12720640
12754960
12845129
12977408
13107352
13633808
14680594
14946336
15335425
16779088
16780960
16806080
16818721
16822296
16826664
16830470
16846917
16857600
16860177
16916625
16927234
16976064
16998404
17064704
17207808
17301682
17327136
17596548
17630216
17826497
17842258
17844356
17846792
17864705
17957924
17989768
18129920
18350598
18874407
18941964
19075328
19136568
19137665
19406913
19431944
20990272
21021824
21037144
21106691
21112320
21234754
21235745
21500000
22088704
23072912
25178370
25313289
25331968
25431044
25756224
25952528
26280200
26349632
26739713
27268608
27295764
29364236
29622912
33555241
33569088
33591940
33625856
33628740
33654928
33687074
33687968
33706052
33726473
33820952
33821250
33835268
33851936
33878016
34095746
34097248
34111880
34160660
34349062
34636824
34685186
34734094
34800144
34882049
35001344
35651673
35654661
35660035
35693632
35700769
35913868
35989504
36180160
36849664
37750344
37752874
37769473
37782019
37797900
37847360
37904512
38282496
39321609
39858180
40894752
41955841
42074305
42143746
42500164
43024641
43515952
44048424
46171168
46202897
47194176
50332312
50336801
50397318
50495584
50594240
51382312
51908864
52453392
53018656
54542880
58720548
58726416
58737728
60030978
67111196
67113014
67118595
67142737
67160193
67166304
67191073
67256362
67322000
67338754
67372073
67373586
67375873
67383306
67420180
67511312
67636544
67637315
67678336
67764364
68421668
68452872
68502528
68683786
69222921
69341208
69484928
69736480
69780480
70266944
70287520
71307844
71311696
71370884
71393288
71696928
71843858
72483842
73146368
73400513
73663492
75498758
75499632
75629073
76382208
76546244
76582928
77678592
77726784
79724549
83905544
83921412
84021408
84279368
84411412
85075968
85524608
88088582
88605440
92275009
93323808
94371850
100667405
100671682
100684802
100765728
101353472
101728392
102236736
105152640
105381924
109068804
109577224
113248258
117588224
118226945
119539776
122683408
125902848
134219033
134235158
134252551
134255688
134268976
134286856
134336640
134348908
134357314
134432000
134480398
134480688
134496960
134520962
134529281
134579216
134747650
134750852
134875266
135005189
135006472
135274515
135283841
135307332
135332161
135464964
135542784
135942144
136348194
136350016
136724512
136839217
136840328
137368832
138412146
138415392
138420760
138448913
138543241
138743812
138807312
138969248
139542544
139599904
139723136
140509953
141557832
142614704
142635016
142639681
142738465
143139073
143657026
143725056
144719877
144968192
146801188
146801674
148963456
151001124
151003178
151004544
151062546
151562240
151650848
152043533
152076816
152830016
153223248
153632770
155484168
159383752
159784960
167788611
167795200
168562720
168824852
169411584
170004481
170926592
174589952
176166016
176171012
176340992
176488704
184647681
184813056
186646792
201335820
201476160
201654306
202375810
202376288
202539009
203530240
204079360
205522064
207638528
209717632
209911816
210243588
218128385
218140928
220201092
234889504
235274244
239141376
245366800
268438149
268438570
268448262
268454153
268465408
268469524
268495360
268505240
268539908
268571714
268582993
268599346
268603521
268698643
268897280
268960961
268984323
268994593
269099536
269221916
269226624
269287520
269550672
269721600
269746337
269762832
270140424
270542920
270553128
270565445
270614657
270666000
270835744
270860552
271188004
271617024
271974464
272646406
272761861
272894082
273035264
273154344
275324928
276826912
276828197
276897801
276955402
277094660
277234176
277872662
278925442
281544768
282083456
283148296
285213068
285223952
285246473
285344513
285476128
285495297
285509696
285548672
285835280
287326784
287836288
290078720
292552706
293609568
301990512
302007428
302131202
303046692
303071424
304218632
304365570
305205248
306185088
306202640
306250754
306446404
310382664
310510608
310911104
318800130
329252865
335550984
335552660
335560780
335585537
335844352
336069154
336349184
336594304
336594961
336728068
337707056
337797120
339756064
339771920
339808257
343933096
343965762
344000000
352321667
353419264
369098778
369166592
402655316
402657291
402670113
402819080
402853920
403701816
405012624
405311488
406896704
411074692
411631618
412099584
415240448
419561478
420483200
421594112
427835408
436297728
436471809
436732224
469762820
469827776
473966592
487063560
536874561
536883856
536895513
536904292
536904994
536912065
536937034
536969265
537006401
537035536
537105408
537133954
537154052
537264212
537313288
537397270
537471040
538013696
538051112
538059840
538067204
538116225
538478848
538993184
539007488
539230497
539296832
539492394
539510785
539623568
540020753
541065261
541135232
541140000
541364288
541590545
541605960
541630976
542048256
542124033
542130690
543162648
543301634
545264162
545277185
545284164
545296644
545357954
545531936
545555968
545790080
546570560
546963458
548405384
549584992
551553028
553648659
553656844
553844770
554189184
554205250
554303493
554697858
554962976
555745504
556802304
557875457
558112784
558891076
560021504
570425507
570426438
570426768
570427658
570474576
570560560
571019265
571098112
571212304
571744264
571998340
572527624
574621888
575832064
578822162
578882560
589594624
603980169
603981336
604005504
604045984
604053762
604151812
604311568
604512304
604766400
605028359
605557760
606109768
606472192
612519936
612630540
614473729
620824577
621035522
629145744
637730880
654316032
671089092
671099394
671154693
671293456
671350952
671481859
673188880
675316740
675807490
679510040
680002624
688394256
696255232
704652289
704659492
704679938
704774784
738738688
739246352
755106816
805307720
805316992
805388816
805445665
805453954
805568550
806357088
806359298
807929344
809500739
809507840
814481409
822116992
822214680
830541824
838926376
839254272
848298496
855640068
872686080
873005060
877658120
905986049
939622656
939803648
941629444
960495648
1073744409
1073748257
1073753346
1073758979
1073779136
1073808224
1073841164
1073873993
1073897520
1074029572
1074069642
1074167874
1074270984
1074283792
1074429992
1074563088
1074660864
1074790808
1074824225
1075057168
1075576835
1075840082
1075843649
1075871889
1075896328
1076101792
1076379780
1077084168
1077152000
1077420064
1077937252
1077953168
1077977376
1078003201
1078013968
1078104068
1078132896
1078722880
1078986764
1078988866
1079115793
1080033291
1080180992
1082130701
1082132104
1082134554
1082184704
1082197040
1082396804
1082654817
1082853376
1084301316
1090523778
1090912516
1091575880
1091665922
1092886530
1093668868
1094714632
1094746688
1095245952
1096040448
1098940576
1107380232
1107427845
1107431560
1107558504
1107559681
1107566736
1107886146
1108347010
1109393460
1109459328
1111490834
1111758848
1115783680
1116487680
1116734468
1124089985
1124114436
1124271104
1124600320
1140851874
1140858917
1140861064
1140883722
1140925504
1140983814
1140987136
1141408257
1141934144
1142292608
1142948164
1143734280
1145045048
1147150848
1149304961
1149501728
1150304258
1157693960
1159741472
1170341888
1174408208
1177550849
1178615872
1207980128
1207994112
1208035329
1208091780
1208107528
1208226050
1209008420
1210065168
1212172290
1216350248
1216610321
1218576386
1222115328
1224739904
1225326848
1228931092
1242046472
1242857472
1243628544
1275150340
1275592784
1276121096
1325400066
1342177478
1342316556
1342488704
1342704644
1342742592
1343242756
1344342528
1344798978
1346503170
1348469888
1350582592
1359020068
1361215488
1368393728
1375736068
1376256017
1409417312
1417687040
1476400144
1480654856
1493180928
1509949600
1610615556
1610617985
1610625064
1610629134
1610678480
1610684418
1610746912
1610907653
1610956832
1611661362
1611677761
1612251648
1615069704
1621655552
1627654272
1635787776
1646264834
1648427012
1682442240
1745100864
1753235584
1763704833
1811972128
1879572616
1881411584
1891631120
1912636416
1962934528
2014445568
2147486312
2147492902
2147500171
2147504528
2147509320
2147516445
2147520016
2147552516
2147553362
2147559554
2147586305
2147751042
2147762528
2147811404
2147911684
2148008206
2148011017
2148040816
2148091008
2148212737
2148303616
2148538884
2148541697
2148589696
2148672002
2148794394
2149057160
2149386240
2149717024
2149720084
2150912000
2151680019
2151686368
2151691008
2151759877
2151809352
2151951360
2152005890
2152202818
2152335392
2152468496
2153267456
2153792514
2155962400
2156013632
2156134792
2156987394
2157969475
2157970456
2158004256
2160066849
2160083024
2160103552
2164262982
2164326441
2164392240
2164535300
2164541456
2164789377
2164917312
2165314576
2166360321
2167439424
2168684544
2170560520
2172682754
2175074304
2181070922
2181106177
2181171224
2181234724
2181571104
2181600256
2182086801
2182086980
2183266434
2183675912
2185233428
2185298056
2187592192
2189427472
2189445248
2197901312
2214594336
2214596808
2214646272
2214692872
2214732160
2214855300
2214856769
2215182608
2215674884
2216165409
2216689708
2216691856
2216756225
2217222146
2219900992
2220916992
2223374338
2223507968
2232680704
2233598464
2235570176
2248159248
2252472321
2264925312
2281705768
2281726212
2281835264
2281971745
2282160256
2282234896
2283307010
2283800586
2283802692
2283815440
2285896769
2290225168
2298512416
2299600896
2302673026
2315518032
2319491072
2323644425
2332557316
2348810499
2348819008
2348826784
2383415296
2415924737
2415935540
2416017984
2416050848
2416072704
2416189506
2416967753
2417000736
2417033348
2424309772
2424995840
2426413568
2432696528
2432700450
2432958984
2433229056
2445280256
2451571968
2458124320
2483109890
2487746688
2550140032
2550202385
2556559360
2583691778
2684356772
2684371720
2684375073
2684388488
2684617776
2684622856
2684723200
2684928004
2685436417
2686582793
2688811137
2693275656
2697003520
2701197632
2703229956
2710585344
2720071696
2734825472
2755657762
2793439232
2818656256
2818736192
2821455872
2823819264
2826960902
2952824834
2957008896
2986348672
3221225809
3221229575
3221234305
3221299464
3221340176
3221373120
3222011940
3223388194
3223618560
3225420164
3225440264
3230695432
3238012960
3238020608
3238133770
3240624144
3254804482
3256483840
3265269760
3288353024
3296722964
3322216448
3355482112
3355983873
3358589056
3363897408
3490054160
3490254848
3493888001
3523217472
3556770824
3758232064
3758621698
3764387904
3766487041
3826262016
3925868800
4294971953
4294979969
4294996004
4295010384
4295017120
4295020553
4295068673
4295103234
4295172192
4295196696
4295229738
4295231012
4295266448
4295446528
4295492996
4295509512
4295512384
4295561346
4295925760
4296018466
4296021057
4296024585
4296081452
4296083840
4296163400
4296180228
4296294530
4296638528
4297065091
4297147424
4297198594
4297327888
4297589536
4297596940
4297656336
4297854977
4298113346
4299163717
4299164808
4299166738
4299178288
4299554828
4299694113
4300734484
4302356480
4303356046
4303375376
4303422536
4303425556
4303519747
4303620353
4303749168
4303882276
4303888450
4303913488
4305592576
4306507776
4307550656
4307625984
4308600320
4311753733
4311755016
4311777356
4311779458
4311826442
4311880712
4312268825
4312801328
4312810752
4315545600
4315941392
4316004481
4316205312
4320134178
4322246784
4328521956
4328524300
4328527875
4328530196
4328599560
4328669202
4328686720
4328816705
4328850048
4329047120
4329834512
4330656000
4333371904
4333768832
4339008064
4345307650
4345872384
4351591424
4362076562
4362143810
4362207524
4362209289
4362342496
4362412033
4362633222
4364189776
4365222920
4366305312
4366798856
4367319297
4368564224
4370469504
4371005441
4380983297
4395630920
4395697156
4405198848
4429191440
4429230592
4429251152
4429971474
4430266632
4430364816
4431286432
4431347721
4433477634
4433514560
4435746816
4437590530
4437835844
4445962592
4454354945
4462740738
4462807072
4463017992
4496293909
4496294440
4504716288
4513335296
4530372736
4563403544
4563409088
4563468612
4563583232
4563698178
4563943568
4564717576
4565512208
4565518340
4567618048
4567924752
4568155136
4568778752
4573364480
4588569092
4596957321
4597228544
4631568386
4641259520
4680843296
4697628737
4697753088
4831838328
4831840401
4831848192
4831895554
4832118848
4832428296
4834099232
4836179969
4848631828
4848747072
4849142784
4867498112
4869849120
4873781253
4883283968
4898961408
4899242240
4900012064
4901044740
4903142464
4966060044
4966122624
4968169728
4974577664
5100802080
5101323268
5102436354
5108678664
5268045840
5368709654
5368718360
5368815744
5368842560
5368972480
5369038852
5369368592
5369757829
5373509632
5377106464
5377163522
5377245188
5381586944
5385508864
5385519376
5385617441
5387649088
5402296354
5403312896
5404753920
5427429384
5436097024
5436350720
5436932112
5437919234
5502926922
5502929536
5503452192
5504000000
5505056772
5540675585
5637146672
5637161986
5654708224
5708447748
5905580448
5906104388
5906665472
5907679240
5926551554
6174016001
6442485056
6442516656
6442583057
6442586244
6442721808
6442991650
6444572673
6444810246
6445105280
6445662720
6450880516
6450971144
6459229056
6460276739
6463422500
6476006440
6480201984
6484983808
6510347264
6576677000
6577195072
6586105888
6593593344
6643847168
6711410693
6712983648
6715080714
6727731200
6745505792
6845366528
6979322050
6980763648
6983548944
6987715584
7063207944
7516205120
7516454921
7517244416
7583465472
7793016960
8589935708
8589936513
8589937030
8589938793
8589943562
8589969681
8589992976
8590002276
8590066826
8590094337
8590114948
8590141696
8590147650
8590207000
8590214658
8590299138
8590328208
8590468672
8590475277
8590479904
8590526978
8590593040
8590852129
8590992544
8591015947
8591049733
8591261764
8591508240
8592040034
8592048420
8592065576
8592102416
8592568576
8593686528
8594143264
8594145441
8594424833
8594464832
8595177618
8596226572
8596227392
8597012608
8598331924
8598342152
8598356320
8598364296
8598456354
8598585351
8598913156
8599376001
8599536640
8602537986
8602583080
8606720324
8606722051
8606990472
8607367432
8608219136
8608817792
8608957440
8609075264
8609859600
8610938914
8611432452
8615661568
8623491154
8623505464
8623817760
8623890944
8624013602
8624019464
8624119808
8624549890
8624572420
8624603208
8626110977
8627687952
8628749312
8631878304
8632172560
8633977088
8640275464
8640332048
8657044176
8657070084
8657174597
8657371396
8658092328
8658163712
8658240000
8659177476
8659206280
8659402769
8661237834
8661828608
8665448720
8665695360
8666095616
8672772096
8673984528
8674091040
8690602368
8690663427
8692826144
8724156677
8724157064
8724169032
8724226592
8724434960
8724447268
8724546624
8724746304
8725727264
8726388744
8728510976
8728895488
8732641280
8733851656
8740946436
8741978370
8745128960
8751415328
8762163202
8774486144
8791396354
8793359872
8824848448
8858378544
8858407176
8858435746
8858453000
8858509504
8858566676
8858632513
8858927620
8859420808
8859942978
8860476417
8861516320
8862564377
8862568580
8866807809
8867026944
8867284000
8868855888
8875165728
8879407616
8891928064
8908836864
8926007312
8927578114
8929804544
8942257216
8960344064
8992621570
9026142220
9126808112
9126818820
9126823008
9126828288
9126842528
9126937094
9127133193
9127338114
9127593216
9128118274
9128902789
9128935442
9128968960
9136308240
9137569792
9139396864
9143586826
9143681028
9147908224
9151973440
9160393224
9160441984
9160493057
9193950208
9198109185
9213313024
9227468820
9261023313
9261154592
9262120960
9413066753
9433513984
9663682704
9663701376
9663746564
9663905793
9663943688
9664088064
9664249858
9664266264
9664735744
9664860192
9666428992
9668399105
9668985088
9672196864
9676262400
9680453744
9680454662
9680488456
9680716289
9688924160
9697239105
9697756288
9703555072
9730793490
9730802689
9732358148
9797894179
9800318976
9802088640
9831579664
9932112456
9933193232
9936568352
9974054914
10066331904
10200547650
10203694080
10208935972
10267787272
10469056512
10737418789
10737419538
10737425472
10737483969
10737590304
10737618952
10738475088
10738485249
10739520002
10740695296
10741615232
10742169608
10743709744
10754981890
10762715140
10770980996
10771022080
10771238913
10804535305
10804560002
10805067840
10812919840
10872160640
10873765889
10880041984
10888413208
10942939140
11005984771
11006116868
11014308096
11140083712
11274436624
11274551872
11274879008
11275337740
11276396544
11811160232
11811192900
11819819008
11827941632
12884906054
12884923520
12885071872
12885427203
12886221056
12887130640
12887263264
12889096800
12889129220
12893356545
12895388676
12901695553
12901713408
12901748768
12906921992
12919504929
12920553482
12926869504
12935495684
12952011824
12952125440
13019381889
13019774980
13031702544
13153468456
13153871872
13155434880
13170114578
13288669184
13422822016
13428068352
13497270274
13572775936
13690241088
13962977280
13968080960
14042529920
14495776784
15032387604
15032460288
15033962496
15036858368
15066071104
15367930368
15569256705
17179873610
17179877729
17179885908
17179886220
17179910544
17179951177
17179969794
17179972112
17180000313
17180008612
17180017025
17180053536
17180098628
17180133389
17180143664
17180172804
17180268546
17180336136
17180401801
17180466176
17180656200
17180931584
17180968968
17180984456
17180991554
17181458624
17181575169
17181968680
17181970980
17181975812
17181983888
17182004225
17182360320
17182525444
17183539218
17184082945
17184145538
17184325924
17184329864
17184473152
17184653324
17185114272
17185144897
17186455554
17186685984
17188291112
17188325892
17188335744
17188540672
17189044258
17189306754
17190879872
17193009408
17193631752
17194573824
17196648529
17196652928
17196818434
17198744648
17198809602
17199022084
17200841225
17200914688
17205035141
17205561352
17209229360
17213425702
17213441312
17213448197
17213498384
17213949444
17213950224
17214341248
17214799876
17215619080
17217628672
17221812252
17222076480
17223910402
17233346688
17234432000
17238721024
17247142920
17247240262
17247250688
17247518984
17247638016
17248051216
17248223488
17249206275
17249665088
17250126336
17251303444
17255374920
17255432210
17256677377
17259566080
17263788224
17263821856
17264807938
17265852688
17280532656
17282895872
17314091216
17314113664
17314152864
17314226689
17314955264
17315139617
17315152640
17316196354
17316249620
17316446273
17318297640
17318348864
17322477072
17322606852
17325654016
17330865155
17330933768
17347641482
17347677184
17348821056
17381244930
17381457944
17385914369
17448306434
17448321122
17448337496
17448380448
17448665089
17448833281
17448861826
17450401806
17450402321
17452507154
17454600256
17456956424
17457233924
17465085972
17465214080
17466654752
17482908673
17486184480
17498701888
17515434112
17515947008
17536647168
17549000708
17582523428
17582530824
17583049216
17583833090
17716744326
17716751368
17716823044
17716872210
17717264929
17717301256
17717789204
17718083712
17718845520
17718904960
17720936064
17720954896
17721067776
17725147138
17726178336
17733529601
17733552160
17733779720
17750295360
17751349248
17756585985
17783853344
17788141568
17817927682
17852538880
17853055496
17863802880
17867751488
17918068740
17985439760
17985830976
17988337664
17993605120
18119393409
18253612053
18253625348
18253629984
18253742370
18253742672
18253777024
18253889554
18254139552
18254808064
18255741024
18258075649
18262134785
18262532112
18270946304
18271437057
18276681728
18278776898
18287170624
18287231009
18299748480
18320720768
18354413568
18387861513
18388353030
18388879376
18392027648
18404868128
18522048515
18522112272
18523103360
18538840072
18555863552
18725470208
18790531328
18792710148
18798936072
18840813584
18857853952
19327353394
19327354017
19327357964
19327395841
19327500294
19327682048
19327877268
19327905792
19328409640
19328565264
19329468480
19329720448
19330498565
19331616800
19335741540
19335758337
19344134720
19344163076
19344523265
19361042688
19361431617
19366150146
19394464770
19394535428
19394756640
19428016648
19461603968
19462225928
19465765136
19497222176
19553845248
19595838464
19599983108
19605229568
19662897472
19866321154
19872743552
19885719552
19898056704
19931332625
20402405440
20409484544
20417937536
21206401056
21474838554
21474839648
21474845826
21474869300
21474870017
21474902023
21475115041
21475435008
21475889412
21477064896
21479819264
21483274304
21483881472
21491613864
21491746820
21491884096
21492138242
21509480448
21516783648
21544050720
21546140162
21575518208
21609321472
21743534212
21744321088
21755854849
21779447808
21810446344
21894299648
22011777088
22015909892
22020096272
22045392904
22145925154
22550151176
22550676992
22615687233
22682992640
23622356994
23622402304
23690477696
23890894848
24159193600
24729616388
25769808930
25769810433
25769848896
25769887760
25769936968
25770001024
25770066144
25770594308
25770950688
25771950592
25772953608
25773998339
25774522448
25775309312
25778193473
25786581792
25786844176
25787170817
25796026368
25803391105
25805455428
25820151810
25841115264
25853689868
25904022082
25905070212
25946488832
26042468352
26105348129
26172604416
26306674840
26340237344
26374832192
26575110404
26845642882
26847756292
26877100296
26919075840
26977772544
27921613824
27925676042
28051769344
28219277328
28991554048
30064779281
30065065992
30065950722
30073161856
30102585344
30266097920
30602182656
31406952448
32231129088
34359739533
34359747154
34359747364
34359757332
34359759138
34359763112
34359771459
34359775370
34359780992
34359820484
34359854082
34359886432
34360002736
34360009793
34360072448
34360149120
34360263120
34360284161
34360320256
34360328229
34360426516
34360557577
34360789761
34360790034
34360840256
34360853792
34360862728
34360934403
34360952864
34361053189
34361380880
34361852177
34361870360
34361903169
34362097764
34362491394
34362884137
34362949762
34364016672
34364072193
34364200448
34364982464
34365005828
34366096392
34366586944
34368129348
34368131296
34368176272
34368290888
34368389665
34368585732
34368653056
34369456128
34369699852
34371403792
34372857856
34376519945
34376622144
34376647300
34376647938
34376667152
34376810514
34378752032
34379137284
34380710304
34381234186
34384914560
34384969731
34390179840
34393320448
34393366562
34393588740
34393686033
34394013704
34395472384
34395521344
34397487201
34397620228
34401697802
34402207745
34410070100
34411126785
34412171266
34414592000
34426880304
34426890242
34426912793
34426981888
34427056128
34427371624
34427961860
34428158032
34428949632
34428952840
34428960774
34431042184
34431221760
34431303683
34432094240
34435245088
34435760258
34437366272
34439495936
34452279296
34460402434
34460680224
34477211656
34493956262
34493957700
34494054440
34494226452
34494496792
34494611521
34495398400
34496061569
34496218112
34496319496
34498150668
34498156672
34502344978
34511798304
34527511600
34527512648
34527527296
34528068096
34561069584
34561328384
34561656832
34582036544
34628188161
34628207712
34628248580
34628436168
34628702276
34629223056
34629230912
34630275840
34632564800
34632663296
34634465300
34636630032
34638676992
34644951089
34645033216
34661728263
34661765136
34679030784
34695283265
34698952704
34728968320
34762924064
34764488770
34770780680
34801188864
34896626305
34896742466
34897134752
34897136136
34897399810
34897675272
34897698832
34898707459
34898739584
34898776068
34899755584
34900869138
34900938760
34904998184
34904998932
34905137664
34905604096
34913388816
34913391680
34913452168
34932262944
34963734848
34963755009
34964768896
34980495396
35001475072
35030839552
35031123968
35040264193
35097935882
35165077516
35166420992
35181830146
35433509376
35433529380
35433548928
35433549896
35433611410
35433758984
35434006562
35434340352
35434659908
35435085952
35435714560
35437684800
35437708304
35438199300
35442131970
35442921728
35446079489
35450259461
35450798144
35458646544
35467035328
35467069696
35468099600
35475554336
35518415872
35534671872
35567763970
35573989408
35576127488
35702964234
35722891264
35737575424
35769122816
35970359428
35970547968
36003905545
36039557136
36238804992
36507223562
36507292288
36507355265
36507619392
36507756548
36509364224
36511449094
36511547920
36511678504
36514564096
36515616770
36515644417
36515758336
36517707908
36524015628
36532912160
36540809376
36540843072
36541047040
36541300754
36541829128
36574335236
36574348304
36641718274
36643602688
36658217473
36775657858
36775665688
36776198656
36778016769
36793614336
36842768416
37048288512
37077647876
37111857152
37178310800
37320917056
37580967984
37581104128
37581228544
37582077953
37648072770
37983617028
38134644736
38654711848
38654795792
38654837128
38654968640
38655508484
38656287744
38656802866
38656813568
38656933893
38657163264
38658916418
38659032096
38663094353
38663364616
38671484048
38672011776
38672533568
38688261633
38692454424
38721814689
38721822788
38788956352
38789976066
38799933440
38805766148
38822617088
38923144448
38923207200
38924222465
38927343744
38931664896
38942015496
39124484096
39191576838
39208615937
39225151488
39329989120
39728452612
39728455683
39728480776
39729758240
39803947008
40802240512
40802385922
40803238160
40806387713
40904949760
41339068448
42949676065
42949677075
42949708352
42949713925
42949738510
42949804553
42949947520
42950001168
42950215808
42952032514
42953876482
42953884416
42953965696
42955571200
42958848064
42959110658
42966450370
42966982672
42972741633
42983391234
42985324688
43016802312
43017306369
43020978192
43083972609
43085989892
43092410496
43152056320
43219162112
43251679296
43293605892
43369365504
43486552136
43491000324
43521147136
43757207552
44023415060
44090524192
44291850369
44695027712
45097158920
45098500096
45099779072
45143293952
45181108224
45231374432
47245197344
47269806336
47312142336
47378859016
47781578752
48320495616
51539610242
51539612944
51539673200
51539673864
51539748880
51539805185
51540132930
51540791424
51541442816
51541852168
51541969920
51543802001
51543842824
51548004358
51552191040
51556433921
51557433368
51560580100
51574211104
51577896960
51606722624
51607044224
51623502336
51673845764
51678150658
51691126912
51808112642
51808207360
51808329728
51809093636
51810140320
51849986304
52076478533
52076871712
52103741440
52244316160
52613350440
52613648384
52615970817
52747567424
53155463168
53687713792
53695741968
53737424896
53822358528
55840866560
55844077568
55868391426
55902208016
55968794625
56371479552
57982058568
60131713024
60137947168
60230206464
60263792656
60398501896
61220192256
62813900800
64424509956
68719479860
68719482115
68719501446
68719509688
68719526720
68719544648
68719562800
68719599617
68719619073
68719673357
68719743057
68719755338
68719775756
68719872096
68720001126
68720003968
68720009496
68720021640
68720148996
68720276480
68720563328
68720594950
68720658690
68720853760
68721067010
68721442832
68721582597
68721705121
68721754128
68721870849
68722622672
68722622986
68723671842
68723677208
68723681540
68723712066
68723737872
68723934368
68724261056
68724473857
68725784644
68725802496
68727866976
68727912448
68728000896
68728029220
68728195200
68728422529
68728918056
68730095624
68730232896
68732272640
68733108227
68736253982
68736255172
68736258820
68736328706
68736524297
68736647298
68736778529
68736862208
68737368160
68738388000
68739416065
68740579368
68741509120
68744645121
68744921120
68745175044
68750934272
68753082370
68753097857
68753170512
68753293349
68753686531
68754081857
68755130896
68755915008
68757782544
68758274564
68761420098
68761682440
68769811712
68769816736
68772036612
68786591874
68786598432
68786618403
68786651220
68786656264
68786684288
68786717448
68786753600
68787111941
68787242016
68787642497
68787654912
68790798848
68795023368
68796025856
68799430672
68807558145
68820140305
68820403264
68820688896
68826431496
68853712908
68853720576
68853826066
68853837828
68853959682
68854448128
68855791878
68855863296
68856316480
68857954337
68858972160
68862149636
68870475842
68870537856
68887314456
68888297506
68889378944
68891575296
68920803401
68924211200
68929200130
68937580592
68987912672
68987912748
68987921544
68987931712
68987990080
68988010506
68988256260
68989108256
68990014468
68990533641
68992237712
68992634882
68994205728
68996305424
68997644288
69005739520
69008916484
69022056960
69022515464
69038506000
69055283458
69057118848
69071994880
69122170896
69123702788
69126586880
69130649664
69222797312
69256352265
69256353860
69256413476
69256478920
69256872972
69257166880
69257414672
69257659393
69258518536
69258577152
69259526148
69260542544
69264736900
69264801857
69266833456
69273158672
69275224066
69289943296
69290229762
69302489088
69306695688
69323458600
69332369664
69340241984
69390567681
69390570528
69394768000
69407604740
69524783125
69524836352
69524916736
69533172738
69560434752
69793221186
69793284115
69793318944
69793370114
69793423872
69793743408
69793775876
69794268480
69794275348
69794349184
69794797568
69795328128
69795906560
69797415041
69797675014
69801640016
69803721216
69805809672
69810128912
69810327552
69826774026
69826809857
69860328964
69860630528
69928222848
69928485377
69944262656
69960990788
69998739712
70061662242
70061918216
70078431297
70128779280
70330093840
70330621953
70334301184
70338871296
70430752896
70867001864
70867125250
70867222804
70867223043
70867255488
70867378176
70868144129
70869066016
70869254208
70871203872
70872204296
70875349154
70875369476
70879019008
70883739784
70883754242
70900519008
70901661696
70908912640
70935118352
70951403520
70967623686
71001178245
71002243136
71009599744
71135462432
71136454656
71137493010
71210893313
71403843586
71404880256
71408156676
71420609056
71437912064
71473053696
71806484488
71940703376
71941226568
71942801412
71995228160
72075051040
72209138432
73014451712
73014452928
73014460677
73014583306
73014593664
73014756352
73015003144
73015525394
73015690240
73016017056
73016545352
73016606852
73018704392
73019949120
73020735505
73023098882
73033581056
73048080448
73048526852
73056387216
73081815176
73083652352
73090007072
73099378692
73115140608
73148735744
73170157568
73283272705
73299681280
73350512704
73417097346
73551839746
73560760320
73568096384
73618554896
73823944960
74092384288
74096575489
74121750528
74359767040
75161929761
75161944088
75162583296
75187093568
75233239040
75298243584
76772605952
77309485200
77309510720
77309673522
77309676036
77310464576
77310484488
77311511680
77312032788
77313606024
77317808161
77317816512
77318848772
77319962626
77322519040
77326483712
77330399248
77344145536
77345083392
77360267328
77376520356
77376529664
77393297922
77443639360
77444153354
77444678672
77460537345
77477184256
77577914369
77578387712
77611434016
77846298627
77846941696
77851525152
78047674368
78114979968
78383186560
78385250561
78525763584
78651720704
79456931856
79456977408
79459254280
79524136960
79729524800
80531685378
81604378960
81605230592
81606516736
81608574978
81671491585
81738612768
82174804992
82678120460
85899346115
85899387936
85899608720
85899740164
85899880450
85900394572
85900394800
85900952064
85901770784
85902630912
85903544325
85907743488
85908262976
85916144640
85916254528
85917435904
85924610048
85932900740
85932904466
85933424680
85966489616
85966520833
85970649184
85976940548
86033580049
86034089216
86067388416
86100803712
86167916552
86169911552
86173089792
86436233376
86436380673
86436806672
86440411146
86973112384
86975184920
86977937408
88046829833
88059414528
88063614992
88181112834
88316051456
88583701568
89187684352
90194444832
90196426754
90198540416
90244644865
90336919560
90462749712
91268317440
94489282056
94489313286
94489350400
94497800208
94556667904
94629789696
96099895296
103079217163
103079219348
103079248401
103079249160
103079477633
103079805186
103079878784
103080534018
103081852960
103083413824
103083417648
103083936768
103085899776
103089704961
103095992904
103098155024
103112777740
103112905216
103115916288
103116963970
103147110912
103163117696
103213435424
103213760576
103214481544
103272153088
103280574468
103347685504
103347781892
103347916832
103351861256
103481869313
103616153088
103616348184
103634436096
103750451200
104155086850
104169742592
104220196865
104430305280
104689827936
105226700880
105227747364
105235152904
105243739136
105260269569
105361444864
107375247872
107386765316
107391123456
107407737120
107441292290
108582141968
111669167108
111669346336
111685933056
111738355776
111937593856
112214441984
112776708096
118111600768
120259102976
120267474048
120275861538
120292671552
121131499520
121332891652
122408665600
124554063872
128850067457
137438954440
137438962737
137439004740
137439019066
137439023619
137439085108
137439101208
137439218000
137439232164
137439511696
137440007178
137440008240
137440136320
137441116421
137441282048
137441644552
137442140161
137443160194
137443180648
137443283232
137444204808
137445311040
137447346449
137447353856
137447885056
137449574404
137450226688
137450488576
137455736904
137455797764
137455798560
137455993378
137456074816
137456255020
137456271873
137457861888
137464414209
137472518273
137472533000
137472648196
137472770059
137472787472
137473035266
137473622176
137474606720
137478930448
137481965568
137489680384
137493479429
137506064929
137506069508
137506079298
137506132288
137506138128
137508159778
137508684304
137510298624
137523494914
137540698114
137573236876
137573250048
137573695764
137573701633
137575278624
137577512964
137589948577
137602533376
137608888322
137623511104
137707503648
137708503560
137708974080
137711591968
137712894976
137715910657
137728360720
137749397508
137774759941
137793376256
137841738112
137841872960
137842673664
137975957516
137976154624
137976225920
137977397272
137978069056
137980018864
137988456448
137992628224
138035068928
138046144512
138047127812
138076488736
138110107744
138111092224
138147790856
138177155200
138311368784
138512697568
138512715796
138512736784
138512958020
138513350785
138513907968
138515070977
138522460160
138523183120
138525278242
138529615872
138531569800
138546254368
138554646784
138579837060
138580394016
138596843536
138722411008
138781130793
138781167618
138814832640
139057958976
139586478338
139586617345
139588567556
139594826944
139595092480
139599544324
139608457728
139636801552
139653824520
139670323296
139721245184
139721965572
139855398928
140056231936
140123316229
140123836672
140391875584
140661243936
140664440832
140794396690
141733958688
141734052002
141734249474
141735756288
141738115716
141740736514
141744406561
141751222464
141759283200
141767999745
141770620932
141801169408
141809418264
141822017536
141868146694
142002397192
142035910722
142270792713
142304380928
142811856976
143881404993
143881421828
143881668736
143883501832
146029936678
146031018176
146031255556
146034133056
146037800978
146045665428
146070962184
146096030464
146100457472
146163122306
146230216712
146297749504
146303631360
146431541776
146566316033
147154010112
147639517696
148193149953
148746797058
149319319552
150323987712
150324920336
150491631616
151397599233
154618855443
154618954250
154619363376
154619486464
154623018008
154627245060
154652672256
154685932801
154686457984
154694451232
154753597504
154761494529
154895646864
154920814600
155173650432
155424133632
155694665984
156229443586
156767357184
157036904448
158947344912
159053250560
159182225696
159453020160
159987548288
163210331136
164282564672
171798696460
171798956038
171799740804
171802920961
171818876928
171866980360
171937890304
171941314624
172067143698
172067717248
172076564512
172083907072
172335596034
172338192384
172369379392
172603998465
173946175523
173946241044
173947748416
176094316544
176095757376
176638918784
177201020928
180388757584
180390727712
180397081600
180422705156
181466562568
182536134656
188978569408
188978578944
189012119553
191197347840
206158446689
206158566416
206160068609
206160544776
206162756097
206166843408
206184644736
206192181504
206192251008
206229798914
206292650128
206293041160
206301560864
206426872064
206695579904
206696349762
207232172418
207248950304
207769075720
208312209408
208574365824
210453528644
210453667872
210587648001
214765207560
214786121728
219320156160
223357698048
223472517636
223606743041
227633334272
234075717664
240518270976
240526688258
240618833920
