57527681
488293489
893067783
949392780
1164207074
1192505949
1233596730
1716463144
1915487958
2520859095
2700118739
2721605980
2764175105
3357378678
4408499544
4576833675
4594998051
5004513557
5125958688
5589125149
6118518080
6580168323
6624579088
6771442920
6980813674
7954512261
8133544710
8640382716
8736457664
8835647587
8927874862
9546296195
10129392651
10471563593
11130279940
11159035216
11501178440
12089005073
12097950644
12655568906
12938787906
13141553328
13990625753
14273259360
14669647950
15686805585
15773860246
16148816012
16803483672
17462560178
17549504457
17739163949
17872262865
18056712299
18347104066
18354792710
19002824873
19100947228
19135743015
19421774139
19678757548
19784823302
20691421379
20871218081
21879114396
22185815096
24033560910
24699409009
24817716769
24996029460
26393768100
26623279172
27140393064
27248063680
27939382106
27955434922
28119300625
28994440349
29679591748
31239733479
32757536454
33288935712
34551635620
34633798197
35036603847
35037580170
35106521973
35722497306
35775916145
36147355136
36557781155
36587882672
36854780162
36916995856
37621039420
37722716224
38236537924
38304744739
38714499990
38806334312
39418376262
39471823384
40203716170
40287512081
40399631540
41660531248
41943211150
43131482881
43512579342
44393633065
45449880965
45509255355
45702778530
45975913672
46200798248
47353290754
47907504552
49694675290
51652657809
52062029320
52632778501
53923075472
54266323993
54492572214
55835507156
57898705034
58176143397
58264666945
60008304672
60288303154
60369160492
60567904341
61746074122
64506336020
64695768102
66744257216
68729658661
68808792713
68839608750
69561513762
69661199589
69958705796
70039683636
70095850027
70133104404
70357493966
70842589457
71691678873
71821779010
73084274515
73628586200
74054781522
74273935840
74932821057
75182961778
76573856332
76911576456
77519155661
77746907440
77787104284
77999116395
78018669700
78995161377
79133934834
79466114498
80569320272
80658846848
81764042545
81890087748
81965164170
83767669152
84021635173
86105693191
86503633818
86529133124
86985924817
87021588837
88051001864
88231510941
88790276960
90242991618
90264587498
91421252226
92560900130
93264577798
94817491079
95085015664
97890337034
99155841049
99331122189
103099475316
104530804940
105023311890
105713506364
107536352404
108180276141
108525007395
109625093408
110308098569
112944945474
113022993989
113972207625
114359818503
116534908035
117080197174
120298451176
120403036505
120456293634
120984324097
121467462252
124052906944
124084879391
124825805187
125114127688
128853413433
129128491680
137524157875
138198157788
138274694732
138314111122
138595579032
139051297505
139879289161
140146339856
140925010272
141709808258
142036280605
142386676900
143098183855
144100628236
144371132450
145190421713
145542652580
146135451739
146168470570
146308223220
146957928209
147107163719
147139695378
148287308037
149319541810
149813397763
150696168132
151004186773
151398829396
151876403768
153165643873
154642438776
154812596434
155474791266
156135278752
156414123030
157111819348
159495430418
159619609152
159787144960
160016764940
160196219139
161661130888
162403475960
163361924521
163781450177
164968555024
165570257030
166129369144
167592690760
167639786278
170459138571
171897455811
173154132262
174239888080
174786838665
175223089544
175556796249
176111405575
176297398952
177177298848
178581105160
178785717252
179627379778
180995661852
181071779120
181781535368
182360494145
183750955649
185493108962
188990187535
189356357665
190098473867
191126914277
191770660930
192092848516
193663729780
198676425872
199381518853
202091160576
205101740051
206328641752
206465016499
206554980672
206566198632
207774601414
207796667913
208626044432
208943913477
209513893798
210495904688
210937282561
211584822024
212064824346
212613792380
214779865141
215474733570
221058872320
221465166978
223878530708
224715285578
226116247745
226699519025
226844921893
227841548992
228442538096
232235036929
233490874438
234893771032
237364131884
240649519146
240933428369
241256547595
241341872388
241744036435
241948984992
244952739870
246057615620
249209312790
250754384057
251275543182
251324175456
252102911012
253587622989
258109936138
261013768720
270591443298
