13745
23852
26466
26781
37864
39959
42585
43430
49467
52932
70046
74799
76752
82765
98934
137586
140092
142531
148574
150433
163344
176340
198419
198892
218560
236292
268116
268459
271077
279943
281208
296124
297795
317840
322593
329418
343172
352680
365858
393689
414474
436096
469513
529638
531225
532823
536232
558862
559345
572736
580130
591224
631585
640067
655979
658836
681225
705360
728074
730692
787378
789581
829972
856620
872192
935955
1052797
1056642
1058252
1059379
1065646
1079520
1082261
1084522
1095204
1117724
1157189
1264194
1279110
1312553
1312982
1323672
1361426
1411744
1451029
1461384
1574043
1575780
1594952
1656873
1708566
1714264
1740289
1842224
1867815
2103988
2105594
2109189
2115480
2115687
2131619
2132316
2151536
2154945
2163925
2165546
2175332
2190408
2201794
2229190
2231353
2242952
2280706
2310283
2359839
2362848
2495634
2525317
2557196
2621869
2634780
2648368
2722852
2820417
2889990
2901034
2917649
3147062
3168282
3189904
3216552
3284036
3309651
3418156
3424433
3476483
3679329
3735630
4199994
4200901
4213526
4223320
4228562
4229677
4252336
4261796
4261979
4283016
4311392
4325559
4329288
4368657
4424385
4456814
4460177
4471584
4493958
4538915
4593692
4655490
4721955
4745793
4755764
4789058
4794636
4884550
4988985
5112581
5244487
5245368
5282384
5294211
5314598
5317224
5378250
5384836
5390873
5570701
5783666
6031882
6292337
6312354
6367393
6390023
6430797
6441168
6549504
6562196
6572297
6588466
6821992
6947098
7373028
7866389
8398486
8405492
8408587
8454841
8457542
8468232
8474730
8496352
8504194
8521130
8522325
8544968
8558146
8570001
8593797
8651891
8653708
8672928
8676113
8750597
8814870
8914881
8915006
8925808
8934674
9048396
9184548
9240843
9307672
9440421
9462840
9474226
9486945
9507524
9634889
9704462
9831043
9970189
9995348
10028578
10317824
10487404
10488211
10524036
10526773
10568993
10626384
10752312
10757257
10813606
11026521
11043170
11142151
11551938
11665564
12585698
12595372
12624708
12718992
12730691
12780046
12861594
12878241
13124392
13140499
13172837
13639889
13894196
14684246
14746056
15728683
16678912
50479381
50481194
50889410
50889769
51643142
51643585
52495233
52496406
53225600
53502216
54006304
54694152
54830084
55316560
58810448
58892832
58923136
62915658
62916657
84133904
84279857
84281668
84512840
84943681
84945926
86016153
86016804
86183970
87180800
87298432
88145980
88147075
88618496
88654208
92551184
92800140
92801091
93601864
96493602
100847776
100958293
100958762
101013568
101069057
101778514
103286146
103287308
104861795
104862868
105194000
105464840
106438816
109183021
109185794
110641409
111198736
112207936
151134538
151136293
151286848
151322695
151323416
151437828
151535724
151538817
152123648
152346754
156238099
156239496
157356548
157844544
159535152
160073984
161482257
161482920
164106370
168263713
168325153
168559241
168560738
168824967
168826136
169025680
169886733
169888386
170430608
172019780
172097656
172098822
173042688
173114112
176226610
176228936
176562244
178555904
178791168
201592922
201595397
201695552
201916586
201918548
202023041
202138114
203555593
203556004
204509698
205529286
205530408
206194720
206734352
208683328
209819680
210060304
210765572
211832961
255869441
285376944
285483100
285484547
285589696
286982180
287908360
287969472
288359058
288360737
289498368
289689636
289931937
289932310
291518466
293618757
293619992
293900808
294750210
294786304
302268491
302269076
302297184
302572672
302645390
302647856
302876680
303071448
303072515
303370753
304243201
304693508
307245316
308281894
308284688
310382929
310385698
312672352
314714120
315688064
335680100
335681681
336351368
336527426
336650306
337117381
337119506
337649934
337651248
338051360
339845256
340001008
340002316
341885953
342034944
343966746
343968005
344527873
345004544
345055520
386940976
394330628
402862145
403185844
403187723
403346464
403391104
403833001
403833172
404046082
404754483
404758024
406864268
406865488
408191041
409273376
411087106
411306514
413214724
417366656
453120514
461381761
486736904
487096848
504373768
507545602
553730342
553731097
554139658
554201098
554852420
555222277
555223202
555753607
555756128
556044356
557944976
558105161
558105904
558912256
559090688
562069624
562072193
562700432
564527872
564665344
570462769
570463370
570753888
570966200
570969094
571029520
571179392
572723205
572798464
573964360
575669292
575670594
580012048
580133248
580911683
580913444
583032837
603992738
603993157
604536982
604539176
604594368
605144320
605290780
605292641
605749265
606142896
606144006
606742530
608456721
610296328
610407680
612681730
612765888
613581320
616564257
616564812
654311880
656179200
671158795
671159348
671359267
671361224
672281602
672702736
673054852
673232897
673300612
673337920
674234762
674234917
675496208
675807712
675810328
679494172
679496800
680297024
683770882
684066817
721424128
737148928
755253408
763494406
771889160
773881952
805401092
805724290
805836432
805836837
806371351
806371688
806691904
806783232
807666002
807666344
808092164
808550409
809534232
809536672
812187778
813703270
813846537
817961216
818545728
856227905
857739288
889195018
899719168
905990402
906242052
956302530
961290240
973472784
974194720
1008748560
1010892805
1090568357
1090569544
1090727960
1090995232
1091108915
1091109316
1092129026
1092371072
1092747380
1092749827
1092952322
1094722130
1094724617
1096056856
1099956617
1099959872
1101017728
1103139872
1105463300
1107366128
1107368195
1107460684
1107461170
1108279316
1108402196
1108627744
1109704840
1110442309
1110443530
1111695648
1112016480
1112017042
1113631232
1113981953
1115701518
1115703489
1116283016
1116477952
1116746753
1140925716
1140926562
1141506342
1141508800
1141932400
1141933069
1142054945
1142358784
1143246881
1143493376
1145098250
1145408512
1146175632
1147142789
1147143256
1149243977
1149245574
1149640714
1149791232
1152123024
1191318592
1191510025
1207985290
1207986500
1208586245
1208758656
1209073964
1209074257
1209188736
1210287616
1210390544
1210581187
1210581560
1211498530
1212158105
1212161090
1212719138
1216480096
1220593680
1220814336
1258569746
1259348064
1291847202
1298276352
1308623760
1312358400
1342215361
1342216248
1342317672
1342318614
1342718353
1342718534
1343821952
1344562180
1345405472
1346109704
1346573316
1346798112
1347162115
1347421120
1350656003
1350795528
1350871168
1352663828
1352665162
1392509736
1395818496
1426358278
1430276160
1457524736
1504198656
1510215692
1510506816
1543774225
1551958208
1610633420
1610634275
1610803208
1610919954
1611448580
1611669579
1611672864
1612743376
1613382784
1613562369
1614873921
1614875184
1614950913
1616123008
1619526308
1619528016
1620379656
1621295122
1624375556
1660985601
1665142790
1694502032
1707671552
1712455810
1719672880
1761708096
1763968008
1778386965
1786859520
1811980804
1812480009
1895973392
1912604036
1918386176
1946944544
1948385345
2017591306
2021687329
2098204672
2164371970
2164457682
2164457769
2164957196
2165122064
2165327264
2165328389
2165479456
2166621828
2168488106
2168489729
2170159424
2171093506
2171606032
2172657691
2172659908
2172981568
2173454368
2174767116
2181136714
2181138064
2181455920
2181989440
2182217830
2182218632
2182389769
2183140114
2183142529
2184258052
2184743168
2185249811
2185250980
2185311296
2187919408
2189457664
2189689064
2189690887
2190098948
2194149385
2214629763
2214629916
2214732256
2214732295
2214922392
2215792912
2216179713
2216558632
2216719362
2216804392
2217255488
2219196992
2219835685
2219838656
2223603984
2225078922
2225081364
2227259393
2227962882
2265976842
2267029537
2281713933
2281715858
2281849029
2281850408
2282508308
2282804225
2283012684
2283014529
2283864800
2283865114
2284109890
2284718592
2286002196
2286617601
2288156960
2290688066
2291182080
2291667232
2294285488
2294286602
2332033588
2334343168
2365588816
2371158016
2383020050
2415968905
2415969556
2416186393
2416188096
2417172490
2417517312
2418147928
2418149538
2418377472
2418577418
2420121906
2420122757
2420215841
2420661248
2421243972
2424769536
2424971297
2425356678
2425358448
2427191364
2466293776
2466578466
2500591873
2508198048
2517139492
2518696128
2569043973
2571112520
2583694404
2596552704
2617248544
2628911104
2684428401
2684429698
2684538886
2684633133
2684634320
2684817936
2684965121
2685436706
2685438092
2687639809
2688951304
2689402944
2690129926
2690647138
2692747413
2692749864
2693317640
2695006272
2696413712
2734711424
2743599362
2768289857
2768312324
2785020496
2795831296
2835391520
2836529176
2852716556
2856353921
2885684227
2898276352
2969568068
2972991488
2986346761
2995818496
3020431384
3021013632
3074425856
3087143296
3087548450
3221266840
3221267526
3221602321
3221839908
3222278817
3222280520
3222897160
3223339158
3223340609
3223982097
3225552514
3225552993
3225708546
3228050688
3229679708
3229682080
3230011428
3230958848
3231320066
3274178632
3276013952
3305259144
3306684436
3321971202
3326091276
3372291200
3372753409
3388998945
3394375680
3422572640
3424911620
3481274368
3506441474
3520077824
3523412097
3532129296
3556945920
3623962632
3624960018
3776975136
3783394305
3791798592
3791947808
3825207048
3832578048
3893888064
3900964994
4026601538
4030988308
4311785571
4311788296
4312150022
4312354976
4312531093
4312532290
4313858601
4313860484
4314010128
4315029664
4316070690
4316070993
4316271624
4317259840
4317577744
4320188480
4320200080
4320200717
4321722374
4323312648
4328542601
4328744964
4328915364
4328915538
4329190016
4329914392
4330131521
4330243104
4330653504
4330653707
4330954817
4332781908
4332785154
4336124544
4336955416
4337434787
4337437960
4342188036
4343211040
4362138113
4362273428
4362276128
4362605008
4362911840
4363425800
4363977856
4364435660
4364779538
4366303561
4366304294
4366427264
4367331346
4370474243
4370475556
4372711432
4373676545
4375838816
4412409368
4418797568
4429259526
4429260856
4429464512
4429465614
4429840689
4429841608
4430434848
4431585824
4432355331
4433117264
4433547267
4434200704
4434957316
4435477066
4435477889
4437578793
4437580052
4437632004
4437803088
4438706304
4488757248
4513083528
4513367041
4531953684
4547805440
4563427621
4563427866
4563698058
4563700816
4564603012
4565016616
4565587969
4565607426
4566024963
4566026392
4566561344
4567601685
4567602528
4567810088
4569039874
4571923508
4571924928
4572414084
4573628417
4576313920
4614002944
4618977289
4647436291
4649391108
4664068200
4715455504
4716560704
4731176608
4738121728
4765271296
4766040100
4831938088
4831938834
4832371762
4832760833
4833169474
4833939681
4833940236
4834344980
4835035648
4836049508
4836050186
4836237378
4837123073
4838293640
4840489285
4840491184
4840950272
4841349140
4841803912
4882440232
4884399106
4915749136
4920967300
4932583457
4933156932
4983029889
4987033632
4999622976
5001183746
5034278984
5041586560
5117706504
5126488608
5138030736
5167383689
5172137984
5234494017
5245243392
5368721706
5368723537
5368856802
5368858372
5369077772
5369266266
5369267616
5369636896
5369861136
5369930242
5370872089
5370874436
5373707280
5374607489
5376065548
5377429633
5379473922
5380249632
5381293252
5381294849
5419043876
5431771136
5455740994
5461246240
5469423872
5470425604
5521278984
5523931396
5536579714
5536620553
5570037921
5579083776
5654020609
5662314514
5670782016
5673058352
5705433112
5708513538
5755117568
5771363335
5775585280
5922637825
5922886208
5950177280
5972689427
5974863872
6040862768
6042028288
6144917504
6174286592
6442533680
6442534028
6442586296
6442586945
6443204642
6443249736
6443679816
6444556945
6444558658
6445143552
6445795344
6445862917
6446907587
6446910724
6447218693
6450872620
6450875522
6452158498
6455568400
6456100352
6492819588
6493440001
6526339122
6534930432
6547833600
6552551568
6593466626
6602883137
6610518288
6613368872
6643943428
6647988248
6728204368
6731925632
6744581376
6745507842
6777996866
6784557056
6845145280
6854017544
6945837056
6996102216
7008976896
7012877829
7019188224
7046824194
7047484448
7113539670
7113891840
7247921169
7249920036
7532970510
7535124480
7550014466
7558144576
7583597184
7583891521
7650414096
7665156096
7785156868
7787775104
8053203076
8057782312
8397012992
8606773508
8606810449
8606810764
8607244489
8607244838
8607536256
8607892515
8607894288
8608092178
8608964626
8609384456
8609661024
8610922511
8610926112
8611049568
8615363280
8615365889
8618311940
8620349448
8621524096
8623573521
8623599745
8623624219
8623626016
8624300044
8624709952
8625062186
8625063556
8626671628
8627946658
8627948100
8628347920
8630321281
8630962208
8631911177
8631912530
8632215584
8634045456
8634253632
8657084524
8657085202
8657137712
8657485833
8657830728
8657832100
8658096454
8658097681
8658381056
8659828784
8660263042
8660485184
8661369512
8661371909
8663404553
8665497623
8665501312
8666103938
8669647936
8672250112
8707425282
8707514500
8724174342
8724174921
8724277250
8724547137
8724547880
8725209118
8725210016
8725823680
8726847505
8727954688
8728412818
8728413260
8728659200
8730468388
8730710208
8732839953
8733065624
8733067809
8733753380
8734775298
8774553640
8775567361
8808040834
8818008064
8824818736
8837595136
8858383442
8858489864
8858517617
8858520076
8858833056
8858927133
8858930048
8859681378
8859682192
8860635393
8860870720
8862900230
8864203009
8865719304
8867366976
8868904966
8870428832
8870954754
8870955156
8908704904
8921841664
8942331905
8946454800
8959033761
8960741376
9009366308
9014755328
9026167056
9026733058
9059733636
9068101672
9112387584
9126855242
9126856756
9127072641
9127072872
9127396116
9127396513
9128055048
9129206024
9130033232
9130479619
9131009728
9131010090
9131425872
9131661440
9133884420
9135366147
9135408132
9136242993
9136245254
9137318016
9177138260
9181675520
9210888768
9213837352
9228001793
9233760274
9279914241
9294872582
9302975496
9328132305
9328988160
9412055074
9412411397
9430909984
9437315712
9476243456
9530541568
9532080200
9663873573
9663876176
9664205153
9664205450
9664742147
9664742500
9665124353
9665520642
9665925160
9666338948
9666834704
9667905044
9667905736
9668280452
9670050818
9672073666
9672075800
9672884264
9674262529
9676587280
9714083328
9724493858
9747601920
9750184961
9764880464
9772991492
9819127841
9823064132
9831498272
9837740296
9865166914
9866313864
9949677584
9950003272
9966059778
9982464001
9999245952
10002368516
10066400000
10068557968
10217326860
10226810880
10235413008
10236205120
10267791380
10271867168
10334766354
10340081664
10385752064
10468984963
10477907968
10569744384
10737442979
10737443412
10737713604
10737716744
10738086146
10738155544
10738532532
10738534208
10739269697
10739721248
10739861508
10741618056
10741619203
10743219232
10745020674
10745938482
10745940105
10746370052
10747916353
10752131096
10787752288
10797580288
10827595844
10829710080
10838082633
10842574848
10889199626
10905719360
10915676292
10940852232
11023287808
11024736640
11042553873
11043668488
11073159428
11073241106
11141394432
11295784977
11307855908
11308042242
11341563008
11350311008
11412832772
11510235136
11542725646
11546976256
11702173696
11827938360
11832360960
11845271555
11878271249
11887775744
11945379878
11953922048
12081725536
12088246785
12285640704
12348574208
12350193800
12432187392
12884972120
12884972805
12885067032
12885068384
12885172592
12885174914
12886409284
12886499472
12887359632
12887543876
12889620870
12889622025
12890165281
12890243082
12891233280
12893307525
12893309218
12894481408
12895780897
12895920138
12936299072
12937855248
12968789216
12973899776
12985639176
12986875907
13038125068
13044318722
13052674149
13053087744
13088330016
13091473920
13170116678
13178789888
13186933252
13188993154
13221036576
13230932048
13287882761
13291782192
13438550170
13439180800
13456408736
13459652865
13489161728
13491011589
13555993732
13569114112
13691262992
13975556480
13976477701
13992199313
13996986368
14025755658
14038376448
14093648388
14094967872
14176829440
14227079340
14227783680
14404288512
14495842338
14504034376
14787018752
15049429536
15051325443
15065942044
15074443264
15099517056
15100027908
15167195392
15167783042
15221137408
15300824097
15313539072
15385788416
15570313736
15579743488
16106406152
16111370320
16777220097
17196672524
17196673283
17196941581
17196942944
17197568288
17197748360
17197761802
17197762705
17199028736
17199268421
17199269040
17201561736
17201930528
17202987028
17203331138
17205166305
17205169170
17205628948
17206095938
17209305600
17213473287
17213475864
17213690306
17213690917
17214013978
17214016704
17214615592
17215267392
17215549572
17215627536
17215652131
17215653396
17217771521
17219059984
17219797568
17222379521
17222862176
17222862986
17226104872
17226793092
17247077425
17247078414
17247511428
17247511626
17248112643
17248159105
17248159796
17249079573
17249081024
17249362000
17250666624
17251373136
17251475459
17252749576
17254056480
17255424264
17255580192
17255629382
17255631912
17259726976
17297312416
17308450816
17314206224
17314283549
17314284642
17314519104
17314616401
17314617484
17315153044
17315154696
17316356102
17316448002
17318613249
17318682784
17318887430
17321435664
17322484266
17325654273
17328244800
17364583552
17368877064
17399054404
17400086538
17414752577
17424453632
17448326913
17448327252
17448544288
17449164929
17449361689
17449362594
17449455936
17450435880
17450437137
17453163010
17453302080
17453711372
17455648897
17457037324
17457217746
17457221124
17458860546
17463003168
17500742720
17502847106
17532191074
17533640704
17549296896
17553686545
17599381537
17599565968
17618239624
17624498196
17652264960
17716781225
17716784642
17717215297
17717432344
17717526644
17717527944
17717793188
17717795849
17718460674
17718854194
17718854980
17719042688
17722263556
17722540672
17723359256
17725195856
17725196323
17725274116
17729359937
17731428610
17767092320
17768251905
17800893442
17806919681
17821630724
17825809536
17868292099
17876128008
17884512964
17887412224
17968472064
18002052100
18007195728
18018893890
18019262752
18052354088
18060804368
18119395590
18128855040
18253693266
18253696005
18253746247
18253749408
18253901833
18254561410
18254995504
18255184104
18255185680
18255717192
18255717395
18257052164
18257883266
18260459529
18261018880
18262034056
18262034532
18262411520
18266849328
18303942812
18304581632
18337509412
18345902097
18354315456
18404608304
18414239744
18421916676
18433966083
18454975744
18459197960
18539353096
18543149313
18555613712
18556715014
18589157768
18599149568
18662555716
18757074944
18807260034
18810937344
18824233992
18830327968
18857918596
18858656320
18924838992
18924966432
19058917901
19061067776
19117899776
19327422665
19327425808
19327517348
19327517707
19327623310
19327624513
19327934482
19329253636
19330121824
19330499024
19330502176
19331594248
19331703044
19332862048
19335758886
19335760528
19338430472
19341049874
19342164481
19381944325
19386078720
19411799040
19415441552
19429294080
19478350402
19489103872
19495149640
19495161890
19528761728
19537592325
19612567596
19621134336
19629343329
19631837184
19663963144
19667095558
19730081280
19734333456
19781910528
19881396352
19881591328
19898835984
19902235138
19931359264
19933560844
19998442257
20001656832
20135281665
20145242248
20334280704
20417908816
20419182595
20434651908
20446199808
20468597776
20480786752
20535968008
20537444480
20669808800
20670064704
20755578880
20937967642
20946460672
21039157248
21093171200
21474874444
21474875681
21474976146
21474977313
21475165206
21475166536
21475377436
21475378818
21475999780
21476485122
21478638088
21479120913
21479342600
21481263140
21481660608
21484408849
21484568768
21485323168
21485325377
21487687682
21526249490
21533565188
21558792960
21560295457
21575515136
21579825162
21625831590
21626511360
21643723777
21646819616
21676163696
21678718976
21760049864
21762965504
21776828549
21785759744
21810430096
21810454596
21877654272
21878542346
21973958656
22028487188
22039052288
22045261913
22045626368
22078818498
22087999488
22148056080
22150127628
22280293376
22284599329
22383951872
22565627008
22569615456
22582919425
22583314496
22617801760
22620407812
22682845249
22691446808
22735228928
22817016354
22827638784
23089647888
23094887426
23169499136
23488692224
23640278020
23645389064
23655948448
23658496006
23689431561
23699951616
23740039168
23757325344
23760736896
23892066832
23899209985
24159748416
24160256129
24335482880
24444416000
24696062005
24696279040
25002278912
25769878083
25769878680
25770083108
25770085442
25770459793
25770460204
25770885688
25770888452
25772130376
25772175394
25772495232
25773096965
25774178338
25774534661
25774622736
25778197635
25778199360
25781602320
25782657096
25783452032
25820405777
25820665858
25853691992
25862438912
25870488072
25872629796
25922964480
25925518080
25937717760
25940721730
25971155969
25975586836
26056069636
26065502217
26071793996
26073153536
26107577346
26109575744
26172459232
26181763072
26323592448
26336034852
26340231568
26350256128
26373783819
26374877184
26440991008
26441040008
26575440384
26577215508
26659536896
26747080704
26860716552
26862436544
26885656576
26910654642
26911383552
26966228992
26979356672
27116191768
27120436256
27263016960
27380712449
27385135170
27592228864
27934064918
27935203328
27951383808
27955167424
27985969666
27986755713
28056748041
28059927616
28135526400
28185821314
28186251312
28454160453
28462829568
28506619904
28993131524
28995232288
30081569808
30085775489
30100685832
30110908944
30141317132
30198990867
30207455232
30334780480
30337411328
30383734784
30601777666
30604265504
30753947648
31139627648
31140643074
31708962816
32212254826
32212688896
32617021440
32820494336
34368137569
34376589845
34376591498
34376797204
34377171331
34377174112
34377597451
34377599424
34377962048
34378100868
34378657832
34378699024
34380862466
34382808101
34382809624
34385470466
34386739472
34389180548
34389491752
34393416200
34393490082
34393491736
34393822723
34393823648
34394358162
34394359884
34394940672
34395653190
34395654689
34396053540
34397519902
34397523009
34397774016
34399596561
34401992740
34402828305
34403385536
34403914248
34406143232
34426917029
34426919442
34427011468
34427013155
34427068674
34427117622
34427121216
34427523137
34428469272
34429289088
34429993556
34429996296
34431567172
34431568009
34432369696
34435380256
34435797632
34437406744
34440511746
34441789505
34481383680
34485829762
34494038232
34494040612
34494091310
34494094593
34494144608
34494840850
34495303940
34495529289
34495531664
34496062092
34496064546
34496627201
34498196608
34498413579
34498414928
34503721056
34504589572
34505032832
34506678290
34507592193
34544820248
34546417922
34579945536
34586296577
34594718724
34594898184
34628214931
34628217868
34628775970
34628960849
34628963458
34629227312
34629228611
34630287420
34630290240
34630602824
34631516544
34632500376
34632501540
34632992256
34636836869
34637758498
34640805960
34641289600
34678505700
34679439360
34712061824
34719924224
34728976464
34730999811
34779465760
34788605964
34795946757
34799112192
34829501537
34834092032
34896635044
34896635986
34896847888
34896904418
34896906265
34897535296
34897723450
34897726209
34897825921
34899232544
34899232964
34900807977
34900811268
34904080898
34905100300
34905334274
34905800833
34908148032
34911306768
34947106820
34955396128
34980634633
34981023792
35002585088
35047604628
35049259008
35064528899
35068584480
35097936706
35101351936
35181844608
35194404867
35198600776
35205185536
35232203296
35233334276
35299299408
35299336456
35408838656
35433578601
35433580692
35433828358
35433911304
35434013904
35434015490
35434661186
35434662440
35435582050
35435583501
35435979280
35437690965
35437694336
35438526624
35438993665
35441922305
35442475536
35444129952
35445022726
35447637000
35484866576
35492724741
35517366554
35518521344
35534144680
35539025920
35584496136
35584638993
35601647744
35611738192
35635873794
35647389732
35718705472
35721052289
35735496736
35743891970
35769046032
35769614348
35836133794
35837845504
35988439076
35991453888
36003979332
36004691978
36045882432
36089889280
36104570497
36111388672
36240952320
36248223888
36507243396
36507244593
36507616417
36507617354
36508279490
36508281108
36508864592
36509353160
36509354502
36510113795
36511482257
36511484968
36512076320
36512235784
36515811331
36515913808
36516741384
36519969796
36557554956
36562845696
36591108712
36593631232
36608035840
36616278084
36662937604
36666737280
36675069953
36684432386
36709078024
36709630112
36792569876
36793549825
36809224328
36813930562
36842866752
36855349776
36910203012
36912496912
36993785856
37060871698
37067235328
37079220257
37079875728
37111988740
37115412610
37178362112
37188796425
37228908544
37312670208
37321179424
37598071296
37606146114
37614518809
37616717824
37650696224
37656469633
37715451944
37719409216
37849400868
37855838208
37951373312
38117835015
38118912000
38403604480
38654757032
38654972179
38655296392
38655298577
38655832073
38656041476
38656180272
38656934248
38656937600
38658408578
38658909968
38658910215
38662112320
38663123074
38663504960
38663782409
38667358256
38669910532
38705062913
38705107010
38739134976
38747013140
38755369665
38758256640
38805702212
38812270592
38822517248
38835060872
38856033426
38860824576
38944284672
38956794144
38958268436
38991308928
38998642952
39057557506
39208391936
39211499537
39226444800
39233536768
39263012880
39269171234
39326188040
39326351396
39460012678
39462658048
39544225792
39745225392
39748042752
39764107648
39767244834
39795581000
39795949573
39862994176
39863718080
40001341448
40005795936
40200339456
40265319452
40269627392
40424710144
40567443456
40819499296
40820277384
40840396800
40870412294
40871411969
40936407587
40938647552
41070624845
41070940160
41131442176
41339590658
41347514560
41439764480
41746956288
41877014529
41884451088
41964015616
42044243968
42949710405
42949712138
42949813770
42949814448
42950002224
42950002881
42950214368
42950215941
42952053761
42954916620
42954918930
42956161044
42958782752
42958852162
42959130644
42959151240
42962330625
43002232897
43004203648
43033825292
43034624129
43052468352
43059773984
43100668018
43101134848
43117446592
43123474432
43151147536
43153620998
43234968066
43237016592
43251734532
43260313624
43285217482
43286044672
43358619649
43360723520
43505682434
43512234504
43520098445
43520675840
43553736712
43562049796
43621943360
43755634706
43759239264
43806367744
44044935168
44056969524
44058230784
44092686656
44094980610
44158192640
44166086666
44258308096
44291851529
44297129984
44384256000
44560450304
44562391073
44963217408
45113949184
45122355233
45130982144
45132824586
45164266786
45169647616
45215186944
45231375381
45235654656
45367166984
45373998208
45533528064
45634027864
45635436544
45971673088
46171164816
46171553860
46325039104
46753906688
47262533664
47274000704
47278729280
47286714374
47311749177
47311982592
47378899201
47379923976
47514255873
47515435268
47664595072
47781512259
48320497680
48326776320
48369008640
48923934720
49392681488
49602101248
49945919488
50734374912
51539621126
51539622529
51539756336
51539757190
51540165765
51540167240
51540919384
51540920610
51541771785
51541772400
51544162372
51544346768
51544875018
51545047073
51545936640
51548455056
51548545092
51549184768
51550388234
51550621729
51589940048
51593412608
51623576640
51627819524
51640811554
51641327621
51691656224
51694805057
51707379889
51708104704
51740977168
51749453896
51825412352
51833217072
51846842880
51850118145
51875432449
51885637764
51925516296
51942310914
51946979368
52093255758
52093575168
52112140296
52118425618
52143587992
52146307072
52214958208
52219347972
52344914369
52346753024
52498137088
52634355714
52640613632
52647183872
52651102280
52680459041
52683739136
52749754368
52832239616
52881982016
52882080016
53150877697
53158625320
53319073792
53489967104
53704409097
53705969794
53721434128
53729067392
53754540032
53821309284
53822767104
53928263680
53955527434
53958713344
54224098368
54228189232
54317285376
54761423874
55171878912
55851489288
55860003329
55868129836
55870406656
55902766592
55906140544
55971940356
55977705730
56103081088
56109301778
56271052800
56371642628
56372502624
56426496000
56572792832
56908316811
56908886016
57017434112
57194594304
57986271296
57990456328
58133151744
58318258176
59595030528
60146319784
60148056064
60163138592
60167356674
60200851488
60205564944
60264055424
60265861144
60314107908
60397977639
60398137344
60600353024
60669559936
60683259905
60767469568
61203556356
61212721217
62279256320
62285480452
62948646912
63417925632
64424509652
64425377792
64508403714
65238237184
65636794368
68719481555
68719496370
68719545953
68720018965
68720658447
68723680011
68723681396
68723687657
68727901968
68736260684
68736413825
68736620545
68753384450
68756709394
68757397634
68762046466
68770927620
68786604362
68786802700
68786905220
68787702148
68799832068
68822279176
68825399302
68832723224
68853728581
68854009896
68865241096
68883087369
68920838792
68938109188
68988252432
68996874288
68997546512
69006266385
69021532213
69122301976
69123721220
69256581216
69258060320
69270061088
69294245376
69298683938
69407355408
69531205680
69541634208
69793483045
69793632336
69796569152
69807112258
69816291393
69870829636
69927572100
69928288328
69935827980
70065946704
70097831937
70197977602
70332186670
70867529888
70867894656
70870696065
70873254784
70879879296
70883741735
70934398020
71007731729
71018004624
71135988226
71143792968
71206830089
71270006880
71403963684
71404355786
71943066120
72016232482
73014978945
73015268096
73015522560
73017917728
73029173504
73048006734
73082619921
73117336096
73165834256
73283993794
73358802944
73551904775
73552495760
73587034240
74004299780
74625095684
75162976538
75170321488
75785306112
77310644736
77329596929
77378630148
77445808648
77577851433
77846368386
77846555664
77856801312
78181827904
78383456832
78390100480
78417766528
79459519552
79474725056
79859548419
80698474512
81606477330
81730211840
81872953378
84322549824
85902369792
85915075588
85968849152
85969600585
86035170312
86041961856
86167913668
86169961488
86171978762
86243287553
86440940576
86637674529
86973186433
86977307712
86998780032
88051548752
90198737920
93617913856
94493476113
94531239969
94724685952
97443250176
98851504384
100126691328
103083853824
103085023296
103088400392
103096271169
103098188352
103104385794
103127451650
103154714832
103221854342
103234470928
103358400000
103620821004
103716750353
104156152832
104169874436
104220262448
104757203200
105228821024
106065641472
107383620168
107407753328
107785240577
109526385792
111703757057
112424157184
113821089828
116505194496
120267496448
120326230082
120394416642
121335447572
122406707217
122407620620
123530641440
137438973265
137439045249
137439055240
137439120018
137439226138
137439478492
137440068065
137445247118
137447375051
137448391506
137456408580
137458000897
137464197153
137477537794
137506590735
137522860178
137525026820
137528119297
137548046342
137584214028
137590345737
137591095344
137607055620
137607938058
137613090818
137649719320
137710604308
137712632881
137740954178
137778839572
137808217600
137841788929
137850258696
137858386564
137987621920
137992606019
137996943393
138009641107
138014105672
138043065456
138047136129
138051342372
138118627368
138182393890
138253008912
138515218752
138529478149
138581643328
138615719938
138646958152
138781197458
138781458532
139049962500
139058241600
139596017792
139605575745
139613798528
139654087201
139788035200
139859755136
139865382928
140664394256
140694850560
141735280897
141744607488
141747560712
141767479350
141784254672
141937869440
141943652418
142003085328
142019183648
142044364810
142270964000
142312740865
142539309440
142808713478
143344536200
143614050368
143881476192
145508859920
146032568832
146041573888
146063519746
146172822016
146297391408
146303877648
146331664576
146586764296
147236848005
147375267905
148178616960
148377796609
148444827968
148714815872
148849557552
150327001225
150361621508
151330496512
153645744160
154620335104
154625410176
154631996672
154639797316
154686735364
154755399784
154757256200
154761969824
154887651378
155088584835
155189329940
155290568192
155743035394
155826782742
156096530432
156766605825
156799861048
156901581058
157845291140
158947901576
163586246656
164282570760
164283679008
164318151169
165356568656
167570837569
169676898304
171798741318
171801159680
171807080733
171818631264
171825039361
171840646272
171899392272
171941332512
172076046352
172337797152
172885084224
173325419520
173946783872
173949846532
174013284435
175758245888
176095761418
176098525440
178275746112
180391641096
180405404806
181068107904
191415713792
198109577728
206158693926
206161330752
206162899969
206166976514
206168135936
206175666816
206194147416
206198804484
206209418496
206217445440
206229078020
206236614688
206259093860
206259292161
206309425953
206309463042
206311530688
206326227460
206366051328
206456242688
206462550176
206511014928
206566391816
206712111125
206766899712
206838431762
206846314504
206864121921
206963868163
206964002948
207233761290
207240572948
207266284048
207269922856
207307800960
207316066824
207367439520
207500902409
207517519904
207769641216
207772190736
208308146242
208310141004
208314836480
208322692233
208322961668
208339489824
208339533958
208349954305
208374112272
209916527200
210457727496
210470699064
210520838146
210591809684
210721901572
210789991168
210856579136
211008102402
211529257088
212600930818
212602060833
214748401816
214749003780
214757412865
214765185056
214817587203
214819733696
214882585168
214887170050
215026237508
215285374988
215838900496
215855662146
216901109760
219051984000
223338645536
223340462852
223356715072
223359275392
223373049984
223405939200
223606745232
223607292162
223875303744
223917113864
225754234885
227704578080
227775907840
228707009800
232062455844
240518262848
240524591233
240553041952
240585810050
240653172741
240653570064
240805478664
241055368200
241591929345
241864540166
242665881856
243210913796
244897153088
249377063968
253436690944
258772041920
266298466304
