280582
795168
4327520
8388698
16876096
34079747
52559880
134234760
134353153
268615696
274736128
303042564
411107360
537993218
539234432
1075445888
1086329344
1090543617
1107363856
1744864256
2148549664
2189721600
2684356872
3290431552
4297097504
4304406529
4312007696
4631035912
4831969796
6446710912
8611954944
8657076353
9663676460
10737946640
13052682240
17179939848
17184620548
17280533248
17315397696
17465084032
17716740145
25780305920
34359785472
34360344832
34362884624
34364194825
34435367936
36658216964
43754979392
56908316674
68719478208
68736258082
68786593812
68856317952
69294112768
71135396353
77309870080
137441116165
137644474370
138001514496
138781393152
141733941312
146028891648
156766445568
171832246432
206159511560
