47889
39340065
50865360
67388586
81846336
135102537
163581192
297467904
310646850
504399360
540279408
572688520
608764800
688918659
809645088
2156003809
2199929602
2350979104
2504261649
2692842514
4320428676
5906251842
6477189140
8591051278
8665961477
9665855633
17185538306
17263891016
17323008546
17481924920
17733871616
19330507785
19596365952
26843581536
34360874304
34366558234
34460606467
34510913584
34764759424
35173450249
36508143104
41943073032
51616155792
54395928640
68920803670
70066897096
70363907329
79600828416
90328728704
103617699844
107393058881
111702708896
137709518887
138680496136
144149914176
146113831200
146968938512
154623034900
159461150976
172885344288
