394757
592138
1118245
1507600
1573913
2236442
2363654
2823168
4198744
5374504
6304257
8397476
8963136
9580608
10485845
12060800
16925264
17346564
17837312
21037828
22282370
25235600
33653152
33830928
35671041
37765220
41964288
42795012
48267266
52953360
67110290
67437090
67636260
68339712
71313600
75500056
80806912
83919489
92275040
100794417
101974088
134220385
134548608
134742405
136368256
137109568
138420514
142606538
151028784
167904576
171967120
205918208
218644488
268473601
268706568
269101057
270598848
274991136
277037064
285212718
303039620
319193088
335560771
338694160
402671888
403179010
478183428
536898050
537166858
537559808
537952464
538722336
541261953
549986312
555747400
570560524
603985472
604244225
671092755
677381124
771825664
826298368
1073763348
1074397408
1074792498
1075914756
1077969036
1078723840
1082171664
1084231720
1090785345
1107296779
1125203968
1142432256
1208188930
1220558849
1342226976
1384122432
1493180544
1610621985
1646526592
1745879304
1879638032
2147526696
2147762624
2148552714
2149662768
2150924800
2151683232
2152734740
2155873548
2164327427
2176976896
2181570690
2214789188
2223509505
2350909442
2415925764
2424569874
2434269248
2684403717
2734686752
3019899016
3321922560
3355705380
3491889408
3762290754
4295055424
4295229624
4297066272
4299702290
4303487235
4311949344
4312533504
4321214472
4328563264
4362084365
4372840448
4412411906
4430250500
4563437698
4733272072
4831850880
4835049474
4873782288
4903174176
5100535876
5368843272
5371363329
5570035792
6442618896
6461325444
6480461825
6710912000
7524647424
8590107776
8590463536
8590984002
8594130951
8598618145
8606730400
8623688192
8626642976
8644461576
8659173640
8724217884
8729952256
8757985282
8858447874
8861007876
8870953344
9126888704
9160884289
9211740164
9529589792
9663701064
9689366530
10200586240
10737421392
10738335752
10808738304
10888417536
11812208769
12886217728
12891324480
12952600704
13027518464
13170114577
13992198404
17179951238
17180264514
17180394060
17180958723
17182130212
17182294025
17184099840
17187225856
17196777864
17201365025
17213472792
17314100232
17323130896
17364420612
17382244512
17448312944
17449095296
17475568640
17725196320
18018730242
18291499008
18320789760
19327353617
19363008576
19411509248
19734265856
19865404416
20401637376
21474837697
21487423492
21609349376
21810512384
25769955329
25786679360
26039289864
26311131152
26979860992
32212254754
34359902281
34360018956
34360345089
34360860808
34361442310
34361835683
34368134146
34372584000
34376564994
34393358418
34418466817
34426875936
34427666448
34462499332
34504507648
34632500240
34712127488
34763702273
34896609588
34913911936
34935408640
35167182848
35433483136
35436627008
35601780736
36045979648
36641579520
37044424704
37597741080
38654804996
38688407680
38932054048
39728717826
40870347008
42949677252
42959126544
44027674656
47781511688
51557437952
51573425184
51610910730
52210712640
53695512704
55836674064
60130074880
68719486022
68719493417
68719577105
68719612546
68724023296
69093294080
80004251648
86982787072
107529371648
111736259585
137438978193
137438988612
137439056392
137439101986
137592176641
139763646464
147438436352
155225423872
206159216643
206161575948
206171013168
206208762048
206359757568
206963739648
209379667968
219043381248
257698234368
274877925000
274877940246
274878062852
275424215553
280520294400
281991970816
300756762624
317846716416
327491256325
343664754820
343732715584
344151040016
344673239042
345749094656
347925907488
378225561608
412318437632
412325520384
412455274504
412618915841
421443666050
448824082528
