4493443
25201185
41025569
50884609
67154024
67379733
84444420
92487688
100804738
134308048
136856616
153098306
268616096
268959902
273713232
302125636
328204546
369950752
547422370
574636106
675555360
739901504
806437892
1074398849
1074941970
1082396964
1312822272
1479803008
1612744716
2148124674
2148928768
2151679204
2156535856
2156990529
2189705856
2422739200
2449507337
2625636356
2702221440
2818573842
3225747480
4295758928
4299248160
4312074372
4496572674
4698186240
4832887096
4951376384
5109055489
5389689152
5444239504
5637147682
7551320068
8592502784
8595710978
8606716816
8608039008
8624605704
8626143424
8860484099
9194177672
9269465088
9730850886
10737443084
10808885760
11838424064
13025411092
17184997380
17191430144
17199005961
17213433632
17252286848
17315168294
17517642768
17741906004
18388355344
18538926080
19596058690
20937981985
21508456467
23622455432
25769810949
26050822184
34359809290
34372427780
34428964996
34504573696
34649409024
34762395697
34898715713
35483812008
35710844992
36524130311
36607885648
37580978688
38655754946
38726533129
40804581408
42958325778
43487068708
44024496385
47278343168
51539657240
51539806304
52111347712
60347654144
68723688721
68725777032
68755391494
68988196872
69071798465
69256643392
69273261088
69944230404
73190604896
75229111296
77318979716
77378619680
79222022144
79591899137
81621188618
85966983682
86974137416
88101357568
103099662352
103213468800
124822487300
137441091858
137460977676
137521004608
137715790976
138009379205
138043004944
138848240392
139067129858
144166633488
146029019225
147106842752
148209930274
150332834048
156768469508
159454888960
206158964804
206260191232
206297038850
211529240577
223338561712
243210911752
274881091072
274882104070
274928664592
275165224996
275457248256
275960045579
275987382528
277027489937
277042692680
279172923461
283870496064
284025749505
292074570882
306016682496
309238440320
310110093314
311524605952
343874273808
344675876896
412853887488
429766737921
447750341652
