16773
1590336
2245128
8655040
16777276
33754112
68159618
105119760
134256648
138944768
268469520
268706306
537231392
549472256
606085124
822214720
2148041220
2150891776
2172658688
2214727712
2315272194
3489726465
4379443200
4431282241
5368713744
6446645384
8594195008
8608813058
8624013345
9262071824
9663939588
12893421824
17179934986
18297651200
19327354960
21475893280
26105364480
34359877649
34369241092
34561066496
34630795392
34930168064
35433480290
51560611840
68719570944
68725769248
68728389650
68736518145
69794430976
73316433924
86436217472
137438956320
137472516168
137514483713
137712635904
138663690368
142270792706
154619740160
251255586816
274882232326
274929287680
275288948768
276489043976
283467882624
292057781249
313532891136
343664492864
412319023120
