13611
27222
54444
107147
108888
176181
214294
217776
352362
428588
435552
704724
805155
857176
871104
1106145
1409448
1610310
1714352
1720395
1742208
2137665
2182305
2212290
2384265
2495001
2818896
3220620
3428704
3440790
3484416
4275330
4364610
4424580
4653169
4768530
4990002
5637792
5775885
6441240
6857408
6881580
6968832
7356679
8550660
8591553
8729220
8849160
9306338
9537060
9716265
9980004
10626117
10780965
11275584
11551770
12882480
13714816
13763160
13937664
14713358
16959105
17067073
17101320
17183106
17345057
17458440
17698320
18612676
19074120
19432530
19960008
21047557
21252234
21561930
22551168
23103540
25764960
27328779
27429632
27526320
27875328
29426716
29622343
33651201
33918210
34134146
34202640
34366212
34690114
34800417
34916880
35396640
37224561
37225352
38148240
38865060
39133187
39920016
42095114
42504468
43123860
44058645
45102336
46207080
50336425
50338067
51529920
52584451
54657558
54859264
55052640
55750656
58853432
59244686
67302402
67371227
67836420
67962241
68268292
68405280
68732424
69380228
69600834
69833760
70793280
74449122
74450704
76087347
76153481
76296480
76845059
77730120
78266374
79840032
84190228
85001285
85008936
86114853
86247720
88117290
90204672
92414160
100672850
100676134
100682057
100829699
103059840
105168902
106955913
109315116
109718528
110105280
111501312
114819329
117706864
118489372
134604804
134742454
135041793
135672840
135924482
136317709
136536584
136810560
137464848
138760456
139201668
139493427
139667520
141586560
148898244
148901408
152174694
152306962
152592960
153690118
155460240
156532748
159434755
159680064
167971845
168380456
170002570
170017872
172229157
172229706
172495440
176234580
180409344
184828320
185401409
201345700
201352268
201364114
201404441
201659398
206119680
210337804
213911826
213913761
218235915
218630232
219437056
220210560
223002624
229638658
235413728
236978247
236978744
268501181
269209608
269484908
270083586
271345680
271848964
272635418
272638769
272740417
273073168
273621120
274929696
277520912
278403336
278986854
279335040
283173120
287834769
295206977
297796488
297802816
304349388
304349955
304613924
305185920
307380236
310419497
310920480
311430147
313065496
318869510
319360128
335943690
336760912
340005140
340035744
344458314
344459412
344990880
352469160
360818688
369656640
370802818
396365825
402691400
402704536
402728228
402808882
402957315
403046697
403318796
403771651
404227209
412239360
420675608
427823652
427827522
436471830
437260464
438874112
440421120
446005248
459277316
470827456
473956494
473957488
537002362
537319425
537398419
538419216
538969816
540167172
542691360
543697928
545270836
545277538
545296777
545392655
545480834
546146336
547242240
549859392
555041824
556806672
557973708
558670080
559940001
566346240
570566737
575668881
575669538
579145745
587302921
590413954
595592976
595605632
604266545
608698776
608699910
609227848
610371840
610418753
614760472
620838994
621840960
622860294
626130992
629145705
637739020
638720256
671252675
671760421
671887380
673521824
675351043
680010280
680071488
680526405
681586691
687903749
688916628
688918824
689981760
704938320
721637376
739313280
741605636
792731650
805382800
805409072
805456456
805503301
805617764
805914630
806093394
806625413
806637592
807543302
808454418
817909765
822157347
824478720
838909971
841351216
843842561
855647304
855655044
872943660
874520928
877748224
880842240
892010496
918554632
941654912
947912988
947914976
1006899265
1073874317
1074004724
1074272779
1074638850
1074796838
1076838432
1077939632
1080334344
1082220557
1085277825
1085382720
1087395856
1090541672
1090555076
1090593554
1090785310
1090961668
1092292672
1092698689
1093797905
1094484480
1096028193
1099718784
1107563841
1107568801
1108377987
1110083648
1113613344
1115947416
1116344353
1117340160
1119880002
1132692480
1141133474
1141384769
1145310211
1151337762
1151339076
1158291490
1174605842
1180827908
1191185952
1191211264
1208533090
1209335829
1217397552
1217399820
1218455696
1220743680
1220837506
1228931401
1229520944
1241677988
1243681920
1245720588
1252261984
1258291410
1275478040
1277440512
1342505350
1343520842
1343774760
1344807173
1346505221
1347043648
1350702086
1360020560
1360142976
1361052810
1363173382
1375807498
1377833256
1377837648
1379963520
1409307657
1409876640
1443274752
1476608129
1478626560
1483211272
1490034689
1585463300
1610765600
1610818144
1610912912
1611006602
1611235528
1611801603
1611829260
1612186788
1612189969
1613250826
1613275184
1615086604
1616908836
1623229473
1635819530
1644314694
1648957440
1677819942
1679819283
1682702432
1687685122
1711294608
1711310088
1745887320
1747716097
1749041856
1755496448
1761684480
1778384939
1784020992
1837109264
1883309824
1895825976
1895829952
2013798530
2147517049
2147617891
2147748634
2147750321
2148009448
2148545558
2149277700
2149593676
2150380545
2151745217
2152096257
2153676864
2155879264
2157021441
2160668688
2163216449
2164441114
2164557065
2164789333
2165317785
2170555650
2170765440
2174791712
2181083344
2181104667
2181110152
2181187108
2181283905
2181566209
2181570620
2181923336
2181955591
2184585344
2185397378
2187595810
2188968960
2192056386
2199437568
2204140033
2206204353
2215127682
2215137602
2215905797
2216755974
2216824963
2219344913
2220167296
2227226688
2231468193
2231894832
2232688706
2234680320
2239760004
2265384960
2282266948
2282769538
2283868705
2285109259
2286031109
2290620422
2292188433
2302675524
2302678152
2316582980
2349211684
2361655816
2374508545
2382371904
2382422528
2417066180
2418671658
2426478721
2434795104
2434799640
2436911392
2441487360
2441675012
2457862802
2459041888
2483355976
2487363840
2491441176
2491580421
2504523968
2516582820
2550956080
2554881024
2567178369
2655059969
2684436777
2685010700
2687041684
2687549520
2689607713
2689614346
2693010442
2693284369
2694087296
2701404172
2720041120
2720285952
2722105620
2726346764
2751614996
2755666512
2755675296
2759927040
2818615314
2819753280
2852655233
2886549504
2953216258
2954888205
2957253120
2966422544
2980069378
3170926600
3221531200
3221636288
3221825824
3222013204
3222471056
3223603206
3223658520
3224373576
3224379938
3226501652
3226550368
3229884675
3230173208
3233817672
3238544417
3246458946
3271639060
3288629388
3297914880
3325050881
3355639884
3359638566
3365404864
3375370244
3422589216
3422620176
3489672209
3491774640
3495432194
3498083712
3510992896
3523368960
3556769878
3568041984
3626008641
3674218528
3758125121
3766619648
3774873735
3791651952
3791659904
4027597060
4295001863
4295034098
4295035493
4295235782
4295497268
4295500642
4295509329
4296018896
4296054809
4297091116
4298555400
4299187352
4300761090
4301652101
4303490434
4304192514
4307353728
4311758528
4312465421
4314042882
4321337376
4326432898
4328882228
4329114130
4329218177
4329578666
4329578821
4329853057
4330635570
4341111300
4341530880
4345693217
4349583424
4362166688
4362209334
4362220304
4362374216
4362567810
4363132418
4363141240
4363846672
4363911182
4364700677
4366338193
4369170688
4370794756
4375191620
4377937920
4379017537
4384112772
4396171809
4398875136
4408280066
4412408706
4430255364
4430275204
4430770209
4431811594
4432347665
4433428865
4433511948
4433646609
4433649926
4437738017
4437844161
4438689826
4440334592
4454453376
4462936386
4463789664
4465377412
4469360640
4479520008
4530769920
4564533896
4565539076
4567737410
4568663073
4570218518
4572059681
4572062218
4581240844
4584376866
4599120961
4605351048
4605356304
4633165960
4638900817
4651753473
4698423368
4723311632
4749017090
4764743808
4764845056
4834132360
4837343316
4840293509
4852957442
4858052627
4869590208
4869599280
4873822784
4882974720
4883350024
4915725604
4918083776
4966711952
4974727680
4982882352
4983160842
5009047936
5033165640
5101912160
5103554561
5109762048
5134356738
5310119938
5368873554
5370021400
5374083368
5375010881
5375099040
5379215426
5379228692
5386020884
5386568738
5388174592
5402315777
5402808344
5406523913
5436096581
5440082240
5440571904
5444211240
5452693528
5453123713
5503229992
5511333024
5511350592
5519854080
5580587009
5637230628
5639506560
5705310466
5773099008
5905686785
5906432516
5909776410
5914506240
5932845088
5960138756
6341853200
6443062400
6443272576
6443651648
6444026408
6444942112
6447206412
6447317040
6448747152
6448759876
6452939267
6453003304
6453100736
6459769350
6460346416
6467635344
6477088834
6492917892
6543278120
6577258776
6593446179
6595829760
6650101762
6710891273
6711279768
6719277132
6730809728
6750740488
6845178432
6845240352
6979344418
6979854347
6983549280
6990864388
6996167424
7021985792
7046737920
7113539756
7136083968
7252017282
7348437056
7516250242
7533239296
7545683969
7549747470
7583303904
7583319808
8055194120
8590003726
8590068196
8590070986
8590225415
8590471564
8590994536
8591001284
8591018658
8592037792
8592109618
8592261127
8594182232
8597110800
8598374704
8601522180
8603304202
8606974515
8606980868
8607924265
8608385028
8614707456
8623517056
8624930842
8625595013
8625913897
8626131201
8627701251
8628085764
8642674752
8652865796
8657764456
8658228260
8658296961
8658436354
8659157332
8659157642
8659706114
8661271140
8682222600
8683061760
8690696465
8691386434
8699166848
8724168987
8724333376
8724418668
8724440608
8724748432
8725135620
8726264836
8726282480
8727693344
8727822364
8728643649
8729401354
8732676386
8733196369
8738341376
8741589512
8750383240
8755875840
8758035074
8758264865
8768225544
8792343618
8797750272
8808039105
8816560132
8824817412
8858403925
8860510728
8860550408
8861540418
8862830729
8863623188
8864695330
8866857730
8866956321
8867023896
8867037505
8867293218
8867299852
8875476034
8875688322
8877379652
8879865893
8880669184
8908906752
8925872772
8927579328
8930754824
8938721280
8959040016
9061539840
9129067792
9131078152
9133103121
9135474820
9135759365
9137326146
9140437036
9144119362
9144124436
9160753537
9162481688
9168753732
9198241922
9198436357
9210702096
9210712608
9261033609
9261106241
9266331920
9277801634
9303506946
9396846736
9446623264
9498034180
9529487616
9529690112
9663695043
9664271365
9664512009
9666834441
9667936547
9668264720
9674686632
9680587018
9705914884
9716105254
9732917281
9736028241
9739180416
9739198560
9747645568
9765949440
9766700048
9816244227
9831451208
9836167552
9932280065
9932448257
9933423904
9949455360
9965764704
9966321684
10018095872
10066331280
10200743961
10203824320
10207109122
10219524096
10268713476
10620239876
10737584273
10737747108
10738746385
10740042800
10748051465
10748166736
10750004229
10750021762
10750198080
10758430852
10758457384
10772041768
10773137476
10776349184
10804631554
10805067909
10805616688
10813047826
10822357249
10872193162
10880164480
10881143808
10888422480
10905387056
10906247426
10921967629
11005872673
11006459984
11022666048
11022701184
11039708160
11161174018
11274461256
11279013120
11410620932
11417157665
11546198016
11811160901
11811373570
11812865032
11819552820
11829012480
11865690176
11920277512
12683706400
12884927049
12886124800
12886545152
12887303296
12888052816
12889884224
12894412824
12894634080
12897494304
12897519752
12905878534
12906006608
12906201472
12910594305
12919538700
12920692832
12935270688
12952014947
12954177668
12985835784
13086556240
13090947081
13154517552
13186892358
13187024905
13191659520
13289652355
13300203524
13421782546
13422559536
13438554264
13461619456
13501480976
13690356864
13690480704
13707018753
13958688836
13959708694
13967033355
13967098560
13981728776
13992334848
14043971584
14093475840
14227079512
14272167936
14504034564
14529593409
14696874112
15032500484
15032848385
15036088321
15066478592
15091367938
15099494940
15166607808
15166639616
16110388240
17180007452
17180136392
17180141972
17180167217
17180181059
17180450830
17180943128
17181083717
17181989072
17182002568
17182037316
17184075584
17184219236
17184522254
17186161237
17188364464
17189388369
17192454441
17193238673
17194221600
17196749408
17203044360
17205044739
17206608404
17213949030
17213961736
17215848530
17216770056
17218671621
17229414912
17230250021
17230397585
17247034112
17248031281
17249861684
17251190026
17251827794
17252262402
17253282049
17255402502
17256171528
17258512397
17285349504
17305731592
17315528912
17316456520
17316593922
17316872708
17318314664
17318315284
17319412228
17322542280
17333485609
17356032641
17364445200
17366123520
17381392930
17382772868
17398333696
17448308815
17448337974
17448666752
17448837336
17448881216
17449496864
17450271240
17450438817
17450533907
17452529672
17452564960
17455386688
17455644728
17457287298
17458802708
17465352772
17466392738
17476682752
17483179024
17500766480
17511751680
17515423781
17516070148
17516529730
17536451088
17584687236
17595500544
17616078210
17633120264
17649634824
17716807850
17716876035
17721021456
17721100816
17723080836
17725661458
17727246376
17729390660
17733715460
17733912642
17734047792
17734075010
17734586436
17734599704
17750952068
17751376644
17754759304
17759731786
17761338368
17817813504
17851745544
17855158656
17855684673
17861509648
17877442560
17918080032
18018730593
18123079680
18255859717
18258108421
18258135584
18262156304
18266206242
18270949640
18271518730
18274652292
18280874072
18287723025
18288238724
18288248872
18321507074
18324963376
18337498385
18337507464
18387933185
18388223489
18396483844
18396872714
18421404192
18421425216
18454962179
18522067218
18522212482
18523375617
18532663840
18555603268
18607013892
18790485065
18793693472
18816237569
18828247297
18893246528
18996068360
19058975232
19059380224
19327390086
19328542730
19328925989
19329024018
19333668882
19335873094
19336529440
19346554885
19349373264
19361174036
19411829768
19432210508
19465834562
19472056482
19478360832
19478397120
19495291136
19528679817
19531898880
19533400096
19620954161
19632488454
19662902416
19672335104
19730530819
19864265857
19864560130
19864896514
19866847808
19898910720
19931529408
19932643368
19939727361
20036191744
20132662560
20401487922
20405293081
20407648640
20414218244
20439048192
20537426952
21240479752
21475168546
21475173385
21475494216
21477492770
21477527569
21480085600
21480218641
21495828993
21496102930
21496333472
21500008458
21500043524
21500396160
21516861704
21516914768
21544083536
21546274952
21552698368
21609056339
21609263108
21610135818
21611233376
21626095652
21644714498
21744386324
21752332289
21760328960
21762287616
21776844960
21810774112
21812494852
21843935258
22011745346
22012919968
22013281793
22022193473
22045332096
22045402368
22078865417
22079416320
22322348036
22548922512
22558026240
22821241864
22834315330
22850580481
23085449269
23092396032
23622321802
23622347009
23622747140
23625730064
23639105640
23658024960
23731380352
23840555024
25367412800
25769854098
25772249600
25772949905
25773090304
25774559235
25774606592
25776105632
25778522115
25779768448
25788825648
25789268160
25794988608
25795039504
25803391177
25811757068
25812013216
25812402944
25821188610
25822235649
25839077400
25841385664
25870541376
25874792481
25904029894
25908355336
25971671568
26073432065
26173112480
26181894162
26307739683
26309035104
26373784716
26374049810
26383319040
26579304710
26600407048
26843565092
26845119072
26860462145
26877108528
26923238912
27002961952
27120369797
27380713728
27380961408
27414037506
27917377672
27919417388
27934066710
27934197120
27963457552
27984669696
28087943168
28186951680
28454159024
28544335872
29008069128
29059186818
29393748224
30065000968
30065696770
30072176642
30132957184
30182735876
30198989880
30333215616
30333279232
32220776480
32484884545
34359782413
34360014904
34360272784
34360283944
34360334434
34360362118
34360901660
34361182339
34361886256
34362167434
34362394897
34362433609
34363978144
34364005136
34364074632
34365000257
34368151168
34368438472
34369044508
34370753029
34372322474
34376728928
34378776738
34380988689
34381267081
34384908882
34386477346
34388443200
34393498816
34393817795
34401731329
34402795657
34406088720
34410089478
34413216808
34426863663
34427898060
34427923472
34431697060
34433540112
34437343242
34458829824
34460500042
34460795170
34494068224
34496062562
34499723368
34502380052
34503655588
34504524804
34506564098
34510805004
34512343056
34517024794
34527678473
34529869969
34531714305
34561114193
34561394721
34564215809
34570699008
34611463184
34628206947
34630293507
34631057824
34632913040
34633187844
34633745416
34636629328
34636630568
34638824456
34645084560
34662072325
34666971218
34695940161
34696364673
34712065282
34728890400
34732247040
34762785860
34765545736
34796667392
34896617630
34896675948
34897333504
34897674672
34897762432
34898993728
34900542480
34900877634
34900935701
34901067814
34905059344
34905129920
34910773376
34911289456
34913714817
34914574596
34917605416
34930705544
34931246145
34932785476
34953365504
34966358048
34982633473
35001532960
35023503360
35030847562
35032140296
35033059460
35072902176
35098460419
35169374472
35191001088
35232156420
35266240528
35299269648
35433497241
35433615700
35433752070
35435151393
35437854723
35442042912
35442133073
35442201632
35446161672
35450913537
35451322916
35454492752
35458781320
35467430920
35467825284
35468095584
35468150020
35469172872
35469199408
35501904136
35502753288
35509518608
35519463572
35522676736
35569811745
35635627008
35703491088
35710317312
35711369346
35718762513
35723019296
35754885120
35836160064
36037461186
36246159360
36511719434
36516137121
36516216842
36516271168
36524312608
36532412484
36541899280
36543037460
36549304584
36561748144
36574339349
36575446050
36576477448
36576497744
36579704841
36643014148
36643678209
36649926752
36659347457
36674996770
36675014928
36775806209
36775866370
36776446978
36792967688
36793745428
36842808384
36842850432
36909924358
37044134436
37044424964
37046751234
37047239425
37061005345
37065327680
37090230275
37111206536
37214027784
37312528593
37580970130
37587386944
37632475138
37656494594
37786493056
37992136720
38117950464
38118760448
38654780172
38655009297
38656278677
38657085460
38657851978
38664406273
38667300873
38667337764
38671746188
38673058880
38674366467
38693109770
38698746528
38722348072
38738594313
38823659536
38864421016
38923703297
38924265473
38931669124
38944112964
38956721664
38956794240
38990582272
39057359634
39063797760
39066800192
39191969865
39196377089
39241908322
39264976908
39325804832
39344670208
39461061638
39728531714
39729120260
39729793028
39733695616
39797821440
39863058816
39865286736
39879454722
40072383488
40131100685
40265325120
40802975844
40810586162
40815297280
40828436488
40878096384
41074853904
41139830817
42480959504
42949683971
42950337092
42950346770
42950988432
42952426625
42954985540
42955055138
42960171200
42960437282
42991657986
42992205860
42992666944
43000016916
43000087048
43000792320
43025256449
43033723408
43033829536
43084972293
43088167072
43092549904
43105396736
43218112678
43218526216
43220271636
43222466752
43252191304
43289428996
43488772648
43503323205
43504664578
43520657920
43524575232
43553689920
43621548224
43624989704
43687870516
44023490692
44023808037
44025839936
44026563586
44044386946
44090664192
44090804736
44157730834
44158832640
44392513539
44644696072
45097845024
45116052480
45130981441
45235569169
45365690377
45642483728
45668630660
45701160962
46170898538
46184792064
47244640681
47244643604
47244694018
47245494280
47251460128
47278211280
47300214785
47316049920
47462760704
47681110048
50734825600
51539609253
51539620945
51539708196
51539822601
51543023649
51544499200
51545899810
51546180608
51548028955
51549118470
51549213184
51552211264
51557044230
51559536896
51566887041
51577651296
51578536320
51589977216
51590079008
51606782354
51623514136
51624026432
51624805888
51642377220
51644471298
51673891649
51678154800
51682771328
51741082752
51749584962
51761905669
51808059788
51812245635
51816710672
51825246209
51943343136
52146864130
52346224960
52363788324
52412089345
52615479366
52618070208
52630128675
52747569432
52748099620
52766638080
53158609420
53200814096
53285486721
53687130184
53690238144
53720924290
53754217056
53846477824
54005923904
54240739594
54761427456
54761922816
54828075012
55834755344
55838834776
55868133420
55868394240
55926915104
55969339392
56175886336
56373903360
56908318048
57088671744
57983111171
58016138256
58118373636
58787496448
60130001936
60131393540
60144353284
60265914368
60365471752
60397979760
60666431232
60666558464
64441552960
64969769090
65500348929
68719483541
68719530309
68719564826
68719879313
68720029808
68720336933
68720545568
68720567888
68720668868
68720724236
68721803320
68722364678
68723155075
68723772512
68724334868
68724789794
68724867218
68727956288
68728010272
68728149264
68730000514
68733141125
68734287907
68736302336
68736876944
68738089016
68739043329
68741506058
68744644948
68744645769
68745768961
68753162349
68753457856
68757520409
68757553476
68757899265
68761977378
68762534162
68769817764
68769891585
68772954692
68776886400
68786997632
68787635590
68789223449
68799194113
68803462658
68805591314
68812177440
68820178956
68826433616
68828594693
68837965859
68853727326
68855796120
68855846944
68863394120
68867080224
68871651713
68874686484
68875191809
68917659648
68920955393
68921000084
68921362561
68921590340
68988136448
68988175945
68992125124
68992173063
68999446736
69004760104
69009049608
69013128196
69021610008
69024686112
69034049588
69055103073
69055356946
69057152257
69059739938
69060270081
69063428610
69122228386
69122789442
69128431618
69130555409
69138931721
69141398016
69222926368
69256413894
69256613125
69260587014
69262115648
69265826080
69266375688
69267490832
69273258656
69273261136
69273665729
69277648912
69290169120
69292131841
69324144650
69333942436
69391880322
69392729346
69424130564
69457780800
69464494080
69525377537
69525571720
69531091472
69559386377
69593334784
69608669205
69793235260
69793285681
69793351896
69794667008
69795349344
69795524864
69797987456
69801084960
69801755268
69801871402
69802135628
69810029069
69810118688
69810259840
69810454531
69821546752
69822578912
69827429634
69827889217
69829149192
69835210832
69861411088
69862031365
69862492290
69865570952
69906731008
69932716096
69965266946
70003065920
70047006720
70061695124
70064280592
70066118920
70145804352
70196920838
70334419073
70338748944
70382002176
70464312840
70532481056
70598539296
70606913603
70866977667
70866994482
70867231400
70867504140
70870302786
70875709446
70884085824
70884266146
70884403264
70892323344
70901827074
70902645832
70908985504
70917562640
70934861840
70935650568
70936191168
70936300040
70938345744
70938398816
71003808272
71005506576
71019037216
71038927144
71045353472
71139623490
71148503049
71271254016
71406982176
71420634624
71422738692
71437525026
71446038592
71509770240
71672320128
71945946369
72016199825
72074922372
72209403909
72492318720
73014589443
73015607299
73022963993
73023438868
73032274242
73032433684
73032542336
73033327361
73048625216
73064824968
73081561229
73083798560
73086074920
73098609168
73123496288
73148678698
73150892100
73152954896
73152995488
73159409682
73286028296
73287356418
73299853504
73318694914
73349993540
73350029856
73551324257
73551612418
73551732740
73552893956
73553445009
73585935376
73587490856
73627598849
73685616768
73685700864
73819848716
74088268872
74088849928
74093502468
74094478850
74122010690
74130655360
74180460550
74222413072
74428055568
74625057186
75161940260
75174773888
75195484209
75264950276
75312989188
75364302913
75572986112
75702993413
75984273440
76235900928
76237520896
77309560344
77309567265
77310018594
77312557354
77314170920
77315703956
77316096072
77321999105
77328812546
77334601746
77334675528
77343492376
77346117760
77348732934
77386219540
77397493056
77443631143
77444696144
77444743689
77477188626
77577914753
77647319072
77728842032
77847406594
77848530946
77863338248
77888225928
77913443328
77913588480
77946957825
77981164544
78114719268
78127595520
78133600384
78383939730
78392754178
78483816644
78529953816
78584742145
78651609664
78689340416
78922123276
79457063428
79458240520
79459586056
79467391232
79524004905
79595642880
79726117632
79730573472
79758909444
80144766976
80262201370
80530650240
81605951688
81606756353
81608737793
81621172324
81630594560
81656872976
81756192768
81873346577
82149707808
82279661634
84961919008
85899367942
85900067905
85900674184
85900693540
85901976864
85904853250
85909971080
85910110276
85916385633
85920342400
85920874564
85932908567
85983315972
85984411720
85985333888
86000033832
86000174096
86001584640
86033580209
86034623489
86050512898
86067446816
86067659072
86169944586
86176334144
86185099808
86210793472
86268706945
86436225356
86437052432
86438404097
86440543272
86444933504
86504382608
86578857992
86977545296
87006646410
87009329156
87041315840
87049150464
87107379840
87243096448
87249979408
87264591873
87375741032
88046981384
88047616074
88051679872
88053127172
88056659969
88088773892
88181328384
88181609472
88315461668
88317665280
88785027078
89289392144
90194318721
90195690048
90232104960
90261962882
90471138338
90731380754
90915733505
91284967456
91337261320
91402321924
92341797076
92369584128
94489281362
94489287208
94489388036
94490988560
94493491213
94502920256
94556422560
94600429570
94625599553
94632099840
94925521408
95034541073
95362220096
97711032321
101469651200
103079218506
103079241890
103079416392
103079645202
103081054273
103086047298
103086620689
103088998400
103091799620
103092361216
103096057910
103098236940
103098426368
103104422528
103114088460
103119073792
103133774082
103138459665
103155302592
103157072640
103179954432
103180158016
103213564708
103215563267
103247028272
103248052864
103249611776
103284754440
103288942596
103347783298
103356309600
103365542656
103482165504
103499169924
103523811338
103616119576
103624491270
103624704001
103633421344
103650492418
103886686272
104022933537
104152965569
104293728260
104692449920
104727576648
104824178690
105226771457
105227280385
105230958732
105236140416
105260257350
105495138864
105496199240
105533276160
106317218840
106401628192
106570973442
107374260368
107380476288
107441292307
107441848580
107508434112
107692955648
108011847808
108481479188
109522854912
109523845632
109656150024
111669510688
111677669552
111685931019
111736266840
111736788480
111853830208
111938678784
112351772672
112747806720
113816636096
114177343488
115966222342
116032276512
116236747272
117574992896
120260003872
120262787080
120288706568
120327258369
120531828736
120730943504
120795959520
121332862464
121333116928
122440122889
124562442245
128883105920
129939538180
131000697858
137439228513
137439503554
137440053636
137440136713
137441153800
137441319954
137443171585
137443354128
137443686436
137445279875
137447389698
137447754784
137448419400
137451606278
137455732977
137455825924
137456324897
137456556096
137457704961
137457885328
137462026253
137464259084
137472512482
137472698376
137473696322
137474158720
137476456450
137476817184
137477292053
137482994249
137485099034
137489564696
137506071492
137506367745
137506443280
137508439172
137509363968
137510395911
137513959428
137514680896
137515630634
137527035026
137531244596
137540175920
137556402705
137573189512
137573782018
137573933088
137577496729
137577924872
137579774464
137581838350
137588965384
137590408320
137592307796
137599386657
137607260163
137615116580
137623535720
137640362245
137641398368
137673851938
137707425552
137708048517
137708240907
137708610564
137708912704
137708978945
137709490513
137715795089
137716039986
137716896272
137720595456
137724723228
137726541857
137729474689
137738977296
137741863168
137745662120
137759819842
137775566854
137776663041
137791279688
137808117968
137841771018
137843843264
137845817411
137875166721
137908750404
137975840861
137975897632
137976087721
137976879171
137977143562
137977528342
137977942657
137978019937
137978267656
137978871936
137979004418
137980027554
137981231361
137992636706
137993126500
137994839072
138001015041
138002237440
138010492984
138014130242
138019995906
138039001120
138044772864
138052370768
138064431105
138080686212
138112180236
138114372610
138143605904
138177282464
138219126785
138244588564
138248733056
138252681350
138253042177
138311379970
138378547336
138512728250
138512841792
138513221970
138514804870
138514964993
138515333652
138516103212
138516906149
138516931842
138517086402
138517581840
138518790400
138519055364
138521101636
138523509250
138546319940
138547299528
138550724672
138563076610
138565521408
138582032496
138589307012
138601038340
138639048768
138650592256
138665788064
138689908738
138722418952
138785407000
138789791748
138823139585
138848258336
138915611456
138999300098
139050223656
139058512640
139066409228
139067130882
139183806468
139318141200
139586503028
139586730112
139587490468
139590656268
139590976514
139591713832
139593252952
139594858826
139594910212
139595219332
139596210208
139598627328
139599157256
139603249800
139608065028
139628392453
139653686408
139655645584
139662495872
139687199748
139692089344
139725111520
139729240067
139739660552
139763123208
139839144064
139854874887
139862231040
139892622656
139940864004
140005884432
140124094785
140131860528
140140630024
140207325698
140257563200
140392269440
140559646724
140660228369
140661493840
140678071808
140693864984
140695308292
140928659464
141197328928
141206487049
141733929363
141734052584
141734463625
141734506752
141736027464
141738934305
141742359064
141742907905
141742999556
141744474192
141747552432
141750764180
141750766595
141750866952
141751485192
141753466944
141758301184
141759361040
141767546128
141777176584
141817831434
141868295169
141868419344
141872337696
141873383429
141886038272
141901758625
141935446024
141935510019
141945225216
142002585617
142011269568
142019526662
142040367632
142087292944
142239334656
142270796302
142285508608
142306713601
142346291840
142442774536
142572815392
142809236098
142809764897
142824767584
142842306576
142975697924
143076172928
143345585408
143680339976
143881503266
143884034208
143887761665
143889809505
143917190144
143948776496
143951663112
144200695809
144418365456
144955704384
144974020626
146028905254
146029151696
146029936783
146029973778
146030060032
146033101456
146036228641
146038915138
146045764656
146045796629
146046190665
146046862338
146047045640
146049994912
146056151392
146062574888
146062579718
146062780432
146064016912
146067980416
146077648896
146079768608
146096138784
146115399696
146196709396
146230217745
146297636866
146297885216
146305721920
146307813386
146314115073
146333123072
146364563778
146431938576
146432066566
146451496960
146566217762
146578342081
146583585664
146600099852
146634965257
146641781792
146735632416
147039715840
147102639132
147132063744
147136188561
147174473730
147245253121
147253630208
147446595600
147706677312
148179518724
148180576322
148210581696
148245659680
148512442376
148713392384
148746863105
149252217344
149921726480
150324053060
150329114944
150336569858
150340665538
150395426816
150458599520
150464372752
150962438146
151397777440
152472455296
152509087780
153612197889
154618857036
154618970561
154619349920
154620920094
154620994084
154621166592
154624327753
154627249440
154633503810
154636140563
154638876804
154652575840
154652639786
154653427858
154654771204
154655137808
154661036352
154673349312
154685964437
154686196304
154686205964
154686607392
154689080352
154697007360
154716344320
154720583744
154753324096
154791845920
154954465320
155021482018
155089764353
155155761425
155156320260
155156816960
155172490368
155176673300
155189276674
155227292672
155290174084
155424923680
155425179660
155464040448
155693482052
155694727305
155717730690
155728217856
155761246232
155768324129
155830977042
155844610112
156032311360
156640478208
156766324792
156766994441
156825174016
156833423650
156900794385
156909993988
157034827777
157051552770
157068306944
157454237728
157873602627
157974401152
158920083976
158922199172
158947475973
158982209920
159052365888
159585931280
159987831296
160054772738
160122274049
161065481216
162404499488
163209152648
163219276416
163234186244
163242377604
163351900160
163477193241
163478245568
163489792032
164283581441
164485922820
165356601408
167505957120
167579222088
169785442306
171798760600
171798987650
171799746368
171802886716
171803034696
171803379712
171804460035
171808276485
171809702034
171815545408
171828054148
171833327654
171838800136
171849044033
171865965601
171866198208
171866326100
171867902244
171870588936
171871322144
171883119232
171907745152
171932913687
171932975402
171933439136
171933458456
171934261312
171939207232
171955061248
171993735168
172002214016
172067694720
172068180009
172144738368
172346051585
172469977168
172604010564
172740575234
172872569378
172873687048
172874680448
172906027264
172907299329
172914393128
172939599876
173015631872
173141394696
173410893888
173411405848
173489127424
173948010632
173950402629
173950501138
173996507908
174017482240
174083538992
174097694786
174223000612
174250266752
174625669248
175842002944
176093696112
176095035410
176110444581
176211394560
176227893828
176362635298
176381034504
176630702082
176664152068
176697660416
177175822465
177469521984
178308251782
178509848832
180391022593
180401214480
180405444872
180455998474
180525466368
180665778304
180926554129
181466564617
181732909088
182536709120
182670592004
182805594626
184692008960
187370045504
188979351824
188999599360
189012221953
189029419016
189045801736
189264846848
189515433010
189517537664
189540630592
191128209410
191532892168
193274249344
197572960768
197719490704
199724368129
202131931140
206158567728
206159021828
206160539264
206161593409
206166819960
206167115920
206167805952
206169966598
206177599498
206180450596
206192137344
206194151427
206217154824
206227701836
206238646800
206242583553
206259134594
206292977730
206293073925
206293442944
206293698728
206296851016
206302224400
206303690816
206327284992
206361862177
206376536832
206426873902
206426997332
206427393057
206427924800
206427963440
206429569152
206439460992
206471169024
206548516864
206565474560
206696435968
206697406546
206850523264
207253149698
207303573505
207366390915
207501000864
207769067656
208042196996
208305918153
208306185284
208308420624
208310407424
208314336769
208373101056
208375645186
208389832784
208406708481
208440246280
208592310272
208843835920
209382834304
209383858224
209539301376
210453921863
210457067792
210461851786
210462048804
210554062344
210596011008
210728124512
210756436100
211007047752
211061580032
211812385024
214245052416
214748438752
214751117348
214757023753
214781935690
214983835648
215016834184
215286317124
215323115536
215822450692
215889350664
215956367360
216375754785
216912691458
217500090496
219177550092
219580744192
223341183489
223343091714
223363475488
223371936272
223405410315
223473043476
223611979264
223892603136
224414154786
225494175762
226026864704
227634464768
227902230536
228172235780
231945064448
237301137536
240519750176
240536029185
240560245248
240585490434
240619884560
240652650000
241090740224
241122148929
241591912548
241596121856
241642307712
242665914403
244817465348
245626830864
249109545216
249141658629
257706968064
258000027936
258771910673
262009782786
266824908808
274878174851
274878267469
274878303041
274878441669
274878563385
274878636291
274878976394
274879185930
274879219826
274879365638
274880030466
274880050200
274880464916
274880791144
274882102629
274882153988
274883366913
274884247593
274886298314
274886362001
274886414370
274886462544
274888826882
274892328964
274892915713
274894689684
274895018144
274895503398
274895751181
274898370720
274899976258
274900980544
274907924482
274911472424
274911494812
274911858956
274913075272
274913595492
274913640462
274924054144
274945037904
274945547400
274945957952
274946066849
274947164178
274948292760
274949284040
274950324246
274970201344
274978645025
275012134421
275012168864
275012210884
275013187856
275020660840
275023138864
275037552665
275046367250
275062495744
275082117250
275146361898
275146514824
275146687264
275147686161
275148571812
275150538841
275188369472
275219907072
275230753033
275247153424
275283708480
275315687684
275422382208
275431654720
275431964816
275432153112
275442303492
275482158600
275516817472
275548998726
275553732624
275583623169
275687411810
275960037927
275977340424
275977896080
275985402496
275992018947
276003293440
276019365889
276022954028
276033454208
276087030016
276221172736
276232699972
276354892864
276501113088
276511589392
276807417857
277026484737
277075734538
277111375937
277128679936
277135493136
277159939080
277164852096
277327397001
277430206482
277629929476
277864357888
278099203330
278101525536
278837330945
279173013596
279173021859
279181820200
279232708612
279273541653
279296606240
279307889152
279344844930
279379452928
279441367045
279446031616
279449899264
279709762324
279711920192
279714136100
279726788865
280045289648
280251596936
280380969025
280920850434
281320433670
281370690128
281388646660
281488424961
281590105152
283474681860
283476426892
283534954808
283545444369
283551727694
283618942977
283908251712
284005773472
284006418433
284007400960
284013236752
284560720001
284579495944
285087105096
285346892290
285620044322
285632495712
285691117824
285884031106
286085091332
286177886336
287763092488
287764973856
288048023684
288098942978
288853336608
292057916050
292061446466
292062104705
292076655650
292078911776
292297113616
292336959752
292670169092
292695834912
292745658888
293132053506
294205800848
294206333984
294777782289
295547437760
296352843968
296495351552
298567401985
300682313812
300849039680
300933709840
301726699776
309238760160
309239902240
309246302466
309272002608
309305279002
309316321312
309346828356
309376974849
309409710084
309509820416
309774518833
309909032992
310043525376
310060777608
310382694913
310529491040
310850420741
311385489552
311409254400
312458891276
313550012928
313559875856
313668962312
314212614148
314640441600
316216968576
318102307073
318130750464
318398005522
320043745344
326551744648
326686097474
327759692820
330179805216
343600113664
343601709834
343608922632
343614697988
343635149408
343648436256
343933239304
344304124096
344562139136
344672174107
344714118176
345275109636
345744941137
345770033196
346015924292
346021824640
346902642688
347895496741
347960545408
348060196872
348438790208
352187593024
352187714562
352229296129
352340411400
352388653570
352460017680
354343208000
356484514432
360777319704
360781447334
360918941696
361045689093
361129583616
361347685376
361583640578
362942627968
365072490544
370443059216
377974161602
378095534416
382273078272
386547105924
412317466952
412356726800
412518843904
412585832466
412653520128
412694348320
412729999365
412853758048
412853874697
412856359168
413457748034
413457981584
413524951302
413684224000
413797451904
413969416212
414733042188
414737104929
415007506438
415554871616
416613273632
416678937793
416885506058
417696186376
417719126050
420907352449
420942447746
421007736833
421443700760
421579195392
423188504616
429497041056
429798887424
430046707720
430570541104
431108522496
431665448960
431678816520
433793277956
433810604033
434194677760
438170746880
446676682241
446678860096
446710428672
446878976002
447230316546
450984411200
451040780800
453119049753
455269695496
456340275792
463856474628
463856992353
463861743632
481040859776
481041060928
481049100288
481071997188
481660239872
481707950114
482110098448
482144452608
483720889344
498425921664
516478214146
