578113
1156226
1323281
1646633
1837123
2103521
2312452
2392331
2646562
3293266
3319809
3674246
4198447
4207042
4624904
4784662
5293124
6586532
6639618
7348492
8396894
8414084
9249808
9569324
10586248
13173064
13279236
14696984
16778837
16793788
16828168
18499616
19138648
20993153
21172496
23136769
26346128
26558472
29393968
33557674
33587576
33656336
33939457
35722249
36999232
38277296
41986306
42344992
46273538
52437059
52692256
53116944
58787936
67115348
67154053
67175152
67312672
67668017
67878914
69338243
71444498
73998464
75829313
76554592
83951907
83972612
84689984
92547076
104349697
104874118
105384512
106233888
117575872
134230696
134308106
134350304
134625344
134813701
135315481
135336034
135757828
138453281
138676486
142870025
142888996
147996928
151658626
152569089
153109184
167903814
167945224
169379968
171966665
177217541
185094152
202506785
208699394
209748236
210769024
212467776
235151744
268461392
268599465
268616212
268700608
269250688
269627402
270630962
270672068
271515656
276906562
277217287
277352972
279969865
281024769
285740050
285777992
286286337
295993856
302024773
302776849
303317252
305138178
306218368
335807628
335890448
337911841
338759936
343933330
354435082
370188304
394265601
405013570
417398788
419496472
421538048
424935552
470303488
536879945
536922784
537198930
537232424
537401216
538055745
538501376
539254804
541261924
541344136
543031312
545278033
553813124
554434574
554705944
559939730
562049538
571480100
571555984
572572674
591987712
604049546
604258819
605553698
606634504
610276356
612436736
671615256
671780896
675823682
677519872
687866660
708870164
740376608
788531202
805848073
810027140
822116625
834797576
838992944
843076096
849871104
940606976
1073759890
1073807559
1073845568
1074397860
1074464848
1074802432
1076111490
1077002752
1078068489
1078509608
1080070161
1082523848
1082688272
1084301569
1086062624
1090556066
1107626248
1108869148
1109411888
1115701259
1119879460
1124074369
1124099076
1141442049
1142960200
1143111968
1145145348
1157775377
1183975424
1208099092
1208517638
1211107396
1212170757
1213269008
1220552712
1224873472
1342701921
1343230512
1343561792
1351647364
1355039744
1359220745
1375733320
1417740328
1476404353
1480753216
1577062404
1610641441
1611432065
1611696146
1620054280
1644233250
1646395397
1669595152
1677985888
1686152192
1699742208
1881213952
2147519780
2147566353
2147615118
2147691136
2148795720
2148929696
2149604864
2151712899
2152222980
2154005504
2156136978
2157019216
2160140322
2165047696
2165376544
2166407201
2168603138
2172125248
2181112132
2181563525
2198865937
2214988033
2215252496
2217738296
2218823776
2219844609
2231402518
2239758920
2248148738
2248198152
2281706545
2282884098
2284912769
2285920400
2286223936
2290090307
2290290696
2315550754
2367950848
2416198184
2417035276
2422214792
2424341514
2426538016
2441105424
2449746944
2685403842
2686461024
2687123584
2689073697
2703294728
2710079488
2718441490
2751466640
2835480656
2952808706
2961506432
3154124808
3221282882
3222864130
3223392292
3223848969
3240108560
3288466500
3292790794
3339190304
3355971776
3372304384
3399484416
3527475201
3762427904
3774874627
4295039560
4295132706
4295173125
4295230236
4295382272
4297591440
4297859392
4299209728
4299432577
4303425798
4304445960
4308011008
4311881731
4312273956
4312826049
4314038432
4316463129
4320280644
4328542229
4329963529
4330095392
4330753088
4332814402
4337206276
4344250496
4362077289
4362224264
4363127050
4395698305
4397731874
4429725857
4429976066
4430504992
4435476592
4437647552
4439689218
4462805036
4464869889
4479517840
4496297476
4496396304
4563413090
4565768196
4569825538
4571840800
4572447872
4580180614
4580581392
4631101508
4697948417
4735901696
4832396368
4834070552
4834525187
4836212737
4840226957
4844429584
4848683028
4853076032
4882210848
4899493888
5370807684
5372922048
5374247168
5378147394
5406589456
5420158976
5436882980
5502933280
5670961312
5704286211
5905617412
5923012864
6308249616
6442565764
6445728260
6446784584
6447697938
6480217120
6576933000
6585581588
6678380608
6711943552
6744608768
6798968832
7054950402
7524855808
7549749254
8590079120
8590265412
8590346250
8590460472
8590764544
8594129301
8595182880
8595718784
8598419456
8598865154
8606723105
8606851596
8608891920
8616022016
8623638017
8623763462
8624547912
8625652098
8628076864
8632926258
8634238977
8640561288
8657084458
8659927058
8660190784
8661506176
8665440785
8665628804
8674412552
8688500992
8724154578
8724448528
8726254100
8791396610
8795463748
8859451714
8859952132
8861009984
8870953184
8875295104
8879378436
8892977281
8925610072
8929739778
8959035680
8992594952
8992792608
9001533441
9126826180
9131536392
9135325473
9139651076
9143681600
9144895744
9160361228
9161162784
9262203016
9395896834
9471803392
9663727873
9664792736
9668141104
9669050374
9672070149
9672425474
9680453914
9688859168
9697366056
9706152064
9764421696
9798987776
9799991331
10738466917
10741615368
10745844096
10748494336
10756294788
10813178912
10840317952
10873765960
11005866560
11007952129
11274551321
11341922624
11408572422
11846025728
12616499232
12885131528
12885200929
12891456520
12893569168
12895395876
12960434240
13024364545
13153866000
13171163176
13356761216
13423887104
13489217536
13597937664
14109900804
15049711616
15099498508
16106258561
17180158240
17180530824
17180692500
17180787745
17180920944
17181065349
17181529088
17181968407
17188258602
17190365760
17191437568
17196838912
17197730308
17206087713
17213446210
17213703192
17214538305
17217783840
17221845137
17232044032
17247276034
17247526924
17249095824
17251304196
17256153728
17265852516
17268477954
17281122576
17314168916
17318477827
17319854116
17320381568
17323012352
17330881570
17331257608
17348825104
17377001984
17448309156
17448897056
17452508200
17481998593
17582793220
17590927496
17716772963
17718903428
17719904264
17722019968
17737719813
17741906368
17750590208
17758756872
17785954562
17851220144
17859479556
17918071360
17985189904
17985585216
18003066882
18253652360
18255725633
18263072784
18270650946
18279302152
18287363200
18289791488
18320722456
18322325568
18324914337
18524406032
18791793668
18943606784
19067306497
19327455746
19329585472
19335810049
19336282208
19338100748
19344140298
19344850948
19360907828
19377718336
19394732112
19412304128
19528843392
19597131777
19597975552
19599982662
20032012289
21476933834
21483230736
21491688192
21496988672
21512589576
21626357824
21680635904
21747531920
22011733120
22015904258
22079864849
22549102642
22683845248
22817144844
23622469648
23692051456
25232998464
25770263056
25770401858
25770853387
25782913040
25787138336
25790791752
25839108097
25920868480
26038255665
26048729090
26307732000
26342326352
26713522432
26847774208
26978435072
27195875328
28219801608
30065295877
30099423232
30198997016
32212517122
34359872304
34361049242
34361869340
34362229313
34364024320
34365508616
34368684226
34376517901
34376558736
34377572390
34393883272
34395924484
34401686336
34427633960
34427929472
34435661840
34439448608
34481381384
34493991434
34496888832
34521219112
34544386304
34563162385
34628179459
34628292616
34628436084
34629419025
34646005824
34896683424
34897990144
34930427072
34964381697
34964766796
35039216658
35299264545
35433558034
35452375296
35462840385
35467952130
35517694080
35634824200
35702073344
35773743120
36507501574
36541853696
36789289472
36910466048
37054582785
37362860036
37589352624
38252314880
38655836480
38748553216
39191593002
39527122176
40268472320
40802746625
40869306912
42949853280
42950739988
42953474304
42954719233
42958065280
42989519392
43385896962
43520296960
44291916292
45248152065
47263547394
48318906440
51539611737
51540133188
51541980160
51583795200
51640532997
51875282978
52619706376
52621776896
53708324896
53720648064
55842971651
56103043648
61740155010
62277066756
64424576032
68719493478
68720012480
68720198017
68721579282
68723744849
68724720232
68728000624
68728967170
68729440516
68734682113
68736620544
68739661829
68742557728
68753046017
68753426564
68755260168
68786594868
68786758208
68790812824
68856056352
68864221200
68878862465
68887268608
68896227330
68992241152
69023170624
69038317696
69123178518
69124247553
69206048800
69256489000
69268078592
69365399712
69458068480
69533172804
69793241100
69794267600
69798199364
69864546560
70062178442
70464372745
70867256960
70872483840
71001972737
71002231552
71138050052
71139590448
71437389896
72477581444
73014755400
73039872034
73048154114
73090024448
73131884804
73152331784
73351299584
73819820064
74088816640
74375495744
75161928203
77309575187
77310529560
77326192961
77394346114
77443638786
77447938048
77913393157
78437681152
78922387456
79498854404
80731963408
81637933760
85899612291
85903869184
85932933134
85974974473
86274736128
86973221122
88046895272
89389011968
90196410657
92354412544
94491509764
94757750912
103079299202
103079383300
103081906240
103084597376
103096517378
103113884676
103165201408
103179878482
103217893392
103767105536
104188641408
104221118465
105260384289
107374187656
107375265824
107516920320
107646828548
111803367588
113820828736
120284250132
120796743680
122409713666
137438986956
137439486215
137440024960
137440396034
137443158564
137447489698
137448000001
137449440464
137456001248
137457934340
137458881032
137469364226
137473241088
137479323658
137485115456
137506092034
137506127901
137510520336
137573189736
137573516416
137581625648
137590210579
137712112704
137728442400
137757724930
137774537216
137792454660
137984482304
138046341248
138076635392
138189733889
138246357036
138412097600
138512978000
138536157184
138730799424
138916136960
139058036740
139066345608
139586482200
139586703877
139587387456
139588535200
139596398728
139729093120
140124356884
140928745490
141734052177
141734513920
141744967680
142003945474
142004463104
142276100104
142279180896
142874779792
144418285569
144955162888
146029510800
146033082947
146079744068
146096308228
146180048896
146263769608
146304663568
146702599168
147102704648
148177633280
148750991488
150323856406
150349086721
154619150374
154621059120
154623281161
154652385922
154788692228
154887277572
154895876096
155155763457
155826786314
156875362304
157844774912
158997708808
161463926816
163275867520
168579565568
171799749200
171800791362
171801838625
171807342977
172076048416
172335865858
172352868368
173946308104
174281736193
176228929540
180401242120
180674102272
184717156608
189248045320
206158627906
206293772288
206460422168
206701627392
207234269702
208373024802
210455822352
210591809666
211560694785
214750470273
216098930944
219111096320
223347998784
223875186706
240652419137
249108124160
274877973912
274878562381
274878972430
274880049920
274880792068
274882379873
274886317128
274886823955
274894979396
274896000002
274898880928
274912002496
274915868680
274917762064
274938728452
274945033477
274946482176
274958647316
274970230912
275012184068
275012255802
275021040672
275146379472
275147032832
275163251296
275180421158
275217646089
275414816777
275420020995
275424225408
275432013825
275456884800
275515449860
275549074432
275584909320
275951788547
275968964608
276092682496
276153270784
276379467778
276492714072
276824195200
277025956000
277072314368
277293834261
277461598848
277832273920
278132691216
279172964400
279173407754
279174774912
279177070400
279192797456
279390986241
279458186240
280248713768
281329811457
281857490980
283468104354
283469027840
283489935360
283635679249
284007890948
284008926208
284088602656
284552200208
284558361792
285749559584
288568115265
288836571138
289910325776
292059021600
292066165894
292159488136
292191996673
292192616456
292360097792
292527539216
292609327136
293405198336
295279280256
296355266560
297501982976
300647712812
300698173442
302799392769
309239767049
309250297984
309271480832
309306916870
309376189444
309523382401
310479167520
312475811840
313809438728
314203734144
317861172224
326417547538
326971164160
335142715456
343597720072
343600545952
343605805573
343870308354
344000037192
344671389713
345753265408
345765838860
345814073409
347893411904
352732577802
360778826256
379039793152
380641542160
412317533200
412338389504
412367192105
412488833024
412518711428
412585363459
412853731985
412853866502
412871573568
413390603554
414472734788
414535713024
416618119173
416679198786
418776092800
420908957792
421049671680
429496771585
429501055168
429563855392
434362646528
447750602764
457414541314
481037127712
481070973184
499306790912
515666739200
549755822259
549756081760
549756865161
549758435636
549760075832
549760559105
549760795778
549764385792
549767354384
549773705604
549789372954
549789454624
549791481932
549824103696
549828186120
549839709824
549844189185
549892196096
549907660832
549915234368
549957664779
549999099920
550024320020
550030114816
550078775376
550125109760
550162661922
550292696070
550292922384
550293209320
550295175202
550328348800
550427164741
550829704000
550832317440
550897191296
550965100546
550965870744
551114770468
551634866242
551903453220
551916011537
551920152577
551941087744
551962017922
551972241412
552071725312
552305985552
552440483840
552583823392
554051340300
554093248577
554117894913
554120044544
554614916096
554857269248
555145502722
555762057224
556215042400
557540966912
558348010112
558362542087
558533443584
558882686081
559419523156
560090581504
560493762592
561573281792
562641830402
562774950976
566936043712
566937817128
566943285760
566945775618
566952467712
567015375936
567808131076
568076931072
570156908805
571230732297
571239041184
571532641282
575525750849
575563431940
577674150032
584124006437
584132395082
584150188035
584385053824
584388452608
584922956304
585264792066
585730360352
586263576600
588410522641
593250754624
597004783616
601363589120
618493280264
618576512000
619012194690
619549102720
627333685256
635672477824
636762456160
638339645952
652835031620
652877234184
661492138240
687220072704
687264106504
687349957640
688268542497
689478574082
691540328960
692697890816
693638300672
695784968456
704378880256
704661946369
708669612100
721588191252
721621618848
723702319104
738869117440
755914653697
755926831108
757526429696
758330163392
764520955952
824635064368
824644485376
824676713984
824705679392
824768073857
824835115072
824977666048
825171198464
826009501696
826781205586
827856003080
831111888896
833223665936
835639967744
858999783488
859530461448
876173348868
893355821058
893621634081
897648165012
910671486976
962341110532
970730766337
979260932120
