561255
738720
942225
1122510
1450548
1510208
1884450
2245020
2392267
2901089
3309734
3768900
4333655
4490040
4784534
5255345
5802178
5905664
6448164
6619468
7537800
7668257
8411661
8660355
8667310
8980080
9243658
9443672
10510690
10682565
11604384
12690465
13238936
13942856
15075600
15336514
17320710
17334620
17856546
17960160
19138136
19171620
19468944
21021380
21406728
23208768
25380930
26395137
26477872
30151200
30673028
33642627
33691025
34641420
34669240
35713092
35920320
36086017
36725763
39322245
42042760
42270825
46417536
50370609
50620929
50761860
52955744
56623313
57507840
60302400
61346056
67285254
67313709
67382050
68428425
69282840
69338480
71340202
71840640
72172034
73451526
73929740
76161345
76686480
79694917
83903779
84486147
85032985
85626912
92835072
94381569
100705413
100741218
101241858
101523720
103092229
103170624
105911488
109185049
120604800
122692112
134493336
134559777
134570508
134627418
134764100
134778017
136328453
136856850
138565680
138676960
142852368
143681280
144344068
146903052
151194633
152322690
155213865
155222279
157288980
159389834
159450134
159515432
160436261
167807558
168171040
168476737
168972294
169083300
170065970
185670144
188763138
201410826
201482436
201523779
202113109
202483716
203047440
203688963
206184458
211161096
211822976
218370098
223413280
235409449
241209600
245384224
268583656
268986672
269141016
269254836
269528200
269559301
270090307
272656906
273713700
277058562
277131360
277353920
279323138
281812997
285704736
287362560
288688136
293806104
294127689
295718960
295797056
302100489
302389266
304645380
306315825
306745920
310427730
310444558
314577960
318779668
318900268
320872522
335578217
336367873
336594959
336953474
337944588
338166600
340131940
341844227
356517382
371340288
377526276
402821652
402964872
403734725
404226218
404967432
406094880
407377926
411697171
412368916
412682496
419432995
423645952
436740196
469828748
470818898
482419200
490768448
503447813
537920909
537973344
538187845
538239108
538282032
538509672
539056400
539118602
539165209
545313812
545915945
547427400
548423713
553723153
554262720
554707840
555888800
563625994
571409472
573120545
574725120
577376272
579338914
579960837
581175302
587612208
588255378
591594112
604200978
604778532
608260129
609290760
610828801
612631650
620855460
620889116
621286465
622856457
633356432
637559336
637800536
638595329
639110160
641728818
671113809
671230232
672684160
672735746
673189918
673906948
675889176
676331595
676333200
679873025
683688454
690044931
738246669
755052552
805347621
805577168
805643304
805929744
806095116
807469450
808453201
812189760
814755852
823394342
824737832
838865990
844644384
847291904
880804485
880822592
941637796
964838400
981536896
1006895626
1073840693
1073926163
1074012389
1075069701
1075196929
1075841818
1075946688
1076375690
1076478216
1076564064
1077019344
1078112800
1078237204
1078330418
1081606465
1090627624
1091831890
1092620844
1094717185
1094854800
1107446306
1108525440
1109415680
1111777600
1125908489
1127251988
1141572625
1141925905
1142818944
1146241090
1149450240
1149505681
1154752544
1157793797
1159921674
1175224416
1176510756
1183188224
1208033307
1208623621
1209557064
1210058377
1210466592
1212951552
1216520258
1218581520
1225263300
1227132929
1241710920
1241778232
1242572930
1258311840
1270882308
1276674051
1277190658
1283457636
1342227618
1342331012
1342742609
1344415753
1345368320
1346379836
1347813896
1348539393
1350713610
1351778352
1352663190
1352666400
1367376908
1375995080
1380089862
1401032705
1426069528
1485361152
1490027522
1510105104
1610648601
1610695242
1610811651
1611038764
1611286608
1611859488
1612190232
1614938900
1615355907
1616906402
1619869728
1624379520
1627474948
1629511704
1635815712
1644433443
1646788684
1649475664
1677731980
1689288768
1746960784
1761608970
1883275592
1929676800
2013791252
2147624609
2147681386
2147852326
2148024778
2148797585
2149978161
2150139402
2150393858
2151683636
2151759887
2152956432
2153128128
2154038688
2155913797
2156225600
2156474408
2156660836
2159150337
2163212930
2164359811
2164529411
2181048363
2181255248
2183663780
2185241688
2189434370
2189709600
2214662473
2214892612
2215379107
2216468496
2217050880
2218831360
2218985604
2223555200
2224030257
2237939713
2254503976
2257780738
2265055432
2282765376
2283145250
2283851810
2285637888
2292482180
2298900480
2309505088
2317356044
2319843348
2332557602
2349360129
2350448832
2353006881
2353021512
2366376448
2416066614
2416575557
2416803912
2417247242
2418116768
2420116754
2422751376
2425357476
2433040516
2435452930
2437163040
2450526600
2458419233
2483556464
2485145860
2500985600
2516623680
2550399021
2551202144
2553348102
2554381316
2566919297
2566980176
2684455236
2684629768
2684920928
2685485218
2688831506
2690736640
2690942984
2692759672
2695627792
2703556704
2705326380
2705332800
2720026633
2721055520
2722431233
2726963200
2734753816
2751482371
2760179724
2785017957
2789360640
2802065410
2819231816
2852139056
2889973762
3019907097
3020210208
3221297202
3221390484
3221623302
3222573216
3223718976
3224380464
3225690641
3229877800
3230711814
3231195265
3248759040
3254949896
3259023408
3288866886
3293577368
3298951328
3305123873
3338733056
3355463960
3356180482
3378577536
3493921568
3523217940
3558080577
3624173586
3766551184
3776053316
3926147584
4026696193
4027582504
4102033410
4295249218
4295362772
4295704652
4296049556
4297133698
4297595170
4299956322
4300278804
4300787716
4303367272
4303519774
4303786752
4305502760
4305912864
4306256256
4306538499
4308077376
4311835658
4312451200
4312948816
4313321672
4315021353
4316236290
4320211009
4326425860
4328719622
4329058822
4329439269
4337959361
4345337152
4362096726
4362510496
4362649649
4363517971
4363673730
4363715329
4364206405
4367327560
4378868740
4379116300
4379117665
4379419200
4387310096
4412412545
4429324946
4429333525
4429496420
4429785224
4429991939
4430562376
4430758214
4431457280
4433912081
4434101760
4437662720
4448060514
4466937925
4475879426
4504690723
4509007952
4563960333
4564517170
4566290500
4567703620
4571275776
4571791477
4580713505
4584392709
4584964360
4597800960
4598022724
4603269122
4619010176
4634708144
4639686696
4664083720
4698021953
4698720258
4700897664
4706013762
4706043024
4731503360
4732752896
4831889153
4831985859
4833151114
4833607824
4834494484
4838228256
4856217616
4857007107
4866081032
4874326080
4900143392
4901053200
4916838466
4966223905
4966843680
4967112928
4969202181
4970291720
4982851656
5033247360
5100474688
5100798042
5104534019
5106696204
5108762632
5133838594
5133960352
5368718147
5368910472
5369259536
5369841856
5371069713
5377663012
5381885968
5385519344
5394157572
5402854440
5403410946
5407113408
5410652760
5410665600
5436867745
5438984200
5440053266
5442111040
5444862466
5469507632
5502984321
5504008488
5520359448
5570035914
5570304256
5604130820
5641633825
5704278112
5779947524
5838471697
5914107921
5922979841
5941444608
5960110088
6039814194
6243483776
6442594404
6442780968
6443147267
6443246604
6443786273
6445146432
6447437952
6448760928
6450906137
6451381282
6451898386
6459755600
6461423628
6462390530
6467625608
6479478912
6497518080
6511790600
6518046816
6535249925
6543409161
6577193569
6577733772
6587154736
6597902656
6610247746
6710927920
6710939713
6712360964
6746546181
6757155072
6778335232
6987843136
6996099606
6997192704
7046435880
7116161154
7248347172
7533102368
7718707200
7852295168
8053392386
8055165008
8590498436
8590725544
8591124613
8591409304
8592099112
8592567041
8594476033
8595190340
8599642193
8599912644
8600557608
8601575432
8606734544
8606834693
8607039548
8607573504
8611005520
8611825728
8612512512
8615493893
8616154752
8623655188
8624902400
8625897632
8626643344
8632472580
8640422018
8645529601
8652851720
8657437889
8657715207
8658117644
8658386981
8658878538
8663341185
8675918722
8694793025
8724193452
8724684995
8725020992
8725207059
8725299298
8725790733
8727035942
8727347460
8727430658
8728412810
8732558347
8734655120
8757737480
8758838400
8764261440
8774486401
8774779408
8799748225
8808177681
8824825090
8858435751
8858649892
8858667050
8859570448
8859983878
8861516428
8862605953
8865873984
8867824162
8868203520
8875325440
8876204297
8894026017
8894220800
8896121028
8925561353
8933875850
8951758852
9009381446
9018015904
9126814223
9126939236
9127920321
9127920666
9132581000
9135407240
9143582954
9150415872
9161427010
9168785418
9169928720
9193981973
9195601920
9196045448
9206538244
9238020352
9262113793
9269446736
9328136992
9396043906
9397440516
9401795328
9412027524
9412086048
9465505792
9479159811
9663971718
9664266456
9666302228
9668988968
9670303746
9674188804
9676456512
9680467016
9681109153
9698288161
9701429904
9714014214
9730785395
9732162064
9748652160
9802106400
9815869440
9833676932
9873916168
9933687360
9934225856
9940583440
10066494720
10167058464
10200949376
10201078816
10201596084
10204808576
10209068038
10213392408
10217525264
10267934788
10268835849
10737436294
10737820944
10737950773
10738471206
10738519072
10739384833
10739683712
10741617731
10742139426
10755326024
10762584346
10762946560
10763771936
10771038688
10773169153
10782511168
10788315144
10805708880
10809843713
10814226816
10821305520
10821331200
10873735490
10877968400
10880106532
10884222080
10889724932
10905456770
10939015264
11005929484
11005968642
11007960640
11040718896
11140071828
11208261640
11278614673
11283267650
11559895048
11676943394
11811315777
11828215842
11920220176
12079628388
12080119819
12080840832
12884969547
12885164721
12885188808
12885561936
12886294534
12886493208
12887572546
12889494532
12894875904
12897486354
12897521856
12901812274
12902762564
12919511200
12922847256
12924781060
12926935552
12935757972
12958957824
12995036160
13019799584
13036093632
13070499850
13086818322
13087293505
13153361939
13154387138
13155467544
13174309472
13220495492
13421855840
13421879426
13423345699
13424721928
13428072513
13493092362
13824426121
13960085600
13967557697
13975686272
14097186819
14232322308
15032991873
15066204736
15099533314
15368060961
15437414400
15704590336
16106784772
16110330016
16123953169
17180108817
17180265761
17180694032
17180996872
17181451088
17182249226
17182818608
17184074177
17184198224
17185134082
17189353984
17190356019
17190380680
17197779201
17198877313
17199284386
17199825288
17201115216
17201369099
17203150864
17206084124
17213425227
17213469088
17213669386
17214079096
17214082180
17219727873
17223651456
17225025024
17232309504
17246982453
17247310376
17248551462
17249804800
17251795264
17253286688
17253400649
17255432402
17256694785
17264945160
17280844036
17283154305
17291059202
17305703440
17314875778
17315430414
17316235288
17316773962
17317757076
17323016481
17326682370
17335059656
17349771301
17351837444
17356170241
17381237505
17385406483
17432576068
17448386904
17448719424
17449369990
17450041984
17450414118
17451581466
17454071884
17454694920
17454861316
17456825620
17457807497
17461086240
17465116694
17469310240
17481933504
17482403845
17482940689
17515474960
17517676800
17548972802
17599496450
17616355362
17649650180
17660121089
17716752489
17716871502
17717299784
17717334100
17718469632
17719140896
17719967756
17721213449
17722249504
17723032856
17725211906
17731747968
17735648324
17736407040
17750650880
17752408594
17784932481
17788052034
17792242056
17809211393
17851122706
17867751700
17876680832
17903517704
18018762892
18036031808
18253628461
18255840642
18255841332
18258624648
18265014273
18265162000
18270814480
18285103104
18287165908
18289332248
18321261121
18322854020
18324920416
18337570836
18339857440
18387963946
18391203840
18392090896
18413076488
18476040704
18522309251
18524227586
18540921093
18558746784
18792087812
18794881032
18803590656
18824055048
18824172096
18931011584
18941487105
18958319622
19327379604
19327943436
19328532912
19329785865
19332604456
19334431296
19337977936
19352543235
19352913024
19362025505
19362218306
19396576322
19402859808
19407704064
19428028428
19461570790
19461851201
19464324128
19497304320
19595789976
19595931905
19604212800
19630540800
19631738880
19662995461
19667353864
19867374720
19868451712
19881166880
20006836228
20132989440
20138950689
20401898752
20403192168
20409617152
20418136076
20426784816
20435050528
20535354376
20540555269
21474872588
21475143685
21475623241
21475641888
21475901546
21476942412
21477038144
21478769666
21480112705
21481717765
21484278852
21487444016
21510652048
21525893120
21535916096
21541954641
21542077376
21565022336
21611417760
21619687426
21621639177
21628453632
21642611040
21642662400
21680653312
21747470980
21747606530
21760213064
21768444160
21779449864
21810913540
21815705600
21878030528
22011858968
22011937284
22012240513
22015921280
22050512900
22081437792
22280143656
22416523280
22557229346
22817112448
23087579146
23119790096
23156752641
23353886788
23622326801
23622631554
23656431684
23731374208
23756539139
23765778432
23840440352
24159256776
24161681664
25769939094
25770329442
25770377616
25771123872
25772589068
25772952585
25772986416
25775145092
25780585728
25789751808
25794972708
25795043712
25803624548
25812795688
25839022400
25845303555
25845694512
25849562120
25853689997
25870502432
25917915648
25937641553
25990072320
26072187264
26140999700
26172994048
26173636644
26174587010
26306723878
26308774276
26310935088
26348618944
26391610624
26440990984
26843557378
26843711680
26843758852
26844598657
26846691398
26849443856
26856145026
27028620288
27113340928
27648852242
27935115394
27951372544
28068319296
28185743520
28194373638
28236055041
28464644616
28993388688
30065983746
30132409472
30736121922
30874828800
31272763412
31409180672
32213569544
32245826576
34360066827
34360217634
34360296385
34360531522
34361844057
34361993744
34362886531
34362902176
34364498452
34365637216
34368148354
34368396448
34376578176
34376582594
34377904132
34378883107
34379662350
34380712038
34380761360
34393842052
34394346065
34394410018
34395558402
34397754626
34398568772
34399650576
34401682981
34406301728
34426850454
34427338772
34427986496
34428158192
34430294016
34431086657
34431108737
34431582473
34439455746
34447302912
34450050048
34464619008
34493964906
34494038217
34494112003
34494620752
34498740259
34499609600
34502383873
34506573376
34506801298
34513389570
34529890320
34537021456
34561344033
34561688072
34566308610
34611406880
34629751556
34630860828
34632470576
34633547924
34635514152
34636857873
34646032962
34653364740
34670119312
34695430225
34699542602
34703674888
34712340482
34724642849
34729370113
34762475010
34770812966
34779172100
34846802064
34896773808
34897216005
34898739980
34900083968
34900828236
34901197192
34908143768
34909389840
34909722632
34910249473
34913651240
34915614994
34922172480
34930233388
34938620480
34964807690
34965881378
34968174599
34973288452
35030949920
35032927424
35035353600
35047735429
35064651785
35165061163
35198992900
35232710724
35299300360
35320242178
35367485441
35433495169
35433504978
35433743004
35434599568
35434668200
35438281792
35439935512
35442426898
35444499008
35446065712
35452422161
35463495936
35472814080
35501301760
35502818049
35504817188
35534669834
35543581312
35569864962
35576104068
35584484112
35618422786
35702245412
35706110533
35735503400
35753361664
35807035408
35980840965
35987145025
36037525784
36124491808
36507256922
36509384997
36510416913
36511681284
36511682664
36524541985
36528202757
36530028546
36530324000
36541628960
36570206208
36574331816
36574987522
36575514753
36578664496
36642522242
36645708040
36675141672
36679714880
36725325835
36782407680
36784181792
36826152976
36952081408
37044170755
37046452865
37048455172
37077696704
37081842186
37117493568
37119624193
37581783045
37584175624
37589762064
37648110096
37648344192
37849399473
37862023168
37916639244
38388384768
38654747938
38655240261
38655886872
38656909825
38657083401
38658908299
38659032385
38659571730
38665208912
38668862592
38675955872
38705086470
38705826048
38724051010
38724436612
38762708993
38792675328
38793152644
38856056856
38923141580
38923702402
38928648256
38994608640
39093043264
39191863810
39208425600
39258686025
39263477760
39325990922
39334707728
39462633729
39728502816
39734749440
39736903424
39745358400
39762333760
39795638275
40277901378
40803797504
40806384336
40819234304
40836272152
40853569632
40870101056
41070708752
41081110538
41477488641
42949745176
42949839875
42949944390
42950918193
42951246482
42951283776
42951803092
42953884824
42954076288
42955981315
42957539332
42958734848
42963435530
42966470924
42968557704
42974888032
42983359113
42987431953
42992402435
43019468865
43021304096
43034610177
43051786240
43055087744
43083909282
43084154752
43130044672
43151263756
43153260576
43222835520
43239374852
43256907264
43285222080
43285324800
43494941960
43507580937
43520426128
43536888320
43553661089
43558899728
43621827080
43756061056
44023689264
44023874568
44024481026
44024627716
44032067904
44124083201
44158173201
44162875584
44560287312
44833046560
45114458692
45133070600
45634224896
45902465089
46175158292
46239580192
46313505282
46707773576
47245263108
47247786816
47312863368
47387549696
47513078278
47531556864
48323363328
48412753920
51539644569
51539878188
51540658884
51540755232
51542229545
51542247744
51545178136
51545905170
51545972832
51550290184
51552714833
51557978128
51561171456
51579503616
51589945416
51590087424
51590996097
51607047232
51607249096
51608838149
51640352816
51678044800
51680379137
51690607110
51691389024
51699124240
51707379994
51740955904
51835831296
51875283106
51959087105
51980144640
52084875398
52281999400
52347273288
52349174020
52613447756
52613947649
52617548552
52617693185
52621870176
52697237888
52783221248
52881981968
53687423360
53687517704
53689197314
53693382796
53698887712
53712290052
53972369448
54226681856
54794407938
55297704484
55870230788
56036556801
56371478864
56388747276
56472110082
56910414017
56929289232
56976736260
57986777376
60131967492
60264818944
60398133256
61472243844
62818361344
64427139088
64432967682
64441320064
64693208065
68719594514
68720075849
68720435268
68721063044
68722776128
68723688114
68723987488
68724760589
68725773062
68725804352
68728030289
68728996904
68731274432
68733124867
68736296708
68737040538
68738376065
68738878469
68740536328
68748902917
68753123364
68753359442
68755685395
68755808264
68756242697
68757766214
68761424076
68761522720
68786872387
68787716229
68788692130
68788704273
68791116804
68795509252
68797137544
68797333793
68799301152
68803365962
68804460864
68812603456
68820271750
68853700908
68853762705
68853876352
68854677544
68856316384
68860588032
68862173314
68862217474
68863164946
68878911492
68887528705
68888044160
68894605824
68900100096
68920807811
68929238016
68987929812
68988076434
68988224006
68989241504
68990403848
68996309545
68997480518
68999219200
69004693587
69013146752
69013602596
69026779140
69059480065
69059780640
69096965123
69122688066
69123376144
69128421401
69132617220
69164236808
69222813760
69257435394
69258854405
69259503112
69261721656
69264941152
69271028304
69273715746
69306729480
69340254724
69390860450
69401067784
69407349776
69424680964
69449285698
69458740226
69524950020
69525840003
69537402881
69541625932
69558344200
69793547616
69793786240
69794432010
69797479960
69800167936
69801656472
69802394384
69803868420
69806325864
69816287536
69818779680
69819445264
69820498946
69827302480
69829002273
69831229988
69835171905
69860466776
69877240960
69882871812
69929615380
69931762756
70003081217
70061899840
70066114944
70070707200
70129303570
70195891208
70330122326
70397985800
70447530001
70465421448
70598600720
70640484356
70734970882
70866990338
70867009956
70867486008
70869127362
70869199136
70869336400
70876151817
70876563584
70879871024
70884788276
70888998016
70892131424
70900847624
70901702673
70904815744
70904844322
70926991872
70934070797
70934628417
70945628160
70950912262
71002603520
71005636098
71009634376
71135699969
71139729924
71152208136
71168968224
71236845572
71287971840
71403929641
71412355344
71471006800
71614070816
71961681930
72012431360
72075051568
72144127232
72248983616
73014451393
73014513844
73014707243
73018769994
73023362568
73023365328
73023424545
73031231513
73032274720
73048492032
73056405514
73060057092
73060648000
73083257920
73140412416
73148663632
73151029506
73218002948
73285044484
73291416080
73350283344
73359429760
73551855784
73564815360
73568363584
73904162816
74088341510
74089237004
74092396625
74092905730
74096910344
74157924353
74163684372
74234987136
74239248386
74692198944
75162255429
75163566090
75164156946
75179524128
75214362624
75296220192
75296688384
75698798946
75724046336
75833278488
76269224067
77310480522
77311773744
77314007073
77314131648
77318064770
77328293910
77330417824
77337725184
77344015429
77351911744
77410172940
77411652096
77443666441
77448102020
77448873224
77525417986
77578995713
77586305288
77611439232
77644967941
77663977472
77712113712
77846283160
77847404804
77848380675
77857296512
77913786624
77981026314
77989217280
78383162513
78383171873
78383727620
78400193089
78416851200
78421491713
78651981844
78669415456
78925267458
79457521680
79460040865
79473806848
79524667520
79591276550
79599509761
80531957760
80555802756
81607595008
81608630528
81612768672
81638468608
81646325777
81672544304
81707139264
81740202112
82143365632
82150686792
82313216032
82954977282
85899490352
85899679750
85900574740
85901836386
85902492964
85902567552
85903606184
85907769648
85909184768
85911962630
85915078664
85916164290
85917469696
85920450820
85924513033
85932908807
85932941848
85937115408
85966718226
85974863906
85986377731
86000177153
86034640897
86038937730
86042608192
86060834848
86069220354
86103572480
86167818564
86168309504
86260089344
86306521152
86441526273
86445671040
86478749704
86513814528
86570444160
86570649600
86722613248
86974398513
86989883920
87015161874
87023747200
87040264201
87040852256
87073776640
87107322178
87243654160
87512122112
88047435872
88047749136
88048962052
88063685120
88067833873
88248166402
88316346402
88325751168
89120574624
89666093120
90228917384
90266141200
91268449792
92350316584
92479160384
92627010564
93415547152
94490526216
94499848193
94625726736
94690608161
94795464714
95026156556
95063113728
95361761408
96637027104
96646726656
96708067396
103079318533
103079756376
103080265833
103081510464
103084459090
103084495488
103090356272
103091810340
103091945664
103100580368
103104946177
103105429666
103115956256
103122342912
103146335489
103159007232
103179890832
103181992194
103214498192
103217676298
103351934977
103356089600
103360758274
103381214220
103382778048
103398248480
103414759988
103415484416
103416889473
103481911808
103486063776
103624540545
103671662592
103750566212
103901300225
103918174210
103960289280
104165803009
104222165060
104236859432
104288749056
104563998800
104694546576
104698348040
105226895512
105227895298
105235097104
105235386370
105243740352
105394475776
105763963936
105799221268
107374846720
107375035408
107375526145
107378394628
107382833760
107386765592
107391111169
107397775424
107424580104
108453363712
108733145216
109588815876
110595408968
111669155362
111740461576
111805490176
112073113602
112214425618
112742974080
112743546946
112777494552
113820828034
113858578464
113884004369
115966214188
120259101827
120263934984
120529637888
120535910405
122944487688
123499315200
125636722688
128854278176
128882640128
128991625352
137439189028
137439817746
137440108929
137440151698
137440267308
137440870536
137441089089
137441185540
137442126088
137445552256
137447376228
137447974976
137448784033
137449521178
137451546124
137455781899
137457993808
137458877201
137460211718
137462548864
137464129825
137464726529
137466249734
137472593416
137473035585
137473585792
137476752130
137477756938
137481072656
137481953318
137489481749
137497805834
137506246728
137506343297
137509406721
137511321652
137512485394
137515041058
137515532428
137518383616
137522848152
137523045440
137539887153
137564815425
137573433699
137573744774
137575432458
137575800888
137577384260
137577408546
137580515408
137582233608
137583943681
137591018504
137594275088
137594667586
137598602304
137606731924
137608921728
137610953737
137625206912
137640290377
137659154593
137707401816
137707413645
137707456569
137707720897
137709355088
137711658128
137712632768
137714466826
137721176064
137724346628
137724434948
137730523172
137741109377
137775057410
137789211648
137800200192
137841615622
137841677600
137858476032
137891975170
137975859624
137976152868
137976410368
137976448012
137977931921
137992619090
137994961036
137998438400
138000994329
138012689408
138026293504
138027205192
138043097361
138053558280
138076553227
138112958528
138114310149
138118960130
138119561280
138193930246
138244788769
138245376132
138245603337
138246752288
138265234440
138328473616
138391060528
138445627520
138516957702
138519006224
138521313289
138523443312
138529882304
138542056608
138546286853
138546552842
138555687953
138579943555
138581901341
138584131848
138585051649
138613458960
138781720900
138798170408
138802135568
138814699552
138849361928
138898571396
138917480452
139049900040
139051680006
139072765953
139074805762
139083251864
139116688400
139125590017
139586734625
139587699716
139588864020
139590662145
139594959920
139600335872
139603312944
139604788768
139607736840
139612651728
139620401155
139632575072
139637559360
139638890528
139640997892
139654604960
139658004546
139662459976
139670343810
139720933552
139737448965
139859230760
139863525512
140123799680
140141414400
140191072772
140258607140
140324900865
140391782416
140391882818
140660244652
140696355329
140795971600
140836340096
140930842896
141197201440
141280968712
141469941764
141733980676
141734019912
141734972016
141738398272
141738672800
141750699085
141752303634
141753127168
141759742048
141769576552
141771751556
141772719392
141776396297
141777996032
141784262848
141801695248
141803405346
141809554433
141809688644
141853983744
141868141594
141869256834
141885186592
141891256320
141901824524
142005207040
142011272196
142019268752
142074183745
142271399938
142279459848
142337936448
142354702337
142473691144
142807667750
142807739393
142807859282
142808981648
142809382913
142824442132
142942013600
143228141632
143882191618
143902375971
144150103136
144250503186
144288254464
144451899904
145034854400
146028902786
146029027688
146029414486
146033901585
146037539988
146039374217
146046725136
146046730656
146046849090
146062463026
146079289480
146098167940
146112811028
146120114184
146121296000
146163257473
146166515840
146205116418
146297327264
146302059012
146314657984
146365481105
146406653952
146434163713
146566299721
146570088968
146571004161
146582832160
146700566688
146718859520
146901303340
147102763537
147103711568
147136727168
147186581761
147253624978
147647939072
147808325632
148176683020
148178474008
148185811460
148193419393
148193820688
148315848706
148327368744
148478496772
149384397888
150324510858
150336702496
150341163009
150359048256
150428725248
150592440384
150593376768
151397597892
151448092672
151666556976
152538449156
154620143619
154620961044
154623673089
154626179201
154628014146
154628263296
154635882529
154636129540
154638229569
154657104002
154660835648
154688030858
154703823488
154753667073
154820345880
154823304192
154896204040
154897746448
155157991426
155172471171
155172610576
155222878464
155289935882
155398963712
155424227424
155692566320
155694809608
155714593024
155826794688
155962052628
155978434560
156229517329
156766325026
156767455240
156774957329
156833702400
156850195457
156919660546
157035332610
157303963688
157338830912
157840080963
157850534916
158915043360
158920081730
158938997760
158947613696
159049335040
159182553100
159199019522
159517769876
161063915520
161111605512
163208783105
163209019930
163215190016
163225537344
163276937216
163292651554
163345088608
163414278528
163480404224
163779313697
164286731264
164383162440
165909954564
167572931073
171798980704
171799359500
171803672772
171804985928
171805135104
171807212368
171811323909
171815539296
171816305152
171823925260
171830157328
171834939392
171840901640
171849026066
171853742120
171865806883
171865817614
171866096904
171874230816
171899552128
171908268052
171933436452
171949727812
172069281794
172075525185
172077875460
172084428807
172085216384
172134777888
172138440708
172207144960
172220350976
172335637128
172336619008
172373315713
172469813763
172520178688
172613042304
172876628243
172883052546
172909150272
172957499408
173027629056
173082476544
173140888320
173141299200
173948797026
173956153600
173979767840
173980778509
174030323748
174080528402
174081704512
174147553280
174214644356
174235598912
174483047824
174487308320
175024244224
176094871744
176095498272
176097924104
176127370240
176404103200
176496332804
176632692804
176651502336
177302151170
178241149248
180391784449
180457834768
180532282400
182536899584
184700633168
184958320768
185254021128
186831094304
188981052432
188999696386
189046718785
189251453472
189381216322
189515728900
189516480562
190052313112
190077469185
190126227456
190723522816
191260270625
193274054208
193293453312
197568563329
206158637066
206158643745
206158971157
206159512752
206162635536
206163020928
206168395841
206168918180
206168990976
206180712544
206183620680
206183891328
206201160736
206209892354
206210859332
206212961792
206231912512
206242971657
206244685824
206292670978
206309434371
206318014464
206359781664
206360349696
206363984388
206428996384
206462779536
206595686433
206695388288
206712179200
206721516548
206762428440
206765556096
206796496960
206829519976
206829584658
207249081090
207250000001
207343325184
207374778382
207501132424
207769051401
207802600450
207920578560
208307224710
208310108361
208331606018
208473718864
208577498112
209127997600
209380774144
209396696080
210453438561
210453791024
210455790596
210470194208
210470772740
210487480704
210554062853
210788951552
211132884992
211258970114
211527927872
213138277377
214749693440
214750070816
214751052290
214756789256
214773531184
214795550848
214849160208
215083909442
215285268613
215889477792
216228962304
216906727424
217466290432
219177631752
221190817936
223338310724
223340402945
223355109420
223417999361
223480923152
223610980352
224146227204
225485948160
225554989104
225888440328
227641656068
227717156928
231928602624
231947109504
240518439429
240527869968
241059275776
245888975376
246998630400
251273445376
257708556352
257765280256
257833369604
257983250704
274878187571
274878378056
274878734377
274878761093
274879103077
274880073771
274880217858
274880534609
274881741072
274882237121
274882371080
274884252176
274891104512
274894728257
274894752456
274895949952
274896269825
274897568066
274899042356
274903092248
274903217408
274911563798
274912121156
274915987616
274917754402
274917769477
274919858833
274920150017
274920423436
274925097728
274929453058
274932499468
274945186832
274946071170
274947171584
274953504260
274955513876
274958125074
274962145312
274963906636
274967036289
274978668833
274978963498
274979751425
274995611668
275012136580
275012488448
275018813442
275023200769
275024970788
275029663744
275031064856
275045696052
275046090880
275046204423
275048829057
275079774306
275083755529
275087623441
275096033281
275129630850
275146867398
275147000866
275147489548
275150864916
275154768520
275154817092
275163253009
275164467216
275167887362
275182037008
275188550176
275197204608
275213463848
275215585346
275216072741
275217843456
275222929409
275250413824
275280580754
275281087000
275291045992
275318309186
275414803632
275414827290
275414870025
275414913138
275415441794
275415505408
275418710176
275425265536
275439944289
275442352128
275448693256
275448869896
275452659784
275482218754
275482936132
275516243969
275550114820
275578423296
275600400384
275683231244
275683312769
275685584897
275716952064
275783950340
275951651149
275951719248
275952305736
275952896024
275953786887
275955865858
275956941825
275956966016
275960171649
275968431125
275972685891
275985238180
275985596497
275989922072
275996876800
276027443208
276028724224
276052587008
276054410384
276086194722
276107116560
276153106454
276237920260
276239122560
276253648129
276270415922
276359020673
276387860492
276489577538
276490752264
276493504576
276530468880
276656947232
276891255040
277035417620
277038012448
277042626578
277046886624
277056978952
277059665929
277059764608
277084113216
277092573706
277092902913
277094862984
277111375906
277128314884
277130252305
277159887110
277163802682
277168263696
277170103298
277226917920
277293899873
277306410497
277360954496
277430173953
277562266017
277562524745
277563441800
277566983172
277567512848
277596340816
277604271136
277629399104
277698723856
277797142792
277834960904
278099480577
278099800080
278102278532
278103360012
278145531906
278166503728
278233376800
278251180034
279173469250
279174190464
279177728040
279181396260
279182573581
279200671744
279206625888
279206764547
279209577536
279215473680
279225303456
279240510473
279240802310
279244186117
279265150144
279277781056
279281995784
279307124819
279309209920
279316009092
279324919952
279340687620
279441444871
279441867104
279508963840
279617486849
279709782092
279718461520
279727051024
279743299641
280246882330
280247599360
280263410185
280282828800
280783564832
281320391717
281320489304
281392710658
281454587913
281589579793
281591943200
281790120004
281861685792
281926500353
282394402880
282561937424
282939883528
283467961352
283468039824
283469944032
283473084953
283476509448
283476796544
283477345600
283501398170
283504607268
283506254336
283519484096
283539153104
283545438784
283552792594
283555992064
283568525696
283570610185
283603390496
283606810692
283619108866
283619377288
283707967488
283736283188
283738513668
283770373184
283782512640
283803649048
284010414080
284022544392
284038537504
284139061569
284148367490
284554178561
284558919696
284608832544
284675872896
284692578596
284709404674
284947382288
285148184578
285615718564
285617963296
285618765826
285623865346
285648884264
285884027200
286456283264
286756176513
287764383236
287778553856
287800558721
287804751942
287846727720
287899125793
288050184194
288300206272
288316604420
288576508928
292057805572
292057940357
292058055376
292058828972
292059350209
292066279584
292067348497
292075079976
292078748434
292083597318
292093450272
292093461312
292093698180
292124926052
292124962945
292127277073
292158578960
292196335880
292225622056
292240228368
292242592000
292326514946
292333031680
292460437525
292561649664
292594654528
292604118024
292629315968
292729651716
292730962210
292872011792
293132599442
293140177936
293142008322
293165664320
293240569861
293399992321
293401133376
293437719040
293668798466
293689360516
293802606680
294205527074
294259261440
294273454336
294373163522
294507249956
294609223808
294775726081
295616651264
296352753826
296353366040
296355897601
296369586500
296371622920
296386838786
296387641376
296631697412
296654737488
296939948544
296956993544
297829139488
300649021716
300654264360
300656627784
300682326018
300718096512
300857450496
301184880768
301186753536
302797295621
302896185344
303333113952
309237944868
309240287238
309241922088
309242959873
309247094976
309247346178
309252358402
309255341057
309256028292
309256526592
309271343137
309271765058
309272259080
309276459138
309321671296
309338310849
309373075465
309376061716
309407646976
309426389505
309640691760
309646608384
309776623652
309792408080
309795492896
310101671944
310315982852
310320824609
310328758280
310344942342
310345221152
310445756928
310512746816
310579871764
310848454848
311385132640
311385260565
311389619216
311393522700
311429186048
311654753280
311956869120
312459034658
313534910480
313549914658
313685966852
313700390914
313802097281
313839321092
314607927376
314677661824
315680161926
317827653906
317840163460
317844361347
317877995520
317895227392
318098670080
318365106200
318398039044
322223211024
326417566210
326418039860
326430380032
326451074688
326553874432
326690177216
326721601539
326828557056
326954713121
326960808448
328565670016
328573462528
328648884304
331819909128
335007457857
335145862146
343597429009
343597961408
343599555120
343602298960
343605797893
343607345544
343609971856
343610270208
343614424736
343617438212
343622647818
343631078592
343647850520
343660314656
343664623793
343664657160
343669878784
343681803280
343698052132
343707484240
343731613766
343731635228
343731767392
343748461632
343866872841
343899455624
343916183557
343945510924
344000708612
344138563588
344142909480
344151050370
344155750920
344167878721
344168857614
344170432768
344270045201
344414289920
344440701952
344671274256
344672796704
344673238016
344746631426
344939627526
345040357376
345210110048
345226084608
345745918721
345753256486
345766105092
345895993728
345914998816
346055258112
346281776640
346282598400
346829094929
347897594052
347959535680
348094988800
348161056804
348163409024
348295106560
348429288712
348471197824
348974616640
350048488448
352189743488
352190996544
352191514631
352195848208
352196792324
352464142529
352992665608
353265385608
353303004672
356482298496
360783568898
360810810385
360915669536
360920121347
361064564800
361112813825
361316221065
365073799168
369401266336
369916641536
370508042256
371514689544
373662188608
377962104864
377973907808
377999392772
378032624129
378093437570
378502906944
378762432644
380104626224
380154938370
380252454912
381447045632
382520541250
383862704129
386547499008
386548108416
386586906624
387302031360
395137126658
412317000729
412317274132
412317287490
412317943829
412319025504
412321063332
412325271072
412326041856
412336791682
412337836360
412337981952
412355665985
412361425088
412367241360
412367782656
412401009155
412402321472
412421718664
412425923584
412463825024
412485943314
412489371648
412585341956
412587738112
412618868742
412636028928
412719563328
412720699392
412854800387
412857992768
412862122506
412870705192
413004731008
413123740928
413407739908
413424358400
413443033096
413524856880
413531112192
413592993920
413659039952
413659169316
414481289217
414498162180
414500000002
414531469353
414598563971
414686650368
414749556764
415009620100
415538102802
415605200900
415672696840
415841157120
416614449420
416663212036
416679003184
416888652162
417154996224
417685603464
418255995200
418778186304
418793392160
420906877122
420907582048
420911581192
420915216419
420940388416
420941545480
421108125706
421445763604
421498191874
421577903104
422265769984
423054320384
423055855744
426276554754
429499386880
429510885408
429513578512
429547062368
429564444676
429591101696
429698320416
430570537226
431778955584
433809260672
435943505924
438238707713
438355263504
442381635872
446676621448
446678368258
446678697093
446680805890
446710218840
446835998722
446961846304
447221960704
448292454408
450971896320
451109978208
451776880656
455283312136
455337967617
455434313856
455536017476
463894219008
481036407308
481036878858
481055739936
481078411521
481305307137
482118551552
482143641620
482177188929
491777950752
493997260800
498217255490
502546890752
515417112704
515463217170
515530560512
515966501408
517545664520
549755814331
549755818980
549755827731
549755834256
549755857972
549755864142
549755980426
549755983144
549756097669
549756183184
549756207693
549756233988
549756358716
549756437763
549756494402
549756872033
549757000225
549757404681
549757982860
549758830208
549758964298
549759551506
549760085058
549761253668
549762139282
549764894849
549765337616
549765810216
549766823951
549766881296
549768663305
549772793348
549773187392
549774798850
549776539652
549779941377
549785309202
549789436677
549789631772
549790556426
549791598659
549794301952
549797888180
549806154920
549808275977
549823103524
549823201640
549824005712
549831312150
549839962310
549857018064
549860944000
549890105684
549890168002
549893179492
549895176448
549900780352
549903679648
549906948134
549985452048
550024868864
550026363413
550029766658
550032835456
550037095504
550042075256
550042207235
550059967584
550069354504
550075106832
550141804544
550158607880
550160638081
550242623744
550293523456
550294962496
550301860040
550302547970
550305275946
550313951297
550339346692
550376581200
550429039104
550441583617
550460473730
550461538328
550494145568
550565486608
550577918088
550695342353
550829871624
550829900050
550830089000
550830673927
550834276389
550842171907
550847124482
550856822976
550872809540
550897190276
550900868105
551030890672
551106666624
551132135554
551165105696
551299973184
551366443681
551400087808
551439892484
551458963968
551643316289
551908086273
551908691976
551936864449
551942652928
551971458312
552042242180
552079983112
552105677316
552180654338
552182351876
552239235216
552458518785
552893153284
552993850176
553010613249
553248358432
553514174848
553652322400
554052103680
554057073537
554057084952
554126295177
554134946832
554152493100
554228123648
554273607680
554285728769
554336030756
554386524162
554453697542
554596107396
554654863376
554856121024
555127800836
555241963778
556206670148
556366069920
556735137805
557276301312
557549879808
558345865792
558348304464
558349945200
558380384387
558396146210
558415479344
558421267520
558480623760
558686014464
558689714464
558752600136
558886836228
558916706322
559025369088
559467724832
559488745473
560493257240
560629678089
561038753825
561638281472
562641912448
562774936328
562774938672
563446286352
564016455688
564251869440
564809171976
566939963584
566944145956
566974873601
566977906704
566992306182
567003022464
567006988316
567086940185
567204125706
567271237665
567472560304
567486187584
568013676548
568085970954
568144167442
568681825280
569083216137
569083461744
569084216342
569102045456
569167609858
569389416464
569636832768
570158485568
573380296738
575546867968
575794087428
576667262976
577010403328
577715208192
578411298832
579959070720
584122105908
584124025120
584150679856
584207863816
584251605121
584259207436
584270823428
584291717216
584384129216
584388216841
584417804609
584694513665
584705376384
585189431568
585201942664
585214471168
585860974592
586272473155
586280411152
586332312576
586549303296
588428444672
588448277024
588544749952
588681199648
588948050944
589517815829
592706093066
592772727108
592856482881
592982839312
599148331010
601899926272
603174481920
603577319488
603786854400
605598810145
609902268448
610423275525
618479812739
618481586273
618626286220
618626351393
618710173968
618745627136
618747921669
618752213012
618765353088
619012296715
619014267076
619033145600
619045980256
619079344641
619080581140
619147559680
619549163969
619685380168
620635376128
620773785618
620960416258
621436470280
621730267140
622770784390
622772469888
622805143552
623064121345
625525915776
627067494912
627069568002
627083116688
627084365832
627132405792
629482209284
635671953477
635689861184
636737360896
640000458800
640019333384
644513538128
645872517120
648540194817
652836628480
652837687552
652868879872
652971739136
654177206562
657533173768
657670012930
662632927236
672196460545
687197225000
687203158721
687204139012
687212333104
687263457285
687346845952
687467727104
687734006786
687769649680
688068235328
688269559426
688339845312
688671178755
688806569984
689342808216
689343356992
689382228096
689510359040
691493142593
691498151938
691628408968
692026737186
692036043024
693637415169
695788896526
695818813476
695986422272
696590205952
696858533920
696885182464
700222275589
702766153728
704374965761
704375817288
704409766400
704810845312
704915702820
705484292352
709743349769
721554510932
721573381408
721588322466
721791483912
721823219736
722645024842
724775739652
730278756368
730681577728
755914309734
755915305000
757025751048
758061863488
759143890976
764822947840
773094269056
773099098112
777523331074
790349481088
824640241665
824684061252
824701419688
824718278912
824775802888
824784750082
824902453316
824903737488
825036376480
825241929984
825473632257
825525011456
825715853410
825842729537
826386972676
826781279616
826799300616
828123398216
828928876552
828945864704
829097246784
829201334544
833223688648
833223789580
833224184578
833228939296
833232586753
835774382080
838600753296
839700709632
841817067520
841851375624
841949922308
842111393792
842355245058
842417704964
842905174048
847249474048
858993542161
859010236461
859010498960
859065025088
859530331274
859605827632
861812040192
863355553796
870806718464
893353462026
893386768899
895504908354
897648200208
898728460288
910533599244
910734393536
927781159168
962209128512
962215347208
962341110537
962412412962
966372369408
972810092625
979254641312
1014149169216
1030795313168
1031329710080
