8478928
8553541
9963684
17107082
33577016
41953056
68428312
84444424
96469041
100804737
134783494
184975376
201609473
268616096
273713232
314577026
369950752
537232192
538002444
539037857
656409090
1074464384
1075839604
1094852928
1312818180
1342180387
1479803008
1612875784
1628176389
2148928768
2181317252
2298544420
2625636360
2818573841
2959606016
3225751568
3256352778
4296249346
4297857536
4597088840
5919212032
6443114544
6512705541
8591520769
8592498692
8606716816
8758823424
8868872705
9202566272
9730850889
9806417952
10502545424
10808885760
11274291270
12902744160
13021216794
17183041538
17189191688
17213489175
17249211408
17315168297
18388355344
18547310592
19596058689
21005090848
21550334274
22548590724
23676848128
25805488320
34378665988
34395653129
34426867264
34426978350
34432156032
34520171522
34636824852
35031099424
35434676241
36776710688
37086232576
38671557121
39192117378
42010181696
43235543040
45097181448
52093255768
68720526019
68739989520
68757331976
68853734528
69260673172
69281532160
70062198848
70877478946
70883872777
73191129089
73553421376
77846807080
78384234756
84020363392
85899544672
86471086080
90194362896
94707392512
103215661824
103951663105
104203288736
122407093252
137441052038
137447475730
137479979040
137592047681
137707469056
137707913369
137728624128
138546287105
140141166720
141738704964
142807925032
143889814528
146087608332
147106842752
154686228484
156768469512
163745759489
171799089344
172883451904
180388693040
189414785024
206158454821
207903326210
208339468624
274894695444
274953474564
275197722881
275423174667
275483590720
275993856064
276018790546
276102660616
277025391848
277025998849
277195272192
279200268416
279512637440
279743332388
283501544450
283537049888
283736576008
292863085184
296487289856
302804631568
309275918864
309508243522
310848263424
317961797765
343598178688
361857286145
412334166050
412463694080
412856107024
415806652420
515397126152
549755816717
550043131944
550292845056
550293733682
550865289472
550914496512
551928988224
551970481154
558413398036
558748403008
562649147392
566952477825
567617257476
584150163524
584250363912
586265135248
610959098370
619557422104
620762251264
687194816586
687204532225
687396094624
687765720064
824636900864
828928692305
833781563392
