115055361
976586961
1294145598
1436713833
1786135559
1898785548
1994670512
2328414146
2385011869
2467193434
3394056432
3432926280
3830975894
4740648250
5041718167
5400237459
5443211932
5528350209
6041527012
6462027176
6714757334
8137218928
8735115748
8816999064
9153667339
9189996099
10009027093
10174924320
10251917376
11178250269
12237036160
12503581985
13160336643
13249158160
13460504890
13542885832
13961627338
15909024517
16267089414
17280765404
17472915328
17671295171
17855749710
18263274796
19092592387
19520726116
20258785291
20943127177
21597148708
22260559876
22318070416
23002356872
24178010129
24195901268
25774321464
25877575810
26283106640
27981251481
28186595689
28546518720
28633076272
31281129597
31373611153
31547720470
32297632012
33606967320
34779716980
34925120338
35099008905
35478327885
35744525713
36113424587
36601655410
36694208130
36709585414
38201894428
38271486023
38843548251
39070763684
39357515084
39569646598
41742436161
43020595755
43758228764
44128829869
44371630168
48067121806
49398818001
49635433537
49992058900
52614437619
52787536196
53246558340
53314082850
54280786120
54496127360
55878764186
55910869834
56968676449
57988880669
59359183492
62479466951
63686708769
65515072902
66577871424
69103271236
69333331360
69730042214
70073207687
70075160330
70213043925
70917395429
71551832273
71963459938
72294710272
73175765328
73709560322
73833991696
75242078812
75445432448
76473075844
76609489475
77325961321
77428999958
77612668616
78836752518
78943646744
80407432330
80575024145
80799263060
81779503521
83321062480
83886422286
86262965761
87025158670
88787266121
90899761925
91018510683
91405557058
91951827336
92401596488
94706581506
95446702625
95815009096
99389350554
101737268262
103305315601
103650277546
103888726002
104124058632
105265556997
105517320376
106510442789
107846150928
108532647961
108985144406
109255489569
111671014292
115797410058
116352286789
116529333889
120016609344
120563573164
120576606290
120738320972
121135808661
123492148234
129012672020
133299716328
133488514432
137459317317
137617585417
137679217486
139123027522
139322399173
139860943155
139917411588
140079367252
140191700043
140266208788
140714987918
141685178897
141795526711
143383357721
143643558018
144119775506
144431528034
145796498536
146168549011
146880430700
147257172376
148109563026
148547871680
149865642113
150365923538
152614224555
153147712652
153823152904
155038311309
155493814864
155574208540
155998232779
156037339396
157580076217
157990322753
158267869650
158932228994
160861102432
161138640528
161317693696
163528085073
163780175492
163930328330
166468787300
167535338304
168043270341
172211386375
173007267610
173058266244
173971849617
174043177669
174048479864
176102003720
176463021853
177457537076
177580553920
180485983234
180529174986
181470938215
182842504450
184764338486
185121800258
186529155590
189550346302
189634982151
190170031312
193355516065
195780674058
198311682073
198662244365
206198950612
206236358310
207371164833
209061609868
210046623762
211427012700
211578791714
213156743720
214867787937
215072704788
216360552269
217050014787
219250186816
220616197129
223426883624
225889890946
226045987973
227944415241
228405019875
228719636999
233069816067
234160394326
237568541872
240596902344
240806072985
240912587266
241968648193
248105813888
248169758751
249651610371
250228255368
255620295716
257706826841
258256983360
275048315731
275235562535
275690296885
275919329316
276396315548
276549389452
276628222226
277191158040
278102595009
279758578313
280292679696
281850020544
283209400365
283591747633
284072561181
284773353796
285147967596
285650086818
286196367695
288201256460
288742264898
290380843409
291085305156
292270903451
292336941130
292616446420
293915856401
294214327431
294279390738
294850674785
296574616069
297661424170
298639083602
299626795523
301392336260
301550011170
302008373525
302797658772
303752807512
306331287745
309284877528
309625192850
310949582530
311935829668
312270557504
312828246038
313574907680
314223638676
316794832930
319239218304
319574289920
320033529868
320392438275
320830723233
323322261768
324806951896
326552683819
326723849033
327562900353
329937110032
331140514054
332258738264
335185381512
335279572550
335546494305
343794911619
344747262704
346308264518
346959119086
348479776144
349573677321
350446179080
351113592473
352222811143
352594797896
355435090088
356759245427
357162210312
357571434500
359254759554
361991323676
362143558224
362657220786
363235715620
363563070728
364720988289
367314076084
367501911297
370986217922
377980375055
378126410289
378712715329
380196947723
382253828549
383541321858
384185697028
387327459540
387671133306
397352851728
398763037701
399505655392
404182321152
410203480083
412454405752
412657283480
412930032979
413109961344
413132397256
415549202822
415593335817
417252088848
417304023849
417887826949
419027787590
420991809360
421874565121
422534193847
423169644040
424129648666
425227584732
425487823392
429559730261
429663990816
430640205736
430949467138
433826697712
442117744640
442930333954
447757061396
448037982562
449430571146
452232495489
453399038033
453588914344
453689843781
455683097984
456885076176
464470073857
466156260132
466981748870
474728263756
481299038282
481866856721
482513095179
482559025248
482683744772
483488072851
483897969984
489905479710
492115231236
494055571765
498418625558
501508768089
502551086350
502648350912
504205822020
507175245965
515946072364
516219872266
541182886594
549759233278
549903327294
550011947117
554345718241
554373942498
559708911915
560515125060
564794050725
568573670048
575638078757
576939108044
586941764136
588503951404
592246804490
595062818232
601969476784
605087269173
605994398737
618576408899
619023410245
620414112820
628845757025
637953758346
649647921456
656199064160
662113005860
663608853256
670014988911
679314729026
687638190368
688637700769
697573048738
703370265138
706541016881
710301517336
716278620200
721879622696
724156027209
725044986076
792691297314
797254095265
807732380464
811927097380
825649079904
830016079435
831619622178
835438814435
838610657350
863893589043
867627864226
868746543664
893928102426
897063198978
897984513196
904969388088
910806782374
1002497409136
1037407094320
