578113
1156226
1323281
1646633
1837123
2103521
2312452
2392331
2646562
3293266
3319809
3674246
4198447
4207042
4624904
4784662
5293124
6586532
6639618
7348492
8396894
8414084
9249808
9569324
10586248
13173064
13279236
14696984
16778837
16793788
16828168
18499616
19138648
20993153
21172496
23136769
26558472
29393968
33557674
33587576
33656336
33939457
35722249
36999232
38277296
41986306
42344992
46273538
52437059
52692256
53116944
58787936
67115348
67154053
67175152
67312672
67668017
67878914
69338243
71444498
73998464
75829313
76554592
83951907
83972612
84689984
92547076
104349697
104874118
105384512
106233888
117575872
134230696
134308106
134350304
134813701
135315481
135336034
135757828
138453281
138676486
142870025
142888996
147996928
152569089
153109184
167903814
167945224
169379968
171966665
177217541
185094152
202506785
208699394
209748236
210769024
212467776
235151744
268461392
268599465
268616212
268700608
269627402
270630962
270672068
271515656
276906562
277217287
277352972
279969865
281024769
285777992
286286337
295993856
302024773
302776849
303317252
305138178
335807628
335890448
337911841
338759936
343933330
354435082
370188304
394265601
405013570
417398788
419496472
421538048
424935552
470303488
536879945
536922784
537198930
537232424
537401216
538055745
538501376
539254804
541261924
541344136
543031312
545278033
553813124
554434574
554705944
559939730
562049538
571480100
571555984
572572674
591987712
604049546
604258819
605553698
606634504
610276356
612436736
671615256
671780896
675823682
677519872
687866660
708870164
740376608
788531202
805848073
810027140
834797576
843076096
849871104
940606976
1073759890
1073807559
1073845568
1074397860
1074464848
1074802432
1076111490
1077002752
1078068489
1078509608
1080070161
1082523848
1082688272
1084301569
1086062624
1090556066
1107626248
1108869148
1109411888
1115701259
1119879460
1124074369
1124099076
1141442049
1142960200
1143111968
1145145348
1157775377
1183975424
1208099092
1208517638
1211107396
1212170757
1213269008
1220552712
1224873472
1342701921
1343230512
1343561792
1351647364
1355039744
1359220745
1375733320
1417740328
1476404353
1480753216
1577062404
1610641441
1611432065
1611696146
1620054280
1644233250
1646395397
1669595152
1677985888
1686152192
1699742208
1881213952
2147519780
2147566353
2147615118
2147691136
2148795720
2148929696
2149604864
2151712899
2152222980
2154005504
2156136978
2157019216
2160140322
2165047696
2165376544
2166407201
2168603138
2172125248
2181112132
2181563525
2198865937
2214988033
2215252496
2217738296
2218823776
2219844609
2231402518
2239758920
2248148738
2248198152
2281706545
2282884098
2284912769
2285920400
2286223936
2290090307
2290290696
2315550754
2367950848
2416198184
2417035276
2424341514
2426538016
2441105424
2449746944
2685403842
2686461024
2687123584
2689073697
2703294728
2710079488
2718441490
2751466640
2835480656
2952808706
2961506432
3154124808
3221282882
3222864130
3223848969
3240108560
3288466500
3292790794
3339190304
3355971776
3372304384
3399484416
3527475201
3762427904
3774874627
4295039560
4295132706
4295173125
4295230236
4295382272
4297859392
4299209728
4299432577
4303425798
4304445960
4308011008
4311881731
4312273956
4312826049
4314038432
4316463129
4320280644
4328542229
4329963529
4330095392
4330753088
4337206276
4344250496
4362077289
4362224264
4363127050
4395698305
4397731874
4429725857
4429976066
4430504992
4435476592
4437647552
4439689218
4462805036
4464869889
4479517840
4496297476
4496396304
4563413090
4565768196
4569825538
4571840800
4572447872
4580180614
4580581392
4631101508
4697948417
4735901696
4832396368
4834070552
4834525187
4836212737
4840226957
4848683028
4853076032
4882210848
4899493888
5370807684
5372922048
5374247168
5378147394
5406589456
5420158976
5436882980
5502933280
5670961312
5704286211
5905617412
5923012864
6308249616
6442565764
6445728260
6446784584
6447697938
6480217120
6576933000
6585581588
6678380608
6711943552
6744608768
6798968832
7054950402
7524855808
7549749254
8590079120
8590265412
8590346250
8590460472
8590764544
8594129301
8595182880
8595718784
8598419456
8598865154
8606723105
8606851596
8608891920
8616022016
8623638017
8623763462
8625652098
8628076864
8632926258
8634238977
8640561288
8659927058
8660190784
8661506176
8665440785
8665628804
8674412552
8688500992
8724154578
8724448528
8726254100
8791396610
8795463748
8859451714
8859952132
8861009984
8870953184
8875295104
8879378436
8892977281
8925610072
8929739778
8959035680
8992594952
8992792608
9001533441
9126826180
9131536392
9135325473
9139651076
9143681600
9144895744
9160361228
9161162784
9262203016
9395896834
9663727873
9664792736
9668141104
9669050374
9672425474
9680453914
9688859168
9697366056
9706152064
9764421696
9798987776
9799991331
10738466917
10741615368
10745844096
10748494336
10756294788
10813178912
10840317952
10873765960
11005866560
11007952129
11274551321
11341922624
11408572422
11811234824
11846025728
12616499232
12885131528
12885200929
12891456520
12893569168
12895395876
12960434240
13024364545
13153866000
13171163176
13356761216
13423887104
13489217536
13597937664
14109900804
15049711616
15099498508
16106258561
17180158240
17180530824
17180692500
17180787745
17180920944
17181065349
17181529088
17181968407
17188258602
17190365760
17191437568
17196838912
17197730308
17206087713
17213446210
17213703192
17214538305
17217783840
17221845137
17232044032
17247276034
17247526924
17249095824
17251304196
17256153728
17265852516
17268477954
17281122576
17314168916
17318477827
17319854116
17320381568
17323012352
17330881570
17331257608
17348825104
17377001984
17448309156
17448897056
17452508200
17481998593
17582793220
17590927496
17716772963
17718903428
17719904264
17722019968
17737719813
17741906368
17750590208
17758756872
17851220144
17859479556
17918071360
17985189904
17985585216
18003066882
18253652360
18255725633
18263072784
18279302152
18287363200
18289791488
18320722456
18322325568
18324914337
18524406032
18791793668
18943606784
19067306497
19327455746
19329585472
19335810049
19336282208
19338100748
19344140298
19344850948
19360907828
19377718336
19394732112
19412304128
19528843392
19597131777
19597975552
19599982662
20032012289
21476933834
21491688192
21496988672
21512589576
21626357824
21680635904
21747531920
22011733120
22015904258
22079864849
22549102642
22817144844
23622469648
23692051456
25232998464
25770263056
25770401858
25770853387
25782913040
25787138336
25790791752
25839108097
25920868480
26038255665
26048729090
26307732000
26342326352
26713522432
26847774208
26978435072
27195875328
28219801608
30065295877
30099423232
30198997016
32212517122
34359872304
34361049242
34361869340
34362229313
34364024320
34365508616
34368684226
34376517901
34376558736
34377572390
34393883272
34395924484
34401686336
34427638048
34427929472
34435661840
34439448608
34481381384
34493991434
34496888832
34521219112
34544386304
34563162385
34628179459
34628292616
34628436084
34629419025
34646005824
34896683424
34897990144
34902933824
34930427072
34964381697
34964766796
35039216658
35299264545
35452375296
35462840385
35467952130
35517694080
35634824200
35702073344
35773743120
36507501574
36541853696
36789289472
36910466048
37054582785
37362860036
37589352624
38252314880
38692520002
38748553216
39191593002
39527122176
40268472320
40802746625
40869306912
42949853280
42950739988
42953474304
42954719233
42958065280
42989519392
43385896962
43520296960
45101352016
47263547394
48318906440
51539611737
51540133188
51541980160
51583795200
51640532997
51875282978
52619706376
52621776896
53708324896
53720648064
55842971651
56103043648
61740155010
62277066756
64424576032
68719493478
68720012480
68720198017
68721579282
68723744849
68724720232
68728000624
68728967170
68729440516
68734682113
68736620544
68739661829
68742557728
68753046017
68753426576
68755260168
68786594868
68786758208
68790812824
68856056352
68864221200
68878862465
68887268608
68896227330
69023170624
69038317696
69123178518
69206048800
69256489000
69268078592
69365399712
69458068480
69533172804
69793241100
69794267600
69798199364
69805871616
69864546560
70062178442
70464372745
70867256960
70872483840
71001972737
71002231552
71138050052
71139590448
71437389896
72477581444
73014755400
73039872034
73048154114
73090024448
73131884804
73152331784
73282882577
73351299584
73819820064
74088816640
74375495744
75161928203
77309575187
77310529560
77326192961
77394346114
77443638786
77913393157
78437681152
78922387456
79498854404
80731963408
81637933760
84289782784
85899612291
85903869184
85932933134
85974974473
86034688000
86274736128
86973221122
88046895272
89389011968
90196410657
94491509764
94757750912
103113884676
103213466689
103616086673
103616221444
104188641408
104221118465
104694023200
105260384289
105830776832
106300443200
107375265824
107380490244
107390963848
108590661632
111677808704
120259105312
120263409856
120284250132
122409713666
137439020440
137439608909
137440018958
137441096448
137441577616
137443426401
137447870483
137456025924
137457046530
137459927456
137476915208
137478808592
137499774980
137506080005
137507528704
137519693844
137531277440
137573230596
137573302330
137573570624
137574228560
137582087200
137707426000
137708079360
137724297824
137741467686
137778692617
137975863305
137985271936
137993060353
138017931328
138076496388
138110120960
138145955848
138512835075
138530011136
138653729024
138714317312
138940514306
139053760600
139385241728
139587002528
139633360896
139854880789
140022645376
140393320448
140693737744
141734010928
141734454282
141735821440
141738116928
141753843984
141775865880
141952032769
142019232768
143890857985
144418537508
146029150882
146050981888
146196725777
146568937476
146569972736
147113246736
147119408320
148310606112
151129161793
151397617666
152471372304
154620068128
154627212422
154720534664
154753043201
154753662984
154921144320
155088585744
155170373664
155966244864
157840326784
158916313088
160063029504
163208759340
163259219970
165360439297
171800854565
171807342977
171954012164
172075528224
172202393864
172872704012
176764780672
180401242120
184683604224
190186520672
191663047680
206160551945
206162927618
206493980674
206695907840
208305980482
209397481480
214782480384
217164677120
223338962960
240537044480
240551739472
240585801860
274877940428
274878439687
274878978432
274879349506
274882112036
274886443170
274886953473
274888393936
274894954720
274896887812
274897834504
274908317698
274912194560
274918277130
274924068928
274945045506
274945081373
274949473808
275012143208
275012469888
275029164051
275151066176
275167395872
275196678402
275231408132
275423435776
275485294720
275515588864
275628687361
275685310508
275851051072
275951931472
275975110656
276169752896
276355090432
276505299080
277025657349
277026340928
277027488672
277035352200
277168046592
277563310356
278367698962
279173005649
279173467392
279183921152
279442898946
279443416576
279715053576
279718134320
280313733264
281857239041
282394116360
283467882538
283468464272
283472036419
283518697540
283535261700
283551731760
283619002368
283702723080
283743617040
284141552640
284810084868
285078593600
285616586752
286189944960
287762809878
287788040193
292058103846
292091339394
292201693248
292227645700
292326231044
292334829568
292594716929
293265739786
294314315776
295283728384
296436662280
298902880288
300714820992
306018519040
309241909380
309259141888
309372395568
309539669024
315713912848
317829685377
322122682880
343605805093
343608148224
343698309186
344134287746
344672338944
345747032080
346080428160
348026572868
361318334480
371531448832
378646036480
379030945794
380104615168
395137777672
412317028358
412342158592
412388818976
412394520578
412602597505
413399531524
413425213472
414532504064
414598562828
420907061512
430067681280
446693441608
446810836993
447486361600
447750343696
457414541314
468152483844
481036342432
481041580289
485348100096
549755822259
549756081760
549756865161
549758435636
549760075832
549760559105
549760795778
549764385792
549767354384
549773705604
549789372954
549789454624
549791481932
549824103696
549828186120
549839709824
549844189185
549892196096
549907660832
549915234368
549957664779
549999099920
550024320020
550030114816
550078775376
550125109760
550160699393
550162661922
550292696070
550292922384
550293209320
550295175202
550328348800
550427164741
550829704000
550832317440
550897191296
550965100546
550965870744
551114770468
551634866242
551903453220
551916011537
551920152577
551941087744
551962017922
551972241412
552071725312
552305985552
552440483840
552583823392
554051340300
554093248577
554117894913
554120044544
554614916096
554857269248
555145502722
555762057224
558362542087
558533443584
558882686081
559419523156
560090581504
560493238306
561573281792
562641830402
562774950976
566936043712
566936744004
566937817128
566943285760
566945775618
566952467712
567015375936
567808131076
568076931072
570156908805
571230732297
571532641282
575525750849
575563431940
577674150032
584115749898
584132608528
584316893184
584384004289
584687026434
585726754820
586281025536
588410650772
588427297120
589484524545
590828535816
592773153792
594056052992
601299648530
601314820097
618476356641
618483692552
618643071072
619096571920
619551130118
620643746820
620691980353
622806237184
622908670336
631360847904
635689255040
635923595592
642106032128
652836610560
661559181324
687203291776
687212102146
687466348704
687749480512
688570548224
689342792720
691556843602
695786868800
713031696896
723702319104
725854195712
730681311280
755920668672
755981615144
756191133697
773765201922
824634057224
824635064368
824639103104
824676713984
824702929928
824805953536
824835047588
824902224002
824978186240
825707463970
826789595204
826852573440
826917527554
829201317893
833257220112
833509131264
833768931336
834297925633
841813632001
841814114896
893403529225
893621670400
962106229184
962611642881
963280830464
1099514512900
1099532697610
1099537973392
1099654299952
1099663155332
1099780374658
1099784392192
1099786358920
1099797365778
1100082185264
1100132421888
1100393496576
1100585844768
1101659156504
1102208566528
1102735020036
1103807725888
1103808178192
1103840430592
1107296780800
1108103824000
1108136167496
1108168695968
1109183693829
1116699891216
1116708536898
1116826763650
1120994855072
1133874529408
1133888283712
1134209042432
1134978670609
1135482142728
1136019374124
1136169845249
1151052679168
1159850885120
1168298738952
1168384327682
1168508192776
1168633786368
1168806780928
1170378768640
1176837881892
1186652749824
1202593529920
1202595043344
1236950665219
1236952944688
1236958990408
1237757992962
1241799197192
1245541237760
1258458980416
1271310352674
1271410988032
1272393564160
1279900254788
1288759164928
1305875644416
1307012235524
1307828027520
1309966209024
1322866737153
1374390206488
1374424170499
1374456719424
1374525391360
1374699913236
1375060926464
1375463277097
1376067256326
1378752397313
1383015141376
1391569438992
1391571640352
1393716887745
1408751370770
1408917176448
1409286148192
1413052630024
1443109029440
1443109537826
1443914448897
1444207927296
1455998140416
1511828752516
1512904360000
1513996943376
1649267540485
1649280106624
1649307287809
1649318166532
1649345036832
1649569961984
1651683426400
1653570937088
1655709897856
1658125819913
1658465681408
1667537895440
1668594926088
1683635834882
1683766640704
1718523824192
1726576853776
1786707477512
1787244052736
1789994737664
1791137677316
1795321497600
1958505103620
2010112851968
