5312673
6317328
11587588
16799800
17182980
42239240
88088674
100684035
134398368
134824972
136874064
164102401
176169156
201622022
268542784
328204802
370016320
537331328
547488066
574652562
612393480
656409604
806520840
1074120705
1075840232
1094730372
1149305124
1312819208
1342183494
1409287697
1479803136
1628176394
2148241410
2217738266
2281704483
2298610248
2702262528
2959606272
3225813040
3256352773
4297856001
4299825288
4303360912
4329580832
4379445760
4865458249
5251276816
5404525056
5919212544
6451380320
8595720194
8606777367
8624673808
8627954177
9194178832
9690949632
10502553632
11274293388
12902990016
13025411108
17197704201
17213443648
17213554734
17717411857
17721010180
18254148128
19595812994
21617838080
23676850176
25772491136
25782386776
34359786624
34369511440
34382905352
34630402196
35035041856
35442003977
35483812176
38671631362
38923403816
39192133892
42010214528
42949871712
43083899146
45097206288
51544982272
51975847937
52101644448
61203547140
68720526726
68740055072
68765827072
68791308308
68796024897
68853956761
69009148928
69023576072
69273162241
70070599808
70869385284
77318066210
77846815808
79725461761
85899445296
86979379203
94707400704
103079239717
103223920128
122407094280
137439118405
137439742116
137440530760
137482993713
137506144464
137592049794
141738443010
141869203969
142338035744
146031394824
146045667104
146708463616
154694845442
155977973760
156900524308
171832316420
172075534592
172873515042
174030323713
193275633728
206158572048
209379677184
223910035456
274878956148
274882106890
274959958144
275062784032
275154871328
275165233217
276488528257
277042693264
277092648964
283468398633
283870497408
287762903040
292074588418
294213714433
309272264840
313536808977
343598187264
344469864450
345883320320
347917516812
360777388224
412320074752
412585594896
423087833154
549757913865
549848252432
550024773938
550295085088
550335158272
550863184898
551903309905
552003961504
554084614164
558354154625
559423721728
567003123720
568010475664
580357456386
585259040768
586275618822
618475339850
620220252164
688277160512
695852867588
824635162627
824835048768
979256754208
1099512152771
1099524246048
1099536864320
1099562541056
1099580064800
1099581038593
1099863949704
1100325584901
1100586028288
1100727992338
1101961168912
1104345581696
1105954088452
1108372128770
1109176418824
1116710634000
1118369251392
1134023411716
1136020951328
1146865319936
1239107633280
1262720391169
1306072711264
1374389807176
1383537442816
1396134379520
1649308336192
1649536029184
1654652928033
1660139864064
1684164051992
1735175184640
1924145447044
