1593481
2098567
4276771
16788508
23121924
41549856
50402369
67154024
92487688
100804737
134308048
168888840
184975376
201609474
204046337
268616096
269039872
272664657
277741571
402694662
537657900
547426464
656409090
1074464384
1078267928
1094852674
1149272210
1312818180
1479803008
1612875784
2189705348
2298544420
2450031624
2702221440
2818573841
4296249346
4297333249
4303358408
4834468928
5251272712
5404442880
5637147682
6450978864
6512705548
8592498692
8606716816
10737424454
11838424064
12901957728
17190381570
17197826565
17213433632
17214013462
17249211408
17318810176
19335778561
19461701770
21005615104
21617771520
25805488320
26050822156
34426867264
34512307202
34630336586
35035293696
35970351457
36509845648
38659032073
38764285952
38923403540
42949772336
51607830912
51975831553
61203546626
68791306250
68796023841
68864312064
69009147392
69260673172
69794824452
69843550376
70070063168
70869352482
70967624016
73014493720
75430428801
77343114242
85899544672
86471086080
103079227411
137439273985
137447347722
137602531457
137808379936
138013589576
138051330308
138514793044
138597636096
139596464192
139657904640
139756318720
141768524944
141868288004
146029420706
146431542592
154637959432
155424131712
171799089344
171832281346
176110510592
206428053512
207903326210
210457596192
214757017616
259845522436
274878268224
274884207240
274886837520
274911596812
275054067810
275163644100
277027635265
277092574210
279308148993
281374885888
283484651531
283537049888
285112016912
292058038449
293132567624
309246101509
311653569056
314069500034
326418210816
343597423744
343617372176
349033594880
412322365446
412870640672
416890781696
438086750208
446877925400
481070416385
549772920962
549789390896
549824242192
550043131937
550562251776
551907493088
552381450240
553011642371
554134701312
554191290386
554352902720
560493256968
567497719888
572304396420
575526145025
618517340160
618609508429
620640210944
687194964241
704509935648
722901401600
755983466624
825241899009
825858474496
833233223808
859029373952
910801502466
1099513072896
1099536828960
1099593678912
1099647960104
1099655286804
1100048658944
1100920914696
1101663838213
1103840419850
1104410642448
1108102217816
1109179517056
1117232595970
1134148199552
1140448067648
1168232153794
1168535193604
1185629085696
1202591711232
1236950679692
1239114858514
1255246266368
1279903399937
1374796578816
1375465902082
1387274438148
1445801754632
1649435738496
1658126110720
1668596957696
1683694419974
2061584312384
2199031809092
2199067295769
2199329443970
2200131340352
2204941419008
2207680562312
2207884263936
2208821284865
2217562177536
2233384067108
2236101099520
2267759528193
2267809911300
2336468569088
2336999641104
2340824285251
2473901296146
2473926602752
2491754217476
2585574506560
2614561341824
2748782219584
2765963542528
2783138841217
2894858289156
3027952009256
3302848856192
3307133272322
3350074497032
3573513502720
3918083916816
