45453
90906
118807
181812
237614
288049
363624
475228
576098
727248
827475
950456
1152196
1204425
1384597
1454496
1654950
1837575
1900912
2304392
2408850
2769194
2908992
3309900
3416331
3675150
3801824
4608784
4817700
5538388
5817984
6313219
6619800
6832662
6848651
7350300
7603648
8480385
8653909
9011601
9217568
9635400
9765923
11076776
11153441
11635968
12626438
12853417
13239600
13665324
13697302
14700600
15207296
16886529
16960770
17040337
17307818
17450145
18023202
18317377
18435136
19270800
19531846
22153552
22306882
23271936
25252876
25706834
26345619
26479200
27330648
27394604
29401200
30414592
33716481
33773058
33921540
34080674
34615636
36046404
36307281
36634754
36870272
38541600
38863401
39063692
43516005
44307104
44613764
46543872
48308227
50336285
50505752
50922051
51413668
52691238
52958400
54657291
54661296
54789208
58802400
60829184
67432962
67546116
67843080
68161348
68716737
69231272
69372449
72092808
72614562
73269508
73740544
77083200
77726802
78127384
87032010
88115221
88614208
89227528
93087744
96616454
100672570
100960515
101011504
101844102
102827336
105382476
105916800
109314582
109322592
109578416
117604800
121658368
134865924
135041793
135092232
135686160
136322696
136645185
137433474
138462544
138473505
138744898
138822661
142607029
142775313
144185616
145229124
146539016
147481088
150996743
151282185
154166400
155453604
156254768
167912993
168364293
174064020
176230442
177228416
178455056
181665809
186175488
193232908
201345140
201921030
202023008
203688204
209739795
210764952
211833600
218629164
218645184
219156832
235209600
235798537
243316736
268809217
269731848
270083586
270184464
270533063
271320705
271372320
272645392
273290370
274866948
276925088
276947010
277489796
277645322
282607619
285214058
285550626
286326799
288371232
290458248
293078032
294962176
301993486
302564370
308332800
310511657
310907208
312509536
335554853
335825986
336728586
348128040
352460884
354456832
356910112
363331618
372350976
386465816
402670433
402690280
403835139
403842060
404046016
407376408
411309344
419479590
421529904
423624787
423667200
437258328
437290368
438313664
469991429
470419200
471597074
477102209
486633472
503320849
537414417
537618434
539463696
540167172
540368928
541066126
541274241
542641410
542744640
545290784
545834049
546580740
549733896
550503105
553850176
553894020
554979592
555290644
565215238
570428116
571024401
571101252
572653598
573867009
576742464
580916496
586156064
587466801
589924352
603986972
605128740
607780867
608698533
616665600
621023314
621814416
625019072
671117326
671651972
673235205
673457172
692061321
696256080
704921768
708913664
713820224
726663236
744701952
772931632
805312265
805340866
805380560
807670278
807684120
808092032
814752816
822618688
838959180
843059808
847249574
847334400
874516656
874580736
876627328
939982858
940838400
943194148
954204418
973266944
1006641698
1074828834
1075236868
1075457025
1078927392
1080334344
1080737856
1082132252
1082548482
1084276771
1085282820
1085489280
1090581568
1091668098
1093161480
1099467792
1101006210
1107700352
1107788040
1108377627
1109959184
1110581288
1115947203
1116809280
1130430476
1140856232
1142048802
1142202504
1142472976
1145307196
1147734018
1153484928
1157709905
1161832992
1172312128
1174933602
1176503811
1179848704
1207973944
1209139285
1209275401
1210156050
1210257480
1215561734
1217397066
1233331200
1242046628
1243628832
1250038144
1342234652
1342382099
1342702631
1343303944
1346470410
1346914344
1359237123
1384122642
1392512160
1417827328
1426072585
1427640448
1453326472
1478492685
1489403904
1545863264
1610624530
1610681732
1610761120
1613759025
1615340556
1615368240
1616184064
1627587096
1628439619
1629505632
1635782817
1644266113
1645237376
1677877253
1686119616
1694499148
1694668800
1745356811
1749033312
1749161472
1753254656
1811973153
1879965716
1881676800
1886388296
1908408836
1913653253
1946533888
2013283396
2147746157
2148044065
2148533899
2149583089
2149657668
2149827585
2150473736
2150914050
2157854784
2160668688
2161475712
2164264504
2165096964
2166374427
2168553542
2170565640
2170978560
2181163136
2183336196
2184710153
2185503297
2186322960
2198935584
2202012420
2215400704
2215576080
2216755254
2218918083
2219918368
2221162576
2223128865
2226196481
2231468193
2260860952
2281712464
2284097604
2284405008
2284945952
2287994385
2290614392
2295468036
2306969856
2315419810
2323665984
2344624256
2349867204
2353007622
2359697408
2400191489
2415947888
2416974913
2418278570
2418550802
2420261385
2420312100
2420514960
2431123468
2434794132
2458030592
2466662400
2483556393
2484093256
2487257664
2500076288
2684469304
2684764198
2685145219
2685405262
2686607888
2692940820
2693828688
2768245284
2785024320
2835654656
2852145170
2855280896
2906652944
2956985370
2978807808
3061850113
3091726528
3221249060
3221363464
3221522240
3227518050
3230681112
3232368128
3238539269
3256879238
3259011264
3271574049
3288532226
3288604707
3290474752
3355754506
3355836720
3372239232
3388998296
3389337600
3490713622
3498066624
3498322944
3506509312
3512731649
3623946306
3624010881
3759931432
3763353600
3772776592
3816817672
3827306506
3893067776
4026566792
4295492314
4296088130
4297067798
4299166178
4299315336
4299655170
4300947472
4301828100
4303675397
4305454881
4315709568
4321337376
4322951424
4328529008
4328604741
4328655379
4329218177
4330193928
4332748854
4335077381
4337107084
4341131280
4341957120
4348452881
4362076719
4362326272
4366672392
4369420306
4371006594
4372645920
4397871168
4404024840
4429467729
4429482121
4430801408
4431152160
4433510508
4434461699
4437836166
4439836736
4442325152
4446257730
4452392962
4458547713
4462936386
4479517089
4521721904
4563424928
4563933569
4568195208
4568810016
4572844561
4575988770
4581228784
4590936072
4613939712
4630839620
4631838753
4647331968
4689248512
4697686659
4699734408
4706015244
4719394816
4800382978
4831895776
4833949826
4836557140
4837101604
4840522770
4840624200
4841029920
4850717701
4862246936
4867637281
4869588264
4899479625
4932501906
4933324800
4967112786
4968186512
4974515328
5000152576
5100437529
5368938608
5369528396
5369643521
5370290438
5370810524
5370825857
5373215776
5373954313
5385881640
5387657376
5440340097
5536490568
5570048640
5639374144
5653922069
5671309312
5704290340
5710561792
5813305888
5913970740
5957615616
6123700226
6183453056
6442498120
6442726928
6443044480
6443778324
6446781473
6455036100
6460281091
6461362224
6461472960
6464736256
6477078538
6484459569
6513758476
6518022528
6543148098
6577064452
6577209414
6580949504
6711509012
6711673440
6721405057
6777996592
6778675200
6981427244
6996133248
6996645888
7013018624
7025463298
7247892612
7248021762
7519862864
7526707200
7545553184
7633635344
7654613012
7786135552
8053133584
8195670081
8590000555
8590066297
8590462099
8590984628
8592176260
8594135596
8598332356
8598630672
8599310340
8601894944
8603656200
8607350794
8610909762
8623669261
8627687495
8631419136
8636075265
8642674752
8645902848
8649187337
8657058016
8657209482
8657248577
8657310758
8658436354
8660387856
8665497708
8670154762
8674214168
8682262560
8683914240
8696905762
8724153438
8724652544
8733344784
8733598785
8738840612
8742013188
8745291840
8758952065
8795742336
8808049680
8858935458
8858964242
8859516977
8859685125
8861602816
8862304320
8864695301
8867021016
8868923398
8875672332
8879673472
8884650304
8892515460
8904785924
8917095426
8925872772
8927584785
8959034178
9043443808
9126849856
9127867138
9136390416
9137620032
9145689122
9151977540
9162457568
9181872144
9227879424
9229631493
9261679240
9263677506
9294663936
9328132305
9378497024
9395373318
9395642401
9399468816
9412030488
9438789632
9600765956
9663791552
9664743169
9667899652
9673114280
9674203208
9681248400
9682059840
9697502213
9699332361
9724493872
9731326089
9735274562
9739176528
9798959250
9866649600
9934225572
9936373024
9949030656
10000305152
10200598534
10200875058
10305406984
10620043265
10737553809
10737755296
10739056792
10739287042
10740580876
10741621048
10742155269
10746075169
10746431552
10746888457
10747908626
10748035141
10771763280
10773110817
10775314752
10804595203
10871706629
10873896984
10880680194
11044651168
11072981136
11140097280
11278748288
11307844138
11342618624
11408580680
11421123584
11626611776
11812012289
11827941480
11915231232
12247400452
12348031005
12366906112
12884996240
12885453856
12886088960
12887199747
12893562946
12903809545
12906004613
12910072200
12918997251
12920562182
12922724448
12922945920
12929472512
12954157076
12968919138
13027516952
13036045056
13086262536
13086296196
13154128904
13154418828
13161899008
13423018024
13423346880
13442810114
13488956928
13501480961
13555993184
13557350400
13962854488
13967033355
13992266496
13993291776
14026037248
14050926596
14327873537
14495785224
14496043524
15053414400
15091106368
15168702721
15267270688
15309226024
15572271104
16106267168
16391340162
17179935437
17180001110
17180132594
17180924198
17181969256
17181988877
17183596545
17184097889
17184352520
17188271192
17192715013
17196664712
17197261344
17198620680
17203789888
17207312400
17208181769
17213691201
17214701588
17215524915
17221819524
17221828761
17222371841
17232380161
17247338522
17248298497
17255374990
17262838272
17272150530
17285349504
17291805696
17298374674
17314116032
17314418964
17314497154
17314621516
17315430437
17316872708
17320775712
17330995416
17340309524
17348428336
17351840385
17364525120
17367828480
17393811524
17448306876
17449305088
17450470433
17450696777
17456825859
17466689568
17467197570
17477681224
17484026376
17490583680
17516070929
17517904130
17536451073
17590913217
17591484672
17616099360
17716742819
17716773903
17717870916
17717928484
17719033954
17719370250
17721229457
17723205632
17724608640
17729390602
17734042032
17737846796
17742176321
17751344664
17759346944
17769300608
17784176929
17785030920
17785963537
17809571848
17834190852
17851745544
17855169570
17868948480
17918068356
17985200387
18036035585
18086887616
18253699712
18255734276
18258070531
18262163777
18266206242
18271445281
18272780832
18275240064
18289271106
18291378244
18303955080
18324915136
18363744288
18388422689
18455758848
18459262986
18523358480
18527355012
18555601489
18589327872
18656264610
18756994048
18790746636
18791284802
18798937632
18824060976
18877579264
19201531912
19327583104
19328533765
19328745481
19329486338
19335799304
19344157697
19346228560
19348406416
19361440774
19362091080
19362496800
19364119680
19365150723
19395004426
19398664722
19428016905
19448987744
19462652178
19470549124
19478353056
19596386369
19597918500
19733299200
19868451144
19872746048
19898061312
20000610304
20401750116
20536363521
20610813968
21240086530
21475107618
21475510592
21478113584
21478574084
21481161752
21483242096
21483303428
21484310538
21492150338
21492863104
21493776914
21495817252
21496070282
21533556743
21542502661
21543526560
21546221634
21550629504
21558870025
21575571457
21609190406
21611159685
21743413258
21761360388
22012313729
22145962272
22280142949
22280194560
22557496576
22615688276
22685237248
22817161360
22820159491
22842247168
23253223552
23624024578
23635959809
23655882960
23830462464
24058789889
24494800904
24696062010
24733812224
25769828437
25769992480
25770907712
25771381257
25772177920
25774399494
25787125892
25789726820
25795039249
25807619090
25812009226
25820144400
25820268609
25837994502
25841124364
25845448896
25845891840
25858945024
25908314152
25937838276
26055033904
26072090112
26172592392
26308257808
26308837656
26323798016
26482835489
26846036048
26846693760
26885620228
26910654739
26977913856
27002961922
27111986368
27114700800
27384619521
27925708976
27934066710
27984532992
27986583552
28052074496
28101853192
28655747074
28991570448
28992087048
30064774661
30079451456
30106828800
30182212736
30337405442
30534541376
30618452048
31144542208
32212534336
32229556257
32782680324
34359870874
34360002220
34360024577
34360265188
34360812067
34361848396
34361873449
34363938512
34363977754
34367193090
34368195778
34368267025
34368339979
34368705040
34376542384
34385430026
34393329424
34393886857
34394522688
34397241360
34397503601
34407579776
34414624800
34416363538
34427382402
34429403176
34431049830
34443639048
34443657522
34444743682
34464760322
34487795713
34494677044
34495007877
34496200849
34496596994
34510749980
34525676544
34544301060
34570699008
34583611392
34596749348
34628232064
34628702293
34628837928
34628994308
34629243032
34630860874
34633745416
34634596387
34636959873
34641551424
34645084677
34661990832
34665931905
34680619048
34696856672
34703680770
34729050240
34735656960
34763180065
34787623048
34896613752
34898610176
34900940866
34901393554
34907357221
34913651718
34933379136
34934395140
34955362448
34968052752
34981167360
35030868099
35032141858
35035808260
35047606593
35072902146
35169320965
35181826434
35182969344
35232198720
35243704320
35433485638
35433547806
35435741832
35435856968
35438067908
35438727299
35438740500
35442458914
35446411264
35449217280
35450454401
35458656259
35458781204
35468084064
35475693592
35484352642
35502689328
35518693888
35534143637
35538601216
35568353858
35570061840
35571927074
35571965961
35619143696
35668381704
35703491088
35710339140
35836136712
35987423241
36072071170
36173775232
36507361445
36507399424
36507779657
36511468552
36516141062
36524327554
36524591121
36532412484
36542890562
36545561664
36549198853
36550480128
36578542212
36582756488
36607910160
36649830272
36713009153
36727488576
36776845378
36778033409
36911517696
36918525972
37044486225
37046716960
37054710024
37111202978
37178655744
37312529220
37513988096
37581493272
37582569604
37597875264
37648121952
37649252361
37755158528
38119941121
38403063824
38655001137
38655166208
38655887457
38657067530
38657490962
38658972676
38659432737
38671598608
38679908417
38688315394
38692457120
38696812832
38705040393
38722881548
38724182160
38728239360
38730301446
38730465545
38789059081
38790008852
38797329444
38805741608
38806028293
38856033810
38897975488
38925304356
38932120577
38941098248
38956706112
39192772738
39195837000
39466598400
39736902288
39745492096
39771455489
39796122624
39996883113
40001220608
40803500232
41072727042
42480173060
42950215236
42950330633
42951021184
42952302785
42956227168
42957148168
42962323504
42966484192
42966606856
42968621076
42984281105
42984300676
42985726208
42987553828
42991634504
42992140564
43016832003
43025175045
43033823361
43067113486
43085005322
43087053120
43092443268
43101259008
43117740050
43151142914
43218380812
43222319370
43268473089
43486826516
43487625285
43495587936
43522720776
44023566401
44024627458
44157632805
44291924544
44296306705
44560285898
44560389120
45097242658
45114993152
45231376552
45365593633
45370474496
45634322720
45640318982
45642481793
45684494336
46506447104
47248049156
47271919618
47311765920
47660924928
48117579778
48989601808
49392124020
49467624448
51539656874
51539984960
51541815424
51542762514
51544355840
51548798988
51560585249
51574251784
51576308229
51590078498
51615238180
51624018452
51640288800
51640537218
51675989004
51680116930
51682248728
51690897792
51717890048
51813286209
51816472609
51816628304
51875676552
52082787072
52110067808
52144180224
52345184784
52613636225
52616515616
52617675312
52647596032
52686782465
52965670978
53159133201
53692072096
53771240456
53821309478
53955526803
53955827712
54005923844
54223972736
54229401600
54769239042
55837462529
55851417952
55868133420
55969065984
55973167104
56104148992
56203706384
56573820929
57311494148
57983140896
57984174096
60129549322
60130131975
60158902912
60213657600
60364425472
60674810884
61069082752
61236904096
62289084416
64425068672
64459112514
65565360648
68719741748
68719825281
68720004440
68720022053
68720049154
68720530376
68721624134
68721644625
68723696792
68723746898
68723804033
68724724017
68727877024
68727955508
68732060187
68734386180
68736391556
68736534050
68736679958
68737410080
68753084768
68770860052
68776100897
68786603113
68786658848
68787773714
68788949513
68789045376
68789210117
68794482720
68795007202
68815159552
68821713425
68829249600
68832727076
68854022201
68854764804
68858806352
68859461645
68862099660
68864221697
68871590401
68887278096
68887315044
68889487364
68920938657
68929520644
68975591426
68989354088
68990015754
68992401698
68993193988
69005246597
69013090561
69021499960
69051353088
69055291585
69056136449
69088602120
69141398016
69167222784
69193498696
69256464128
69256479795
69257404586
69257675856
69257988616
69258486064
69261721748
69264803937
69267490832
69269192774
69273919746
69275232265
69283102848
69290169354
69290459401
69294114945
69323981664
69331863810
69361238096
69393713344
69407361540
69458100480
69526360130
69547065345
69575246096
69726650369
69793227504
69797220352
69801881732
69802787108
69805826113
69814714442
69827303436
69866758272
69868790280
69910724896
69927473219
69927584009
69936105504
69962334720
70064283716
70071616520
70095213186
70137151537
70145804292
70330745025
70338641930
70338741505
70363652868
70365938688
70464397440
70866971276
70867095612
70868729889
70871483664
70871713936
70873256069
70876135816
70877454598
70877481000
70884001859
70884917828
70892822528
70898434560
70900908802
70917312518
70917562408
70934124545
70936168128
70951387184
70959235085
70968705284
71005378656
71037387776
71068287274
71077202432
71136707716
71140123680
71143854148
71143931922
71238287392
71336763408
71406982176
71420678280
71421134337
71672267169
71672273424
71940801548
71974846482
71975313537
72144142340
72347550464
73014722890
73014798848
73015559314
73018912771
73022937104
73023375369
73031880721
73032282124
73048655108
73049182242
73064824968
73085781124
73091123328
73098397706
73100960256
73148861441
73165512976
73215820320
73299660544
73426018306
73454977152
73553690756
73556066818
73559711889
73823035392
73837051944
74088972450
74093433920
74109420048
74173153281
74222405956
74357311488
74625058440
75027976192
75161937217
75162986544
75195750528
75296243904
75298504722
75447222273
75510317056
76239882242
76806127648
77310002274
77310332416
77311774914
77312557079
77314135060
77314981924
77317945352
77318865474
77330403337
77343197216
77347299345
77351391361
77376630788
77384914240
77385302019
77393625664
77410080786
77448364320
77449987200
77456478720
77460602892
77460702209
77460931090
77477186057
77578118162
77580017704
77580077185
77582565953
77594658888
77612056586
77712067620
77795950976
77850608712
77864241154
77882196496
77913412224
78385545476
78391674000
78933196800
79473804576
79490984192
79542910978
79592245248
79993766226
80002441216
80601940993
81604788272
81607000464
81612833029
82145454084
82443255872
83753173505
84960346120
85900430472
85900661266
85903017728
85904605570
85912454336
85914296336
85924647008
85932968384
85933213712
85937242152
85968562210
85968601352
85971452416
85975107656
85983269008
85984281128
86000174081
86033664006
86050350090
86134226972
86168838169
86170010644
86174106240
86184886536
86202518016
86235480100
86302285828
86436761624
86438449409
86444638740
86453043233
86536946178
86973653032
86975250570
87045441552
88047132802
88049254916
88080386085
88202149889
88315265610
88357209344
88583849088
88592613410
89120571796
89120778240
90194485316
90229986304
90462753104
90731187266
90740948992
91268645440
91280637964
91284963586
91368988672
93012894208
94489293857
94489494017
94496098312
94543839236
94623531840
95321849856
96235159556
97979203616
98784248040
98935248896
103079313748
103079969920
103080010761
103082393985
103083630848
103085525028
103088711680
103097597976
103100453184
103104659473
103113885699
103121170498
103148503568
103152616458
103180156996
103248036904
103280577600
103281074436
103351978008
103360233860
103364497456
103381795584
103383567360
103435780096
103626572418
103632945218
103633256608
103751353104
104165574144
104171831873
104186777633
104220135616
104288360448
104690369568
105227272450
105233031232
105235350624
105295192064
105373564930
105931341956
106318266402
107384144192
107542480912
107642618956
107911053606
108011847688
108447945472
108458803200
109538478084
109589299329
111674925058
111702835904
111736266840
111938131968
111946334208
112208297984
112407412768
113147641858
114622988296
115966281792
115968348192
116098359297
120259098644
120260263950
120261705840
120427315200
120728850944
121349621768
122138165504
122473808192
124554149897
124578168832
128850137344
128918225028
131130721296
137438971475
137439483496
137439516697
137439650562
137440008880
137440018493
137440098308
137441060752
137441222677
137443248268
137443289250
137447393584
137447493796
137447608066
137447876929
137449448034
137450307585
137455754048
137455911016
137464120374
137468772360
137470411025
137472541873
137472783112
137473068100
137473359916
137474642497
137474820160
137475670147
137506169536
137511310341
137539813411
137541720104
137552201794
137573206226
137573302415
137573317696
137575547428
137577899026
137578090752
137578420234
137581953121
137588965440
137590014404
137630319104
137643426850
137658499200
137665454152
137708044402
137709529608
137710731777
137715795205
137717612704
137718923290
137724199320
137724756257
137728443394
137743180802
137774556192
137774630088
137778974728
137841877314
137844232195
137859041288
137951182852
137978708176
137980031508
137984803396
137986387976
137992673283
138009772417
138010493194
138021961741
138026181122
138042999920
138102706176
138110050585
138110583170
138112272898
138177204240
138282796032
138334445568
138386997392
138512928256
138512959590
138514809172
138515351712
138515977232
138516972128
138523443496
138529607874
138533707905
138534981664
138538385548
138546530313
138547839492
138550464530
138550576193
138566205696
138580338708
138580918802
138588229890
138598678565
138647963328
138663727620
138722476192
138787426688
138814723080
138916200960
138942627840
139051143425
139052720260
139094130690
139150492192
139453300738
139586455008
139586970161
139588797447
139594440704
139594966025
139603763464
139611652226
139629428884
139654606872
139670488080
139721740417
139733516544
139754233861
139821449792
139854891043
139854946438
139855168018
139872211008
139924669440
140123472396
140125471041
140128567432
140143233040
140190426372
140207472641
140274303074
140291608584
140661490050
140677283860
140677483010
140727305736
140731877376
140928794880
140974817280
141733942552
141734056261
141734191224
141734248723
141737459778
141740310561
141742967328
141743427872
141746512138
141752271632
141754909196
141754962000
141768003718
141769835656
141785645056
141796869120
141801817604
141822525443
141834625036
141835124816
141868249090
141872336256
141902774368
141918470170
141937410568
142003446017
142010757312
142036435465
142074775552
142136574548
142154404864
142273159681
142273415432
142280247360
142287708296
142287863844
142476574784
142673526816
142813964352
142841356560
142842268674
143344534338
143344546848
143881603096
143882994689
143949692964
143950627074
144288284680
144695100928
146029445780
146029597696
146030854161
146030987339
146031118628
146037825542
146045874208
146046750738
146064564248
146097310216
146098364484
146116968616
146129649936
146163139107
146171562248
146182246656
146196795412
146201920512
146297722882
146314168848
146331025952
146431640640
146565881857
146599321088
146633003017
146700240901
146838388867
146852036612
146909954304
147104792721
147107381512
147112133636
147119423778
147646070784
147674103888
148177944900
148180598865
148186867840
148218840096
148346306562
148444811912
148714622976
149250116880
150055952384
150323874434
150325973088
150330278416
150390966321
150391501056
150592487808
150597009444
150609330241
150894444546
151020634112
151536013313
152479764484
153612255296
154620004548
154620664832
154623549828
154624229385
154625114158
154628270120
154629963848
154635890704
154637730948
154653427985
154686394432
154694598690
154694848641
154702782722
154753261576
154769828480
154770604038
154770882625
154787251328
154820161572
154887524897
154891526192
154896728640
154899974400
154912957440
154921205784
154921404418
154921862180
154954372114
155156236324
155160035408
155160154370
155165131906
155189317776
155222966432
155224113172
155424135240
155591901952
155701217424
155728482308
155764392992
155826824448
156771090952
156783348000
157039198276
157840060992
157866393600
158947609152
158981968384
159048008745
159085821956
159184490496
159987532452
160004882432
161203881986
163214000928
163225666058
163313876993
163762406657
164290908168
167506347010
169920692240
171800860944
171801322532
171806035456
171809211140
171824908672
171828592672
171849294016
171865936768
171866326289
171866427424
171874484304
171937124420
171937202704
171942904832
171950215312
171966538016
171966629889
171968562256
172000348162
172067328012
172100700180
172135293444
172268453944
172337676338
172340021288
172348212480
172369773072
172405036032
172470960200
172478185985
172604571656
172873523248
172876898818
172889277480
172906086466
173073892356
173947306064
173950501140
173982351744
174013286469
174090883104
174517649441
176093735041
176094265604
176098509832
176160772170
176404299778
176630531220
177167698176
177185226820
178241143592
178241556480
180388970632
180410712065
180459972608
180925506208
181462374532
181481897984
182536118531
182537290880
182561275928
182569927172
182737977344
186025788416
188978587714
188978614529
188978988034
188992196624
188995346445
189087678472
189247063680
190643699712
192470319112
195958407232
197568496080
197870497792
201871982593
206158627496
206158735393
206159939840
206160021522
206161585224
206167261696
206171050056
206177423360
206192313857
206193303558
206195195952
206209318946
206227771398
206242340996
206261199105
206297007136
206305232916
206317814560
206360313992
206460952720
206496073808
206561155200
206562148872
206703956016
206712078421
206728994912
206763591168
206767134720
206871560192
207232205585
207240761345
207253144836
207265890436
207266513216
207299283075
207502706208
208343663746
208373555266
208440271232
209380200576
209380739136
210454544900
210456549377
210466062464
210470701248
210528895553
210590384128
210726028305
210747129860
211862683912
212636532804
213137752075
214768288384
214773550080
215084961824
215285237912
215287857185
215822107212
215823310848
216023695376
216895890944
216917606400
217306890241
219076956168
219178598658
223338299747
223349850116
223405671808
223472533680
223876263936
223892668416
224416595968
224814825536
225552957457
229245976592
231932563584
231936696384
232196718594
240518197288
240520527900
240522395655
240635611648
240652976193
240854630400
241457701888
242699243536
244276331008
244947616384
249108299794
249156337664
257700274688
257836450056
258772829185
262261442592
274877942950
274878057497
274878966992
274879033394
274879301124
274879513621
274880017760
274880036986
274880088212
274880196616
274882121504
274882445354
274882764869
274886496536
274886578500
274894787168
274894987592
274895216132
274895753858
274896817217
274898896068
274900615170
274907381761
274911508096
274911822032
274916720901
274928240748
274937544720
274940822050
274945083746
274945566224
274946136200
274946719832
274949284994
274949640320
274951340294
274953541697
274964414609
274978570977
275012339072
275022620682
275029066369
275056166017
275079626822
275083440208
275104403588
275146412452
275146604830
275146635392
275150995713
275151094856
275155798052
275156181504
275156840468
275163906242
275177930880
275180028808
275180439617
275186188313
275188351493
275260638208
275286853700
275316998400
275330908304
275416088804
275419059216
275421463554
275431590410
275431592209
275435225408
275437846580
275448398640
275449512514
275456886788
275486361604
275490341897
275515461635
275549112384
275549260176
275549651233
275557949456
275683754628
275683835907
275688464390
275718082576
275902365704
275951665231
275952277760
275957416352
275959055361
275960063016
275969082632
275972775952
275985346566
276019544834
276020986388
276043923482
276052362244
276085999840
276090323489
276094322705
276205412352
276220101170
276221166340
276221268001
276224545796
276354408480
276490883137
276565592064
276668891136
276773994784
277025856512
277025919180
277028929665
277029618344
277030635539
277030703424
277031954464
277033944256
277046886992
277059215748
277059244041
277067415810
277069963328
277076771096
277093060626
277095678984
277100929060
277101152386
277132411392
277160677416
277161837604
277176459780
277197357130
277294000129
277295926656
277306409057
277327455240
277444952384
277572765697
277574853376
277629446160
277832401920
277885255680
278099329601
278102286850
278105440520
278188261380
278300984384
278906601476
279172910016
279173141125
279173940322
279177142801
279177594894
279188881408
279189923860
279207526928
279211148432
279223304452
279241163521
279258857768
279309213744
279324402689
279376334849
279443480834
279467033088
279475161120
279508467722
279584063489
279642899584
279709782086
279709892876
279710336036
279716036993
279719215137
279726539329
279744422016
279849338880
279877517333
280246698273
280246944792
280250942082
280257134864
280286466080
280380852744
280414945282
280548606148
280583217168
281322980100
281354567720
281354966020
281454611472
281463754752
281857589760
281949634560
283467885104
283468112522
283468382448
283468497446
283474919556
283476232333
283476525633
283480621122
283484659719
283485934656
283486855744
283493024276
283504543264
283509818392
283509924000
283536007436
283537310977
283539214369
283539671312
283571290112
283593738240
283603635208
283618854945
283645050886
283669250072
283670249632
283736498180
283744672512
283805548736
283836940340
283874821136
284005828865
284021514624
284072870930
284149551104
284273149096
284308809728
284546319362
284546830864
284560494720
284562555201
284575416592
284575727688
284953149568
285347053632
285627928704
285649011715
285682483968
285684537348
286689068676
286689093696
287762908289
287765989378
287899385928
287901254148
288576569360
289390201856
290447175681
292057846531
292058891560
292059195392
292061708322
292061974678
292062237256
292075651084
292091748416
292093501476
292129128496
292141663267
292194620432
292196223233
292196728968
292259299872
292326278214
292343124496
292364493312
292393590824
292403841024
292595445764
292628337696
292632461377
292662051904
292863281280
293131763714
293198642176
293207032321
293266006034
293400481802
293676777734
293704073224
293819908608
294205935617
294209585442
294224267272
294238847556
294758908037
295292141568
295348207776
296355889800
296361197730
296373735680
296437680192
296692613124
296889623824
297429245952
298500233760
300111904768
300647748868
300651946176
300660556832
300781932642
300783002112
301184975616
301194018888
301218660482
301788889092
302041268224
303072026626
304959528968
307224510592
309237664131
309240009096
309241329664
309247099656
309248458770
309250228316
309256540240
309259927696
309271781408
309275461896
309306855970
309314199681
309372788864
309389197380
309389697282
309405565444
309506523152
309510312449
309539656960
309541208076
309541765250
309574502656
309640323144
309775049794
309793457280
309799948800
309825914880
309842411568
309842808836
309843724360
309908744228
310312472648
310320070816
310320308740
310330263812
310378635552
310448226344
310848270480
311183803904
311402434848
311456964616
311528785984
311653648896
313542181904
313566696000
314078396552
314606518277
315680121984
315688485379
315732787200
317828890665
317895218304
317963936768
318000070657
318096017490
318171643912
318368980992
319975064904
320009764864
322407763972
326417720321
326428001856
326451332116
326484627481
326627753986
326839042049
327524813314
328581816336
329773023488
335012694020
339841384480
343598743555
343601721888
343602645064
343608169472
343616405509
343618422280
343647725698
343649817344
343657185344
343698588032
343731873536
343732652578
343732854848
343748968608
343874248840
343874405408
343885809664
343900430624
343933076032
343933259778
343937124512
344000696324
344134656024
344138490881
344201400360
344270586888
344272732420
344293638147
344536907888
344675352676
344680042576
344688238593
344696424960
344738238725
344739546144
344810072064
344941920400
344956371970
345209143312
345744884369
345746464772
345747046496
345778554960
345812172932
346147784712
346349895745
347894612128
347901002280
347928592385
348026572938
348181766208
349035298882
352187470082
352188531208
352197019664
352321544340
352808599556
353261062440
354335396352
354370453640
356482287184
356483112960
356750721059
360777263681
360777941264
360821424130
360919945216
361054863361
361851012416
362924749064
362963795968
365072237062
365074581760
365122551856
365139854344
365475954688
372051576832
377957175428
377957229058
377957976068
377984393248
377990692890
378175356944
378493993485
378494127360
380238856225
381287399424
384940638224
391916814464
395136992160
395740995584
403743965186
412316912133
412317254992
412317470786
412318507017
412319879680
412320043044
412329969153
412334523392
412342100112
412343336965
412354846720
412384627714
412386607116
412390391904
412400759297
412418637892
412455542796
412484681992
412522398210
412587401377
412594014272
412610465832
412720627984
412853764297
412921905440
412992147616
413122310400
413124297744
413392830723
413407912032
413424156842
413440935440
413457989824
413527182336
413534269440
413743120384
413998776337
414464411170
414481522690
414506289672
414531780872
414533026432
414598566150
415005412416
415689080841
416645390403
416687327492
416747110532
416880542464
417153441792
418761478272
420906796133
420909089800
420913098754
420932124928
420941402496
421057791106
421175250961
421180768256
421452056610
421494259720
423725367824
426275504150
429505150995
429536576768
429547100160
429631275137
430169923648
430570475824
430575714370
431644214424
431646621696
432047390752
433791781888
433835212800
434613780482
438153912336
438357197316
439160932353
446676599494
446699700232
446811343616
446945035275
446945067360
447752527872
447785336832
448833191936
449629651072
451105914914
458491953184
463865127168
463873392768
464393437188
481036394576
481041055800
481044791310
481046823360
481078296609
481271223296
481305952386
481709260800
482915403776
485398487072
488552662016
489895232768
498216599588
498312675328
515400549376
515672900112
517545658370
519707820289
524522885184
549755825251
549755885900
549756114994
549756160037
549757933984
549757977365
549758066788
549758602248
549759027242
549760035520
549760073972
549760393232
549764243008
549764890708
549765529738
549766692889
549768397959
549772993072
549773157000
549777842693
549789574336
549789975184
549790432264
549790519553
549791465645
549791507716
549793634434
549797792136
549797904961
549801230340
549814763522
549823016192
549823644064
549833441802
549842100225
549856481496
549875089440
549881644100
549890167492
549891132448
549892272400
549893439664
549898569988
549899280640
549902680588
549907083394
549907988521
549924122689
549928829218
549957141954
550024678144
550025298534
550045241364
550058098709
550058132738
550112332034
550125437059
550159253644
550166880416
550175283201
550208807176
550234227201
550292750427
550292824904
550293209660
550293270784
550301991426
550302189712
550311596104
550313680936
550327812484
550355861760
550360057616
550360879234
550372376626
550376702986
550521276416
550565448705
550573707400
550633996800
550661816608
550831732737
550832177608
550837965073
550838118432
550839583233
550842927108
550863180820
550863184418
550870450816
550875693160
550896797280
550899025028
550913773576
550968493313
550972723208
550980683794
551030923270
551098224768
551098520352
551115898912
551169294405
551367509256
551367671814
551376928780
551436165152
551804731408
551903330462
551911731203
551914832704
551918110722
551920126032
551939213584
551945551904
551970693132
551970735169
551971987713
551987710084
552039089668
552041972776
552063221761
552087846964
552104724488
552171999680
552180189441
552180646978
552188645410
552410824704
552440202340
552441352705
552442332680
552442536002
552442822673
552449091592
552473740545
552708816960
552842821639
552981766274
552982315041
553131184128
553337782272
553547989568
554050797747
554051311107
554051713024
554051838360
554053992641
554057859330
554059236688
554061271078
554061406848
554063908928
554067888512
554084671497
554093773984
554118431496
554118488082
554134831620
554139926656
554153542192
554186121252
554191357968
554201858120
554202304772
554264822784
554321354832
554323675208
554352919560
554394714260
554587947329
554588000258
554591853312
554612818114
554654910480
554889904768
555141439553
555145531394
555158603809
555258892320
555325849625
555664803840
556198270997
556198659202
556204573700
556210881040
556215828504
556376522760
556601968768
557272007553
557813202952
558345820032
558346282250
558347880644
558354285602
558355189788
558377762816
558379565857
558379864100
558412989461
558415053856
558417085057
558422296864
558446608904
558482327042
558482653193
558517715536
558548144129
558618427488
558639349797
558648805378
558752669698
558882654249
558886961668
558893113601
558934066176
558950322240
559016935444
559168126978
559285799168
559419564172
559419785752
559420672072
559432073986
559438430274
559453078658
559457320961
559488844032
559570763780
559698677760
559755034666
560493396546
560493889584
560501884164
560512107649
560514269728
560572932160
560627720209
560761705488
560795222089
560829890564
561097212296
561166434336
562645960200
562649890945
562709135440
562709932040
562909222944
562927509504
563045597188
563715179520
566935770208
566935819401
566936225044
566936764896
566936994892
566949839112
566952464666
566953051266
566953116417
566961242244
566969319438
566970679299
566971869312
566973711488
566986048552
567007125537
567009086528
567019636784
567019848000
567072014872
567074621954
567078428738
567079342624
567142580224
567187476480
567205184129
567207270416
567237709890
567290101772
567338500144
567340499264
567472996360
567474127905
567489345024
567495622659
567611097472
567673880680
567749642272
568011657730
568043029248
568145741860
568299102208
568546298192
568617619456
569092638724
569093661728
569120989440
569125110402
569150833184
569151455376
569906299136
570159022145
570694107264
571255857408
571272859664
571298023430
571365426240
571369074696
571775910409
573378137352
573378187392
575525816578
575526412384
575531978756
575798771856
575802508296
577153138720
578780403712
580894351362
584115693062
584115818511
584116119557
584116667952
584117783120
584118390784
584123416644
584123949356
584124474512
584133641473
584151302168
584183496832
584184762689
584187002952
584258256992
584261304323
584283326534
584389240864
584392446466
584393457936
584405483529
584518599744
584652556428
584686248992
584694372353
584787181648
584807682048
585189327953
585190891528
585256675392
585264922754
585324103808
585726562560
586263527428
586397284352
586414064642
586430874113
586532012068
586800963604
587353555468
587408146448
587639817216
588411871234
588419170884
588429526048
588460851970
588477695112
590584283136
590696415552
592711779600
592722395460
592747471360
592875360384
593259135505
593385226248
593779247648
594858491904
597000467520
597004650499
600223809536
601295497736
601303892352
601321113664
601433833493
601563865284
601566004224
602369951232
602388037776
602437320964
603577778184
604082536448
606144053252
609919057936
614449021184
618475328262
618475692293
618476505105
618480018192
618482659328
618484994113
618494199312
618496917540
618500456632
618519855392
618543562816
618550923792
618552360966
618552901761
618613711940
618628399362
618745577728
618778394760
618811130888
618878534672
619013046304
619020624898
619079313920
619082416152
619149005312
619280646288
619549099169
619550099588
619566104768
619586914560
619599897600
619651829760
619684823136
619685617672
619687448720
619725193221
619817488456
620624871971
620624945296
620640141632
620640617480
620660527624
620757271104
620896452688
621696540960
622367607808
622804869696
622913929232
623057571968
623307297792
623445540897
627084363808
627133392000
629213036554
631360243968
631376970758
631465574400
635659915265
635790436608
635927873536
635940373569
636192034980
636343287824
636737961984
639950129808
640019529728
644379312259
644815527944
652835041921
652835440642
652841648129
652856003712
652902664232
652969254962
653255507972
653678084098
654982512921
655049626628
657163632672
659546046976
670025388040
679682768960
687194853897
687195308229
687197487110
687200274561
687203443776
687203680299
687205290128
687224141824
687232811018
687236844560
687270338565
687295451396
687299634688
687314370688
687397176064
687463747072
687465305156
687465709696
687497937216
687548137489
687748497680
687748810816
687771619328
687800861248
687866152064
687866519556
687874249024
688001392648
688269312048
688276981762
688336306177
688402800720
688541173776
688545464840
688587276294
688805381637
689073815776
689350705352
689359061253
689360085152
689376477186
689392849920
689415651337
689476477450
689479092288
689620144128
689912743940
690418286624
691489768738
691494092992
691507595272
691557109920
691624345864
692295569424
692699791490
695784843777
695789224256
695802004560
695857184770
696053145876
696363532416
698070597764
700114272261
704374736961
704374940164
704377062416
704394039328
704643088680
704687112193
705617199112
706857674752
708670792704
708740907280
712964574368
712966225920
713501442118
721554527362
721554640945
721573398529
721642848260
721839890432
721957159297
722095579201
722109726722
723702024832
724784381953
725849498128
725927591936
730144474124
730149163520
730245103712
730279708688
730951909376
738801484291
744103153664
755914350856
755914458116
755915952136
755968786496
755981385780
756182681613
756350713888
756987986970
756988254720
760477712450
762574798848
769881276448
777389359105
783833628928
790273984320
791481991168
807487930372
824633824266
824634147873
824634509984
824634576913
824634941572
824637014034
824639759360
824640086088
824640552993
824646340896
824659938306
824669046784
824684200224
824686673930
824709693440
824769255428
824772268035
824773214232
824780783808
824801518594
824837275784
824851890433
824902287569
824904517635
824911085592
824969363984
825044796420
825174802754
825188028544
825220931664
825441255968
825707470901
825707528594
825843810880
826244620800
826248595488
826379600001
826785661446
826815824064
826848313684
826881870880
826915979648
827054364672
827068538880
827486240768
827997552674
828928692329
828928822340
828929763329
828963045380
829012579344
829063561744
829066052864
829197132300
830010824832
831378161682
833225228355
833290780806
833374654984
833494221064
833761084928
834306883584
837520802304
837522956544
841813592266
841818179600
841826197508
841864249856
841882804992
842115582212
842350501922
842361536512
842887594249
842904113220
842988519440
847450735648
850546131216
851275939841
852551008300
859010301990
859073153536
859094200320
859262550274
861140951648
861151428740
863288428848
863293243392
864094781504
867583563776
867670425600
869227560964
876307824672
876714394632
878321864706
893353198988
893399400464
893420314635
893622687232
893890070550
893890134720
895505055744
895570673664
897666383872
899259302144
902211829828
905181134864
910534180869
916983906368
927730254336
927746785536
928786874376
936311260161
962072681729
962072789152
962082111600
962089582620
962093646720
962156593218
962611904772
963418521600
965830807552
966904709121
977105324032
979790465536
996433199176
996625350656
1030801098752
1030928465937
1031345800224
1035091316740
1039415640578
1049045770368
1099511650502
1099511687179
1099511771800
1099512041513
1099512229988
1099512320074
1099512546563
1099513335941
1099514784385
1099515052101
1099515867968
1099515954730
1099516133576
1099516510737
1099517204496
1099518054484
1099520071040
1099520147944
1099520786464
1099524800585
1099528486016
1099529781416
1099531059476
1099533385778
1099535781889
1099536795918
1099537088801
1099538956421
1099545986144
1099546314000
1099555685386
1099579148672
1099579950368
1099580864528
1099581039106
1099582931290
1099583015432
1099587126147
1099587268868
1099595584272
1099595809922
1099602460680
1099613351969
1099629527044
1099646032384
1099646894307
1099647288128
1099652931585
1099654791175
1099666883604
1099679407107
1099712962992
1099713545345
1099723440169
1099746623490
1099750178880
1099763288200
1099780334984
1099782264896
1099784544800
1099786879328
1099797139976
1099798561280
1099805361176
1099814166788
1099815518209
1099815977042
1099848245378
1099857658436
1099914283908
1100049356288
1100053766161
1100065816589
1100069601377
1100090482728
1100099879681
1100116197418
1100116265476
1100182818825
1100182979091
1100224664068
1100250874118
1100318507288
1100325847585
1100333760832
1100350566402
1100384306181
1100417614352
1100468454402
1100585500854
1100585649808
1100585894725
1100586419320
1100586541568
1100594814989
1100603982852
1100604379424
1100621086817
1100623192208
1100624726016
1100627361872
1100655624968
1100711723520
1100720115232
1100721758468
1100753405972
1100854200385
1101042552832
1101130897410
1101147414800
1101155930129
1101267993600
1101323633216
1101663465474
1101664355216
1101675930146
1101675955465
1101676236864
1101679166466
1101685854216
1101692666135
1101726361640
1101726368836
1101728858625
1101740901632
1101751386320
1101793594560
1101798050056
1101827547152
1101860471105
1101936986626
1101945446416
1101961367588
1102061777409
1102061846540
1102196449536
1102197040704
1102198604932
1102231797824
1102338588810
1102735018512
1102735343628
1102741768321
1102753857560
1102872330304
1103609462816
1103806628053
1103806660924
1103806858825
1103809111040
1103823462406
1103825471523
1103829665408
1103836221444
1103840252064
1103876330528
1103891103808
1103941386264
1103941470338
1103943975426
1103975420168
1104078179336
1104083945552
1104126443522
1104175693928
1104209448976
1104343999360
1104351987969
1104360378882
1104361293956
1104377290820
1104821649408
1104880404680
1104884665360
1104885072004
1104885645346
1104898183184
1104913925377
1104947481090
1105417633920
1105685643278
1105955227649
1105964630082
1105971126401
1106262368256
1106495144453
1106675564544
1107095979136
1108101595494
1108102622214
1108103426048
1108103676720
1108107985282
1108115718660
1108118473376
1108119390233
1108122542156
1108122813696
1108127817856
1108135777024
1108169342994
1108187547968
1108236862992
1108236976164
1108240040705
1108269663240
1108279853312
1108307084384
1108369999185
1108370014727
1108372242504
1108382715936
1108403716240
1108404609544
1108529645568
1108640663041
1108642709664
1108647350416
1108705839120
1108789428520
1109175894658
1109176000516
1109183706624
1109194203137
1109225636228
1109309820960
1109779809536
1110278406147
1110282879106
1110291062788
1110299413504
1110317207618
1110517784640
1110651699250
1110921707521
1111329607680
1112396541994
1112397318404
1112409147400
1112421762080
1112431657008
1112753045520
1112966955145
1113203937536
1114544015106
1115626405904
1116691640064
1116692033809
1116692564500
1116695761288
1116695797765
1116708571204
1116710379576
1116755525632
1116759131714
1116759728200
1116825978922
1116828925969
1116830107712
1116834170114
1116844593728
1116893217808
1116965306386
1117027061825
1117035431072
1117096288258
1117230991425
1117236854976
1117240955905
1117278699594
1117297610756
1117505339396
1117765273649
1117765308498
1117765517604
1117773923336
1117786227202
1117868132352
1117900644480
1118033870888
1118336253956
1118571598336
1118839128344
1118839571504
1118841344144
1118864147972
1118876860548
1118906157316
1118914641922
1118977688064
1119397355520
1119510069332
1120986793092
1120987779168
1121003768328
1121020043777
1121024215298
1121028539456
1121145864320
1121255440418
1121523410976
1121659781128
1122194424592
1122332868672
1125291920400
1125299781890
1125418270880
1125419864080
1125818445888
1125855019008
1126091194376
1126489391177
1127430359040
1127798538240
1129576693763
1133871540416
1133871638802
1133872450088
1133873529792
1133873989784
1133877657869
1133899678224
1133904929332
1133906102532
1133906232834
1133922484488
1133938638876
1133941358598
1133943738624
1133947422976
1133972097104
1134014251074
1134018173056
1134039273568
1134039696000
1134139867673
1134144029744
1134149243908
1134156857476
1134158685248
1134275117057
1134285160448
1134374952960
1134410368258
1134414540832
1134475364385
1134475419780
1134580203544
1134677000288
1134680998528
1134945992720
1134948255810
1134953628705
1134978690048
1134991245318
1135222194944
1135347761360
1135499284544
1136021084161
1136023315460
1136086058496
1136291483720
1136598204416
1137092596384
1137235238912
1138167906315
1138176829444
1138185277448
1138187323456
1138204278785
1138241978880
1138250220804
1138301666368
1138302910752
1139812598272
1140318044290
1141388214528
1142511714816
1142596046860
1142730852480
1142738149392
1143551820818
1143612702720
1146756274704
1146756374784
1151051633156
1151052824768
1151059953665
1151063957512
1151068570625
1151597543712
1151605016592
1154306277440
1157560807424
1161788702724
1168231113513
1168231386124
1168231637022
1168232239114
1168235566240
1168236781568
1168246833288
1168247898712
1168248949024
1168249462849
1168267282946
1168281534481
1168298278983
1168302604336
1168366993664
1168369525378
1168374005904
1168433743873
1168507964417
1168516513984
1168522608646
1168566653068
1168778481728
1168784892932
1168786915872
1168810967058
1169037199488
1169305112856
1169306026499
1169309110788
1169372497984
1169388744706
1169439073297
1169457973248
1169574363296
1169615364096
1170378655906
1170378752137
1170381783056
1170422890497
1170529845508
1170648207616
1171453125120
1172527054856
1172527121445
1172593197329
1172794568704
1172828129284
1172861748226
1172930822209
1173064024136
1173601927208
1174707110936
1174816292896
1175279634432
1176823742468
1176838341768
1176859052096
1176897069088
1176955390224
1179035632148
1181168566272
1181392831104
1185423559200
1185444790920
1185494942720
1185750720768
1186518271010
1186770452496
1187558495296
1189716983808
1190779687041
1194000935040
1194009300998
1200447619072
1202590995472
1202607784704
1202642227328
1202867666986
1203127730568
1203132008448
1203161269313
1204739902464
1204776075552
1204874641928
1206080503813
1207155556368
1208165072896
1211180777649
1212288106504
1219772825603
1219838115872
1228898042368
1236950656524
1236951384586
1236953010210
1236960036384
1236965318656
1236969988226
1236988398624
1236993835080
1237000913264
1237026160960
1237039710784
1237087125632
1237101847584
1237105803522
1237227423880
1237256798724
1237269358593
1237286453392
1237487460391
1237491155456
1237556789520
1237558789128
1237622261776
1237757069344
1238026092608
1238026945545
1238041249796
1238158627840
1238164832304
1238298010624
1238561218632
1238561292576
1239098198338
1239100199176
1239173829120
1239199795200
1239303659520
1239369646272
1239371235344
1239374897440
1239450386442
1239634976912
1241249743942
1241249890592
1241253957635
1241280283264
1241281234960
1241321055248
1241514542208
1241792905376
1242336133633
1243393081920
1244735215616
1245540551041
1245582459409
1245609739392
1245827858464
1246115143936
1246614595584
1246891081794
1254130459841
1254168727616
1254266784000
1256814886914
1257355870465
1258426073108
1258511663104
1262720487936
1262753941516
1262931148800
1271310999553
1271315562660
1271319830530
1271580873216
1271658446849
1271855747072
1271880747138
1272000282628
1272686575648
1273475923968
1277886988305
1279900259616
1280039059456
1288758624518
1289631055888
1305670083842
1305670881284
1305676612352
1305683296258
1305712007424
1305805328464
1305938509924
1306208043137
1306511015944
1307356168196
1307834322977
1309965025842
1310099253256
1314327265344
1319092093952
1322984145413
1340050776080
1359365537920
1374389540401
1374389707794
1374390616458
1374394974220
1374395826755
1374400549122
1374406887552
1374407360598
1374410580256
1374448283648
1374465622036
1374473689120
1374540677130
1374574346305
1374590902792
1374599269376
1374628741376
1374658002989
1374794352128
1374927494144
1374930610312
1374931419392
1374995874432
1375096274978
1375467493377
1375496995360
1375497621632
1375543238656
1375601722496
1375733039112
1375748498048
1375933038595
1376002785296
1376537026649
1376537283329
1376538624096
1376553963524
1376672612354
1376805601440
1377082347552
1377090929680
1377174552588
1377610763274
1378147631552
1378701410704
1378718122506
1378720170304
1378752954372
1378785699840
1378831302674
1378952954900
1378958184576
1379240288256
1379767681600
1379825487880
1379909238820
1380836573248
1382979537476
1382988185984
1382996967425
1383015190544
1383114219840
1383248691728
1383259439105
1384591138848
1385399582980
1391569537031
1391569687554
1391578448512
1391604009120
1391642279937
1391714369540
1391858813952
1392106291752
1392727064832
1396141195528
1398013953025
1400228544522
1408749473922
1408749880328
1408754124832
1408788078656
1409286177360
1409374224386
1409824063761
1411234398224
1413715349504
1417341585408
1417481814560
1421701283905
1425929148736
1425932451840
1427002884236
1443109054724
1443109281890
1443111765056
1443113467925
1443146797058
1443285696520
1443679780864
1443914318594
1444191158402
1444219453444
1447404049664
1449568763906
1451698996256
1451855183872
1460288948248
1460298327040
1460490207424
1460559417376
1461903818752
1468912369921
1477602968582
1488206307328
1511828701712
1511828916232
1511831904272
1511897761793
1511937572992
1511962771560
1511963886593
1512365363226
1512701427776
1513975973940
1513976509440
1516124241953
1520955424900
1525149597696
1539762552896
1546221785093
1554778718210
1567667257856
1580547968640
1582963982336
1614975860744
1649267471365
1649267648532
1649267901057
1649268295746
1649269019968
1649269153826
1649269883144
1649274028068
1649279518720
1649280172176
1649281105986
1649292681792
1649305190849
1649319876612
1649335074929
1649338093568
1649339023363
1649351331329
1649368400448
1649373347860
1649419386880
1649538510856
1649544536070
1649546428464
1649561567616
1649603037188
1649603117321
1649674551568
1649703780866
1649804575138
1649809035270
1649822171184
1649938727968
1650089592840
1650349605508
1650357960843
1650376057088
1650441863328
1650882511936
1651146530817
1651414941802
1651415057188
1651424363537
1651687621760
1651968590464
1652489241600
1652497190976
1652759200002
1653571322892
1653631648128
1653696627368
1653696635139
1653763741760
1653831959296
1654108729344
1654137077760
1654650830849
1654972481536
1655995105348
1657857384658
1657857644680
1657859526658
1657926090760
1658025158688
1658127123488
1658132105728
1658394264600
1660021649664
1662756323364
1664299974657
1666450456710
1666581561612
1666749309968
1666988442128
1667522169856
1668595580933
1668613767168
1675041604608
1675045913088
1683627184532
1683636359200
1683652395016
1683660767267
1683728499712
1683765609984
1684164641025
1684231164424
1684701003844
1684723073024
1685775188498
1685808226440
1685977038880
1694901471296
1701092262432
1702551879682
1705102016600
1709398040577
1718020603980
1718146307072
1718188400640
1718255357971
1718525100548
1720138606593
1720679694592
1722281903296
1722302857480
1726576857696
1726586486784
1728189563008
1735167127552
1735340851200
1738455121928
1752615649344
1753428789264
1761003700482
1786706397976
1786709541153
1786798800928
1786840629270
1787245374464
1787478147073
1787780141100
1787780269440
1791010111488
1791141347328
1795296396291
1795332767744
1798518604288
1804423659656
1810362269728
1821068361738
1833967812736
1855460508672
1855493571072
1857573748752
1872622520322
1924145363458
1924145578304
1924164223200
1924179165240
1924181139457
1924313186436
1924690608197
1925223809544
1926359945345
1926837043200
1931661615104
1933809418242
1941342011409
1941593948288
1954210648064
1958639306761
1959580931072
1992866398352
1993250701312
1997159825921
2061602197504
2061856931874
2062691600448
2070182633480
2078831281156
2098091540736
2199023262035
2199023268518
2199023281484
2199023298073
2199023359280
2199023463008
2199023567656
2199023670464
2199023935888
2199024700426
2199024915200
2199025883188
2199025976896
2199029035048
2199033249842
2199034814544
2199036532736
2199040823393
2199042270465
2199043230208
2199049809920
2199058391234
2199059179592
2199065338378
2199093526916
2199107178507
2199120773153
2199129473024
2199158284322
2199161667770
2199170059336
2199175823752
2199191101462
2199191586856
2199218290754
2199224715800
2199300079988
2199300165665
2199308552452
2199342850048
2199343072832
2199358947372
2199359592960
2199413325956
2199448125440
2199459479563
2199564682244
2199570219020
2199576904424
2199577075778
2199610470688
2199628300809
2199633528352
2199694639192
2199696580768
2199762514944
2199803396360
2199872995328
2199895703574
2200097007813
2200105390665
2200106468481
2200117974033
2200130553296
2200130896004
2200172822800
2200233969920
2200240209984
2200250351745
2200384471044
2200500207633
2200636047618
2200768151596
2201170760074
2201172075136
2201174941711
2201205489681
2201237851040
2201238536456
2201272000544
2201305616928
2201309218945
2201372116096
2201439223877
2201439699715
2201464346752
2201716003077
2201982357504
2202245595360
2202319978566
2202546471208
2203324579974
2203326087681
2203326627870
2203327266883
2203335065753
2203339786272
2203356107268
2203387723810
2203402129476
2203419083792
2203435926017
2203452446528
2203453817360
2203456766225
2203519615073
2203586957456
2203591902468
2203603469345
2203855883265
2204157149441
2204274532356
2204393082885
2204495249412
2204660663810
2204928888840
2205264382016
2205482615820
2205499302656
2205532952578
2205821173760
2206003757376
2207616073754
2207628919810
2207630000188
2207630001026
2207630120976
2207646766120
2207646822913
2207646875954
2207684626500
2207688958984
2207751866626
2207755813249
2207848596482
2207881637504
2207884379168
2208024363584
2208150659332
2208183683138
2208219793536
2208688510978
2208689032204
2208729171968
2209291043330
2209771225376
2209796459008
2209836695569
2209967243776
2210834456594
2210834628616
2211505508480
2211909470368
2212619091968
2212982423904
2216203291728
2216209428545
2216211587337
2216213812224
2216234584068
2216236740612
2216236744824
2216236746500
2216237598724
2216243233282
2216270390274
2216270496356
2216345997448
2216354251044
2216673937412
2216740019456
2216740063253
2216745502784
2216757298244
2216874868754
2217008693636
2217278063168
2217282146560
2217344110724
2218350936386
2218420078593
2218656794640
2218887610409
2219155956736
2219558831108
2220507532032
2220569662464
2220769149120
2220909134864
2221580484641
2222645657636
2224929390598
2225062043656
2225599414306
2226214928384
2226945262848
2231237611528
2233387255299
2233387591681
2233433850928
2233445912584
2233450225672
2233450234096
2233450234119
2233463211012
2233517524996
2233686069280
2233920198784
2234189873281
2234456783360
2234456870954
2234467750016
2234491340936
2234994131720
2235002144768
2235531591948
2235537817648
2235564296226
2235667316741
2235809407488
2237678235908
2237746152000
2237816901634
2238233706768
2238290337824
2239959867392
2240094406664
2241974108692
2241975060497
2241991808512
2242107215952
2242116069376
2242799208448
2244137713730
2246268321800
2248952267264
2250664050753
2250698137696
2250831331852
2251100831760
2252710351632
2253406601216
2254857831809
2259287278081
2263451967504
2267745779713
2267751385729
2267764232832
2267767932168
2267785482240
2267844446304
2267868569616
2267877195792
2267877212640
2267877212686
2267877219344
2267885863969
2267895828520
2268011794440
2268012218768
2268044857409
2268283867170
2268288188800
2268348883008
2268447645697
2268552241672
2269122675712
2269890311168
2269890486356
2269894688801
2269957464577
2270033879048
2270160749577
2270965007888
2272039928392
2272041928769
2272056902656
2272109069056
2272306676240
2272595689472
2276333781065
2276355735632
2276367533312
2276399808801
2276869538949
2277410865288
2277456740355
2277674909716
2280627773570
2281165557776
2284922765858
2284923453584
2285007014144
2285090377986
2285208883200
2286575157312
2287678259204
2289252171908
2298881278976
2302104306208
2302127702532
2302136074753
2302304845954
2302639408152
2302640009216
2303176237062
2303178407968
2304249972928
2319551300610
2327880679456
2336466666761
2336468303874
2336479254540
2336479515906
2336487441473
2336533594132
2336547700740
2336604824708
2336606011394
2336665637056
2336713883680
2336730710856
2336731136032
2336731169820
2336736968770
2336783077392
2337000333328
2337074612225
2337536344836
2337872035842
2338614194176
2338628829760
2338644300290
2338660122632
2339691856416
2340757366784
2340757717160
2340801233408
2340895597088
2341836161168
2342906760224
2343475347472
2345052407344
2345060601986
2345069462017
2345599500308
2346276882496
2353684021664
2354197839880
2354715854858
2355791790210
2355857720384
2362769702912
2363307860000
2370826668112
2370838724771
2370864021572
2371228008448
2371359097152
2371394510848
2372029907218
2374110290048
2379481088264
2388003520768
2398739302400
2405584371972
2406272335920
2407333560384
2409477185541
2415919104038
2422395120640
2440079345668
2456738103360
2473903587341
2473910143490
2473928967168
2473935504904
2473935776260
2473939060738
2474036564112
2474072162304
2474085715200
2474308018560
2474404511808
2474439016512
2474439083904
2474439084088
2474440138771
2474450649218
2474473689220
2474572257793
2474714862656
2474979108416
2475125968898
2476049451024
2476049703969
2476325765376
2476720816132
2477172850816
2478229696536
2478267433160
2478338834440
2479269881890
2482491478016
2482492178768
2482508988548
2482579211264
2482625454089
2482760091652
2482793349249
2483573231652
2484706082848
2486854762496
2491081592992
2491083400320
2491115668482
2491351580944
2491416576642
2492156938304
2492175745064
2493238018064
2508296552737
2508353175872
2508529468548
2508529934352
2509372424208
2509468877825
2509612515330
2512692185216
2512828514336
2542621163846
2542621296776
2542628110592
2542704803848
2544776514564
2545053336096
2546378997762
2549197324544
2559938920976
2611474532356
2611877004294
2613525872644
2614829776976
2615643865216
2628553671169
2634090020864
2649994859520
2680128832000
2714452951168
2748783657058
2748783837196
2748784329793
2748796370967
2748796900388
2748803448840
2748829421697
2748854589448
2748863037954
2748864145408
2748913647619
2748919616512
2749047507505
2749049872672
2749064609872
2749121036304
2749349532176
2749592781568
2749785768064
2749854777472
2749854965888
2749882237056
2749887447108
2749924122888
2750926621714
2750951850256
2750962208864
2751228682244
2751540232192
2753076152386
2753208271365
2753409593345
2753615111296
2754164573440
2754418376712
2757374347264
2757436137520
2757940084737
2763845075072
2765959700480
2765961101984
2765994721544
2766135166976
2766236291076
2766496927752
2766512621696
2767041077776
2768123207752
2770405949442
2783138840906
2783172905216
2783208081412
2783809897732
2785290621056
2788675551232
2791738179776
2800331554816
2801660985345
2817498686504
2817534214164
2817536327840
2817775380544
2818035681544
2823942602752
2826097394184
2826361114880
2834745524306
2851858284645
2853552783360
2886219072140
2886219338000
2886369150464
2886788449352
2886893324288
2887292821507
2888902902048
2895948813312
2899371393536
2911987826713
2920854586400
2954940122240
2997887442944
3023699968009
3023862497316
3023925809160
3025267721232
3026879252736
3030120398849
3032264474880
3037078749194
3042984347136
3045133942788
3058084086786
3069156786176
3092527489024
3161163040912
3169686011968
3298534886569
3298544058564
3298568640520
3298569486382
3298576844805
3298583642128
3298589418498
3298671199512
3298671247456
3298673338384
3298682011680
3298702820356
3298804039686
3298938081408
3299075950884
3299076489792
3299082242568
3299096936482
3299610214433
3299626000392
3299881257090
3300162307584
3300212605080
3300686299392
3300686568960
3300686676224
3300824990224
3301219796994
3302846667008
3305011417089
3305178923016
3307129049220
3307342921733
3307393287178
3308299231296
3308602261760
3309272302273
3309813497872
3315716883201
3315732579472
3315748372611
3316856913922
3320014979080
3324355284992
3328666894592
3332896145408
3332898948416
3332964877313
3332966187536
3333045619202
3333247078400
3333970599952
3337190146084
3337223159952
3342021431299
3350091292928
3350349283328
3367254508164
3367256469888
3367263834624
3367322027024
3367359217673
3368328169729
3371633213600
3376182198272
3384442748945
3405909075456
3435974148113
3436243324937
3436309384448
3436531941504
3437048107536
3442416288132
3448861949952
3453757694464
3475710672904
3504693313738
3508082311168
3573412795148
3573412880576
3573415420448
3573749448736
3574016950272
3574528541696
3577976326656
3599853748224
3624952397874
3642685917248
3710865377280
3710885560578
3796751630336
3848290698836
3848828362768
3851528962080
3852589862960
3852694716418
3865470715936
3865505694208
3891240435752
3917144918020
3939290316800
3985733976069
3986031722496
4003043999808
4123437564929
4191890243586
