1238
2725
4728
7179
112704
116096
204813
288320
311317
463488
606246
666752
676160
688154
822016
12083200
14680114
19922972
26219264
27492352
38800896
40148992
42991657
44045376
51724288
54526400
70255296
72974336
79698048
85986560
88236032
102760455
109969408
1477246976
1744834752
2550142464
2818572313
2953216000
3355500544
3810525184
4697622912
5012193280
5100273716
5729419264
6718226432
6979919872
7516194112
9261236224
9496952832
9819914240
9932114496
10949230592
11005853710
11274295552
13019119651
13153910784
13421774464
13959045120
17315172368
17316315396
17318807584
17322492040
17330930689
17381204482
17449370628
17450467424
17452761608
17456705537
17481992194
17515937936
17717797152
17718872072
17721065601
17733533762
17750360592
17784115204
18255183944
18255725057
18262262018
18270398480
18287198340
18320852000
19328665601
19331580930
19335872592
19344654852
19360927776
19394527496
21477462018
21479047440
21483292676
21491876000
21508400136
21541978177
25770918018
25772164112
25774006340
25778225696
25786716168
25803882753
34495137800
34496577665
34502410306
34510995984
34527522820
34561098016
34629288449
34632376578
34636597264
34645082244
34662253600
34695299144
34898838530
34901327952
34905014788
34913456160
34930426120
34963728385
35434549250
35435643152
35437938692
35441877152
35450291208
35467165761
36508279824
36509352004
36511547936
36516139016
36524015873
36574593154
38656278788
38656821280
38658965640
38663357441
38688293378
38721949712
42950983776
42951778824
42953904129
42966976514
42983243920
43016848388
68855268354
68855808080
68857954820
68862349344
68870480136
68887283713
68989223184
68990019588
68992139424
68996432904
69005213761
69055090690
69257527364
69258969632
69260562440
69264802049
69289910402
69323490320
69794334752
69795577992
69797422081
69810127362
69827301392
69860344068
70868042248
70869192705
70875367426
70883803280
70900777988
70934077536
73015509121
73018900546
73022841360
73031258116
73048129824
73082079240
77311541506
77313738768
77318324356
77326205984
77343031368
77376782849
129251672064
137574236704
137575337992
137577627905
137589981314
137606857744
137640804420
137708445832
137709519873
137716302338
137724186640
137741009156
137774762016
137977401345
137980086274
137984475280
137992610820
138009411680
138043064840
138514800706
138516922896
138521219076
138529997088
138546268168
138579869825
139587617026
139589060624
139590647940
139594892320
139603476552
139620000257
141735034960
141736280580
141738127392
141742342408
141750831105
141801047042
146029971460
146031116448
146033607688
146037293121
146062708738
146096005392
188979355648
223374999552
240518348800
275014486018
275016327312
275020547076
275029033056
275046203912
275079254017
275147423810
275148571152
275151065092
275154747680
275163187208
275180159105
275415844880
275416940676
275419235360
275423174728
275431588353
275482411266
275952706052
275953782816
275955974408
275960563713
275985269762
276019019856
277026963616
277027505160
277029650497
277042180098
277058978064
277092632580
279174189064
279174979841
279181394050
279190176784
279206445124
279240049184
283469022209
283472052738
283476299792
283484881156
283501406240
283534983304
326417515328
366682832896
378030522368
453253267456
481036343808
549891342468
549892138016
549894258760
549898551809
549923602690
549957208080
550025433120
550026871048
550028462081
550041289730
550057812048
550091391492
550293799944
550295044161
550301110274
550309593360
550326765572
550359810208
550830637313
550834274434
550837961744
550846398532
550863372832
550896676872
551905460738
551907758096
551911694596
551920109600
551936983176
551970931713
554051840002
554052911248
554055107588
554059694176
554067575304
554084405249
558347321872
558347866116
558350008608
558354401288
558362534017
558412988482
601309052928
635655520256
704374639680
731755053056
755914244145
841813590058
858993464448
893411917824
962073395200
1099646902337
1099650174978
1099654758672
1099662641156
1099679465632
1099713217544
1099782176898
1099784324112
1099788714052
1099796849184
1099813654536
1099847303425
1100049809922
1100050608144
1100052726020
1100057020448
1100065800328
1100082070529
1100586549392
1100587992068
1100589580384
1100593824264
1100602413057
1100652513282
1101660229636
1101661471008
1101663315976
1101667532929
1101693190210
1101726237200
1103807677472
1103808823368
1103811314177
1103823438082
1103840413712
1103873712260
1108102627592
1108103727105
1108109960194
1108118372432
1108135248388
1108169199648
1151168675840
1202590845120
1254130454912
1271310319660
1309159718912
1391569575936
1408749273107
1443109814272
1511905034240
1681479696384
1683627270144
1717986920192
1786729463808
1925084872704
2199023256458
2199023257937
2199023260964
2199023591442
2199023665192
2199023820833
2199052615685
2199108190242
2199128113176
2200902303747
2204526182412
2210834415664
2216371159104
2216488370432
2216748909568
2217281130496
2218352713856
2220499272192
2224860186624
2233521423360
2233653792768
2233920946304
2234524369408
2235564099584
2237694746688
2241981448448
2267944190080
2268044739072
2268296644608
2268824895552
2269894934784
2272039863296
2276333727744
2336604825600
2336734969920
2337001193728
2337537262592
2338676838400
2340791255168
2345068986880
2474036494592
2474236716032
2474471723008
2474991698048
2476057297408
2478200358912
2482493718592
2628519985172
2748930592768
2749055959168
2749320143360
2749855041536
2750927618112
2753141408000
2757402592256
2851858284550
3298671231488
3298804893696
3299138928704
3299642188032
3300699276288
3302838259712
3307129274496
3384434229257
