8291
16582
25729
33164
51458
66328
102916
132656
135433
205832
263441
265312
270866
411664
526882
530624
541732
589843
823328
1053764
1061248
1083464
1179686
1180225
1572877
1646656
2107528
2122496
2166928
2359372
2360450
2884097
3145754
3293312
4208641
4215056
4244992
4333856
4456609
4718744
4720900
4882433
5768194
6291508
6586624
8417282
8430112
8489984
8667712
8913218
9437488
9441800
9764866
11536388
12583016
13173248
16834564
16860224
16979968
17335424
17826436
18874976
18883600
19529732
23072776
25166032
26346496
27262979
33554581
33669128
33720448
33959936
34670848
35652872
37749952
37767200
39059464
46145552
50332064
52692992
54525958
67109162
67113091
67117577
67242017
67338256
67440896
67919872
69255169
69341696
71305744
75499904
75534400
78118928
92291104
100664128
105385984
109051916
134218324
134226182
134235154
134484034
134676512
134881792
135530497
135839744
136315265
138510338
138683392
142611488
142753793
150999808
151068800
156237856
167841793
184582208
201328256
201850945
210771968
218103832
268436648
268452364
268470308
268476433
268701701
268968068
269353024
269763584
271060994
271679488
272630530
277020676
277366784
285222976
285507586
301999616
302137600
312475712
318767113
335683586
369164416
402656512
403701890
421543936
436207664
536872967
536873296
536904728
536937089
536940616
536952866
537403402
537936136
538706048
538969121
539527168
542121988
543358976
545261060
554041352
554172673
554733568
570445952
571015172
603999232
604275200
624951424
637534226
671367172
675282961
738328832
805313024
807403780
843087872
872415328
1073745934
1073746592
1073809456
1073874178
1073881232
1073905732
1074806804
1075872272
1077412096
1077938242
1079054336
1082163329
1084243976
1086717952
1090522120
1090539521
1108082704
1108345346
1109467136
1140891904
1142030344
1207998464
1208550400
1249902848
1275068452
1342242881
1342734344
1350565922
1476657664
1610626048
1614807560
1686175744
1744830656
2147489281
2147491868
2147493184
2147618912
2147748356
2147762464
2147811464
2149613608
2151677963
2151744544
2154824192
2155876484
2158108672
2164326658
2168487952
2173435904
2181044240
2181079042
2181578753
2216165408
2216690692
2218934272
2281734149
2281783808
2284060688
2415996928
2417100800
2499805696
2550136904
2684485762
2685468688
2701131844
2953315328
3221252096
3229615120
3372351488
3489661312
3758358529
4294978562
4294983736
4294986368
4295237824
4295496712
4295524928
4295622928
4297132033
4299227216
4303355926
4303489088
4309648384
4311752968
4311875713
4316217344
4328554753
4328653316
4336975904
4346871808
4362088480
4362158084
4363157506
4432330816
4433381384
4437868544
4563468298
4563567616
4568121376
4831993856
4834201600
4840226825
4999611392
5100273808
5368971524
5370937376
5402263688
5440012289
5906630656
6442504192
6459230240
6744702976
6979322624
7516717058
8589934793
8589957124
8589967472
8589972736
8590475648
8590993424
8590999555
8591049856
8591245856
8594129413
8594264066
8598388993
8598454432
8606711852
8606978176
8619296768
8623505936
8623621121
8623751426
8632434688
8657109506
8657306632
8673951808
8693743616
8724176960
8724316168
8726315012
8864661632
8866762768
8875737088
9126936596
9127135232
9136242752
9663987712
9668403200
9680453650
9999222784
10200547616
10737943048
10741874752
10754203649
10804527376
10880024578
11813261312
12885008384
12918460480
13287555073
13489405952
13958645248
15033434116
17179869586
17179887625
17179914248
17179934944
17179945472
17180951296
17181986848
17181999110
17182099712
17182491712
17183023105
17188258826
17188528132
17196777986
17196908864
17200841729
17213423704
17213956352
17238593536
17247011872
17247242242
17247502852
17264869376
17314219012
17314613264
17347903616
17387487232
17448353920
17448632336
17452630024
17456693761
17716772929
17729323264
17733525536
17751474176
18253873192
18254270464
18272485504
19327483921
19327975424
19336806400
19360907300
19998445568
20401095232
21475886096
21483749504
21508407298
21609054752
21760049156
23626522624
25770016768
25770328097
25836920960
26575110146
26978811904
27917290496
30066868232
34359739172
34359775250
34359828496
34359869888
34359877637
34359890944
34361839681
34361902592
34363973696
34363998220
34364199424
34364983424
34366046210
34376517652
34376581153
34377056264
34393555972
34393817728
34401683458
34426847408
34427912704
34477187072
34494023744
34494484484
34495005704
34529738752
34628438024
34629226528
34695807232
34774974464
34896707840
34897264672
34905260048
34913387522
35165061121
35433545858
35434006529
35458646528
35467051072
35502948352
36507746384
36508540928
36544971008
36582719489
38654706193
38654967842
38655950848
38673612800
38721814600
39996891136
40802190464
42951772192
42967499008
43016814596
43218109504
43520098312
47253045248
51540033536
51540656194
51673841920
53150220292
53957623808
55834580992
60133736464
68719478344
68719493201
68719550500
68719656992
68719739776
68719755274
68719781888
68723679362
68723805184
68727947392
68727996440
68728398848
68729966848
68732092420
68736256513
68753035304
68753162306
68754112528
68761681921
68787111944
68787635456
68803366916
68853694816
68855825408
68954374144
68988047488
68988968968
68990011408
69059477504
69256876048
69258453056
69391614464
69549948928
69793415680
69794529344
69810520096
69826775044
69927444481
70330122242
70867091716
70868013058
70917293056
70934102144
71005896704
71135395873
73014445061
73015492768
73017081856
73089942016
73165438978
77309412386
77309935684
77311901696
77347225600
77443629200
79993782272
81604380928
85903544384
85934998016
86033629192
86436219008
87040196624
94506090496
103079215363
103080067072
103081312388
103347683840
106300440584
107915247616
111669161984
120267472928
137438956688
137438970401
137438986402
137439101000
137439313984
137439479552
137439510548
137439563776
137447343169
137447358724
137447610368
137455894784
137455992880
137456797696
137459933696
137464184840
137472513026
137478799361
137506070608
137506324612
137508225056
137523363842
137574223888
137575270912
137606733832
137707389632
137711650816
137908748288
137976094976
137977937936
137980022816
138043981825
138118955008
138512695321
138513752096
138516906112
138783228928
139099897856
139586439425
139586831360
139589058688
139621040192
139653550088
139854888962
140660244484
141734183432
141736026116
141834586112
141868204288
142011793408
142270791746
146028890122
146030985536
146034163712
146179884032
146330877956
154618824772
154619871368
154623803392
154694451200
154753040387
154887258400
159987564544
163208761856
171807088768
171869996032
172067258384
172872438016
174080393248
180388888577
189012180992
206158430726
206158467073
206160134144
206162624776
206695367680
212600881168
215830495232
223338323968
240534945856
274877913376
274877940802
274877972804
274878202000
274878300163
274878627968
274878959104
274879021096
274879127552
274886295589
274894686338
274894717448
274895220736
274911789568
274911985760
274913595392
274919867392
274928369680
274945026052
274945082369
274957598722
275012141216
275012649224
275016450112
275046727684
275148447776
275150541824
275213467664
275414779264
275423301632
275448340481
275817496576
275952189952
275955875872
275960045632
276087963650
276237910016
277025390642
277026439297
277027504192
277033812224
277566457856
278199795712
279172878850
279173662720
279178117376
279242080384
279307100176
279709777924
281320488968
283467876353
283468366864
283472052232
283669172224
283736408576
284023586816
284541583492
292057780244
292061971072
292068327424
292359768064
292661755912
293131518209
309237649544
309239742736
309247606784
309388902400
309506080774
309774516800
319975129088
326417523712
343599480841
343614177536
343739992064
344134516768
345744876032
348160786496
360777777154
378024361984
412316861452
412316934146
412320268288
412325249552
412585820161
413390735360
425201762336
431660990464
446676647936
481069891712
549755818033
549755826752
549755881604
549755945608
549756108809
549756404000
549756600326
549757255936
549757918208
549758042192
549758255104
549769445377
549772591178
549789370433
549789372676
549789434896
549790441472
549823579136
549823971520
549827190784
549839734784
549856739360
549890052104
549890164738
549915197444
550024250371
550024282432
550025298448
550032900224
550093455368
550296895552
550301083648
550426935328
550829558528
550831652869
550846603264
550896680962
551634993152
551904379904
551911751744
551920091264
552175927300
552475820032
554050781284
554051313665
554052878594
554055008384
554067624448
555132915712
556399591424
558345757700
558347325440
558356234752
558484160768
558614200352
559419555848
562640977936
566935752706
566936733728
566944104464
567338344448
567472817152
568047173632
569083166984
584115560488
584123942144
584136654848
584719536128
585323511824
586263036418
601295421569
618475299088
618479485472
618495213568
618777804800
619012161548
619549033600
627132334081
639950258176
652835047424
687194963969
687198961682
687228355072
687479984128
688269033536
691489752064
696321572992
721555554308
756048723968
824633722904
824633868292
824640536576
824650499104
824767939073
825171640322
826781470720
850403524672
863321980928
893353295872
962139783424
1099511661059
1099511694342
1099511760908
1099511894040
1099511963649
1099512160304
1099512299522
1099512692832
1099512971268
1099513757888
1099514314760
1099515888000
1099517001744
1099520018449
1099520148224
1099522375712
1099528409122
1099528668672
1099533123648
1099545190468
1099545709568
1099554619520
1099578753160
1099579791360
1099597611264
1099645845545
1099645878544
1099647954944
1099683594752
1099780063314
1099780129312
1099782291457
1099784282112
1099855561728
1100048498852
1100048630848
1100052955138
1100056936448
1100199495680
1100585369928
1100585633920
1100586419201
1100594282500
1100602245120
1100887363584
1101659112080
1101659640064
1101661210626
1101676937224
1101692862464
1102263099392
1103806596384
1103807652352
1103810793476
1103842246672
1103874097152
1105014571008
1105954078785
1108101564992
1108103676928
1108109959176
1108172865568
1108236566528
1108638437377
1110517514240
1112396529794
1116691502208
1116695726080
1116708290576
1116792160257
1116834103360
1116961505280
1117765246978
1121523400704
1125281431812
1133871376640
1133879824384
1133904953376
1134072692738
1134156578944
1134411382784
1136018866180
1143535173632
1151051235848
1168231125504
1168231628929
1168248020992
1168298278976
1168633757700
1168801530112
1169311137792
1172526104584
1187558719488
1202590843920
1236950623232
1236951630082
1236967358469
1236984414208
1237084930176
1237755887624
1238091432448
1239110647808
1245540581392
1275605811200
1305670060064
1374389618688
1374391632388
1374423089162
1374457200640
1374658232576
1376000147472
1376671237120
1378709667840
1391569535008
1408753467393
1451699994624
1511828492352
1649267458305
1649267609600
1649271637000
1649334550548
1649402773504
1649804837376
1652488667168
1653830846464
1657907707904
1683627442240
1717995307010
1803888361472
1924145356928
2199024336929
2199025418306
2199027531777
2199027581060
2199031808002
2199031906568
2199032172545
2199040360452
2199040557584
2199041089538
2199057465352
2199058923524
2199090364677
2199091675152
2199094591496
2199157473802
2199160094752
2199165927440
2199291692052
2199291693185
2199296933952
2199308599328
2199560128552
2199560130818
2199570612352
2199593943104
2200097001552
2200097006084
2200117969152
2200130552864
2200164630656
2201170747552
2201170756616
2201212682752
2201237850176
2201306005760
2203318239552
2203318257680
2203402109952
2203452444800
2203588755968
2207613223552
2207613259808
2207615287313
2207780964352
2207881634048
2208154256384
2216203191552
2216203264064
2216207319074
2216538673152
2216740012544
2217285257216
2220498354177
2233383127552
2233383272576
2233391382596
2234054090752
2235547258880
2241973452802
2267742999552
2267743289600
2267759509640
2268279734273
2269084925952
2272071262208
2284923650052
2336462743552
2336463323648
2336495763728
2337536212994
2339146596352
2345119268864
2370824044552
2473902231552
2473903391744
2473917939777
2473968271904
2476049170436
2479269937152
2491215282176
2542624833552
2748781207552
2748783527936
2748812624002
2748913288256
2753075085320
2759516618752
2783407308800
2886226411552
