9059329
34163329
36237316
43029001
52690983
67813411
136653316
144949264
172116004
210763932
270566485
270845962
271253644
537939490
546613264
554041882
579797056
606083458
654311625
671907853
688464016
808984642
843055728
1082265940
1083383848
1085014576
1226859521
2151757960
2186453056
2216167528
2281770033
2319188224
2424333832
2617246500
2687631412
2753856064
2969633798
3235938568
3372222912
3489701938
4294976143
4296165401
4329063760
4333535392
4340058304
4499505186
4598009878
4907438084
6461866498
8607031840
8673858626
8691909250
8745812224
8864670112
9127080132
9276752896
9395245099
9697335328
9949413893
10468986000
10750525648
10771005829
11015424256
11878535192
12943754272
13488891648
13958807752
17179904572
17184661604
17264828434
17272148257
17316255040
17360233216
17449877681
17507581954
17998020744
18260034594
18392039512
19331567878
19629752336
21749568001
23623442689
25772703809
25847465992
26311008273
27388805698
34384980034
34428127360
34695434504
34767637000
34914779137
35458680448
36104577286
36508320528
37107011584
37580980396
38789341312
39797655572
41875944000
42949937458
43002102592
43084023316
44061697024
46173192193
47514140768
51775017088
53687943178
53955566592
55835231008
60264841219
68719618288
68720010538
68738646416
69059313736
69088593028
69122175233
69265020160
69336566272
69440932864
69799510724
70030327816
70867157890
71001456738
71992082976
73568158048
77326271512
78519009344
79526109190
83894469121
85938210818
86998272004
94493770756
103090815236
103154729041
103220248609
103389863968
104422049794
105244033092
107378377874
109555222792
137448423526
137451593857
137539920136
137574482513
137574764554
137712509440
137866903561
137976218785
138546252814
138781738016
139070548000
139659116548
139932995584
141834721792
142090436866
144418309144
146033282112
146046720129
148428046336
150323921584
154618990738
155157365248
156804055081
157974921220
159190622288
159618695170
167503776000
171799749832
172008410368
172336093264
176246788096
184692768772
190056563072
207100068352
209446799361
210455625795
214751772712
215822266368
223340924032
241059364876
274878473152
274880042152
274954585664
275020517571
275957416210
275968524299
276237254944
276354372112
276488700932
276522344961
277060080640
277346265088
277763731456
279198042896
280121311264
281325077509
281329172482
283468631560
283476312101
283501420618
284005826952
287968331904
292160553504
294272632192
297694937218
309305086048
310315603969
314076037376
318104436760
335577876484
343752843272
343765680646
347993088016
365072484385
377975083024
412363260944
412618916164
412880994436
413559455872
417688199176
420976132368
429513511496
438220891168
446678763010
549789435106
549793694104
549806375428
549973920259
550037032962
550159680544
550297930052
550299058216
550834865665
550850037760
550897066050
551467614244
551904875140
552440184979
554185011256
554193404934
555126952064
556282192000
556466962505
558636466192
559419500809
559731982336
567003152401
567338887168
568361747464
577673236576
584117653582
584133128448
584186880516
593712185344
601295686336
618475962952
618485514243
620629460992
627170086913
627216220324
631899684880
636762489152
638474780680
670015104000
687198999328
688033641472
689344373056
691624477057
703301943298
704987152384
738771075088
760226252288
824637959170
828400273408
837787197444
841822503180
859007090848
859161232393
863289065472
893363696128
964237459504
971199512641
1030859260042
1099513892608
1099522385026
1099579269397
1099675205682
1099679604739
1099818342656
1100082070284
1100585669126
1101998981249
1102204379233
1103829664840
1103874097196
1104949019776
1105417488448
1105954803728
1106089379844
1108240322560
1109385060352
1111054925824
1116792171584
1120485245056
1125300310036
1125316689928
1133874526240
1133905248404
1133978353666
1134005682472
1136023307808
1138712641546
1151873327616
1168642214016
1169842897153
1170380705801
1177090528768
1190779748872
1237220344192
1238628368402
1239366502978
1241262415876
1256304149504
1272417747040
1279967363593
1314301935874
1342311505936
1374406445125
1375011373088
1375062722584
1391972352064
1392106804226
1419503468674
1443113239057
1460289937540
1511900332096
1649453043776
1649554817281
1650475664656
1651523977744
1654237823488
1657857968134
1670752796704
1683904529472
1718054045984
1752883564672
1786715052040
1924148641794
2199090967042
2199157740424
2199161766022
2199174776416
2199225501712
2199765664001
2199895681036
2200148131848
2200172758021
2200638722176
2201191720208
2203339462660
2203400151040
2203588264200
2203856147521
2205870456976
2207619500560
2208049399873
2209760739916
2212445241346
2216203258186
2216740045024
2216773619736
2220507808256
2225128768000
2225867850020
2233385361433
2233416946690
2233659818755
2234545864768
2237678003236
2268012609604
2269355548672
2269898610706
2273446989856
2284964675713
2310692946304
2336470614328
2336532513792
2336747522064
2337571606785
2345052668947
2374848741376
2405182745344
2456738070562
2473903851808
2473942056972
2474169672833
2482517843968
2483701415938
2508680347652
2508864881296
2527598739520
2547049956608
2553899122720
2613487747585
2680060416000
2748795997312
2748813697057
2752134565888
2753074070098
2757377492224
2766497908228
2813207773192
2819948609536
2887291773076
2955084300352
3024244179202
3040905009152
3298548056073
3298551836680
3299608627363
3300883694602
3313601093632
3351148789776
3367290012720
3367527014402
3436028363392
3436644929572
3453156261888
3573454784512
3856949838016
3884798050564
4123437040168
4398064600332
4398066573952
4399176941584
4399187444544
4402677353472
4403182600192
4415226656272
4420075522056
4424101593280
4432406675777
4433623912448
4466766123557
4466767091776
4472143094144
4488442150980
4537667035266
4604289548288
4672991527990
4673729749264
4741982584833
4744865121352
4831843581952
4947876250880
4956528607752
4987547549729
5102689845284
5222705676352
5497575461024
5566546837528
5634997195777
5773790806020
5785320952128
6064498016323
6599292813472
6616548376577
6631431079941
6635892310528
7696582516816
