100962819
201925638
403851276
1615937632
2160400388
4297623621
4320800776
4363125049
8641601552
8726250098
11014815746
12923241216
17186300180
17356095561
21072216580
25846482432
34712191122
39192635906
42144433160
43522359304
51692964864
68762503328
69592416840
69810005792
87244668931
99321384992
105365766176
111736342529
137525006656
137745145898
139587723265
139620011584
176097906704
198642769984
206159218962
206840029184
211627933700
274894785048
275042533634
276531250176
277832796448
279175446530
283740606529
378225860612
412318437924
423255867400
549789570096
550085067268
550095832320
553062500352
558480013568
586800169041
628151549976
635672117312
700096447491
824636875848
825707528581
846511734800
1099579140192
1100887392592
1106125000704
1110790120576
1116697559048
1116960027136
1134425555204
1202599236674
1238561200137
1256303099952
1374523802657
1400192894982
1409896415744
1651415057162
1654174875648
2199158280384
2199568646183
2199799203856
2199846425600
2201193824265
2221580241152
2233395118096
2278481199428
2371224601345
2477122400274
2512606199904
2697243722752
2800385789964
2887294156832
3302830114324
3308349751296
3917044260865
4399120925201
4399137292366
4399598407712
4403012699456
4432445047813
4449586217250
4468982711312
4544880771092
4556962398856
4690725052417
4741677469960
4948346015746
4954244800548
5016657396224
5394487445504
5506158821633
5570861991936
6597082391104
6605660228648
6616699502592
7834088521730
