8553541
10555553
12608784
17107082
20520976
33577016
34222340
42222212
67391747
176169058
268616096
273713232
328204545
337777680
352329924
403210758
537239872
656409090
739901504
806421516
1074464384
1094844738
1149272210
1224761864
1312818180
1351110720
1479803008
1612875784
1628176389
2148124673
2148928768
2151679208
2298544420
2416980512
2625636360
2818573841
2959606016
3225751568
3256352778
4296249346
4297857536
4379378952
4563405859
4597088840
6512705541
8595706881
8606716816
8659151136
8758823424
9126811718
9730850889
10502545424
11838424064
12891193370
12903006272
17184997384
17191421954
17213489175
17216078016
17255899649
18388355344
21005090848
21529372672
21617771520
22548582540
26050822180
30601773313
34378665988
34393564169
34426867264
34426978350
35035285536
35434676241
35441944580
38923403540
39192125442
43235543040
47353696256
51607830912
52093255768
61203546626
68720526019
68853734528
68864312064
69260673172
70883872777
74155696128
77343114242
77846807080
78384234756
84020363392
86167789834
86471086080
90194362896
103951663105
104203288736
137441052038
137479979040
137531441152
137582612500
137592047681
137707913369
137728624128
138018294784
138047139848
138521346344
138546287105
139687100752
140141166720
141738704964
146028987440
147106842752
148311384064
154636128290
154686228484
155693622336
156768469512
173958758403
206158454821
244814186504
274879482020
274881057096
274965987377
274979676160
275012206800
279723377152
283476820226
283738391041
284072084608
284675936288
292091332384
293416828928
309389689858
311955750912
343599775778
343664562692
344151050496
348060647425
386551259200
412317000210
418759332864
549757911668
549761327110
549764208138
549919916160
550058655776
550309602336
550330449985
550914496512
552188526610
552977047937
554085385360
554185148420
554329743360
558354401297
558748403008
560564568576
566936764457
567740992128
575525711872
584115949760
584149141762
588427362817
603443430404
618544513160
622774456608
687196357376
695835033612
757122269186
824640080896
825171152912
846175666242
1099511630605
1099562385424
1099593678912
1099817816194
1100049547570
1100590129184
1101726295042
1103806607441
1104007922336
1104916005120
1108102750344
1108169211924
1116691695712
1116708291713
1118847406336
1134006177800
1136020949136
1170518065152
1172551237638
1236950630474
1240440373252
1376554320448
1392242589700
1444182754328
1511829864449
1649270194179
1656247025672
1958513492000
2199048456736
2199073657920
2199160112160
2199430299649
2199727899016
2203922270224
2206673698880
2207881924616
2211908167172
2216203395248
2216744223746
2233421267472
2268046821380
2293730639872
2478215135360
2525440776193
2612145422432
2767074754560
2792268759040
3299071906304
3309305856033
3320279728128
3470350360832
3848290795652
4398050787874
4398114931224
4398147307649
4402350522416
4406639001604
4417642561601
4443143684360
4449720508416
4466808029192
4471599924288
4535753971968
4570988675072
4672949858304
4948414693636
4948876379136
4950119682048
5291669323776
5497845448744
5531952480324
5566278402432
5785320982528
6201936969744
6597071896849
6631706330240
6738837504002
7146826115136
