8394253
34214154
46243844
67154024
68428308
134308048
136856616
201609473
268616096
273713232
337777680
402694659
537232192
547426464
806421510
1074464384
1078075713
1149272209
1312818178
1351110720
1612843020
2151679204
2156151426
2625636356
2702221440
2959606016
3225489432
3256352773
4297857536
4304019504
4312302852
4597088836
5368721542
5637147681
5919212032
6512705546
8592498690
8595715072
8606716816
8758823424
8870953002
9194177672
10502545424
10808885760
11274295299
12886229088
13025411092
17183041537
17184997380
17213433632
17741906004
19461701769
21005090848
21474886168
23676848128
25806012480
34366083074
34369994760
34432156032
34504573696
34630336585
35031099424
36776710688
38923403538
39192117377
42949697804
42949772336
47353696256
52621805570
68739989520
68791306249
68853734528
68853956686
70869352481
70967624016
73553421376
77343114241
78384234754
84020363392
86471086080
103129546920
137441052035
137479979040
137514663944
137707469056
137707913372
138521346340
140257527312
154636128289
155693614152
168040726784
172942172160
206448099840
274882104070
275062751248
275165224996
275184095361
275415826744
275457248256
277042692680
277092574209
279374201504
280248795392
283477409924
283535491090
283870496064
294213685504
301721715201
309372456964
311387228304
313536939016
343597582432
343598178688
345884344320
347917516803
378829570048
412316909637
549857329184
549919916160
550330449992
550368190722
550829876224
550831653458
552073179136
552188526609
554085385360
554185148418
566954819848
567070982180
567740992128
584149141761
588427371008
618544513156
618744913928
627073878032
637803168770
687196357376
691768688640
695835033606
721554903168
757524922369
824633819274
824718661632
979256746000
1099528415258
1099839832320
1100184420416
1100619188416
1100736381444
1101659752448
1103949530112
1104377053218
1108170770720
1168298283522
1237089026312
1245548913216
1275606337540
1374392714752
1383537377280
1515049844738
1649267638548
1649272946691
1663226609672
1958513492000
2199024043089
2199056816180
2199429316736
2199564451986
2199612555777
2201187582242
2201472762888
2203319373825
2203326611912
2203657986048
2208292716544
2208754106436
2216341541440
2216740593672
2234993612032
2242242021376
2267819279392
2270963968512
2285191037189
2336529614850
2372982013953
2409644949504
2474178052624
2474979655712
2480880746500
2491097826432
2508295512066
2551212675080
2748785429504
2757369012385
2783340134424
3298535277096
3298545893382
3326453219344
4398049661252
4398052811400
4398063356037
4398222671969
4401295000576
4402346262594
4403163566088
4407173841444
4415244337666
4415361124624
4417642569792
4432406269504
4435124355072
4467070076930
4472202199040
4501125738513
4536592798208
4544411992065
4672924685346
4685809362944
4690204950540
4973572214784
4983508434948
5087388764200
5222682984449
5497570859008
5498097385488
5504000590593
5540642029698
6597204124676
6598143524875
6605697712384
6652906438688
7765317681216
8796094467328
8796118223392
8796143424576
8796160262183
8796236681234
8796797665668
8797502309128
8797721198594
8800421814281
8800992036880
8803743465536
8804691935489
8804951691268
8813813990401
8815422538244
8822080937984
8830491034128
8830729593984
8864813548225
8943199862912
9070985871424
9071507829248
9092715773952
9140764148756
9345849370692
9350148002080
9389338525696
9899918622848
9912784535874
9967016869896
10995118416144
10995138297868
10997331398784
11008001181186
11098195836928
11133360537696
11545987907584
12369640032257
13195214397472
13202729599064
13640832909568
