492
4128768
151040512
1040187393
1074008131
2216690194
4563542022
8599372930
17213505570
34494482442
69260574978
102005473280
138521149956
139620524160
141872333856
146566037512
154637699328
171865964608
206427918352
276490625056
277042299912
279241048320
283736344640
292066721808
309275398148
551098516736
551915896896
554084599824
567472689280
584133378081
618542473224
1100719734800
1102197032964
1103806693505
1108169199648
1116964127240
1133880025344
1168266757184
2200168302720
2201439469600
2203328712712
2207646876416
2233919931408
2267760050180
4399154888712
4402878874176
4406640648209
4415293752324
4432676798592
4466774509600
8658654068736
8796093042177
9139824885888
9354440900612
11012297203776
13196287086848
