201921027
403842054
807684108
3231858784
4320794628
6463717568
8595245125
8641589256
8726249785
11014807553
17283178512
17452499570
22029615106
25846481664
34372591892
34566357024
34712191049
42144432644
51692963328
69424382098
78385261058
84288865288
87044718600
103385926656
137447391878
137525004448
139184833096
139620001568
174489337859
198642765856
210731532320
223472666625
274894783756
275050008896
275490283562
279175438337
279240003136
352195792912
397285531712
412318435602
413680033792
423255867396
549789567512
550085067010
553062499328
555665590560
558350876674
558480006272
567481208897
756451713028
824636871204
846511734792
1099579135024
1100170134020
1100191646976
1100887392424
1106124998656
1116960012544
1173600338001
1256303099928
1271344218176
1400192893955
1649273742408
1651415056773
1693023469584
2199158270048
2201774784848
2212249997312
2221580231808
2233395118088
2233920025088
2268851093764
2405198468162
2477122394121
2512606199856
2542688436352
2749047587873
2800385787910
2819792830976
2887294156816
3302830113546
3308349751296
4398316540096
4399137292327
4399598405648
4399692846080
4402387632137
4443160463616
4449586217105
4466790236176
4556962398532
4742449201921
4954244788242
5025212399712
5394487444480
5498095175746
5600771575820
5774588313632
6605660227092
6616699502592
7834088513537
8796633080192
8798241833489
8798274584654
8799196811296
8806025397568
8864890094597
8886320927232
8899172434210
8937965421584
9089761542164
9113924797064
9381450096641
9483354919176
9896692027394
9908489576484
10033314791936
10788974888960
11012317643009
11141723981824
13194164773440
13211320454184
13233399005184
15668177027074
