22938
68409
91752
160578
273636
367008
376890
575025
642312
1094544
1133730
1229010
1468032
1507560
2300100
2569248
4327906
4378176
4534920
4689986
4916040
5872128
6030240
7405710
8533509
9200400
10276992
10513473
17311624
17512704
18139680
18759944
18895410
19664160
19998738
22073347
23135493
23488512
24120960
29622840
34134036
34611485
36801600
41107968
42053892
42107418
44074005
48369697
50342954
67642453
67846417
67900458
69246496
69484882
70050816
71320153
72558720
75039776
75497661
75581640
76546866
78127682
78656640
79994952
80478354
85459237
88244994
88293388
88343173
92541972
93954048
96483840
118491360
134292657
134349147
136483905
136536144
138445940
138947089
142950689
143142146
147206400
147998721
151004739
161751074
164431872
168215568
168429672
169083434
172491146
176296020
178405634
193478788
198180882
201371816
203833353
229114881
268455557
269353733
269494689
269636614
270569812
271106062
271385668
271601832
271846146
272943234
276889827
276985984
277922065
277939528
280203264
285280612
290234880
300159104
301990644
302326560
306187464
306511879
312510728
314626560
319979808
321913416
329334785
335806886
337184833
341836948
352979976
353173552
353372692
370167888
375816192
385935360
403345922
425723914
469766725
469812482
473965440
536912242
537067911
537170628
537396588
538509835
539512929
540017329
541083663
541491729
545531402
545935620
546144576
547457057
553783760
553935169
555788356
560267778
562201857
562563145
570687699
571496577
571802756
572568584
572572226
575149059
588825600
591994884
592446209
604018956
612631649
647004296
657727488
672862272
673718688
674241538
676333736
677150722
680656910
689964584
705184080
713622536
773915152
792723528
805487264
805962897
815333412
834674754
851445777
873473537
916459524
939534482
945827841
1006928001
1073822228
1073972739
1074880705
1076932674
1077414932
1077978756
1078231489
1078546456
1080042546
1082163534
1082279248
1083703409
1084424248
1085542672
1086407328
1087384584
1091772936
1105231881
1107559308
1107825041
1107943936
1108151298
1111688260
1111758112
1120813056
1141119013
1141122448
1141246218
1142001673
1142965537
1143017734
1160939520
1200636416
1207962576
1207984518
1208631365
1209306240
1210061337
1224749856
1226047516
1250042912
1258506240
1277429250
1279295514
1279919232
1287653664
1317339140
1343227544
1344438309
1348739332
1351639074
1367347792
1377830982
1411919904
1412694208
1413490768
1413497350
1476461106
1480671552
1484818435
1503264768
1543741440
1612718347
1613383688
1614938666
1619559458
1627398293
1636171794
1645216842
1678246030
1679954049
1702895656
1879066900
1879249928
1895829542
1895861760
1921057026
2147648968
2148271644
2148682512
2149586352
2150664199
2151757857
2154039340
2158051716
2160069316
2160099411
2164334652
2164441113
2164802598
2165309643
2165966916
2171084865
2181305985
2182125608
2183742480
2184578304
2186543201
2189828228
2198243330
2206278146
2215135040
2215740676
2216460801
2223153424
2225210402
2241071112
2248157761
2248807428
2250252580
2282750796
2285986308
2287211024
2290274336
2290288904
2300596236
2307395650
2355302400
2367979536
2369784836
2382371074
2415931545
2415986562
2416075824
2416543778
2449473843
2449506829
2450526596
2550349953
2554856466
2567700489
2588017184
2630909952
2691449088
2694874752
2696966152
2705334944
2708602888
2718060562
2722627640
2751546378
2753044514
2759858336
2820736320
2835611782
2854490144
2889875971
2957049929
2963800067
3095660608
3170894112
3221230861
3221949056
3222339866
3223851588
3225420341
3227631618
3261333648
3305242631
3338699016
3355713555
3389063937
3405783108
3430940745
3493894148
3498312710
3539994753
3665838096
3758112931
3758137928
3759213569
3783311364
4027712004
4295111826
4295191041
4295288912
4295890956
4298638403
4299201546
4299522820
4303390898
4304415238
4307730696
4309659728
4311915024
4312925956
4314138113
4314185824
4320170184
4324393346
4328654136
4328931402
4329116992
4331798550
4332786193
4334030978
4334813636
4335872001
4337696992
4342170688
4345629312
4349538336
4362362887
4364216578
4367091744
4370825233
4380049473
4395765250
4397744769
4420927524
4429357077
4429710725
4430237232
4431300164
4431775744
4432605192
4437590225
4446753040
4447032448
4483252224
4497344525
4563669526
4564476052
4564489792
4564557827
4564984872
4568006692
4571862148
4572070936
4584390793
4605347361
4643758080
4664856577
4700897793
4802545664
4831850304
4831938072
4833944613
4834525460
4837224960
4840245348
4898992193
4898999424
4904190064
4910546946
4915724614
5000171648
5034024960
5100814386
5109717000
5117182056
5119676928
5150614656
5171840002
5269356560
5372910176
5377134881
5377237059
5377753236
5383653378
5394957328
5406556296
5436473385
5469391168
5503549698
5511323928
5639311425
5647679616
5650776832
5653963072
5653989400
5905844424
5906759953
5922686208
5939273740
6013059072
6174965760
6450873388
6453534752
6459754664
6464480258
6478237832
6509593172
6544687176
6577201166
6580867368
6610223762
6711018507
6712984120
6719816196
6811582624
6979399938
6998229026
7079986433
7516267600
7516999712
7517257798
7583318168
7583447040
7684228104
8590593031
8590595872
8591016771
8592081314
8593086576
8594730048
8594985217
8595192066
8596247561
8598345408
8602656796
8606789730
8607031428
8607766033
8612675586
8615399938
8616157360
8625768449
8631878038
8632206864
8640277264
8640397644
8644464833
8657338608
8657764452
8659140807
8659210392
8661238572
8661305365
8663867664
8674349442
8684339460
8724750978
8725223940
8726384682
8727560338
8728502432
8734969920
8738313216
8746172804
8759312912
8792973320
8793361153
8825112584
8859189267
8860540160
8862836745
8862962704
8865843204
8883537186
8892613696
8894284810
8900841608
8964284448
8992631044
8995229712
9001010320
9127232642
9127871749
9131003184
9143945232
9145813250
9148844096
9154077185
9160433690
9161097344
9161155616
9202384944
9229582600
9294578309
9328657474
9421209600
9471918144
9479139344
9529458801
9529484296
9663726180
9663946248
9663955225
9664303296
9666175112
9668954145
9674692609
9731312162
9797895372
9798027316
9802106384
9932193930
10201399812
10219425864
10234658825
10270801956
10352068736
10523639808
10756571139
10765796352
10779499008
10779893777
10787864608
10821304657
10821339776
10834411552
10846486594
10872242248
10890510560
11006185512
11012178056
11015294994
11039433344
11275665474
11278616705
11282945280
11342447128
11417960576
11559503884
11815362754
11828199716
11855200268
12382642432
12683576448
12884923444
12885463557
12886351906
12887796224
12889359464
12895406352
12901681364
12910526472
13020234762
13027536898
13045334592
13069721601
13220970524
13354796064
13422084129
13422854220
13556255748
13623132432
13723762980
13967097894
13975576592
13993250840
14159979012
14663352384
15032451724
15032551712
15033991298
15036854276
15045050369
15133245456
15233716353
15569256471
16110848016
17180447304
17180764164
17181155648
17182065285
17182183427
17183281190
17183563824
17188527234
17193107715
17194553612
17196647274
17196721286
17196806184
17198091280
17198232066
17207525381
17213443345
17213563592
17214218251
17215627298
17217660952
17230922784
17238638912
17247660096
17249077786
17251703824
17255377161
17256552452
17256743296
17259661314
17280545825
17280680736
17297573384
17314116225
17314616544
17315725608
17316467968
17323525189
17327194200
17331144772
17336123912
17339254544
17343488004
17347675273
17350787968
17354473473
17368682752
17381458122
17382517248
17398153344
17399022626
17448571977
17449451548
17452634245
17456866312
17457481761
17468366976
17469358114
17481868818
17483300932
17507160066
17520197892
17583061000
17584947217
17590979076
17683710096
17717402113
17717428308
17717985330
17718842900
17720948928
17723031889
17725200656
17727102976
17730420768
17750360900
17787012160
17788129792
17810063377
17933008896
17989378100
17993597505
18254678104
18256242818
18257904208
18257959168
18258231308
18259395586
18259939488
18272026768
18287201026
18287448592
18288283744
18303959054
18320810002
18337563172
18389667841
18421389444
18522120233
18575032320
18659426308
18790940737
18803591172
18807261473
18924748817
19210182656
19327401216
19327752288
19328016421
19330042113
19331825686
19334169122
19335778452
19335806991
19338101840
19343081601
19348899840
19360981392
19432211586
19595968772
19595997696
19616760256
19630916609
19642187784
19662898456
19679772673
19864487961
20000686592
20136099840
20401913922
20403257544
20426785281
20438868000
20468728224
20478707712
20602458624
20687360008
21077426240
21491640704
21508539524
21508948236
21511012944
21534613512
21579829312
21617577993
21626225184
21745893540
21877564672
22014198792
22045295712
22280274690
22549659690
22557245700
22590718464
22603107328
22615852288
22615957600
23286777858
23623377696
23627039812
23690744832
23693631505
23706223106
23757094960
24052236288
24699863040
25770067093
25773220097
25803363081
25803493552
25807757313
25814139008
25839018656
25857921032
25904087489
25912951328
25921454097
26038372688
26076514306
26178748704
26239574019
26308804664
26323469472
26440895048
26844074028
26851936480
26852114434
26879264784
27246330496
27917599752
27919523858
27992916104
28319945732
30065070400
30066871330
30067998848
30069031192
30073160323
30132275201
30333272672
30333788160
30736912416
34360083075
34360297517
34360435265
34360800267
34361313938
34361573573
34361926914
34362372124
34362383488
34364067084
34364728326
34367242497
34368325256
34368356642
34369044505
34372346304
34376786089
34376909326
34378920192
34379940868
34380768264
34381236609
34384990244
34387001649
34393313337
34393381632
34393392274
34395464201
34410627184
34426918962
34427158920
34428125712
34431064132
34431172747
34446770691
34450702344
34452340802
34461599752
34464629440
34493964645
34495324161
34498330630
34503073796
34511339538
34511917061
34527512152
34528827456
34529738897
34561109056
34561590576
34577859332
34628235282
34628329485
34629354432
34630289443
34631057808
34631386241
34636563228
34636841568
34644954288
34645221460
34655470656
34662301825
34697397768
34709963010
34737357840
34779244545
34897526882
34899003912
34900895760
34905538728
34910241352
34913453091
34914009728
34930438149
34939879680
34953252864
34964771010
34969288705
34984691216
35037251648
35097944089
35171893280
35173444612
35299787014
35300450336
35433492001
35436757068
35442160640
35450458242
35451346980
35451850816
35463372816
35479619074
35501654037
35534148744
35555115041
35570454784
35577139240
35584477282
35603366432
35857137792
35970524176
35980918848
36004041280
36507261506
36507552006
36507894146
36508930568
36510368098
36511425050
36511486996
36524012736
36575780928
36583253000
36595376384
36616308740
36641734760
36644389376
36644622464
36693869570
36775937281
36809539776
36918330400
37044699141
37178313236
37178335298
37314629896
37684838400
37715204097
37887672576
37916557376
38117835204
38117937184
38654904720
38655784992
38655820900
38657213184
38663100437
38663360778
38664700448
38675816580
38698770436
38726550529
38809899522
38864421894
38925248648
38957745410
39191581488
39192109264
39208425536
39233650818
39728775720
39733166242
40001210369
40802652161
40805599248
40806384449
40819097682
40877703456
40938635300
41083207824
41408274944
41886417921
42094559232
42950088706
42952360017
42953871399
42958358785
42962388033
43026284556
43063185408
43117996032
43119575108
43151458432
43226767490
43285218628
43285359104
43286806530
43337646208
43385946376
43488968992
43520135426
43562042240
43755208705
44024742048
44027936786
44048712224
44061179976
44157733376
44698697985
45099287073
45102661896
45114466820
45122326537
45131781120
45369788512
45399277574
45671842304
46238015536
47251193985
47261451016
47278195725
47312798864
47420801072
48336273409
49530569728
50734305792
51539693776
51541854228
51543802758
51545407624
51550896130
51551184896
51557437856
51581625408
51606725456
51606768129
51642105888
51674165250
51875155982
51877904385
52080939048
52110147592
52181338368
52278886404
52632240257
52647430209
52883882096
53419184256
53688336516
53691416880
54225022992
54492529728
54895051920
55838966786
55868391576
55880744961
55902306368
55973003360
56103281153
56371445835
56639916048
58653409536
60129806896
60130206848
60135965192
60147417104
60180201476
60532981824
60934865412
61211680773
62277025884
64425037842
64443392064
68719641009
68721609297
68721789216
68723056656
68724622592
68724745249
68728131973
68728261140
68728406370
68728733708
68733124760
68734255296
68735209986
68736271747
68736324103
68745726018
68753399937
68753559642
68754108936
68754604201
68759325954
68772430860
68774789154
68778214448
68786589096
68786885144
68787224736
68787915009
68788191498
68792365120
68792928264
68796023489
68807590977
68830101524
68853773380
68854254368
68854546499
68856873004
68862509192
68870643808
68895705122
68923691136
68954555648
68957503554
68990009802
68990640384
68996311144
69000626697
69006815296
69013085185
69021508644
69021712386
69026209808
69026973184
69038645256
69122183300
69122722944
69124228103
69190293536
69256358537
69256464900
69256683558
69258466176
69260592146
69261075202
69262902432
69265871872
69294100756
69308776800
69324579088
69344495648
69357018176
69357076493
69373952016
69390701092
69390764049
69403151872
69417893892
69457776642
69474731008
69525832488
69530068992
69541855490
69542092833
69592613376
69596090504
69793748610
69794287908
69794414603
69794595345
69797806192
69810536980
69826781794
69827465248
69827855617
69829927044
69873467904
69877432456
69927475272
69929551890
69933203728
70028640264
70080791568
70229688450
70332244000
70339788868
70363916304
70734840384
70866961529
70867164162
70867223307
70867523713
70869608452
70869713232
70871941320
70875371600
70876037126
70883795712
70888982545
70892127556
70900531349
70900802624
70902628394
70908411904
70911264769
70921683072
70936248385
70938419202
71001212066
71001443600
71068819713
71148048640
71152519168
71240253508
71408029794
71732035584
71942015010
71957512400
71974390020
73015275522
73018712416
73024971272
73031616832
73031836672
73032925232
73037582344
73039757952
73082208450
73083671554
73088107072
73148804104
73149794368
73153134976
73182363681
73215836216
73282883629
73282896451
73283240008
73350252688
73558671364
73569141769
73685557776
73855434753
74088480932
74109166081
74226598978
74300129280
74637705232
75163762948
75195515202
75214364688
75229045892
75246075937
75430952977
75447144578
75698995268
75707465730
76840730624
77309430858
77309604864
77311009152
77311906305
77312065684
77320168452
77327302744
77336676488
77343113808
77343227964
77352407360
77372326404
77377048625
77377701906
77384975490
77395599360
77443925568
77444809857
77456244994
77577855509
77678527489
77728846344
77848379918
78383875088
78383990784
78450274314
78467041024
78523666436
78568751136
78651593824
78719090692
79457951844
80002746368
80544399360
81607655688
81613030176
81707141124
81755472000
81874912896
81914830848
82409834496
82749440032
83786465793
84309704960
85899379254
85899436293
85900398083
85935001669
85949679762
85966562816
86034158096
86035792944
86044051776
86138454048
86234890593
86319317248
86440806402
86470311972
86504900736
86603989251
86983574160
87124149249
87510258688
88056795168
88181182848
88256544786
89121098760
89657508354
90194356257
90198638760
90202771522
90228982800
90232070150
90362873856
90412429312
90463409152
90463830400
90731188369
93147111432
94493510784
94508159248
94762979328
94774526020
94824892424
95028379840
95030346273
96208945152
96653549697
96670584834
98799452160
103080268372
103083680017
103084736578
103092880388
103096029226
103213452324
103213974208
103217104897
103221822729
103231029252
103256556032
103356074624
103431684128
103616349956
103618314281
103651805312
103685816388
103699976449
104153088645
104153490752
104306057224
104714994816
104958296076
105228800019
105235218656
105244132353
105293877888
105763580192
107376296112
107393581314
107407745920
107408457736
107512659973
107517059136
108985321984
111670399008
111678095432
111971664416
112206545027
113279782928
116236746762
120260281600
120267485320
120271995392
120276124768
120292641292
120527585554
120529100804
121333090688
121335152640
122440187937
122947649664
128983273473
137438955981
137439026753
137440174217
137440332300
137441190068
137441741060
137443201068
137443218210
137445255752
137446294292
137447707656
137447899913
137449488496
137449533952
137451995265
137455780545
137456268336
137458913304
137468969988
137473301024
137473426568
137475006529
137476178020
137476703262
137489385216
137506522118
137506672706
137507144356
137507637304
137515680768
137519763472
137523073056
137524946436
137539960976
137548006596
137573253348
137573526528
137573569096
137574490182
137575277706
137581566482
137581856804
137584713745
137608429825
137615135745
137623568515
137642508736
137673859586
137707524210
137707675848
137708635680
137712502848
137724207266
137724256528
137724690988
137742581778
137757733377
137787082764
137802809376
137809363208
137846399008
137858517760
137975858580
137977271297
137981296644
137985278019
137992866882
137993322520
138009379433
138009389318
138012295184
138019864961
138045358152
138047668244
138051979266
138110048608
138114371714
138115309824
138118955588
138244436224
138246362304
138311437328
138512941128
138513105441
138513317940
138516414465
138517417728
138521157772
138524231232
138525544964
138529480794
138536292354
138546252912
138547366272
138579817152
138580862979
138580885840
138598744081
138613883397
138617815106
138621882624
138648093714
138649207300
138789591072
138839852040
138848371777
138949431360
139049652481
139116978180
139587495233
139590107528
139595092017
139596015648
139596990530
139603583040
139604856833
139620156449
139622154912
139640965408
139653812364
139656038912
139721706113
139721752596
139724892162
139759518720
139813011456
139859084040
139877154820
139938764864
140091850753
140149006592
140274434113
140391776356
140687573120
140693778448
140928763906
140941205505
141199148056
141201801344
141733968004
141734455394
141736022094
141743363106
141747028272
141750796301
141750969090
141768642560
141801034777
141801832968
141805387920
141807403264
141822001194
141853491264
141870268577
141873385537
141893468162
141918476296
142002389274
142006616148
142012317825
142019526673
142136594976
142220460164
142281819136
142308556960
142337909128
142413465728
142811923489
143428551168
143882096704
143923675392
144016165120
144418277898
146029046024
146030208024
146030469665
146031061121
146031247970
146031576584
146035722272
146041472392
146045700200
146045879297
146045947984
146058250243
146096050944
146096169026
146099143938
146167309317
146300076162
146303123712
146305777689
146333012000
146381505536
146465234960
146566939040
146577557504
146578489856
146583093254
146775478280
147103749124
147136184618
147238159104
147673321600
148178796564
148516175874
148713252944
148713341192
149258519584
150357674002
150357950529
150739353600
150860816388
151550690304
151666229504
151939710978
152471340816
152471748736
154619618880
154623139968
154623283600
154628852736
154652401748
154653443112
154658801792
154686226473
154703266320
154719617043
154753179938
154795081744
154888356354
154906202116
155022032901
155155728515
155239598088
155289928710
155428601857
155457687576
155700994592
155714715649
155830981640
156044886274
156766325952
156768437056
156833702144
156934603272
158914904326
158915102880
158918510601
158932664968
159987929090
160004841476
161329713409
163210608644
163210871313
163222396992
163225537796
163276390728
163376531489
163510813824
163754541200
164283088899
164332831296
165633099776
167545671684
168378236928
169785425986
171800354824
171800822822
171803149833
171809440068
171815485596
171833435140
171849552132
171949720593
172067395713
172105138224
172252741632
172362825738
172471984128
172478300432
172605833728
172606095381
172907069960
173140874512
173141436416
173141917830
173147226120
173350584832
173443399682
173543785504
173955875968
173979799562
174080541704
174248168960
175020834820
176098968192
176111747144
176194848896
176244719904
176630933504
178794791940
180388675595
180388692741
180397148292
180410647584
180457867280
180489306148
180527124480
180673839634
181470761026
181479154048
181597110296
182687369216
184952062144
188980664578
188984860705
189004775940
189045804064
189112782900
189251195456
189255386115
189683204288
192803766273
193307083298
193345093636
198122278912
202937223168
206158775104
206160789657
206167416912
206175211032
206181630496
206203584520
206204739584
206225596433
206229751424
206242449537
206292664845
206326501632
206426901824
206427072516
206568423552
206628323338
206695306506
206696661000
207232434454
207234282497
207303475465
207500623928
207511617540
207911657474
208308798466
208314450177
208323756192
208440590368
208582738466
208725353472
209115545616
210528961028
210589720836
211535528384
213676737024
214749419529
214753346064
214765667520
214781984838
216900091968
217970118912
219580207680
223347867778
223350882325
223355867144
223473566304
223522979844
223609225472
223892013440
224144130114
224413124612
225485783340
226559664192
234613638144
240519227584
240520827392
240543860768
240589668416
240652453378
240720805904
240822263810
242131927296
243739461648
244846723092
249108103536
257700151368
257773568256
274877942883
274878564036
274880930050
274882147345
274886300235
274886437188
274886591137
274886841362
274887156864
274892226624
274894750362
274895277073
274898490368
274898980996
274911626502
274911658027
274911750177
274912123010
274912527892
274913044560
274913625480
274914934832
274916196422
274928279625
274931122305
274932499040
274937021184
274940839944
274945086988
274945296412
274945638407
274947146009
274949342290
274982904072
275012391810
275013599748
275014238568
275014565894
275016435744
275018416804
275037303816
275089723440
275099156616
275112857792
275146356384
275147540576
275148706081
275148898944
275151083521
275151660036
275152765992
275155256333
275165741154
275169460480
275171713056
275184093956
275213977874
275230363908
275247079441
275320406096
275415093520
275415892321
275417017472
275418185996
275427492016
275450036768
275473498119
275482216578
275482575232
275551650305
275554238485
275582820488
275694764544
275716787202
275818222592
275830014216
275953747153
275957941058
275960039208
275962561536
275968999554
275976966145
275985244576
275985596437
275991035905
276002506788
276027261184
276052340740
276053360786
276060703745
276086034576
276086849544
276104839232
276107892736
276154581024
276358758913
276488733200
276490891776
276496912412
276497997825
276761174144
277025434148
277025859600
277026734232
277027094547
277033864704
277036015625
277042368584
277044300808
277051609728
277063487488
277092500194
277100101634
277176403024
277235107200
277298316352
277377982592
277428072704
277428305972
277495808064
277562429445
277562804368
277563056196
277612607488
277671575568
277696612386
277831106568
277898924032
278103329952
278120275968
278167421960
278168371332
278370453504
278384362016
279172884507
279173007525
279173203522
279174994440
279177151632
279177658412
279178381380
279191224768
279214829697
279224287746
279240069153
279242147920
279307127176
279308468353
279309860992
279311422468
279319708176
279451804674
279493871616
279509729824
279580786690
279592341505
279709901088
279713972483
279718207560
279732814912
280114561056
280267587606
280323166272
280515054210
280548606217
280817303586
280918753800
281320636945
281328976000
281359155472
281455665216
282530418690
282939361536
283467846116
283468656648
283468893228
283470094852
283476951553
283478433808
283478852928
283487765280
283501486400
283504148504
283534976034
283535182848
283540328449
283555930180
283568510224
283602125396
283602600195
283603210496
283604166722
283610513576
283633647616
283645059076
283686732288
283744798730
283744993540
283753676808
283754127361
283803652162
284004811298
284004848264
284005774400
284275278852
284592194560
284610076672
284961014032
285078586401
285088940162
285624764481
285632119176
286689460738
286928142336
287767006721
287768060040
287830049600
287897560080
292058041153
292058318890
292058861761
292059891330
292061102088
292074701074
292074849664
292080849409
292091400214
292099885088
292125016141
292126467328
292127346688
292131700928
292150329376
292159031808
292328833800
292330411266
292334686216
292352428288
292460446753
292595216416
292599177472
292612539904
292695318594
292729454724
292863344864
293131534516
293131585804
293132960032
293156684866
293401010752
294234685456
294276567076
294742231104
295421739012
296353923728
296369660929
296436664324
296906395912
297200517120
298550820928
300649056258
300655051792
300782060808
300857458752
300916183568
300984303748
301723811908
301788578312
302795981072
302829862920
306016428290
307362922496
309237723432
309238419456
309244036608
309247625220
309248262736
309280673808
309305933862
309309210976
309346705952
309372455232
309372911856
309409629440
309489305616
309508194500
309510807624
309539901960
309582397440
309708456193
309775073306
309775702272
309779239428
309824979976
309943402498
310311422036
310312699913
310378562113
310714109956
310915385376
311393519672
311422910498
311654623234
313533161986
313535500352
313535963136
313549652229
313801097256
313868164096
314071582726
314094665744
314275004544
314606375296
314876362768
317829186561
317831807376
317903077395
318368784386
320010985472
322177597440
326430622752
326452120704
326828564496
327021888000
327499651584
327659323392
328701313089
329639337984
330997760128
335145863172
337238819840
343597517016
343597745172
343598764042
343601578298
343601592332
343604723785
343616268545
343666597910
343740006676
343742611466
343798719048
343865853450
343866251264
343868063761
343870081090
344134283267
344136632384
344143171776
344176207104
344553816192
344671260742
344939562372
344940118081
345224775690
345277268992
345763225608
345881247888
346019602944
346415957004
347934296640
348496596996
350041034752
352227180672
352455823489
352724731392
353026179144
356484395040
357161762817
358630033416
360777425028
360794555040
360811086088
360915931200
360928280600
361080291362
361451495424
361649717248
361853636608
361855321600
362924753476
365072286217
372588445728
377974043136
377974948882
378032636992
378766623745
379051917312
379098104080
379299569696
380113519360
380121385092
383334252546
384835780608
386614198788
386682339336
395197808640
397284605962
412321073488
412334720068
412335735174
412338389025
412338946312
412361166850
412371521552
412384116904
412393668613
412434317569
412585559186
412853809296
412855896832
412868419588
412887290916
412924117008
413026224128
413122232334
413424298496
413726736512
414465399824
414466461825
414473257124
414607221248
414743265552
414799905796
415022202882
415672828929
416612354580
416612425985
416613963008
417224228896
417702348865
418759606278
418859979264
419833184304
420915200076
420940874624
420941545474
420976529412
421045207562
421175511552
423054320768
425470197795
429501456402
429505184448
429534479425
429574325256
429630983680
429633830944
430050639892
430068236544
430570741889
435941287936
446676763266
446681596032
446689186049
446712381728
446743977994
446819221538
447231295617
447886657664
448826180108
453119131712
464946987048
481041126400
481044728838
481069941280
481087981568
481104499072
481170565168
481171636227
482110342216
482116403216
485332362752
485340610560
489760751748
491790598656
498216341537
515933093892
519760248833
549755823924
549755884746
549755890701
549756084382
549756107012
549756994851
549757063809
549760156693
549760598067
549760696868
549760843785
549761329200
549764760272
549765923330
549766964240
549768200193
549772804272
549772872840
549781023008
549785177168
549789370903
549790830624
549791599652
549797953984
549798135808
549807981060
549814534793
549823122180
549823316547
549825073344
549835653216
549840291330
549848092707
549857036354
549858074625
549875879952
549893204096
549893706272
549894889538
549900026116
549904712080
549906813048
549906847874
549915492417
549925692673
549927879170
549957540864
550024258377
550024775819
550026088472
550026690824
550028577424
550030549216
550062723072
550074614787
550079053888
550092292224
550099785744
550159843904
550168952873
550192026384
550193203202
550292818970
550293013392
550293738246
550294106112
550294276384
550297960728
550301110824
550301286409
550311034962
550326265928
550327427216
550338854980
550364020898
550433719300
550444269825
550460542980
550494274060
550561210882
550570034944
550695438344
550830096840
550830703392
550831790594
550834542720
550843252802
550847648770
550848430689
550850011392
550863187971
550896829064
550897026112
550898763952
550900864513
550964199458
550970327112
551030933508
551148331056
551211237504
551237452832
551385596032
551434071040
551500784129
551634993346
551903396009
551903434320
551903836178
551905400905
551907496323
551909085188
551912772609
551920078593
551925186576
551936909318
551941112076
551971467528
551973290080
551979843718
552037517732
552037557272
552037711894
552049180736
552079459844
552181432608
552190672976
552207917064
552239136778
552307007493
552440194432
552457486856
552461239296
552475822352
552507559937
552977744896
552985449216
553245749312
553782378753
554051339286
554051764512
554052421764
554053271760
554054238210
554061795458
554065657860
554069670912
554084600897
554084631088
554096924928
554102179856
554117923176
554119987750
554126410881
554145169416
554185011648
554189465088
554193389642
554218815750
554252189826
554319268608
554323451916
554323543360
554394976324
554455533588
554471260424
554487530496
554591920257
554592374856
554596829200
555127668873
555158364288
555271847937
555359408160
555393487108
555797725440
556198609924
556467912720
557288787985
558346015026
558349980932
558354661793
558360430112
558362534151
558363576842
558364725249
558380368068
558384062592
558387962120
558414332160
558419427332
558421319745
558480625796
558488619648
558563861632
558614217350
558614774082
558615249456
558624155648
558882766886
558886824452
558887010384
558899568648
559038074880
559153168513
559252045824
559427887634
559436336160
559508619280
559755059456
560367403012
560596026368
561047928865
561097736452
561567105424
561837506594
562750292480
562775113792
562792235042
563715055624
563764822020
564796592224
564807205376
566935872016
566936241473
566937821576
566940147781
566944088376
566953672710
566956687505
566973452424
566988113088
567003185204
567003876360
567009148937
567074095150
567074570240
567111852162
567204139108
567207331872
567221551680
567229613056
567288004776
567306895362
567413965056
567476749890
567481074308
567493542148
567506114594
567573872648
567673905184
568009557096
568010482705
568026464592
568049271300
568078106692
568546379904
568881840656
569127276544
569219745794
569234227840
569351636512
569653862912
571247693956
572323332098
573379248193
573714204672
575528386816
575542411337
575694701568
576064660480
576599654913
577673111592
577682015234
584116184096
584120832096
584121878660
584124244484
584124991880
584126306336
584142889088
584150253573
584153565194
584165889568
584182800800
584183517188
584183791936
584191076354
584233000972
584249803649
584384203776
584384676104
584396575752
584652439827
584669237268
584720056865
584870658050
584930328578
585200304648
585212494848
585223110756
585224946050
585332048000
585526022144
585860939840
586267756160
586310230016
586313959424
586332373016
587101913120
588414996496
588427460641
588544738472
588952636416
590693286400
592715186256
592839837705
594064703496
594853011776
594853364768
597034078336
597537587714
601430696008
601431802116
602957414400
603442909701
603443265552
606202761216
606664918016
607758843912
609885363264
609886994944
618478475520
618484080673
618492559872
618493134400
618515410944
618521494529
618528899073
618546921730
618609606992
618613772448
618635207168
618744905892
618746348050
618747924561
618813065280
618878468172
619012719752
619180326976
619553425416
619557421226
619624808464
620088131604
620622793346
620622914060
620958392352
621159714840
621714407428
621830750304
622771044993
622803978368
622858862596
623323926560
623844114433
624179545096
627065303808
627066142730
627069419661
627073748224
627098812513
627149160450
627334808576
627468140801
627738413088
630353561601
635655493633
635659617304
635660411520
635674042404
635730659872
639951716360
639975293185
640019365904
645318853636
652842434576
652843485252
652889587968
652902151184
653105562912
653506125956
654043255296
654999560194
655018164800
657132355596
657331325184
662532399104
670182686736
673512947712
679141703944
687197462534
687201419296
687203291288
687212599332
687220473873
687237760272
687261942384
687262406913
687333740560
687349957890
687398208528
687466352643
687798882372
688269582852
688272736263
688402727217
688420552896
689010966528
689344381074
689451302952
689887936512
689913201728
690423334912
690424381524
691628279840
692563498048
692565745664
692567671320
692588904480
693402339328
693773598728
694175142016
695784703059
695823503872
695854039073
695919198248
696322166816
696992675840
700083339280
704395872768
704446988576
704779395584
704978879616
706523734016
708942233730
715179167760
721554702380
721554770964
721555166210
721560814082
721588593168
721642590336
721831469120
721957224592
722108497920
722129256449
722695358536
725883044104
725916616192
726388441184
730749476864
739808248576
755922658312
755939442820
755948077059
756019103760
756183216256
756451131600
756452231170
756795047937
757004781824
757021544460
758732817152
760209342537
764508381218
771215065092
773228333192
773380374544
792489115648
811748892672
824635100416
824643158628
824651026446
824669388813
824669667648
824700844128
824726521984
824768727045
824786812947
824814338080
824818958336
824843452929
824868602890
824902385732
824919005696
824969798148
825170659380
825187420161
825306006528
825707607296
825708290064
826273694208
826513293352
826781226024
826786644000
826798113922
826815811650
828929737816
828937129988
829213901860
830002495712
830046470160
831210520833
831646629896
833235193864
833257800708
833295024768
833762361472
834303696897
834330953864
834901413888
836462182464
841813592262
841947914241
842115844112
842358883344
844502663169
846142113536
851225608194
854706948096
858993533010
858993758211
858997678116
858999226626
859013384256
859062670080
859127939352
861174498321
867600367872
868120264773
871880475648
876182896641
878320830720
893391471112
893403529300
893423468576
893894265216
894091919376
894436901888
895500681255
895568053760
896576520456
897652498448
897917650945
901943133360
903151157250
906238656768
910545666050
928048480386
938454552576
962072790018
962076910336
962083309568
962089583109
962098896898
962175443072
962358673664
962609813512
962883223616
963289055240
964287299649
968527709184
974957846592
979252543755
979386892368
996432414144
997774606337
1030800605472
1031094273024
1099511644878
1099511771532
1099513761153
1099514256144
1099517411649
1099520280647
1099522646277
1099523720200
1099528538389
1099528589380
1099529457814
1099530502191
1099532992585
1099533713569
1099545200940
1099545748752
1099546364548
1099547365448
1099548627456
1099562586114
1099568906496
1099578741665
1099578966209
1099579001448
1099581108292
1099593961472
1099595923984
1099629069457
1099646506008
1099646632108
1099647000708
1099648492040
1099650111568
1099652178240
1099652268562
1099654501920
1099659739328
1099664785688
1099713118500
1099724489220
1099729996160
1099748084736
1099763359776
1099780347952
1099781185648
1099782553628
1099787935746
1099788584036
1099796907529
1099797128194
1099797369160
1099813785617
1099814143110
1099847737353
1099918477349
1099931616288
1100049567240
1100052738054
1100054398992
1100056954272
1100058263576
1100065742976
1100073667216
1100115610662
1100124004483
1100149215264
1100153552898
1100250890258
1100316935491
1100317982861
1100358893760
1100369362962
1100396626464
1100451431168
1100585425536
1100590162304
1100594824324
1100595595776
1100604334084
1100606640144
1100611063968
1100618967045
1100619055457
1100621025332
1100635963907
1100657725474
1100662964616
1100677841920
1100686852224
1100720113929
1100736375824
1100855911496
1100870746122
1100921455632
1100988317764
1101281624384
1101660374080
1101660689666
1101663569284
1101668069888
1101672743984
1101676954117
1101709968064
1101727336962
1101793595713
1101800147072
1101835272353
1101893992476
1101927616582
1101928866312
1101930300928
1102070292482
1102206601220
1102216953940
1102331281952
1102732993665
1102779058176
1102867148808
1103272890368
1103320056864
1103807144097
1103813509121
1103814988612
1103825472066
1103831764232
1103840156832
1103842509073
1103848546594
1103850246144
1103873770770
1103874786337
1103875998216
1103907864580
1103940978304
1103942385748
1103964143620
1104010027152
1104109044736
1104142157834
1104209362960
1104213443144
1104242814980
1104343631881
1104344138304
1104347398176
1104419356928
1104431570944
1104477749766
1104618324096
1104916022274
1105435035652
1105954144549
1105954932800
1105962468546
1105963567104
1105987649648
1105991991300
1107044696576
1108101702155
1108101736592
1108102021169
1108103438400
1108103888902
1108105824298
1108106936928
1108108378188
1108109956110
1108110493826
1108135118937
1108135458816
1108139607041
1108144062500
1108168710147
1108169474336
1108177203232
1108206438912
1108244237313
1108253949952
1108286113798
1108370000776
1108387041285
1108400406536
1108705612096
1108772802561
1108940428800
1109177402885
1109193265408
1109511930368
1109712290816
1109713223888
1109983232256
1110249717780
1110251217472
1110252224784
1110450429952
1110686302272
1110786449544
1110792209410
1111324426272
1111331176707
1111595696128
1112413319808
1112481103872
1112669687840
1112673485328
1113481814016
1113537448064
1114814547969
1116691538028
1116692030100
1116692814088
1116693660769
1116699977760
1116700278826
1116708606528
1116710633648
1116713525520
1116761784450
1116764899072
1116825717410
1116850896899
1116859318788
1116897150984
1116960276612
1116968591680
1117228368158
1117228508704
1117233873412
1117236760613
1117239443968
1117245689872
1117278832704
1117807218696
1117832348683
1117903913218
1117975486464
1118038919296
1118323146760
1118369366020
1118839604352
1118855889932
1118872830240
1118906091653
1118931259648
1120458244224
1120986486849
1120995378193
1121070350424
1121292665088
1122060216840
1122194424868
1123269214344
1123675015200
1125282547780
1125315904000
1125317083458
1125416206346
1125436621888
1125549899937
1125822660864
1126389792769
1130121674760
1131757446144
1133871366771
1133871384464
1133871671330
1133873602754
1133874626592
1133875572912
1133880379408
1133907806212
1133913735232
1133915411712
1133951061120
1134005945600
1134013972634
1134016594016
1134139904136
1134140731392
1134161313796
1134165098625
1134223720720
1134274040896
1134408501584
1134410400780
1134412841984
1134416666888
1134442054304
1134534590464
1134580236304
1134746929152
1134949326851
1134961886470
1134979194920
1134979974160
1135014707232
1135016509444
1135214608648
1136019245192
1136019393056
1136023097600
1136053455105
1136088072198
1137101115408
1138183184394
1138267136001
1138368778240
1138440306688
1139241255426
1139844056128
1140314345604
1140355760648
1142462415234
1142499057924
1142528476704
1142663151621
1144608800961
1146757842952
1147712569344
1151051825190
1151068026884
1151072240160
1151084793987
1151320198400
1151337496642
1151590240320
1153198982658
1155349348357
1168232164612
1168233275560
1168235447044
1168239565320
1168243697682
1168244408352
1168248414278
1168298804296
1168299398656
1168300441859
1168323397636
1168365600856
1168399540352
1168400187397
1168500064564
1168505869312
1168508026885
1168509386752
1168526803712
1168601317504
1168636127232
1168770631682
1168902235137
1169304879657
1169315335200
1169321645064
1169338744864
1169409713152
1169648779330
1169841787012
1170380865664
1170396709888
1170450159616
1170781274376
1170917818896
1171453379456
1172526138064
1172526343216
1172531840128
1172542881811
1172626739464
1173604043008
1176938741824
1177089802754
1177106268304
1177899040833
1178968924416
1181686956048
1185412808722
1185415694912
1185478643716
1185746657296
1187625583648
1188802068480
1190779699330
1194203283712
1202596225032
1202610044929
1202620207168
1203128243232
1203429835008
1203664734272
1203937214992
1206895247632
1207154313248
1211183924288
1211319451680
1224065713160
1229451689984
1236950600451
1236950893728
1236951666949
1236951838722
1236953677824
1236965261474
1236976146432
1236990500880
1236993050944
1237017692370
1237053865994
1237086949378
1237122695232
1237223735448
1237236843904
1237386823808
1237487476778
1237487978002
1237489820928
1237491647424
1237588379649
1237638517760
1237957222464
1238032778000
1238043230496
1238159607840
1238293544994
1238329589760
1238833824772
1239100293224
1239102809088
1239116957712
1239299919904
1239773609992
1241245688144
1241246664721
1241250799652
1241263915010
1241514248452
1242856439824
1243397230610
1243661541504
1245549191169
1245574078688
1245691641992
1246618492936
1247721587202
1250372355201
1254132647944
1254142001408
1254143852544
1254198608916
1255204389024
1255472656384
1256278982691
1256286330904
1256378662976
1257100018176
1258425501184
1259505451072
1271316746244
1271327229504
1271612309580
1273475137544
1280043941888
1288710389760
1289563963410
1305678974979
1305703809537
1305722491008
1305808482816
1307314257984
1308087552000
1309998606336
1310637293568
1314805252356
1316541693969
1318557351936
1323991040512
1340034023553
1340583452688
1348955279360
1374390068064
1374390980688
1374392289345
1374393762373
1374394875922
1374395056168
1374406313192
1374406369328
1374418895140
1374460854658
1374465074180
1374473562114
1374491247113
1374591123491
1374666369537
1374666391640
1374691656258
1374930866305
1374960026704
1374970445864
1375194876192
1375463413800
1375465005056
1375472255044
1375480324360
1375597535746
1376000163913
1376537133068
1376545407510
1376546529536
1376572687104
1376608388097
1376704828416
1376805978497
1378215264768
1378685042968
1378820817929
1379238150689
1379758249488
1379760472324
1380899102760
1381109075968
1383052902432
1383524991552
1384078411776
1385177415681
1385663828016
1388348964865
1391611674625
1391638634497
1391737186560
1391837847690
1393986387984
1400164139008
1408749544513
1408908722688
1409823293956
1410898925568
1412104716576
1425937580160
1428647051268
1434520133664
1443109700112
1443110068369
1443134439554
1443178220160
1443244344352
1443511668754
1443663724800
1443713122400
1444216832258
1444321165448
1445805981696
1446598868992
1447414546432
1447421286400
1451699013904
1460289144868
1490353782912
1511896172544
1511899795528
1511963361286
1512130547968
1515066494980
1516207669248
1516392416320
1517198278784
1520454077440
1520485540368
1529008635970
1533337010184
1539343122432
1546456795152
1546729357344
1563368620545
1580791234560
1589138423848
1649284293952
1649288429594
1649338880272
1649342940696
1649353556100
1649355785248
1649385931010
1649402741826
1649444667400
1649486086208
1649536467616
1649538179073
1649552671009
1649574674452
1649737270276
1649806934041
1650140385282
1650341396738
1650342236744
1650475680769
1651415237184
1651423587328
1651473678352
1651549163664
1651696468032
1652104896512
1652488929336
1653595984386
1653697193984
1654636152867
1654906946048
1657861599296
1657865847300
1657893028496
1658428884992
1658973062208
1659199623184
1660004993090
1660088811528
1662219468817
1662691315716
1666449418320
1666449703940
1666455852032
1666784165889
1667523154177
1668599062530
1668896915584
1670746604033
1670809395460
1675038425112
1675439917056
1679332737216
1683660800304
1683763498496
1683766181896
1683769798657
1683895650369
1683899940898
1683906117648
1684180830248
1684197614594
1684702046208
1692217283072
1701880791180
1717988032777
1718005825608
1718020737792
1718024667330
1718137917700
1718297301024
1718523934720
1718535323776
1720202559568
1720272946176
1721208180738
1722282967556
1735301529633
1743765151744
1759325978625
1760936591382
1786706395494
1786707053064
1786726384128
1786756744196
1786849526912
1786975911976
1787276886152
1787780669505
1788870918273
1788925182468
1791001625610
1791546630656
1795304720432
1804425363458
1812476526848
1821133307907
1855427971077
1859787948192
1924164505600
1924178915352
1924279765120
1924351926272
1924417996288
1924682260672
1924686544908
1925118427137
1926829965570
1928441368864
1928465612864
1941329451008
1941362442240
1958507184289
1959043006992
1967162394624
1980114141186
1992865366148
2063732375568
2070174240898
2079040995332
2199023261286
2199023295696
2199023349774
2199023538984
2199023562804
2199024337528
2199024428048
2199025106979
2199027979404
2199028255236
2199033782406
2199035841290
2199040230666
2199040626772
2199042392268
2199042787472
2199043375140
2199045316800
2199059041088
2199063693320
2199065526410
2199066378338
2199067856960
2199072800772
2199090664705
2199091032067
2199091217088
2199091491360
2199107207273
2199124092032
2199129686530
2199140708672
2199157483612
2199159638402
2199163322496
2199166398608
2199191815936
2199192543232
2199193419779
2199231924240
2199258139172
2199292488720
2199293266188
2199293796435
2199300293376
2199308567106
2199309009985
2199325251681
2199342612864
2199343079430
2199361165320
2199367713297
2199376629889
2199392370828
2199426990218
2199428145416
2199432298500
2199434559762
2199442817059
2199497212937
2199503519808
2199564456201
2199572816384
2199574825088
2199579558152
2199600104464
2199618848320
2199627252192
2199627391496
2199661969668
2199702770692
2199711142146
2199711516680
2199732158497
2199828840518
2199830163456
2199897833729
2200097033508
2200098055938
2200099103276
2200099359361
2200104353888
2200105488402
2200106205189
2200106763296
2200114309696
2200122196864
2200164172933
2200250892288
2200252186705
2200298459148
2200316215552
2200369168896
2200399142976
2200639375616
2200667555843
2200675811492
2200768105536
2200772812808
2200902570001
2201171275880
2201172053568
2201174952984
2201176424448
2201177105536
2201181225061
2201191842912
2201204443296
2201204851722
2201205145636
2201244139848
2201246826754
2201305063712
2201309708864
2201313363974
2201355419920
2201456083592
2201506304034
2201734877200
2201777079300
2201842171920
2201977096240
2202244843528
2202278314242
2202280139776
2202515030025
2202781753376
2203319075849
2203320387360
2203322417370
2203322435873
2203322813568
2203327162376
2203335524998
2203338170880
2203368620082
2203373011208
2203390595080
2203393722756
2203400045568
2203452751884
2203587316256
2203588104448
2203595055808
2203599245315
2203603458052
2203856211973
2203856797832
2203881308448
2204123734032
2204593324224
2204660670474
2204844950016
2204949811328
2205542384128
2205736284160
2206003136516
2206539973384
2207613584036
2207613737280
2207614437633
2207615344712
2207617482883
2207621603620
2207629985292
2207636340752
2207647838209
2207651090436
2207680314372
2207700746304
2207747637272
2207764448304
2207848202305
2207885870112
2207893160320
2207919374872
2208150070928
2208150143553
2208150229088
2208150847576
2208151111814
2208196722944
2208317839376
2208689095746
2208725730432
2208739361025
2208762691904
2208831668256
2208956547112
2209228029972
2209760777728
2209829947424
2209844957184
2209903289408
2210030239748
2210373074945
2211909206241
2211910979584
2211941796864
2211992044547
2212982997248
2215129515012
2216205357144
2216207058048
2216209687056
2216211645462
2216213087040
2216216952840
2216220303426
2216247181832
2216262631440
2216270758002
2216278683648
2216337426441
2216338403588
2216338524352
2216387699712
2216408719424
2216471692704
2216479951000
2216505643524
2216580677664
2216740046592
2216742264833
2216748912650
2216757860352
2216773558568
2216875263000
2217008759304
2217277074432
2217293807664
2217294173440
2217579905296
2217822134352
2217885041696
2217950121984
2218350613266
2218367681028
2218369499424
2218387316800
2218485350531
2218635824130
2220498100365
2220510675492
2220633457152
2221087391748
2221437632640
2221573948432
2221581273089
2223190901760
2224794439696
2224797262858
2225871650880
2228082442242
2229155151940
2233384060104
2233392431367
2233399886081
2233399923728
2233416878097
2233417074978
2233418647172
2233441720448
2233450136604
2233454307368
2233458900996
2233521472272
2233525602881
2233536250368
2233551848480
2233655625750
2233657328640
2233677709328
2233685278980
2233922503184
2233954478592
2234255446528
2234456869400
2234457261075
2234459096328
2234460997824
2234478755850
2234496622592
2234523852870
2235127825026
2235531067544
2235547297808
2235548041536
2235598274592
2235669028865
2235807301706
2236152299520
2236612674052
2237008183296
2237711550536
2237745344640
2237845737729
2238034477120
2238751981633
2239020237824
2241469612048
2241973461257
2242113961986
2242308735009
2242384105472
2242518205442
2244191715460
2244390945808
2246268421696
2247350026376
2250680336386
2250697082178
2250831364165
2251001169920
2251100455168
2251168940168
2252718751761
2254860222496
2255059288080
2259186368896
2259228821504
2267743488064
2267744965892
2267746943142
2267751162177
2267751286304
2267752304657
2267760591124
2267776353504
2267776897025
2267814690840
2267826750020
2267893809696
2267952452352
2268012740816
2268015505440
2268036595748
2268296380600
2268298280960
2268447408648
2268816556432
2268829327488
2268886206720
2268918452224
2269090152453
2269152019104
2269227581448
2269655860224
2269906999560
2269924297232
2269959455234
2269974168592
2270024458376
2270295490592
2270695620736
2272037835274
2272038228384
2272041930820
2272046105605
2272105858368
2272197085200
2272312426768
2274185519616
2275527362624
2276349739017
2276467023878
2276509106176
2276878983176
2276936911360
2277406546048
2277541151233
2278615451648
2284922946562
2284923650126
2284939905029
2284958908418
2284989718914
2284990775824
2285191070737
2285329449474
2289293328392
2293516992772
2294856818688
2298344407042
2302107189345
2302113547264
2302169645348
2302303813635
2302778806272
2303713157121
2304258641920
2304284557442
2306398619652
2310692446368
2310709250050
2310728060936
2319284437761
2336462226738
2336462276647
2336464736384
2336483328384
2336487514640
2336496977936
2336499967520
2336505225344
2336571556352
2336596460294
2336596690113
2336601014292
2336614260776
2336663558272
2336731203200
2336734068752
2336735167744
2336764305416
2336932003888
2336999214596
2337007482881
2337018216481
2337032683525
2337083039746
2337536090373
2337536815104
2337538704416
2337553252489
2337571602962
2337577959489
2337586303008
2338609759308
2338614149762
2338676809889
2338676949072
2338743947273
2338880227460
2339482632200
2339721314312
2340761673729
2340791779339
2340801218592
2340849979392
2340892443024
2340899784200
2341328192000
2342104088576
2343443759360
2345061646850
2345071024640
2345240920064
2345255837696
2345329492064
2348407652480
2353659985984
2353709842564
2353912610858
2354178953888
2355789791234
2355810545664
2362773145600
2370822621185
2370860745024
2371359350820
2376258813984
2379412047104
2379413459072
2388136313344
2390150350856
2405186012163
2405240406274
2405722784032
2405727208464
2409476653617
2411829657600
2413771638804
2413773062208
2424811044864
2426659672064
2431035375648
2439541453056
2439547979776
2473901166771
2473905620005
2473913902080
2473936322692
2473970239488
2473972537600
2473976791329
2474036440065
2474052158217
2474061643776
2474085978116
2474115596292
2474187686920
2474240942082
2474438427968
2474455089792
2474505159697
2474540828672
2474979623568
2474985392200
2474991698244
2475058795010
2475142692993
2475252261120
2475513872688
2476049227777
2476049711626
2476050744579
2476050879008
2476094784001
2476721307904
2478198325258
2478213701664
2478229684904
2478330347591
2478499233856
2480352526416
2480377307138
2482491173384
2482491656240
2482526748710
2482763727169
2483045273601
2483569051650
2483833569408
2484638859360
2486786211849
2486857629712
2487323001216
2491084179972
2491085359121
2491215913472
2491435450384
2493295706240
2495376457732
2496718180384
2508261215232
2508264570920
2508277678644
2508286722050
2508294992896
2508395124746
2508395250052
2508596641800
2509339234304
2509872563204
2510953652352
2521414246404
2542621974532
2542638469216
2542641646080
2542696169616
2542922639488
2543159607429
2546982717474
2559806865440
2559901172740
2560077463616
2577014095873
2581275414544
2611345362950
2611369738304
2611373941008
2611558351872
2611608604736
2612422251648
2614024503824
2616173021184
2619998240776
2620072659200
2628529422384
2629325300736
2639257403397
2645699854425
2646773661954
2650129596416
2680730746944
2694051790848
2716566815776
2748779070873
2748779092995
2748781701153
2748782215874
2748783313218
2748789637154
2748789850136
2748805677184
2748813165152
2748850397328
2748859025409
2748880003106
2748881895492
2748951041088
2748980465681
2749047769536
2749049627652
2749324468482
2749334962240
2749351596545
2749399831560
2749592834112
2749853859894
2749857136801
2749865410572
2750188423170
2751061033505
2751195529488
2753076166917
2753078331408
2753090945052
2753210483714
2753610908868
2753682211584
2755222571266
2756043866112
2757377524296
2757437161989
2757642944514
2757654218769
2757805211808
2757975080978
2759551746048
2759652806912
2761693339648
2761697526096
2765959991337
2766513119360
2767032714370
2768140011521
2770253992192
2770254168083
2770262982656
2770270685280
2770355617920
2773609357312
2775094394912
2776700568064
2783138812236
2783172370625
2783294015488
2783416156292
2783676792992
2785288667264
2787501408266
2787970703360
2800333357120
2817583491072
2817787954304
2818035683458
2818572836866
2819117582336
2819654942729
2819915518464
2826094936064
2826122036738
2835768934920
2851859596289
2860716671040
2886218809520
2886219083856
2886220664840
2886243256328
2886354372672
2886486720525
2886570361344
2887325876480
2887828898368
2888433991680
2888517025796
2890781434144
2895898607618
2903532176416
2903666464768
2905553764736
2922997907456
2959232994304
3023665373205
3023690633248
3023757771280
3023792308236
3024076415040
3024732865024
3025804526400
3025808924680
3027180191748
3028019127296
3028086177840
3034931268608
3040837370148
3040838955010
3041105281665
3058033524872
3084860260368
3092913332768
3093521498176
3169956462592
3246995570688
3298540401664
3298568470614
3298572634512
3298604105784
3298611511297
3298669150305
3298669510786
3298670154243
3298677555252
3298678670592
3298803376512
3298906087936
3298938062914
3299072549377
3299074908180
3299076210738
3299147251788
3299257352320
3299275833344
3299361193985
3299373811716
3299474411560
3299609542928
3299625474049
3299676022784
3299879192592
3300212637954
3300682531585
3300682637520
3300699668529
3300749680644
3301224026112
3302427197445
3302830429184
3302833160256
3302838437890
3303368835075
3305094776832
3306053173408
3307124904096
3307125083394
3307142676514
3307146576000
3307192455688
3307263246600
3309273351177
3312627744786
3315718951264
3315718964353
3315748519952
3315815940353
3315983486978
3316251689154
3316855607440
3320009982848
3320185880640
3324842083332
3326586519584
3332940775456
3333031202832
3333180099072
3335049445888
3337214787588
3337323815456
3339605655552
3343632052226
3345848729856
3367254369048
3367256458386
3367262797834
3367271292929
3367403257857
3367791656964
3368328104454
3368463376448
3369435533376
3378010652676
3384568454144
3404902432776
3418827792384
3435974132040
3435975032844
3435982226053
3435990712464
3435996906504
3436041077282
3436053537024
3436250680320
3436511757408
3438125516865
3444697993284
3470401471488
3470603067393
3472481059092
3487521902592
3504731586564
3513283322880
3522410053641
3543348019266
3573414953489
3573417508875
3573565884448
3573614117200
3573693874304
3575560308866
3575577060864
3576367677504
3577747607552
3577992970498
3582002725020
3582272215040
3586306081824
3590609993792
3591670603780
3607772533440
3612604629000
3624954627072
3642182664200
3712193921544
3753818210304
3848291160072
3848307641344
3848333238272
3848358332436
3848395587592
3848701772288
3849434694656
3850439254048
3851532894464
3853156220960
3856882991169
3857149198596
3874110836736
3882650452489
3883732828162
3899831386368
3917010175020
3917547569472
3918117470225
3985729656576
3991098425348
4123202421888
4124377092096
4191889260546
4398047584787
4398048223366
4398048632934
4398050805836
4398051758385
4398053360152
4398054998424
4398056341825
4398059634725
4398063493189
4398063572001
4398063690032
4398064091714
4398064640010
4398067500228
4398073907296
4398080377601
4398080460384
4398081643073
4398084301890
4398085833988
4398088489153
4398092781574
4398097106957
4398099005588
4398114439444
4398114754692
4398115226816
4398116833544
4398119026728
4398124367886
4398130467600
4398156095872
4398181026114
4398181977092
4398182308224
4398182869001
4398187038980
4398197522602
4398197674248
4398203802640
4398207008777
4398214423300
4398231592984
4398248415233
4398248894516
4398256489040
4398281392425
4398314967489
4398315344010
4398318224464
4398319485456
4398321373952
4398323376898
4398327800864
4398335920705
4398336573600
4398357938232
4398382337088
4398389411841
4398400966658
4398449252354
4398484850176
4398584571144
4398588375056
4398589699584
4398591942692
4398600685061
4398608622608
4398626385922
4398650493329
4398650557096
4398651163680
4398675677248
4398688501796
4398692565505
4398717618721
4398718159888
4398786838624
4398854127620
4398856044752
4398886422848
4398986036388
4399120302221
4399120336644
4399121307662
4399121842728
4399133364544
4399138408512
4399145962496
4399153955458
4399153974280
4399171670144
4399195762705
4399204149508
4399206761088
4399262860929
4399289075729
4399290187786
4399292219616
4399389815040
4399418114052
4399464333320
4399657476104
4399792390434
4399799867392
4400194081289
4400194136323
4400194785287
4400198475905
4400198751264
4400199370241
4400202908298
4400213966912
4400219265024
4400228237456
4400263206932
4400278144258
4400294957120
4400366010376
4400395651073
4400462440004
4400462695072
4400465121408
4400529670674
4400563175680
4400614473872
4400630728708
4400730941572
4400733106240
4400799023173
4401007821184
4401270883458
4401276977168
4401284542466
4401284645696
4401406158080
4401804612240
4402341675572
4402341813264
4402343772482
4402345697336
4402347837600
4402366701569
4402386042889
4402393924864
4402414100736
4402443206690
4402444316672
4402476288520
4402476363808
4402547147264
4402643517508
4402677064720
4402687511040
4402886740995
4402911910404
4402946015746
4403016769604
4403021217832
4403029345152
4403419726848
4403532922896
4403717799968
4403818004486
4404490371104
4404558331905
4405030028424
4405059936256
4405563228353
4406636791844
4406636838998
4406637011980
4406639607836
4406654370308
4406655471744
4406657947652
4406671179813
4406672099880
4406707750049
4406707769362
4406716334336
4406737526784
4406773416512
4406913294416
4406973043720
4407040295168
4407173584961
4407324508192
4407443070980
4407710226704
4407711246976
4407720952320
4407978623777
4407979149384
4408113169408
4408318362176
4408383381520
4408783933770
4408784232976
4408792891648
4408951709730
4409056559380
4409891751424
4410936139779
4410944000520
4410949239058
4410968375360
4410998636552
4410999049472
4411485099008
4413078915648
4415226512579
4415227168976
4415227719744
4415228903938
4415234789894
4415235556616
4415243256032
4415251817088
4415327272964
4415404638244
4415436166144
4415516869632
4415633293448
4415637733376
4415765620768
4415765921920
4416049055744
4416300402691
4416401313794
4416434536720
4416505643013
4416568725568
4416610510848
4417375978501
4417407430668
4417508108304
4417529184258
4417644529672
4417927545104
4417945338016
4417977847296
4419539374080
4419540224017
4419554910529
4419588456598
4419655630883
4419992158272
4420064514050
4420731666560
4421132484632
4423816360066
4423821951104
4423875036161
4423900203074
4424093794308
4425980580384
4426100211712
4428113380100
4432407330979
4432407634064
4432407822680
4432408514608
4432414966789
4432418898032
4432425388162
4432473368194
4432477947920
4432482353664
4432492257296
4432545185940
4432548866208
4432624353473
4432691466884
4432691544136
4432725804032
4432810573824
4432954132736
4433513644352
4433614246914
4433752641568
4434021647360
4434554806532
4434556395522
4434587418697
4434756108298
4435158499456
4435632750608
4435895975939
4436701349930
4436701373504
4436705454592
4436744275968
4436869513282
4437774961796
4437777064224
4438313144320
4439133915392
4439393992768
4440996201768
4440997398592
4441032033280
4441667305608
4441803587650
4442086704208
4442139131913
4443680547841
4445427472384
4449594507817
4449605025804
4449636468768
4449657422920
4449733968128
4449855012896
4449856664576
4451751690241
4451800862720
4453881135362
4458176129280
4458177102854
4466766141445
4466766517004
4466766536777
4466766643747
4466769142592
4466770182471
4466770509865
4466771345664
4466776082440
4466784993306
4466799612290
4466799626264
4466802693152
4466833490816
4466867735040
4466883436547
4466908598369
4467102056581
4467169558544
4467306266627
4467479019664
4467605131264
4467927945216
4468393640480
4468411400192
4468922949760
4468924154368
4470056689664
4471062077452
4471062168578
4471081945090
4471465721864
4471598613568
4471883038740
4472134701106
4472135368960
4472302510080
4472411783169
4475364380692
4475490189360
4475892899904
4475977203720
4476438585376
4476446441606
4477570647104
4477641818752
4477771855872
4479852478466
4483948021766
4484017963008
4484021362756
4484080108804
4484214293080
4484482990220
4485829099776
4486118522888
4488787132928
4490390405216
4501125906952
4501148271104
4501192867922
4501360611332
4501461278984
4501553545218
4502216280065
4502235643920
4503352901633
4507568177670
4509782788224
4510261313536
4518313987088
4535485739273
4535486055057
4535487566373
4535489790604
4535491002944
4535491757408
4535494525120
4535502768394
4535520333844
4535535845394
4535536058816
4535552609285
4535562019336
4535753939464
4535772258368
4535789881344
4535829495872
4535888118466
4535889428513
4536022634530
4536023384218
4536041210448
4536055931520
4536092073985
4536169168897
4536357880580
4536559731782
4536626334224
4536626643232
4536763682816
4537102761984
4537639239691
4537676997632
4538304626690
4539780448533
4539915044096
4540317454344
4540871032960
4541927915938
4541947056128
4544079692816
4544086048776
4544210141476
4544884899880
4546222948449
4546494464512
4548391469120
4549444370444
4552665866408
4552665960704
4552673722706
4552682285056
4552837570560
4553202205745
4553338519816
4556960313872
4556968723584
4559113043968
4562396128256
4563436437760
4569845273760
4569850061056
4569988599808
4570382141449
4572529689120
4573074817288
4574207283520
4574416994340
4578472886402
4580582658052
4587570356224
4604238497956
4604280569904
4604406341760
4604473378835
4604490158368
4604796339200
4605287124992
4608651427841
4612867227652
4613063917568
4621385008136
4638564983808
4638568878104
4672924746003
4672925032468
4672925484354
4672926534704
4672926613796
4672927041676
4672937037056
4672941196572
4672942506148
4672945849344
4672962166937
4672964796448
4672966362274
4672996246273
4673000439912
4673002078337
4673058915848
4673058971744
4673071239296
4673194429952
4673331406848
4673394212876
4673465745482
4673494860164
4673545175090
4674267775105
4674268693012
4674538700864
4675085533196
4675776545344
4676280991744
4677228298502
4677572247552
4679435028608
4679506067456
4681514389545
4681539600386
4681552265728
4681557084160
4682185445382
4682621648963
4686087225344
4690108776496
4690109141000
4690188247048
4691723354144
4692254920960
4693392621648
4694399271112
4694401942528
4695070507008
4695507599364
4698829488641
4707293856258
4707317989456
4707334557697
4707821224128
4709432066304
4709769281568
4711614808192
4711646233112
4716143055104
4716427741696
4716947890176
4724464029794
4725270380552
4725537768705
4741644160129
4741652553752
4741686902785
4741932318720
4741945917712
4742180901904
4742717639008
4742722887682
4743792427568
4749176865792
4750334558240
4752383934465
4759377412161
4761008998400
4767422087552
4810363398274
4810364094496
4810453551104
4810631938376
4811302912016
4811588370434
4811705582624
4812074647560
4812527640593
4814725586948
4814803042368
4819272073220
4836133177368
4844991619584
4846905720832
4879116415040
4880156655621
4947803423780
4947804686916
4947810732180
4947819629104
4947824478464
4947827496320
4947838567168
4947871540264
4947911442450
4947941802064
4947957522465
4948003848264
4948004701952
4948070903828
4948077118466
4948108544032
4948343653633
4948483899906
4948608745489
4948876224544
4948949500160
4949019992064
4949178450176
4949412940552
4949418180740
4949951004808
4949954003560
4950025308480
4950084192768
4950228762628
4950537142276
4951291989008
4952099393816
4952365803584
4952367039616
4952432836867
4952915197952
4954248972293
4954271514624
4956395408385
4956417425452
4956425832706
4956568457216
4956794912794
4957466525717
4959078973448
4964982260820
4964984815690
4965020991491
4965520643072
4967130284064
4968203419910
4969344598528
4973572130440
4973648691200
4982168883201
4982179237952
4982204661792
4982701032592
4985400066208
4987564327425
4991838324736
4999426343168
4999610370562
5003637948464
5016523932320
5016524309504
5016555357512
5016589606912
5017092753409
5017210748928
5017595552129
5018669289668
5019214545952
5033701722176
5033735361024
5034238550034
5042312642560
5055444979712
5059606217728
5085241561728
5085245478978
5085260710912
5085274972170
5085409050693
5085814865920
5087389032484
5089544704001
5094099689473
5095979223168
5098159735840
5102422065153
5102622507010
5102689600768
5103528444048
5119752012296
5128191098896
5156141891584
5222680299041
5222814458512
5222982746304
5223485833728
5223753982028
5223821100160
5224030801922
5224827783178
5225045823488
5226975240226
5226982539776
5227008966656
5235581911169
5239860121617
5240466178052
5257329377296
5258116136960
5291400499232
5291416486658
5360120401920
5360135979104
5497559450700
5497560596560
5497561419785
5497562384401
5497562404104
5497566605504
5497566921872
5497568633392
5497570787843
5497592228354
5497598263298
5497608614912
5497616859210
5497625252976
5497630491280
5497643864064
5497696682369
5497709134436
5497719652480
5497725915784
5497826586659
5497845451780
5497862226336
5497868780036
5498095031426
5498096130080
5498096353664
5498145423872
5498246266897
5498638186496
5498643021826
5499186094080
5499437318192
5499714306057
5499723448616
5499839907344
5500041167048
5502172921857
5502390505729
5502931567108
5502935238736
5504015270144
5506150252801
5506202599472
5506693365778
5508581294082
5508966648064
5510445138058
5510984433664
5514738046465
5514738145298
5514739138570
5514773660696
5514822025249
5516149456896
5523600581120
5523884736512
5531917945922
5531918024868
5531918402697
5531934663425
5532018868232
5532069529600
5532088803328
5532991623237
5534602248216
5536347062540
5540642046466
5550209368064
5566287052838
5566295572672
5566297030688
5566613454880
5568425108490
5572753883264
5574880150528
5579430953280
5583457551136
5583468236800
5586142494720
5587890864144
5601178421252
5618085675009
5635035891720
5635132424512
5635198697476
5636608754177
5637145363200
5643588731904
5644937592960
5652319699456
5652445399136
5669398773777
5670432687104
5671571433472
5673652027392
5703716585864
5706941988896
5708011541508
5772436866050
5772437107204
5772470681696
5772608077828
5772975087618
5773589741568
5773644137536
5774584074304
5776731022720
5776752017416
5781026111778
5781030176960
5781294416913
5802567929856
5807198699648
5807399796737
5815396204548
5843370115332
5849896460288
5875548816896
5910009223169
5910211592194
6047314059784
6047314085382
6047316844672
6047674671104
6047850848261
6048388220192
6048660324361
6051072114752
6052213948424
6052682797184
6054159056928
6055971029060
6064762814480
6065072636160
6082948759568
6120328986626
6150393176160
6185826945024
6186908794882
6193483350016
6322326126848
6326487089172
6597070194721
6597070297113
6597074161808
6597074298882
6597079214352
6597081334273
6597089230851
6597103395408
6597107519530
6597136974882
6597138983104
6597158380544
6597170451968
6597214735360
6597338465795
6597346627744
6597380685826
6597506236488
6597608865954
6597627674944
6597690556548
6597875859744
6597879274496
6598144082000
6598168940552
6598294642816
6598512640001
6599217348629
6599235081220
6599754122322
6599796066312
6600295448644
6601365364864
6601366836353
6601658467328
6601940434944
6602455253029
6602574267392
6603512228896
6603533189648
6605664485920
6605676480928
6605961700608
6606197237760
6606247165954
6606733476362
6606775517200
6608009035792
6611028422720
6612102414593
6614254387206
6614258041952
6615323681024
6615328625152
6615591814156
6616669749281
6617521258496
6618545144321
6622856355860
6622946525184
6624450183297
6631433830978
6631442100228
6631530168496
6631563797512
6631563984934
6631698071825
6632134295552
6633040117864
6635726569556
6642176360480
6665789509968
6665799729448
6665924575250
6665944432652
6666865213505
6667943038976
6668104500225
6674381602944
6678674146328
6683238860800
6700148988448
6700455231488
6734535999492
6734577418496
6734679113856
6736664597056
6736756867078
6738804342802
6739608993857
6747460731520
6756117776388
6768869508624
6768876881922
6773213765632
6803565839360
6803765084674
6804301948936
6820412260544
6871956195968
6871957704704
6871962353682
6872081896736
6872218894336
6874231480324
6874703462400
6875169423394
6876242675204
6876242923522
6880537625360
6882718650496
6889129902089
6889664416002
6940667355392
6940801910784
6942814666824
6975111036928
7009386660225
7027640385536
7044285337600
7146826713600
7146835018762
7146842382600
7146903310336
7146960355368
7147496669460
7149119930368
7149241507970
7151121735681
7155416596624
7155449135113
7164039282692
7181747355649
7182259224580
7189777359360
7198499410048
7215548727300
7216350494728
7216618869760
7219974242880
7284266893570
7284868515872
7318624862272
7430428033024
7696581662852
7697118300736
7697118462977
7697791451904
7699803801600
7700876394800
7701144867328
7701983674376
7705171599400
7706043760640
7713761427592
7713762312273
7713790625792
7713896333312
7731479576578
7748188111364
7765300953156
7767725178896
7835177975872
7838325014528
7971462463616
7971526413320
8246342074368
8246404383104
8796094611734
8796094693761
8796096303490
8796099380312
8796099708420
8796101574761
8796102232074
8796103770643
8796106147336
8796110361609
8796110391490
8796113999010
8796118204685
8796118454624
8796119767056
8796126776449
8796127174753
8796127232420
8796127380485
8796127668354
8796129861672
8796135494402
8796136015948
8796139176067
8796145522720
8796162379812
8796162499336
8796162822657
8796176929416
8796182159369
8796193752116
8796194751872
8796200001600
8796210463314
8796227285251
8796228039172
8796229632388
8796229863056
8796230455316
8796231606792
8796240380064
8796244019353
8796244103233
8796248735751
8796262910984
8796264997168
8796277637644
8796303024256
8796361605418
8796361654865
8796361891846
8796364685378
8796370452624
8796370930720
8796372224004
8796428651040
8796432898050
8796449570852
8796495941840
8796499940864
8796520939776
8796562786632
8796629926794
8796630074380
8796630945881
8796633090064
8796639462928
8796639592610
8796640385600
8796642754640
8796644737026
8796647360544
8796648013829
8796670001161
8796682453632
8796697010788
8796697346308
8796715876380
8796765684769
8796772577312
8796780922048
8796831483952
8796933030400
8797167355048
8797167552836
8797167681667
8797168500760
8797177258145
8797179674888
8797185641475
8797187883074
8797202743872
8797204656256
8797209829392
8797242263574
8797305192489
8797435233362
8797435537536
8797452525576
8797456175361
8797519216784
8797704700736
8797720696832
8797804692480
8797972079904
8797973645314
8798240640552
8798241230896
8798241595441
8798244716900
8798246816257
8798253293632
8798257684993
8798263574802
8798278785088
8798279303816
8798282475776
8798291951936
8798299881480
8798310375552
8798312988692
8798375510306
8798375774290
8798400938020
8798450747904
8798508976528
8798510318608
8798513823745
8798584438896
8798783672452
8798810933285
8798811242624
8798844621568
8799046869184
8799062786050
8799323963393
8799453054976
8799851655169
8800390353568
8800391144720
8800391660044
8800394936416
8800405045394
8800429965956
8800439632928
8800463499276
8800472465672
8800531908864
8800539558400
8800555962370
8800560250944
8800656957826
8800657473861
8800689987672
8800927484033
8800941703332
8800958423555
8801461866824
8801463083520
8801531035680
8801545634820
8801631600645
8801797800512
8802535538794
8802539736320
8802603720704
8802939703296
8803206660097
8803609252992
8803615514632
8804683288710
8804683495584
8804684793346
8804685856960
8804687315140
8804699800976
8804708198404
8804734107904
8804751673348
8804775232584
8804823498769
8804836073728
8804838148640
8804850836480
8804884299790
8804888741120
8804920459296
8804962435584
8804972888144
8805001723945
8805026891905
8805222974600
8805224030536
8805324685456
8805523924992
8805756720386
8805756839488
8805762207808
8805776228356
8806058688960
8806855623184
8806964666516
8806965903872
8807098949889
8807099419648
8807908410112
8807972077576
8808978991107
8808990508050
8809016786948
8809533153280
8811127554052
8813273164050
8813278216209
8813281304650
8813281347106
8813282347648
8813285512256
8813287573552
8813300679040
8813315883297
8813341114952
8813341458434
8813410254859
8813440797200
8813479465088
8813554958342
8813558253569
8813574930480
8813610796064
8813646184961
8813809778885
8813809829129
8813826542086
8813848568832
8813879166976
8813944782856
8813961937152
8814348764680
8814350828820
8814480884064
8815430869508
8815487746704
8815554627596
8817567892241
8817568400672
8817573267456
8817845076096
8817903472656
8818247335956
8818658639881
8818912135424
8821863088552
8821879878656
8821896413191
8821940424706
8822135816192
8823479746560
8824278745610
8824547573764
8826157945344
8826182991904
8830452926483
8830454088216
8830454915712
8830460106760
8830464361216
8830470193936
8830486322182
8830490509397
8830520137280
8830553726992
8830657364992
8830727626768
8830821863712
8831014928452
8831065228288
8831073527936
8831124279296
8831128044554
8831258069761
8831258132536
8831275897856
8831402770560
8831570675712
8831612485952
8831727829156
8831828500996
8832612831776
8832617039882
8832617055520
8833019675200
8833816633344
8834747744805
8834747814920
8834748291328
8834769764608
8834825846800
8835284861969
8835888582659
8835955689216
8839042704162
8839076909057
8839078363154
8839143426112
8839579599440
8839584548864
8840116732932
8840118611968
8843354573824
8843609243680
8847633154225
8847636897804
8847651635234
8847682965576
8847788081168
8848471752706
8848706896138
8848975888385
8849853546496
8856231149584
8864812525062
8864813026354
8864813589576
8864814859585
8864833798212
8864846151976
8864846321800
8864850323968
8864862982400
8864871227584
8864888037410
8864923649536
8864952090658
8864984466564
8865085393184
8865086767112
8865361952812
8865484122176
8865638793728
8865886277653
8865940766744
8865953947652
8866020655296
8866164117632
8866305673220
8866458767362
8866960048916
8866960249892
8867027101720
8867115208704
8867237601280
8867500064800
8867568681984
8868302161409
8869115992096
8869124248656
8869145739521
8869644469632
8870718079073
8873415028737
8873444411408
8873671920192
8873939443760
8875554113542
8876086804489
8877730955426
8881992502340
8881994536064
8882014003200
8882596618241
8883101237760
8883334824000
8884710277200
8886355492900
8887369475072
8890583425026
8891656175873
8899173287584
8899240448000
8899241508874
8899306586140
8899440672870
8899482632200
8900245987474
8900264198144
8901454200961
8905639919616
8908835915816
8909911228432
8916352714752
8916452900992
8933532026950
8933532247075
8933532517026
8933532639308
8933536220417
8933537286240
8933540596224
8933549082881
8933561360416
8933578378240
8933601709120
8933603287174
8933666222104
8933682970964
8933801482496
8933935841344
8934350393344
8934631440448
8935008388224
8935780647184
8935981846528
8936015045120
8936218050560
8936233111592
8936753212420
8936753463520
8936824524800
8937332015616
8937827599873
8938003636224
8938170877184
8938632250000
8939034937360
8939976523857
8940007998466
8942172260480
8942189092904
8942189155456
8943466446849
8943799634176
8946551095561
8946987466752
8950711912596
8950712193056
8950714098688
8950781051141
8950799991808
8951024320576
8951299571713
8952860381252
8952884756482
8955009466370
8955275264012
8955543690240
8967891750024
8968001814530
8968028569604
8968034385992
8968097236993
8968294637824
8968965720578
8970039331136
8970059128832
8972187865104
8972195381248
8972488736769
8977026908193
8985139228672
8986157908096
9002252173570
9002253550276
9002268243970
9002268524592
9002327474312
9002452795680
9002873258048
9005607944200
9006548517928
9006816165890
9007624486916
9010908496387
9011135119360
9019431419969
9036645531712
9039295578114
9070971033624
9070973038792
9070973063686
9070975291680
9070980371716
9070987718693
9071012970562
9071038693898
9071056126224
9071105214979
9071105541280
9071106220576
9071122229248
9071172862976
9071205843712
9071273083016
9071415531520
9071516583937
9071529296008
9071658799632
9072045003777
9072047357970
9072062506112
9072068001824
9072313108529
9073168744624
9073420419137
9073657422080
9074192187403
9074276108288
9075266043988
9075484000352
9075536723984
9075634995206
9075803554560
9076377403904
9076943626256
9077556002824
9079561129040
9079561932944
9079829340256
9079963648005
9080181768192
9080671338496
9081721192576
9081995661312
9082279297026
9084929579012
9088184901760
9088217928000
9088234684547
9088303891460
9090298811904
9092982718466
9094593249668
9096874950706
9105339146241
9105381048324
9105397777449
9105498579008
9106408614144
9107478708416
9113937387544
9116068151332
9122510578690
9122644755080
9139690942736
9139699077632
9139761725445
9139776946176
9139967230211
9142107406340
9144125884416
9145060229376
9148281651233
9148282569730
9150562042176
9157142904976
9161198833664
9174050150465
9174054633480
9178345636868
9208414083712
9208544105538
9208682725376
9208686968872
9208947277936
9209483624856
9209651462176
9210557367073
9210558480514
9212704883272
9212777725952
9217537737220
9234280611840
9247064596640
9251365847104
9277131792384
9277532537344
9345849041176
9345849921676
9345850147146
9345851001480
9345851490608
9345856176165
9345865815044
9345870078336
9345882996746
9345883318272
9345917264900
9345932724293
9345966375040
9345984495633
9345991491602
9345991508101
9346034446336
9346118337545
9346127769856
9346134082072
9346385821792
9346452817232
9346654928961
9346922594961
9346923106402
9346926863360
9347464298752
9348533191218
9348535419905
9349071249410
9349122506752
9350143836355
9350148524546
9350152527874
9350246695168
9350951206922
9351754486272
9352358396425
9354438804522
9354843522112
9355648319488
9355781113856
9356593135616
9356653379744
9358733783056
9358734787456
9359019032576
9361048995840
9363031332868
9363095982081
9363735478272
9364404442112
9364647706627
9366249933376
9367860682816
9371627028804
9371752927240
9380217490433
9380275716358
9380376346659
9380409975296
9380477304992
9380477555200
9385586720772
9386919470080
9397925315620
9399670800384
9414568583760
9414569705600
9414577328128
9414845137940
9414920900608
9415818215680
9416919220228
9423162458384
9423259959304
9431758798856
9431899177026
9432821989424
9433895694336
9453223165954
9483287933472
9483296178702
9483556356481
9483728191496
9483835211792
9483858477344
9484109881348
9484899484672
9487583815688
9491877744645
9491878257920
9491957448704
9500472393792
9500502458368
9501675880452
9517648577089
9519828566148
9552277848064
9556352565760
9620727414817
9620729627656
9620735134480
9620793909256
9620795031744
9621030830624
9621532116096
9622874237057
9623213965568
9629316694594
9634152710176
9637915005088
9638985596936
9642218881040
9655354918924
9656261410816
9657244450818
9689446613252
9758303060224
9768903245832
9895605067872
9895606788122
9895608984834
9895610945603
9895613088544
9895613188120
9895613239553
9895622100096
9895626934274
9895642399270
9895642420240
9895671808148
9895739130902
9895743397889
9895748894722
9895772815624
9895875708968
9895907692554
9895945438272
9896141793292
9896143098496
9896145815680
9896209850368
9896284127753
9896412385280
9896544308224
9896745762897
9896813265440
9896989294593
9897383059456
9897787269124
9897831825418
9897838117408
9898356131904
9899900948484
9899910365256
9899970957824
9899992940672
9900033839153
9900033851714
9900973367492
9901246054402
9904204021781
9904395911872
9905268330633
9905402609924
9906350621696
9908489682988
9908825366528
9912785109328
9913052963845
9913656934784
9913867829312
9914260914200
9914935151616
9915603095554
9917230548992
9919495438400
9921944944672
9929965449536
9929968665152
9931038294400
9931575525396
9932448006144
9933219168322
9934276657217
9934406287360
9938605703680
9939703578624
9940838121480
9951439249424
9964328324105
9964460540416
9964592645376
9964659671564
9964936499216
9966572306433
9972916180992
9972930838794
9981521825793
9983651807240
9990093932048
9999220736200
10033045438473
10033064575505
10033077518340
10033079271457
10033110978818
10033245126672
10033312043172
10033715249408
10034670993538
10037355389952
10041635767040
10067470483552
10069550830593
10075993538704
10101763248136
10102299953696
10170484704320
10170517243904
10170652426370
10170767835156
10170828718080
10171589854220
10172632399877
10172898477090
10174844635393
10180150558736
10187663475458
10188224471040
10191961850880
10204842754050
10204847538308
10204851212296
10213969102080
10239739494401
10240292553280
10256516268032
10307921535236
10307939467296
10325103480848
10445360563217
10445377268224
10445432291457
10445897355528
10446451834880
10446468808864
10447510045120
10449655432800
10450326782080
10451819692038
10453950401668
10453954855432
10462540466464
10462831837184
10481871882256
10514082299938
10514088345665
10548843380736
10599979319936
10617184321792
10720248102912
10721851082752
10995116675141
10995117098080
10995118580226
10995120620080
10995121521960
10995124939296
10995126895808
10995145638036
10995183423562
10995183495169
10995184193552
10995201246720
10995250503906
10995252920360
10995254206464
10995389992976
10995403588101
10995451830548
10995586433536
10995658915908
10995686899784
10995686965780
10995858718720
10996194283556
10996232012800
10996257261664
10996726906906
10997263844385
10997264220544
10997314097155
10997532202304
10998340649220
10999411313220
10999413348370
10999413358984
10999428386816
10999481761793
10999549657729
11001578128384
11002162708610
11003714602753
11003875033346
11004247282178
11005853698248
11005862612996
11008005931016
11008210960384
11008269746242
11012296153473
11012296278796
11012315031560
11012331044872
11012707714048
11014981550593
11015525761064
11018738878464
11020903399426
11020953190425
11021154519076
11029476028945
11029476151464
11029493844001
11031095021824
11034314211328
11034845388800
11038093475840
11038334452352
11046656065600
11046660083200
11047797063680
11055916916736
11063836288129
11063846264848
11063852695682
11064104861700
11065001771009
11066662846464
11069338701824
11070311759884
11076720666880
11083163664640
11098229048592
11098732642336
11132555558994
11132563771394
11132590895108
11132823798808
11133226320012
11133360834560
11133630153344
11133631154176
11133830823938
11134702723338
11141161951297
11154067816464
11159398813696
11166917066883
11203422195856
11210404134912
11269994719238
11269995268416
11269999755776
11270003622025
11270027804933
11270030245888
11270069945346
11270550978562
11271101485136
11271404535808
11274993796096
11279397814288
11289325731906
11304370766912
11304760770592
11338756128800
11339317641480
11343008891072
11347303710720
11409047945217
11424613597192
11544872667264
11544888878098
11544905648184
11545274748934
11545946359300
11546633699360
11547061780544
11547154842752
11548160458768
11551318872064
11562056196128
11579231911956
11579233965056
11579550728192
11579768703042
11613591702017
11613610508544
11613730766848
11618424455184
11682315241732
11682411709441
11691035197968
11820832325632
11837131196416
12094630592644
12094639444000
12094661471296
12094666833921
12094896570400
12094901060352
12095844255872
12097849397760
12098957213698
12101078753281
12103217881604
12104576795648
12128987711752
12148331774080
12163380953728
12164152696834
12167663321120
12180596457536
12233140609072
12236766576640
12240698736648
12369507386384
12644933174272
12687333916704
13194139607179
13194139747346
13194139828780
13194140389448
13194140715184
13194142187589
13194142957856
13194144260800
13194150150420
13194153231488
13194158443264
13194164732934
13194182001744
13194194326016
13194211131395
13194215173120
13194240331800
13194309407040
13194340864546
13194358704128
13194408559110
13194425925644
13194442092544
13194443751427
13194542727264
13194543244290
13194819028224
13194944844050
13194944858248
13195016216576
13195215636504
13195285102640
13195349770240
13195356405772
13195752309120
13195754377224
13196857512960
13197360776264
13197360833056
13197646266368
13198443946080
13198568851521
13198721810624
13198980481024
13199007023152
13200590636544
13200598908960
13202729862153
13202867945538
13203811696641
13205011451904
13207024505120
13207024732288
13208166465536
13211357184384
13211856806148
13211857354818
13212468642560
13212661579938
13213503324160
13213609492672
13219909361697
13219943946240
13219977035904
13228500848676
13228901928969
13229053182216
13229579304966
13232802627969
13232828186628
13237627207680
13245679420544
13245680329216
13250247262208
13262928218145
13263010137600
13263463120902
13265008624656
13265010819336
13267455970304
13268227719816
13271448944849
13271594696704
13272019370752
13297218846852
13297219799298
13297357185024
13297489543680
13331584794768
13331714868225
13331855327745
13333189115940
13333794128928
13335898619928
13335940630530
13343389646866
13348791911940
13348894146576
13368090230784
13400299082240
13400302716928
13418570448896
13469294272644
13469621950464
13470628054530
13471433883672
13473316733058
13473849278477
13477615898688
13477624677408
13487405281280
13488344989697
13490492279328
13503377179460
13503380324369
13503960186880
13505658883072
13537736958465
13606456787472
13606460597256
13607010140160
13607539574784
13743895360577
13743907930402
13743920579136
13743945679121
13745002711044
13745052975114
13750337863824
13752757915776
13753223479297
13761175879776
13761343922184
13778255872018
13780402618369
13791139987528
13812749047824
13813157986368
13889942323200
13950053778562
14018777729024
14018792267776
14091863195648
14293651824657
14294758490640
14295798743298
14296069201920
14300093618184
14302341760002
14303316934752
14310848332296
14312978513972
14328044994816
14328080109696
14363578597379
14367202525184
14370961358852
14379550517376
14431090117904
14431102697540
14433422147584
14440216932352
14568529233924
14843408549952
14843423789088
14845621960704
14847739699200
15393162842372
15393169088769
15393213121672
15393230045313
15393263716608
15393364116548
15395344891920
15397592244240
15397793300520
15402022731777
15410493685761
15418932855360
15428613063168
15430475317252
15462284919168
15462957088800
15530604888136
15530891149314
15539191873540
15582141350176
15668577591360
15670213345536
15977350692864
16217796514312
16492674435106
16492692316160
16492750471168
16785034182656
17592186046123
17592186047830
17592186071728
17592186099040
17592186122577
17592186182705
17592186196508
17592186210446
17592186232867
17592186320970
17592186323053
17592186481408
17592186581286
17592186594498
17592186618756
17592186637860
17592186704073
17592187027986
17592187158964
17592187389009
17592187823105
17592188244744
17592188700896
17592189337733
17592189540352
17592190469280
17592190518538
17592190869514
17592191422788
17592192860457
17592193159172
17592193425952
17592194634336
17592195515778
17592195539012
17592196923808
17592197578842
17592199414337
17592200202274
17592200800512
17592203381251
17592203940904
17592203952898
17592204667008
17592205117449
17592211767324
17592213313542
17592219635877
17592219682883
17592220387608
17592222233216
17592223820804
17592224383184
17592236466312
17592238768168
17592253292664
17592254743564
17592256955136
17592257388805
17592257630368
17592257874568
17592270087424
17592272093346
17592287168544
17592287924226
17592288805961
17592320377861
17592320598284
17592324759696
17592325506566
17592329045058
17592331813920
17592337171604
17592337586208
17592338090305
17592353833014
17592358141965
17592360372736
17592362246657
17592395825674
17592404148785
17592409784320
17592455107600
17592455667986
17592456578833
17592464191489
17592471520960
17592490803232
17592491182224
17592500617568
17592521605267
17592521662660
17592521754116
17592530502816
17592576119808
17592588703112
17592601477136
17592608104452
17592723767457
17592724032080
17592728163472
17592729272420
17592744558593
17592765255688
17592765401600
17592773282176
17592790466624
17592823841538
17592882303105
17592924383236
17592928964864
17592991616040
17592991881284
17592991883800
17593000001684
17593030164488
17593259886737
17593261195270
17593268177669
17593280757932
17593295462672
17593296486435
17593297541138
17593310781442
17593327419715
17593327951104
17593368870960
17593394291264
17593405079680
17593463210068
17593528521248
17593536685568
17593800860737
17593806618888
17593813450864
17593964430596
17594333791088
17594335636994
17594350637200
17594358703137
17594371311120
17594400686632
17594469449888
17594501529664
17594603536962
17594604079424
17594871057664
17594882982150
17594954874944
17595004616920
17595005936640
17595172528129
17595407280520
17595427193360
17595440844992
17596482605073
17596483372166
17596490711688
17596497797708
17596497924355
17596502001184
17596511420421
17596523096080
17596615262818
17596684992520
17596753674289
17596753735680
17596756265984
17596774909952
17596785164802
17597017899785
17597035446282
17597052559392
17597154332688
17597288685632
17597555934400
17597589915648
17597823199268
17598024777984
17598091665538
17598102110752
17598632822856
17598764834817
17600795378706
17600809600289
17600809800772
17600810714632
17600844136841
17600848429120
17600914561024
17600994152452
17601047633928
17601065453696
17601195425858
17601321436164
17601364230164
17601449230339
17601855496196
17601917505536
17602470739969
17602977988618
17603091497344
17604536336384
17605075796352
17605081464897
17605138061352
17607495254280
17609372238851
17609474981893
17609569340544
17609635467394
17609638560848
17609667936330
17609903859714
17609969991968
17610313826338
17610441895940
17610452307969
17610582525960
17610708615190
17611513667746
17611564924928
17611647615253
17611782373512
17613677740052
17613696536864
17613736379968
17614740127760
17615808371328
17618023088390
17618157453328
17618493801088
17619046473728
17619298028545
17620109627456
17620908703760
17626549991168
17626594017416
17626596114630
17626680051984
17626680132392
17626823196929
17627624786432
17627653144604
17627653227521
17628169273344
17628701657219
17628760379489
17628861566992
17628962784264
17628966162434
17630840926216
17630841536564
17630942462468
17630976549120
17631973212416
17635135914058
17635144131080
17635152513029
17635406561280
17635741799424
17636210016544
17636211557056
17642115039392
17643725719720
17643726078081
17643742437395
17643877172232
17643994112288
17644867559552
17646428882944
17652627013632
17660909781889
17660955890240
17660973425184
17661049178244
17661195059206
17661450814224
17661476078626
17661780033584
17661979726080
17661985832961
17662004559944
17662121874448
17662265573376
17663057281072
17663162068992
17664130945544
17664277741826
17665200556298
17665276512257
17665301447680
17667482715648
17669667430464
17670049115136
17673790963718
17673808515072
17680233039888
17680303128584
17682380775424
17686675344128
17686676897857
17686683714600
17695307464722
17695533830288
17695803867136
17696708102144
17713523064900
17729636278280
17729642430816
17729658765572
17729717272976
17729760792586
17730182873608
17730298462336
17731253448704
17733928435752
17734054256658
17736386740224
17738215096880
17738238263552
17738350034944
17738351249420
17738483381250
17739431411713
17740430592000
17746805000770
17746880569344
17746939129920
17747349602304
17747878675776
17751238247168
17751636836357
17763986842704
17763988275202
17764002662400
17764027237376
17764337057801
17764521611779
17765595480200
17774726873089
17798345786656
17798411616332
17798491815936
17798646465160
17799955611665
17800492032009
17800494061600
17802641735808
17815595651074
17837267633152
17867066655296
17867076543106
17867208392720
17867333714304
17867334525057
17867600896517
17867607115800
17867751850020
17868406456400
17869278547994
17869488308226
17869614090760
17870287282272
17871509916674
17872432686088
17873540024324
17875712610336
17882113146896
17884260603984
17884277932049
17884281831556
17884311980065
17886395531528
17889747271744
17901444794400
17901493430272
17901499191428
17901960562272
17910013887624
17919274668032
17935800795396
17935919907072
17936392651264
17937931305025
17940346835712
17940615266386
17944642461696
17952972832768
18004704495680
18005576647206
18021683830796
18039132131360
18040007689216
18141962904080
18142109699088
18142244906048
18142487650400
18142549016577
18143032786948
18143552475552
18144090392604
18144118718592
18144374689824
18145197424641
18145230193700
18147042137089
18148518825984
18150565478531
18151069237264
18151085441856
18152679362562
18159122518784
18159149023744
18163416744096
18163685326856
18176302401600
18176310002948
18176509214752
18176840761856
18177777999874
18180865000016
18210663961664
18210728444564
18217110077442
18227875807492
18228915601536
18279415709824
18279657638146
18279716626448
18289313448448
18298708426824
18305154941952
18313748939424
18416826192000
18416840737801
18416870424578
18417356652682
18417894559749
18419105660996
18421525774464
18422255714306
18425411797268
18425543923200
18451213093376
18485539334144
18623533940736
18691760857088
18691775531024
18691836093480
18692243062865
18692775608664
18692776002176
18692872147456
18693712052224
18693847520264
18694113632276
18694484787328
18695992971298
18696011653152
18698678042944
18700422885392
18708877689280
18709481533448
18726066849281
18726327943716
18726611107842
18728347779072
18730486597824
18760417150149
18760451784728
18760467482657
18761227436032
18764780281858
18769007120768
18769051254784
18784047857668
18794777412106
18800147697664
18829137221760
18829952450560
18833465410112
18835646317568
18837730771076
18837751791680
18846719411200
18863504760838
18864570368257
18897857171520
18966575777536
18967120845824
18967650371650
18967955537920
18968750850048
18971138998277
18983755448888
19002025836688
19104018866177
19241458010116
19241476063232
19241588228370
19245756940544
19245784107016
19259790985216
19310240219144
19311783577088
19381073486080
19525995085856
19791217724425
19791613001828
19793357841028
19793359536140
19793636032512
19794443633664
19795512927488
19795538002432
19795638554696
19795806258196
19796645707792
19797651882129
19800067706892
19800084455968
19800340586496
19808393660480
19808726319104
19808959857665
19809473396994
19825795538944
19826378539392
19826777524228
19827717640448
19829865086994
19842782593060
19859929843752
19860033650944
19860469908488
19861004648584
19868518711571
19877125443712
19905026064896
19928648257986
19928653107712
19929050923265
19931332629504
19938312194080
19945828171800
19963008319620
19963075103488
19998458250244
20066087502114
20066624278530
20067160995840
20067565700096
20068771561513
20074754736640
20091857019072
20203534712836
20220873801730
20341099491328
20341502509063
20342105972745
20343180234880
20349596993540
20358149181460
20375392093248
20422569558048
20444061630480
20478404166145
20479084593152
20615843154184
20890723303684
20890755548162
20890876182530
20890991988737
20891056605312
20891274577168
20892332081280
20892876802336
20892885205064
20925080772672
20925151969297
21165683769348
21234452791808
21990903976448
21991593607432
21992455554064
21993525149824
21993588031521
21995668410372
21998831140899
21998858145809
21998956711008
22003151020164
22007412448264
22007427252224
22007680862596
22010634044416
22016572801088
22025666036498
22029759807488
22033207918720
22041775374400
22058952557968
22058981425184
22058986242116
22061099827204
22061369000193
22077239197705
22093312372736
22093982859584
22127689335811
22128078360580
22128216769608
22129820237840
22129835772420
22131968624640
22132071333889
22162064939008
22162098880546
22265145131648
22265177846784
22265194381632
22265347457024
22265673678848
22266721339396
22273767637136
22299604549635
22299747027008
22303769428224
22333836231684
22402566197384
22415971713024
22539988413568
22539988632089
22539992727617
22540056791042
22540072337409
22548579361056
22557621223424
22574423638024
22583206543364
22608976298018
22643072041088
22751516557312
22834202025984
23090214470144
23090285265184
23090348228628
23091912642561
23092027981890
23095112966145
23106941091846
23107059353600
23126251438720
23162758760960
23227468496896
23244365103233
23375360819200
23639508914180
23678171481088
24189261056129
24189272868880
24189307715616
24189524329600
24206972682768
24210731696392
24223617662986
24258512195585
24275289382944
24326762266632
24468428816480
24740093755584
24741161205808
25297359504384
26388281174037
26388313674288
26388314718478
26388416038914
26388547797257
26388572668042
26388715618304
26388834894848
26389354070048
26389363314696
26390544252932
26392578496513
26392590813488
26394766606336
26396600582144
26396869526120
26397021077512
26397741449218
26402254488066
26405479907425
26405997904018
26407774192672
26409754501632
26422676656128
26422706110469
26422774087810
26426937974850
26427336458244
26439819986948
26457002887296
26457074106688
26474446979616
26491392892929
26500036296704
26525869023872
26525988618528
26526326325280
26528008114432
26528133939207
26530080112832
26543170529280
26594607366160
26595511279872
26663195378688
26663291723785
26663475749120
26663728709696
26664232944129
26665309712384
26671746910594
26673357586440
26700201197584
26733017305120
26800604316689
26938035160112
26938068598804
26938135566336
26938379862528
26939379155076
26940190819336
26947162869760
26968102010880
27006754361355
27009438976000
27075479076882
27144193835044
27488059132434
27488873087012
27489065796608
27489938309700
27492085662872
27492672868352
27504970842625
27556517511424
27645631266816
27766964125728
28037555036288
28312424484928
28587320279120
28587940388864
28595898548384
28656290306048
28737627227136
28760443191360
28918014803969
29695940757505
30786334265360
30787401950208
30788477796354
30790620644416
30794919707141
30797132202240
30830516764672
30924033753216
31061204533290
31336081539840
31885971488928
32987496488960
33552284581890
