4197127
6364176
41965604
70271124
75538536
101515312
135528526
151064866
268616096
537232192
542249090
574619737
675555360
805389318
1074062352
1075839602
1094852928
1140920389
1312818178
1478758528
1612744716
2173829125
2181317250
2218951184
2325749776
2449511432
2959606016
3222288896
3234136072
4308599088
4378887428
4429334546
4464316417
4597088836
4834993216
5259657224
5377106054
5404442880
6511656971
6979588116
8592498690
8603051009
8757774856
8992589136
9128378916
9194177672
12901957728
17181116512
17184997380
17196668033
17199005976
17213433632
17314119733
17326674496
17526031360
17985178256
18539446272
19596058689
21005090848
21475934728
23676848128
25805488320
26042433578
30601773313
34359836826
34360272980
34361880833
34496070696
34664876034
34905154048
34914172931
36507618560
36583248000
47244645890
60347654144
68719870505
68721320320
68723672292
68736265226
68737339472
68796088834
69059244032
69458329664
69944230404
70867535873
73584902178
77344162816
77378619680
77586530308
82678644760
107393187968
120259100994
137439499024
137440026659
137447735504
137573315588
137592047681
137707913357
137715853568
137728624128
138554671617
139184898064
139688149312
140140126336
141738704962
141935248032
146040426504
146079219734
147106842752
154686228482
156768469508
172604002400
206296875272
209648222210
240585278481
274878071875
274912616452
275015402240
275425263777
275481895186
275961626688
277495154692
279172880832
281321021472
283469154321
284138983424
286707942400
293165207568
309311307840
343600009222
343916151041
348026897408
412333850632
412887813120
413390864676
489626280512
549772920964
549828691976
549875356160
549965545729
550158508546
551097994273
551906738208
554059403264
558345760944
561038493760
562781224964
569217515656
584116601537
586548264976
588444344328
601836520448
687196865922
773119279136
824633722396
841815713792
867583983872
894494081152
1099545323649
1099570414656
1099788455955
1099798945828
1100066343168
1100920914696
1102330201601
1103817345536
1108139577600
1109318041632
1110518595712
1117228445704
1168231301396
1186489958401
1237567143940
1239098067000
1271312056320
1374457697312
1374544724112
1393725309184
1413044256773
1649271718432
1652522745860
1657874186249
1670809387088
1752480880640
1924951048192
2199037984770
2199059170309
2199090384448
2199896752129
2200131600552
2200642262272
2201170764044
2203318297105
2206673698880
2207630628864
2216274493824
2218351133714
2233384390656
2250571253769
2276466884739
2302140744192
2337605689344
2345052242976
2409477703684
2486895116288
2491634679876
2508529345664
2748812658960
2748846309414
2753611448448
2775622877696
2817767047240
3025808658433
3298534920836
3302834177032
3316150976512
3342023524368
3369485991936
3574486599682
4398751154564
4399120451200
4402345967745
4406906995201
4407711269122
4467873548352
4475913830400
4535525441568
4546357886976
4672941230624
4674132385801
4965015814147
5022964253440
5085241327684
5497558663521
5497761660928
5523327945732
5534069563394
5566286020744
5640382582784
6598416138260
6735045591562
7146977625088
8796099322504
8796135489802
8796236712064
8796445343938
8796500066305
8796646802480
8799314248081
8801530281984
8806595567616
8821871296528
8901857640456
8938097508368
8951785587784
9002285076608
9070996369408
9088218432001
9346118324484
9348063503360
9414572769298
9620894515296
9897754251328
9947144519840
10995317608472
10997540586016
11081015795712
13198434566188
13469021652224
13779339313152
14293685764624
17592187159817
17592371019776
17593352062992
17594350830152
17637316755489
17678186053644
17872973726208
18141944610833
18142256431232
18700355256322
19791242866754
19791352496132
20134806700080
21990241207330
22419998769152
24191405394048
26388283822112
26388547782664
26406132121602
26461301899329
26671747039364
28759117791488
