403247619
806495238
1612990476
2160231937
4320463874
6461472864
8640927748
12922945728
17185179717
17281855496
17450402105
22029049857
25845891456
34370359434
34563710992
34900804210
44058099714
51691782912
68740718868
69127421984
69424250953
69801608420
84288799236
103383565824
137481437736
138254843968
138848501906
156768414210
168577598472
174084915208
206767131648
274894733958
275047844000
275490279445
278368617032
279239993120
348972384259
352195749896
397285003296
421461753888
446945183745
549789467916
550084018305
550095688000
550980558890
558348312577
558479986240
704391499792
794570006592
824635296018
827355848704
846511472644
1099578935832
1100168036610
1100191376000
1106123424768
1111326984480
1116696625154
1116959972480
1134962151489
1512902828036
1649270592036
1654711697408
1693022945288
2199157871664
2200336073220
2200382752000
2201774751912
2212246849536
2233393250308
2233919944960
2347200151633
2512606199832
2542688092224
2800385786883
2819790733568
3298541184072
3302829982085
3386045890576
4398315743328
4403549503824
4424493699072
4443160454272
4466786500616
4467839889920
4537701122308
4810396931138
4954244782089
5025212399664
5085376184448
5498095092769
5600771573766
5639581467136
5774585921552
6597082368144
6605659964170
6616699305984
8796631486656
8798274322471
8799196809232
8799383524352
8804771053577
8848987398144
8886320908544
8899172335761
8933573001232
9113922699588
9484898403073
9908489564178
10050424799328
10788974756864
10996190185538
11201543147532
11549171843104
13194164736288
13211319928340
13233398611968
15668175970305
17593262973312
17596482339345
17596548644942
17598393618464
17609542107154
17612050531648
17729778091013
17772641817088
17798344671522
17875926582288
18179522953236
18227845399176
18762900185089
18966709817608
19793378807810
19816979128356
20066626830848
21577949513728
22024630567169
22283447961600
23098343686208
26388329472576
26422639856680
26466797223936
26807046766720
31336351940610
