2445
3410
4803
4920
9386
10852
215808
426034
471168
582272
671751
825600
1097769
1221888
1330304
1376277
1644032
14680960
24199168
39845985
54532608
58720267
77601792
92585984
102989824
106692608
117441920
144703576
153102464
155189270
176173312
205530624
2952790065
3489660942
5335154688
5637155840
6712229888
7589593088
9395650560
10078912512
10200547397
11318329344
13153337448
13421775488
13959495680
15032390912
17985177344
19595794560
22041067520
22548578339
23622320212
26307821568
26843554176
28135391232
34630344736
34632630788
34637615168
34644984072
34661861377
34695807120
34762408962
34898741252
34900934848
34905523208
34913411073
34930229776
34963984386
35031875872
35435594304
35437744136
35442131201
35451308048
35467067522
35500721184
35568230404
36510367880
36511450113
36515749904
36524524034
36540796960
36574396676
36641704000
38657331201
38658916624
38663161858
38671745184
38689309700
38789054984
42952033296
42954924034
42966585348
42983752000
43016800264
43083956353
51541836034
51544328224
51548012676
51556451392
51573432328
51607765505
51673862160
68990275592
68993155329
68996335632
69004820610
69021991968
69055045636
69122196032
69258576897
69261074448
69264753154
69273194528
69290164484
69324507200
69390598280
69795381520
69797677058
69802655904
69810029572
69826912320
69860852232
69927456769
70869098498
70871286304
70875877380
70883754304
70900582408
70934331521
71002227728
73016559648
73018704004
73023095872
73032278024
73048031745
73081688080
73149186306
77312557572
77313642560
77317931272
77326714881
77342982288
77376586754
77443899424
85901967552
85903557640
85907808257
85916385808
85933953026
85966487840
86033696772
137710536706
137711616160
137715909636
137724698688
137740960264
137774567425
137841869072
137978446368
137980039172
137984278848
137992865800
138010427521
138042967056
138110181378
138515054724
138517939264
138521124872
138529604097
138546778128
138579820802
138646980640
139588669504
139591155976
139594844161
139603280016
139620254722
139654602784
139720688132
141736084488
141738385409
141743358480
141750734850
141767606560
141801555972
141868155072
146031018241
146033215504
146037801090
146045682720
146062516228
146096259648
146164158472
154620944400
154623083010
154627477536
154636648708
154652411968
154686062728
154753565697
275148473408
275150675976
275155255809
275163140112
275179962626
275213715488
275281608836
275416891656
275419039745
275423428752
275432604674
275448373280
275482018308
275549524032
275954802689
275955876368
275960172546
275968950560
275985221636
276018823360
276086129672
277028014096
277033845792
277042438148
277059994176
277092536328
277159739649
279175234050
279181295876
279189784640
279206953096
279240000513
279307165712
283470069920
283472561156
283476254784
283484684808
283501662209
283535999248
283602094082
292062232896
292067215368
292074586241
292091462672
292125417474
292192010784
377958711296
446764679168
481036697600
550026478096
550028972034
550032654624
550041094148
550058066112
550092407816
550158508033
550294847618
550297142304
550302130180
550309495360
550326374408
550360318209
550426920976
550831689760
550833881348
550838470720
550846349448
550863176705
550896934928
550964822530
551905412100
551907565632
551911948808
551921127425
551936885008
551970539522
552038039712
554053927232
554055010312
554059300993
554068083728
554084360194
554117956128
554185265156
558348378120
558349959681
558354206736
558362788098
558412890244
558480098368
566938044417
566940926096
566944105474
566952599584
566969762308
567002812480
567069966600
652835030656
721554516224
756117667840
913754292224
1099782684932
1099784276032
1099788517512
1099797103617
1099814674448
1099847205378
1100050866240
1100053742088
1100056924161
1100065407248
1100082579458
1100115624096
1100182782980
1100587599880
1100593775632
1100602220546
1100619186720
1100653531140
1100719620416
1101661274625
1101663571984
1101668548866
1101675923488
1101692797060
1101726745664
1101793353736
1103808725136
1103810921474
1103815516192
1103823389188
1103840219200
1103873966344
1103941863425
1108103680002
1108105822496
1108110215172
1108119388352
1108135150600
1108168810497
1108236304912
1116694643744
1116695732228
1116700017216
1116708802568
1116725068033
1116758673424
1116825976962
1202618105856
1271311761408
1408749273126
1683627180105
1786752532480
1924146069504
2199293804673
2199295951888
2199300349954
2199309517344
2199325282308
2199358931264
2199426435080
2199563276304
2199564353794
2199577428100
2199593698368
2199627309064
2199694606849
2200101216288
2200105452036
2200114040896
2200131600648
2200164141057
2200231346320
2201173098784
2201175984132
2201179160768
2201187648520
2201204826113
2201237864976
2201305026562
2203320459268
2203322942016
2203326631944
2203335065857
2203352041488
2203386380418
2203452474400
2207615354944
2207617646728
2207622628353
2207630008336
2207646876162
2207680827424
2207747424516
2216205255176
2216207454209
2216212037904
2216219920386
2216236744864
2216338399296
2302274437120
2542620639306
2618319437824
2783139151872
2817498546213
2886219628544
3023709405184
3362959392768
3367254540288
3435973840384
3573622505472
3850169745408
4398046516372
4398047313992
4398047592518
4398187315200
4398206484480
4398214283308
4399389933568
4401804609792
4402879037440
4416409174016
4419521360384
4424084750354
4810363371545
5266166775808
5497562857601
5841155528704
6598146129922
6803228205184
7696581394544
8796093036561
8796093644865
8796094218320
8796179005480
8796263432192
8798244716674
8801998602264
8813340263428
8814615117824
8834814844992
8839051117056
9054327930880
9075271139360
9088152965120
9354473375744
9758165696580
9896007307296
10170482565888
10514079940626
10995661668384
11074841608192
11304353925248
13194139535882
13194139624448
13194150019077
13194190258176
13198702936448
13213468459008
14440753790976
15942989905920
17592186241100
17592187230240
17592187617306
17592197447680
17592265736226
17592269930577
17592371675136
17594871005184
17603997368320
17611112841216
18004502918144
18301124083712
18897856102440
19241453490560
19963007991811
21990232564001
21990232656000
21990251431424
21990434029568
22003155206144
22608709156864
23126519840768
24481313587204
26388279349760
26388304234752
26388417478665
26389084373058
26389353333888
26396869001268
26731977113600
29686815064064
