1400
12500
17731
19168
19500
30785
36288
44066
54340
82136
98949
102473
117000
141844
151968
164452
168130
196788
197441
197658
268936
286776
332042
336418
362048
409638
525482
528462
530192
549894
574017
669952
808992
901124
986112
1050922
1069168
1082008
1087505
1089606
1183788
1378352
1576480
1663488
2115715
2125836
2132737
2146836
2150433
2167556
2229409
2236994
2367888
2384385
2396166
2560128
2638896
3244035
3293328
3670658
3932256
4200609
4202780
4209672
4212354
4236804
4293008
4333575
4461092
4499712
4539424
4727425
4755970
4784163
4849930
4907008
5247362
5308556
5309953
5505348
5538818
5776640
6299969
6324386
6325512
6717504
8389779
8391942
8393481
8412176
8426506
8470598
8495364
8591361
8660496
8667397
8880130
8978569
9449988
9454083
9471012
9633984
9766144
9966593
10223748
10493987
10520648
10813505
10887172
11042821
11223040
12714096
12882048
12992520
14942226
16778444
16800260
16812046
16842947
16850985
16913414
16976132
16990736
17049732
17055890
17187841
17205264
17302037
17304720
17379330
17835137
18088454
18883620
18940945
19005714
19170432
19401280
19403040
20971814
21070368
21135369
21889028
24135680
25240128
27263361
28312578
29362690
29364544
31465480
33554493
33559233
33566981
33580041
33587974
33720323
33738760
33851432
33898499
33947952
34078803
34103440
34604864
34652704
34866200
35927040
36184580
36194560
36274208
36569090
36704388
37777410
37782033
37798208
37882048
37888040
38273158
38604800
38862928
40108044
41960208
42079488
42477570
42762304
43253794
44056586
47841280
50331915
50349090
50462853
50600192
50988040
51380640
51683328
54530184
59244592
63177728
67125773
67151881
67174700
67210244
67240483
67240536
67309840
67372116
67376416
67512352
67518656
67639809
68163844
68223506
68293696
68321440
68820994
69206370
69211280
69339268
69550336
70271044
70518786
71311410
71338624
71435300
71450641
71844608
72360456
73465862
75579440
76034112
76816385
78120976
78708744
80743424
83888417
83892354
83910792
84152896
84459536
84944960
84967682
88081411
100730114
100806784
100959233
101335072
101785632
102761000
104866880
104923145
109054528
118620176
119570436
134220811
134226145
134235672
134242884
134291715
134443008
134498376
134615064
134742322
134794240
134809605
134816784
135020561
135274642
135283584
135335040
135548930
135922177
136335632
136347940
136447048
136464896
137103488
137375745
138418944
138748032
138936393
140511249
140525608
142618672
142738178
142747712
143131716
143654925
145752144
146935812
147064864
147390720
147873792
151031848
151109634
151266312
151520513
151781442
153092768
159383686
160825344
167845960
167906320
168034442
168823041
173047816
176423428
184574208
184811553
201475328
201660416
201887872
202440769
203458048
203685936
207093792
209716257
218107924
218170112
220200969
234889744
234913888
235407368
236982274
268435599
268438609
268445722
268607746
268648488
268763672
268960796
268984584
268998660
269043714
269058368
269094921
269099140
269125120
269223170
269500438
269553952
269558786
269617282
269752384
270278672
270631048
270669840
270835744
272629970
272712256
272895104
272916484
273171457
273678882
273682437
274794528
276833537
276956226
277119240
277972992
285213536
285262081
285286784
286263305
287313152
287313985
287850624
293605394
293666821
293734432
302006341
302056096
302065665
302252180
302260290
303072384
303170056
305659905
306200624
310378584
321003520
335546438
335553576
335577476
335667200
336101409
336855176
339739920
343999616
352321681
352452872
353894404
356585472
402653481
402752513
402817036
403570720
403701834
404799552
405017088
411062400
419430915
428376064
440406080
482345472
536873138
536875548
536879912
536887566
536941186
536975392
537002641
537135936
537145440
537207812
537415685
537436180
537460792
537919825
537923619
538018560
538198176
539035660
539115585
539233281
540034304
540410368
540547072
541066309
541114500
541198608
541327625
541851728
543229056
545261635
545264004
545292449
545308690
545342976
545917056
546308200
546443280
553653257
553659904
553732160
553812352
555286529
555757696
555761688
559940100
562176002
562300936
570426928
570442944
570695697
570953986
571476608
571482122
572653604
585138176
587203844
587989504
603980452
603981322
604078097
604129282
604184584
604274818
611319809
612436224
612532736
629146640
637544452
639139840
671091808
671105570
671352448
671682624
672171024
672219144
672276736
673259552
673710090
675328000
675349008
683671688
687898629
704872448
705167489
713040896
738201857
746602500
759300096
805325184
805344512
805568705
806375936
807407656
807928080
809640000
815800832
822124552
822608928
864026752
873005568
874547200
906100737
939526664
947913024
1073747981
1073762833
1073775889
1073799682
1073807886
1073809040
1073856672
1073905706
1073980416
1074004140
1074006296
1074013504
1074016386
1074397315
1074562080
1074801680
1074856197
1075069956
1075642376
1075840386
1075843160
1076625665
1077937056
1077938198
1077952649
1078012416
1078018306
1078198370
1078464552
1080623168
1082131026
1082148898
1082171584
1082179596
1082327584
1082941440
1084295296
1090521410
1090850820
1091047616
1091569700
1092108290
1092616968
1094737984
1098908960
1101139968
1107560516
1108344977
1108367360
1111495696
1112016897
1115832448
1124075009
1124204640
1140858917
1140884288
1140921352
1141047362
1141149712
1141178497
1141393472
1141637636
1141907840
1142956042
1153958016
1174536204
1176518672
1207960264
1207964000
1208026148
1208156544
1208254529
1208492576
1212154373
1217003528
1224867857
1227948032
1242071044
1276118018
1317011712
1342181638
1342190144
1342590976
1343250433
1344348176
1345325568
1359675392
1363148833
1375766544
1384645632
1409420288
1411645504
1417674755
1476404352
1477971968
1509965832
1610615329
1610639368
1610686529
1611137124
1611186432
1611859968
1612715520
1612873744
1615102464
1615855640
1619021888
1619037184
1644171424
1646329858
1681920002
1744830612
1745223682
1749026048
1769996800
1879146500
1879311368
1912611072
1962950656
2015363073
2147486227
2147489848
2147537536
2147553362
2147615046
2147617153
2147631880
2147764482
2147811716
2147876945
2148008896
2148016139
2148041256
2148143200
2148604416
2149058632
2149073168
2149580854
2149582624
2149587970
2149639168
2149656832
2150109201
2151694410
2151784512
2151944464
2152727712
2152759316
2153840664
2154962944
2155897120
2155939876
2156136592
2156397062
2156431616
2157970564
2159296512
2160066819
2160072192
2164525152
2165456928
2165870592
2166374720
2166489100
2166620688
2168455745
2168592384
2176892928
2181056592
2181303808
2181455872
2183168272
2184183874
2185269280
2185429504
2189427080
2189493264
2199982080
2214601032
2214612096
2214625349
2214659168
2217214088
2221147136
2223047169
2223112232
2231828480
2231894050
2249199617
2252343552
2281703692
2281710597
2281771144
2281869568
2281964562
2282782912
2284068928
2287993216
2292318209
2298611200
2316304432
2319466500
2340421696
2348826627
2365628416
2415919522
2415932432
2415951984
2415955971
2416067588
2416197665
2417033345
2418016840
2420113452
2422231040
2424905728
2432704518
2432731648
2433482760
2450000000
2483032608
2487353472
2550137476
2550333504
2551195648
2617770000
2684362946
2684396033
2684444688
2684752896
2685404676
2688618497
2693271560
2701197832
2705588352
2717974848
2718203908
2718441504
2720023040
2734688258
2751463698
2819244032
2828009474
2952790037
2953119744
2991587328
3221357704
3221497857
3221752836
3222437889
3225944592
3231186976
3234136064
3238002964
3238003330
3240632320
3246391305
3254788120
3255386112
3256877089
3263172610
3288344064
3290435840
3292561416
3321888960
3355542016
3422554144
3489800224
3489955968
3490710784
3758358576
3760195648
3766616320
4294977888
4295006784
4295008344
4295012512
4295036949
4295053856
4295099682
4295118851
4295123584
4295147792
4295230241
4295234066
4295573761
4295794690
4296034328
4296155184
4296413440
4297064967
4297130688
4297197832
4297233408
4297851908
4298113192
4299162216
4299179268
4299425802
4299440193
4299688452
4300288000
4300341314
4301787264
4302308368
4303360097
4303366280
4303372736
4305453332
4307554328
4307591169
4308075522
4311753746
4311887880
4312416320
4312797697
4313022464
4322295840
4328524322
4328528016
4329702401
4331702272
4334026880
4334813472
4345304128
4345364996
4350025728
4362603776
4363150336
4363714688
4366274628
4366469120
4370483201
4378853432
4395732992
4396024320
4429186626
4429191174
4429250722
4429316180
4429382152
4429457920
4429725708
4431806497
4433412144
4437574161
4437607680
4437721120
4445978753
4447011844
4448321792
4463398912
4471195648
4496457730
4498399360
4563404424
4563451938
4563470408
4563536385
4564451524
4565582848
4567630912
4571797760
4572053552
4580182036
4580573186
4588584968
4597022992
4597481512
4630782208
4698145152
4700897280
4701833216
4731208192
4831855184
4831986696
4832501761
4832935937
4833148940
4833953824
4836040962
4840325184
4841799936
4848640004
4865425544
4867498048
4915986433
4982833224
5033231360
5100276738
5100404996
5106827264
5167386640
5368717577
5368742034
5369135108
5369250944
5369268232
5370810402
5370816516
5371855168
5372912672
5372940544
5375131649
5378410496
5385552008
5385765376
5398069252
5436866580
5503194112
5587337216
5637148801
5671747586
5905907968
5913976848
6442451097
6442593280
6442714304
6442979588
6443499557
6443516034
6443794944
6444941344
6445105216
6450839628
6457133056
6459261984
6518734848
6526337156
6543130632
6576668993
6576676904
6861885440
6987711104
7047481344
7516193795
7516260368
7516324416
8589940320
8589943321
8590003457
8590074018
8590101512
8590131276
8590229523
8590401792
8590508168
8590723081
8590985808
8591016201
8591257608
8591507980
8591515681
8591708160
8592056416
8592113669
8592164368
8592295956
8594133059
8594214928
8594655616
8595341824
8598391304
8598479872
8598588480
8598847586
8600461328
8601602048
8604631296
8606787600
8606843432
8606847056
8606892036
8607007008
8607318048
8607778304
8607891459
8608846336
8610906288
8610909188
8610947074
8615118976
8623507462
8623587348
8623759396
8624020480
8624021824
8624079362
8624574466
8625587203
8625594504
8627684104
8628742144
8631881745
8631911936
8640301120
8657045704
8657060240
8657111074
8657195520
8657314432
8657571888
8659141892
8665464838
8665956616
8666481184
8673820772
8673919104
8674608128
8707383297
8724168898
8724185610
8724194368
8724676772
8725201960
8728543234
8732639264
8732811266
8757776640
8757838464
8759296000
8780775424
8791786048
8858372866
8858378544
8858714240
8858763840
8860999682
8861520896
8862695448
8864662144
8866775556
8871481344
8875148418
8884584704
8891942144
8892059680
8925480449
8929968128
8960081984
8992622720
8993702400
9059835904
9126806566
9126814081
9126819842
9127462144
9137553440
9139388992
9144893456
9145680960
9152040960
9160417280
9193922640
9195028484
9198108960
9227472904
9261031436
9261842432
9265233921
9277800706
9395507204
9396322336
9397534720
9663693128
9663693842
9663701124
9663938768
9664331796
9664823360
9665774148
9668935712
9684779264
9697264000
9715056648
9731350528
9797894179
9799995520
9865265160
9936372736
9940510720
10200549636
10200678409
10202120320
10737418345
10737438754
10737452290
10737461252
10737488900
10738008208
10738598020
10739810312
10740564481
10742399008
10754196504
10754457605
10772348928
10775167105
10804789314
10817118208
10871915008
10940907520
11010050112
11274420738
11275341888
11276910596
11282678785
11408508944
11811164680
11817451522
11844847616
11945902336
12884902961
12885230594
12885438976
12886508544
12887001153
12889161764
12893290629
12893487120
12904833024
12927107080
12954648576
13021216786
13028560896
13188988932
13220446218
13421838849
13472235520
13967032578
13975427072
14025883680
14092910592
15032422416
15032911874
15036727296
15200158720
15300829312
17179870742
17179878977
17179885908
17179947137
17179959306
17180004680
17180018208
17180035360
17180137475
17180180489
17180460320
17180655668
17180984392
17180991508
17182138369
17182244996
17182491145
17183023872
17183051840
17184592900
17184598080
17186291848
17188258466
17188388892
17188422784
17188520010
17188595712
17188800520
17189437473
17190887552
17192472577
17194550336
17196679203
17196680960
17196707840
17196908992
17197695058
17197695244
17199071234
17205051488
17205100816
17213456548
17213506564
17213562948
17213949568
17213997058
17215260672
17217618977
17217718272
17217896960
17218142480
17230729217
17238721024
17247044232
17247502440
17247518849
17247731712
17252614144
17264804896
17272147976
17280537344
17288962048
17297375296
17314089128
17314390032
17314742416
17314873608
17315152897
17318428736
17332445184
17335324672
17347679232
17356029955
17381198096
17381216288
17381327364
17385390090
17448315908
17448386577
17448509952
17448632388
17448841248
17450418464
17453564032
17458792449
17460920324
17465362432
17469277192
17481928712
17515430914
17515446800
17555259392
17583603968
17599299620
17649893377
17716806240
17716872272
17717952520
17725129221
17725133856
17727226114
17729519616
17733517450
17733910560
17734074432
17750431744
17750622336
17770217472
17783858432
17784639488
17784913936
17852010500
17853055168
17985179714
18152947728
18253630720
18253747201
18254143505
18254200964
18254661824
18254922241
18255709224
18255841282
18257805388
18264113664
18270535688
18272485520
18287166530
18287190048
18287198728
18289262852
18321244418
18387836934
18388172800
18394152960
18396223488
18523226116
18589155488
18790482704
18790621312
18811455488
19327355014
19327361680
19328401760
19328421896
19328437248
19328991234
19329515680
19331549193
19335750658
19335843840
19361169665
19363136512
19394462737
19394478656
19394596866
19394994180
19403899008
19461570648
19462127617
19478415360
19598934032
19612696577
19629343234
19864750592
19881005072
20132659464
20401111045
20677918784
21474840716
21474887808
21474967776
21475295233
21475890178
21476409872
21476966944
21477203976
21479096338
21487681792
21492137990
21508399234
21518880768
21525170184
21542207522
21542994177
21560950784
21609120004
21613249152
21643657280
21743570944
22011708545
22011971600
22045278464
22078849028
22296985600
22565355585
22619897856
22817014800
23622352906
23758651392
24163385408
24697118720
25769953281
25770067080
25770328325
25770362896
25770893440
25770983696
25772000256
25772556320
25774063808
25778459136
25779322880
25786581633
25803374616
25803784192
25839010306
25841113088
25845432384
25908216848
25914507268
26038243472
26038272072
26306953218
26308771857
26843549732
26869235712
27112243456
27917353728
27917426696
27917812800
27939307520
28017950752
30064791616
30065821700
30337400833
31172132864
34359744610
34359758337
34359765252
34359787665
34359841920
34359878928
34359882272
34360021012
34360099073
34360262853
34360265040
34360266898
34360328776
34360394500
34360415232
34360459281
34360791177
34360797698
34361058336
34361065992
34361084032
34361377796
34361835789
34361837720
34361848066
34362115136
34362163236
34363933721
34363953344
34364022785
34364068097
34366557184
34368135190
34368193570
34368438304
34368685072
34370228864
34370355520
34372846112
34376524300
34376532041
34377041410
34377629792
34378612778
34380714512
34380842048
34382282880
34385178624
34385430529
34393302148
34393333808
34393360672
34393391114
34393493568
34393563904
34393686025
34394343436
34395918344
34396504576
34397751312
34401681632
34405875717
34410070086
34426847626
34427928656
34429124608
34431041633
34431369728
34435236113
34445795328
34460403841
34468791304
34481389568
34493972517
34494064640
34494383104
34494613506
34495042048
34502377538
34510864672
34521235456
34527511617
34527576208
34561597441
34562244616
34563164224
34565264384
34628243969
34628469252
34628569344
34629240864
34633613312
34636562724
34636565008
34637619328
34644959312
34645279744
34662531072
34665922944
34695413780
34695548930
34696332032
34762403844
34768683010
34896642092
34896675092
34897682496
34898313248
34898706544
34898740226
34898847744
34913407008
34917646338
34930294802
34964243520
34966077448
35039477776
35068575776
35165062160
35165569030
35169271809
35433613360
35434041345
35434529042
35436118020
35450260488
35451043856
35525787648
35568746656
35571900424
35603480576
35634823680
35701932162
35712401416
35752251392
35979788292
36003938368
36238918144
36507226276
36507289665
36507451424
36507484456
36507787392
36508009473
36508279041
36508402192
36509401090
36520853512
36524004608
36524294146
36528201760
36532453504
36541842432
36545495104
36574333444
36577476640
36607893506
36649831424
36658741252
36708810880
36784181248
36809277444
37111238656
37580964944
37580992512
37585160320
38117834762
38654706576
38654787716
38654869569
38654976005
38655623296
38655757376
38656286728
38663094283
38663227396
38665200640
38673584132
38675679488
38688260424
38688526368
38692520960
38714474496
38721824784
38721835264
38721847816
38822494210
38923214880
38932054080
38939951232
39191646216
39191838786
39728586754
39733690880
39862667265
40837841024
40937521152
41137733633
41339584528
42949686273
42949706273
42949755912
42950722704
42951901190
42954489856
42958069832
42983232004
43017062400
43023073296
43034611712
43083891012
43084038160
43089395712
43218173970
43226759169
43486679168
43487594497
43495473152
44025546752
44040258048
44057232384
45097205824
45105545264
45367689472
45634297856
47245164832
47247000064
47248834696
47311814720
48184164352
50465865732
51539610376
51539641024
51539775504
51540656184
51544064160
51549049088
51556518016
51564774404
51573760000
51606986816
51607832576
51675922960
51809091649
52077003136
52080680964
52420411392
52613615624
52615512065
52748091456
53687418896
53689188420
53691318528
54760833568
55868129793
55968793632
56103141384
57982064640
60146336000
60196651017
60431534080
60666414592
62411243522
64432930816
68719485574
68719495189
68719502416
68719545858
68719555840
68719568928
68719575138
68719583752
68719613448
68719641106
68719739939
68719747209
68719755842
68720035076
68720072720
68720328864
68720525404
68720657184
68720730113
68720918538
68721316352
68721887232
68722114632
68722231297
68722626578
68722689056
68723737620
68724195480
68724728000
68724736264
68725278720
68725774400
68725915650
68727865908
68728397836
68729962792
68736254277
68737303824
68737319044
68737372168
68738353200
68739661825
68740485124
68740515968
68740710440
68744683552
68744986624
68753033752
68753326720
68753600512
68754081888
68754243588
68757226052
68761489536
68762476560
68769907712
68769957888
68771906050
68786651332
68786757696
68787192832
68788693504
68788719624
68791439360
68795105285
68803383297
68803887488
68824334496
68853833764
68853989634
68854775841
68854878336
68855791686
68855988240
68857958432
68862623746
68870471706
68875715072
68878865408
68887250184
68887298064
68887642176
68891445250
68921870336
68929192080
68987912977
68987998212
68988698629
68990534176
68992108804
68992270368
68996303040
68996366594
69003640832
69004821120
69004984384
69021471745
69022777600
69038243852
69055299600
69156274176
69191336192
69256384592
69256495152
69256675346
69256880704
69259534336
69260552193
69264736281
69264998468
69266965504
69274304576
69290180616
69291999489
69323849984
69324506240
69340233734
69524791440
69524849728
69558370306
69596086280
69793350724
69793366273
69793613952
69794349072
69795315845
69795872770
69797446784
69797609480
69798461443
69802131776
69802657280
69805813760
69827108864
69827428864
69863604224
69927438416
69927440898
69944229920
70070173712
70200328192
70330089864
70330106372
70598531072
70866976868
70867289096
70867484961
70867681284
70869069856
70870106372
70873284609
70875357249
70883740673
70883762688
70883770632
70900515970
70934202384
70934335492
70938264066
71001186576
71135969280
71278002208
71512883200
71940705024
71995228160
72077017096
73014708260
73014838288
73016614914
73017606656
73018638721
73019179040
73022867458
73025192064
73031225602
73031352353
73081552915
73082605600
73115631680
73150761984
73161244736
73283414016
73283960848
73284976649
73349989380
73551839364
73585983488
74088448072
74121744388
74155360768
74641866752
75166130180
75170336768
75296670208
76235669664
77309412365
77309417604
77309609088
77309739524
77310460994
77313614368
77313872896
77318324864
77319143424
77342982657
77343031336
77351485442
77376555264
77393297936
77412433920
77443633224
77452017921
77577848865
77594636288
77712064532
77846282464
77846301696
77850607620
78383155210
78383742977
78384206080
78385259520
78454456384
78651621888
79457030145
79607890048
79993864192
81604379456
81605033992
82143350784
85899355296
85899383041
85899479616
85900408832
85901050880
85901443169
85901464576
85903810562
85904588836
85907738630
85907874048
85916127776
85916131400
85922414848
85933166608
86000012288
86033826820
86041985032
86069223424
86170271744
86185082896
86209740800
86301999234
86575153152
86973157440
86973614112
87577067521
88080908296
88583716992
89120604176
90194313496
90194337793
90202768384
90731315202
92358836224
94489280802
94493523968
94556463104
96645154816
103079249988
103079478656
103079481409
103081313796
103081320465
103087609864
103091798146
103096655872
103121191168
103146332448
103146389528
103147143168
103213957160
103221886980
103347651082
103347654704
103347667264
103431538688
103482917888
103616095240
103616102403
103621332992
103632864000
103650166784
103750336640
104152956966
104154038280
104171831360
104220070016
105226698952
105230909456
105235350016
105394475008
107374379264
107390977024
107919441952
111669542944
111671263360
111803369984
113279762448
113883743232
115997679616
120259086354
120296964096
120326209540
120410079233
122675011584
128849547264
137438955559
137438962954
137439002728
137439012880
137439093952
137439109153
137439220802
137439388160
137439412320
137439478041
137439479948
137439486482
137439498760
137439641606
137439756608
137440048128
137440071748
137440526628
137441050833
137441052996
137441068168
137442099214
137442394368
137443283584
137443688468
137445441792
137446294080
137447490112
137447875616
137448399168
137455747376
137455833344
137456263236
137456386208
137457838081
137457860674
137460064272
137460973825
137464119448
137465201152
137472508257
137472511136
137474609200
137474736641
137476702234
137476708356
137476784256
137481029640
137506062486
137506099234
137506140672
137506226433
137506620424
137506979856
137507111941
137509216272
137510258728
137514455169
137529131136
137531228420
137539633666
137573205122
137573239360
137573302409
137573307424
137573499152
137574268932
137574482464
137575334020
137575817216
137577366540
137581559850
137582350336
137594142816
137609872384
137610928129
137640280512
137640869890
137648703488
137707415040
137707461632
137707487746
137708439824
137709519876
137710338048
137716170880
137716302592
137717874784
137719971857
137728623104
137758785536
137774563408
137776611329
137841606832
137875292416
137908719624
137975990336
137976217605
137976365186
137976619016
137976876040
137976881284
137977921952
137980022856
137981394944
137984475650
137992618497
138009416192
138018816001
138026221584
138043212800
138244325385
138244554768
138245832768
138252650500
138512728148
138512973834
138514825225
138517155841
138521153552
138522263554
138534223872
138546258560
138579824644
138596712960
138613426176
138646931584
138647961864
138697244674
138718216208
138781131300
139053891616
139067396096
139127160832
139586437793
139586438544
139586457857
139586707476
139587683328
139594836480
139595350096
139611607072
139619992076
139636777984
139720659472
139720794114
139725375488
139737448456
139859075328
139863277570
139871649984
139955798016
140123314304
140123373574
140123439128
140259655680
140660212000
140660244552
140663324800
140664390656
140727812097
141734020112
141734332416
141734446593
141735100932
141735231568
141736020496
141736542466
141742899204
141744455680
141747552288
141750706720
141751226384
141754908674
141759088704
141767475588
141801046176
141803127872
141935509508
142004465664
142007205888
142270867456
142375649280
142405009411
142816052232
142842003456
143092875520
143881404514
143881736192
143885631616
143914960897
144150888456
146028892434
146029021328
146029158465
146029203456
146030002336
146033101312
146033116192
146033156104
146035703809
146037277716
146046189578
146062443592
146062705168
146096008192
146098225160
146101239810
146104713216
146130075652
146163108128
146179887105
146297585704
146432066560
146565775428
146566283808
146601412608
146708496384
147102842880
147148767232
147371065410
148178485264
150323863558
150324379840
150860726536
151398645761
152538448384
154618823490
154618861576
154618889219
154618953778
154619093280
154619478081
154619641984
154619879433
154620924034
154621183488
154624069648
154627235844
154636141568
154644250625
154652639238
154685948168
154702716930
154753040405
154754091010
154887260800
155155695873
155155779584
155189248040
155289920000
155694669888
155700953472
155709407264
155961524232
156229468162
156776792072
156934078592
157034745860
158917001216
158917987328
158989287440
159064817664
159987536384
161061404928
163242323968
163496067072
171798692964
171798704152
171798742272
171798839308
171798978688
171799251456
171799871872
171800281089
171802951728
171803279362
171807146248
171849187328
171865802368
171870027780
171874328576
171901452544
171935268865
172067127555
172100682304
172335628480
172335829248
172341870592
172486558720
172873555968
172874531330
172889210885
172939804704
173947228162
173948928000
173954596865
174030061584
174751481888
176093661314
176110698504
176227885312
177167417360
180390793216
180657102848
182536112136
184683725824
188986951712
188995342400
197568495748
206158434821
206158471552
206158957632
206158987312
206160789528
206162756609
206163214848
206166837504
206166884385
206166986752
206175404034
206194147392
206229757952
206233928706
206292658184
206303134208
206427394050
206561083457
206696349954
206724661248
206896627744
207249212416
207500673152
208305948160
208306962449
208310370368
208339599392
208373088512
208576448512
209388044292
210453402752
210453479432
210453692417
211258704384
211661488128
214748627074
214750461988
214798696704
215017979904
216896380928
223405539456
223606736128
224446644224
227633266756
231928234504
240518176834
240518498304
240551724048
241596104960
257700167680
274877908517
274877909412
274877940528
274877997376
274878040133
274878045312
274878169426
274878183440
274878219280
274878234637
274878435649
274878439810
274878730248
274878955976
274878972193
274879547648
274880069736
274880114688
274880151812
274880594448
274881062920
274882106402
274882371656
274882658372
274883182721
274883281928
274886297649
274886320648
274886361984
274886426762
274886692928
274886824096
274887350274
274887917568
274888396288
274890499200
274890653952
274891801088
274894753840
274895218720
274895470721
274897043524
274911462034
274911466508
274911595264
274911626304
274911657990
274912051392
274913564673
274913820832
274916196360
274922078224
274928255552
274933481476
274945017025
274945064970
274945213952
274946326564
274949998592
274953666584
274957664320
274961826305
274965995776
274978570516
275012128899
275012142240
275012223056
275012255842
275013175812
275013178624
275014221852
275014222401
275014289410
275020579848
275022905344
275028914688
275045826561
275062489216
275146343748
275146498064
275146621696
275146867266
275146899600
275146932260
275147395096
275148447936
275150668292
275154993158
275163123844
275169411088
275180257280
275192481792
275213463553
275222495232
275263782944
275314115586
275414780948
275414784264
275414820992
275414918176
275414990976
275415044609
275415433736
275415835152
275416121408
275416875145
275419070472
275420022816
275421069378
275431555169
275432079378
275439960320
275448352784
275448398849
275452919808
275484008448
275490275362
275499712520
275549520132
275566100480
275683739649
275951653264
275951732737
275951813248
275951913986
275953090576
275953745939
275954402304
275957940260
275960562177
275968462850
275985203273
276010377216
276087972096
276094271504
276153110528
276220150024
276224286722
276354334752
276505427972
276756955216
277025456401
277025533956
277025931396
277027488010
277030240257
277033812544
277042450432
277059012616
277060001920
277092794624
277094727744
277096710176
277126579200
277161443328
277226717704
277293829152
277327384832
277361983490
277562278914
277574844432
277830860800
278100181004
278115976192
279173137448
279173204096
279173562400
279173943300
279175249922
279177070672
279179174400
279181271106
279183884296
279189684544
279206428772
279214817537
279223468048
279240056836
279240114185
279242113040
279244177538
279308181504
279374201120
279441510400
279446552832
279508435008
279575527429
279730720768
279978180768
280380833802
280817043456
281320472576
281329796096
281337143297
282664632320
283467913280
283468038177
283468365912
283468775424
283468894848
283468899332
283472053312
283476242688
283476756484
283477278785
283484635153
283489337856
283535081490
283602096132
283602322433
283738390536
283769840128
283887272000
284005310464
284006810368
284038267012
284541649026
284541722688
284575662112
284617081856
284679997440
285615358112
285632104704
285657284608
285884022800
287762835456
287762940288
287779586060
287800590336
287830183936
288300728322
288836551184
292057817184
292057974800
292059111424
292059874576
292059891776
292060008960
292061970968
292061986822
292064329729
292066164932
292075143176
292082976768
292091339016
292092411920
292099784736
292124887584
292124889168
292129113088
292326211969
292328341506
292393320460
292464689152
293132062720
293132566562
293215666176
293265737216
294205259843
294205653120
294347866368
294809305088
296352745730
296352759856
296353006084
296353276928
296370569344
297435004928
300698042370
300916278272
301318799392
309237645992
309238857730
309239025664
309239775616
309240537088
309241841408
309241841667
309241970832
309254520836
309254816256
309304755206
309305819264
309371879688
309373964320
309388642320
309414330368
309506343008
309508179972
309514551296
309539635217
309774584320
309783035905
309809119488
309908742146
310311391300
310315630592
310320038144
310379020296
310848259200
311385161752
311385278464
311385657856
311940874240
313532617744
313533202434
313535758337
313666830528
314623131680
315684552704
317827842058
317844365440
317863231552
319170805760
326418038817
326451073152
326484754688
326954385480
343597384460
343597424643
343597926912
343598039312
343598956550
343599747328
343601578336
343601582097
343605789700
343614161058
343614169108
343637230592
343664562178
343664763904
343673929984
343731864080
343802904580
343866083336
343874212352
344134258724
344138449536
344201365568
344536924160
344671126552
344771821568
345208782848
345744883721
345744906240
345746964624
345750175744
345770557440
345879086144
346818740226
347925921920
350576705792
352188366896
352199901192
352522862720
356616568832
360777351296
360810807301
360846983168
361330902016
369367449664
377957155872
377959350280
377965510736
378230276096
379030874112
395138040320
412316862538
412316869377
412316901388
412316942354
412317123716
412317253896
412317910530
412320137248
412323186688
412334950400
412335738888
412342158336
412350941200
412352520194
412354609696
412383969860
412383970352
412384231427
412385116160
412417523848
412451603072
412455550976
412585332800
412728950784
412853866498
413021503552
413189275904
413394796736
413424157952
413659168769
414465409088
414466442241
414598561828
416074964992
416616087553
417150795780
420906860804
420917280896
421041020944
421460475904
423058477056
429496909824
429505642498
430033600656
430570473476
431660990976
446677647380
446693900544
446743713792
446811013120
446945035272
450979955200
455266549792
481036339329
481078542336
481304780832
482112192512
485415190528
498350428160
549755816052
549755818672
549755851020
549755856016
549755881610
549755893764
549755900930
549756076555
549756121089
549756240008
549756373121
549756404801
549756543008
549756608704
549756633616
549756919816
549757387074
549757943834
549757944004
549758001280
549758435372
549758968896
549758976034
549759025424
549760008497
549760076096
549760143378
549760221188
549760664128
549763158024
549764205344
549764219028
549764220168
549764235600
549764272168
549764333641
549764465026
549769445382
549772595237
549772599394
549772656668
549772921344
549773132036
549775212547
549776802832
549782048768
549785305216
549789378944
549789402400
549789435400
549789442066
549789765636
549790023937
549791664128
549794627585
549795659920
549797781568
549798285824
549806182416
549808242760
549822947585
549822964256
549823448196
549823973520
549825022984
549825282053
549827706896
549831590400
549837602848
549839713280
549839962272
549840357376
549856483360
549856739648
549890032404
549890037249
549890359302
549890572384
549891702784
549894228100
549894758402
549898422296
549906813312
549907333640
549923865600
549961383936
550024249752
550024478736
550024513570
550024843392
550025441280
550028477184
550032643076
550033162250
550033687104
550045231104
550057822720
550059901186
550091374628
550099755024
550163709968
550169018368
550175391744
550292697360
550292705416
550293377024
550293751812
550293865474
550295142400
550296879235
550296903712
550302195712
550303694912
550314737664
550326829060
550330435592
550359924804
550427033640
550428213249
550561120786
550569525249
550762446976
550829557282
550829703248
550830146304
550830605321
550831136772
550834030592
550842139144
550848479232
550854983744
550871531521
550896668737
550900998144
550905055236
550913441810
550997340160
551098056800
551098253329
551115817088
551232211200
551434584096
551639580672
551903305868
551903560260
551903832080
551920173057
551921386496
551922174080
551936851975
551953629952
551970951168
551971586304
551978828800
552037781536
552039612930
552041776128
552046428288
552205288512
552238907400
552440171776
552465334276
552473854080
552987525136
554050799682
554050912270
554051076192
554051310600
554051831168
554052894737
554059203076
554059432961
554084338692
554084401281
554085392896
554118938696
554122084865
554126413824
554134749184
554185031689
554185261200
554319224897
554320592896
554323415072
554587658241
554588454912
554629595138
554656858368
555125047344
555141432320
555162271808
556198267400
556198277122
556200427524
556204032000
556466716928
557943095296
558345798657
558345880069
558345896194
558346011920
558346027020
558347911712
558349955200
558350075936
558358396929
558381420544
558416035840
558433828872
558454800512
558480050176
558513520720
558614188352
558615758848
558664777728
558882684994
558882883712
559151064064
559420276738
559423717392
559570485252
559989916160
560494280722
560502013952
561567047680
562640716418
562657493249
563177586708
563716554760
566935695880
566935748873
566935798272
566935815040
566935965952
566936085504
566936764421
566937256072
566939910184
566940928512
566945382416
566952462353
566986031232
567006986500
567011246082
567069909312
567088776192
567103455244
567206216196
567238721568
567473078306
567506108481
567556440576
567606806528
568143642753
568277901312
568546557956
569083171968
569083185184
569356058624
569622142976
570157563904
571230658596
571231207680
571264335888
571507474560
575527717120
575659970560
576070877192
584115620880
584115814488
584116340740
584116601476
584117666560
584132886560
584136785921
584149155844
584153301506
584182693891
584192622592
584249771266
584316944416
584383987873
584386216960
584417550344
584652685856
584665006336
584685982720
584788738052
584920860736
585189300736
585189425416
585192701952
585193489412
585197690912
585726246912
586263175232
586397253649
586532552704
588410535976
588427297344
588549062656
592705552768
592730652674
592740220928
592772603908
592978132992
601299685376
601303957504
602469826560
603459682312
605592485890
609885356128
618475429912
618475817224
618475962496
618477388368
618477457409
618477551872
618479505920
618483690496
618484727968
618492338432
618509109249
618519330820
618527195136
618542399530
618542432276
618609639427
618643063328
618743750658
618743989760
618811883521
618877980672
619013210632
619146445056
619299471360
619549032642
619549041153
619549167648
619582587152
619683775488
620622840448
620625657856
620706660416
622771439616
622795423760
623311324160
624951328768
627065225361
627082003488
627200499712
627669729280
628147372032
629216903424
635655193602
635655225392
635656224832
635664072705
635672068100
640151453696
652836143106
652839264256
652902269440
658472173568
687194785801
687194833425
687194865700
687194900994
687195553825
687195820800
687196999744
687198994497
687201067012
687203196930
687205517312
687211546116
687229370560
687264498176
687295562752
687413919744
687463202892
687463223312
687497314304
687597690880
687740028032
687748417568
687866380304
688268640388
688269592576
688285294600
688404824096
688805380416
689342776322
689343307808
689883316736
691623969280
691825281024
692563542018
696858448896
698200621057
700084125696
704375228416
704521437184
705180073984
721559224328
721621631040
721722279936
722091384833
723701989636
725849509888
738735424512
755915554820
755918440464
755947802632
756451164160
760209211680
790290759808
824633731648
824633739536
824634806304
824634917376
824635293713
824635826224
824637980832
824638177300
824640536832
824642110560
824642117637
824642961408
824650498256
824650499082
824650670080
824667279426
824676712456
824700830466
824768070660
824906350601
825170626048
825313202176
825707464744
825776734208
825842729024
825975915520
826785431554
826848315393
826915446784
827318337544
828928688163
828941287424
829098557440
829214425088
830002438272
833241546752
833357873288
833500512256
841830367520
841947807762
842082031616
846108622912
850470649856
858993479681
859001849984
859396112896
859597438992
861174497312
867583919104
876173623296
893353198849
893353230408
893353476128
893923631104
895769116676
901945229314
911611002880
962072749056
962073202692
962123005953
962206925056
962341109890
963146678784
968515125264
1099511652626
1099511665712
1099511696144
1099511765002
1099511832656
1099511891017
1099512152835
1099512168489
1099512185922
1099512301584
1099512703104
1099512729856
1099512742440
1099512809088
1099512947264
1099513135108
1099513200848
1099513737744
1099513921570
1099514292224
1099514775585
1099515825440
1099515830410
1099515840580
1099516055552
1099516149777
1099516215680
1099516354596
1099516609032
1099516938242
1099520017932
1099520155777
1099520295938
1099520311809
1099520542080
1099520608320
1099524220944
1099525292096
1099528437841
1099528668704
1099528683784
1099528937496
1099528962180
1099530633408
1099537334784
1099545182371
1099545184773
1099545198732
1099546231814
1099546759200
1099547283776
1099549442308
1099553583112
1099553685504
1099555669024
1099557765760
1099578739730
1099578818690
1099578892292
1099578999046
1099579334912
1099579393025
1099579817996
1099580588032
1099580856320
1099580932160
1099582931476
1099582948360
1099591450626
1099629069440
1099645845612
1099645850756
1099645857858
1099645887232
1099646501184
1099647059968
1099647975568
1099648991490
1099650072579
1099652146176
1099666819080
1099679420928
1099712970832
1099780100616
1099780194323
1099780464648
1099782160468
1099782177282
1099788484738
1099792711688
1099796865056
1099801559104
1099807588352
1099830460418
1099851368449
1099855577344
1099880730628
1099914545156
1100048531780
1100048629894
1100048760984
1100048941056
1100049617920
1100055445504
1100057157888
1100065409025
1100082127360
1100082184456
1100115615747
1100119802048
1100149424160
1100316950600
1100468977664
1100585370848
1100585386276
1100585505284
1100585762849
1100585959442
1100586975744
1100587794944
1100588531720
1100595888384
1100602168320
1100604243974
1100607651840
1100618993665
1100620111872
1100636225792
1100652527617
1100655099936
1100660867144
1100853968960
1100857999492
1100862197792
1100870582800
1100922028032
1101123289154
1101139017768
1101160005632
1101189350404
1101256984576
1101659146376
1101659194369
1101659775488
1101660192802
1101675954464
1101680082962
1101692666464
1101701578753
1101726220464
1101744046592
1101798576128
1101801979912
1101828982784
1101929652225
1101936984068
1102195987200
1102196768770
1102197030921
1102198080528
1102204389376
1102732861508
1102766441472
1103001290754
1103269789824
1103806669952
1103806693409
1103807120032
1103807725632
1103807905795
1103808693258
1103814983718
1103814984784
1103824947200
1103827698176
1103831765120
1103840444672
1103842394112
1103874031624
1103878455296
1103940817160
1103974375428
1104075030850
1104075575296
1104076080160
1104343502850
1104360243472
1104377545728
1104488169472
1104880467992
1104947447936
1105018814464
1105954357264
1106021192704
1106222580224
1108101562792
1108101572098
1108101640224
1108102353152
1108102615060
1108102742112
1108103790849
1108107886596
1108109989888
1108118340356
1108118603778
1108135184512
1108135395392
1108137738256
1108139443200
1108169719937
1108236369928
1108260945936
1108370063425
1108638467200
1108705544704
1109175306257
1109183758340
1109275967490
1110249046352
1110316318720
1110551035912
1112396546568
1112400732224
1112531140608
1115080884256
1116691497521
1116691501125
1116691504640
1116691538952
1116691595522
1116691890690
1116692562436
1116693860384
1116697264129
1116697804816
1116708284672
1116825784336
1116827025536
1116842492480
1116859269408
1116901736448
1116959934560
1116964131072
1116993750016
1117229424672
1117362586626
1117765238795
1117765535744
1117807181840
1118841602304
1120986596356
1120987250752
1120995901448
1121053581824
1125294014496
1125298405376
1125348802576
1125415673856
1126087262208
1126356222976
1129578496128
1133871372672
1133871399941
1133871435782
1133872054280
1133872416008
1133873856528
1133874053248
1133874520068
1133879771160
1133881853954
1133888143412
1133904937217
1133946863748
1133972554240
1134005650944
1134005846050
1134010318848
1134013976577
1134139806784
1134274019464
1134408254080
1134408271888
1134408773632
1134433402944
1134712324096
1134945108545
1134951403520
1136018923528
1136018981890
1136019376160
1136020980224
1138166390784
1138250219522
1138438963216
1140322205952
1142462873602
1142469820928
1142629105664
1142796845088
1143535051008
1151051317280
1151055429698
1151069093888
1151120442368
1153198719105
1156956815360
1168231153670
1168231256128
1168231366768
1168231630978
1168232418304
1168236478480
1168239497488
1168241614848
1168247947777
1168250504192
1168256401416
1168298213641
1168306604064
1168331964416
1168365323281
1168501112840
1168501641344
1168566649408
1168772169762
1168776921088
1168818311168
1168902324736
1169388740608
1169440112644
1170378891264
1170412142612
1170512871426
1170647154944
1171452858368
1172526235776
1172527128832
1172563820552
1173130067968
1173608202241
1174673557568
1176821071896
1176821180416
1176821563460
1177097864192
1177358172161
1178969587712
1185410975756
1185444560960
1185479131138
1185950007296
1186484716160
1187562652672
1202625446016
1202859376640
1203664863232
1206885814784
1211201748992
1236950587472
1236950647169
1236950847500
1236951647248
1236951764993
1236952812544
1236954796064
1236959101216
1236962639872
1236967363074
1236967425032
1236984266818
1236984408064
1237051277328
1237093261312
1237221114120
1237235924996
1237286649984
1237487453217
1237489811520
1237621686528
1238024325640
1238024331298
1238158577664
1239098212480
1239098687488
1239102259205
1239132668160
1239165173770
1241245556753
1241245583364
1241555927040
1243411906560
1245540549184
1245548920833
1246081581072
1246631035008
1247688262656
1254130450632
1254184976384
1254197559332
1254398918657
1271310352544
1271314522624
1271327115264
1271580065792
1272384586752
1273592021056
1288490189072
1305670067204
1305670320896
1305672155139
1305687883808
1305704153088
1305808470144
1314327105536
1374389534869
1374389570050
1374389584064
1374389620744
1374389799169
1374390062088
1374393733696
1374394023968
1374400024580
1374407491840
1374414700547
1374423107616
1374423875588
1374425219080
1374458741376
1374473949184
1374527947024
1374532141600
1374540546052
1374558420992
1374657970218
1374659019265
1374674781184
1374691655808
1375127764992
1375194849284
1375463317520
1375467471873
1375472713856
1376537022497
1376537027840
1376538069008
1376545603584
1376553795656
1377610777088
1378686664960
1379221504064
1380865540098
1382979535888
1382998343712
1383046586376
1384590086144
1387274960897
1391573600384
1391703752712
1392106291201
1392643146048
1393716920324
1408753467404
1408816447489
1425937539072
1443112157248
1443243761664
1444182818848
1464852283392
1477468750082
1511828500608
1511828619792
1511829012576
1512373747720
1516257674240
1520686860288
1529008685056
1649267442504
1649267445785
1649267446050
1649267639552
1649267720321
1649267836992
1649269556228
1649276485636
1649276879105
1649277927560
1649284227712
1649285267524
1649290575872
1649301160448
1649401669664
1649401725120
1649404284928
1649418731520
1649703649281
1649806410241
1649808510980
1649821106178
1649838915600
1650341281800
1650483789826
1651414926376
1651452682240
1651616251908
1652488929536
1653612740640
1653832974336
1654099288072
1654637203456
1655710023681
1657857392688
1657859743744
1657924486208
1657995788800
1658125811718
1660022161408
1666447836176
1666450587648
1666480867330
1666514452608
1668603183616
1683632422944
1683644092416
1683661062144
1683896140032
1684700922000
1696512083968
1717986918788
1718058483712
1718121152520
1722282475520
1755031011328
1786706657298
1786979025920
1787310440448
1795297378312
1804960022528
1855434260544
1924145414660
1924145615872
1924146405378
1924212588576
1924682743936
1932768837888
1992881604608
2095946137600
2199023258188
2199023263790
2199023284992
2199023294722
2199023322246
2199023331520
2199023405192
2199023550501
2199023575104
2199023588368
2199023656978
2199023780017
2199023927810
2199024304532
2199024312992
2199024419840
2199024631874
2199024849024
2199025357192
2199025386592
2199025436688
2199025492256
2199025879074
2199026008088
2199026404356
2199027484696
2199027712770
2199028007169
2199029552129
2199031644245
2199031824385
2199031906856
2199032209920
2199032701960
2199036379200
2199040049159
2199040066580
2199040294937
2199040657408
2199041220612
2199041868032
2199045275658
2199048445968
2199056811393
2199056842960
2199056945680
2199057335072
2199069458434
2199073599520
2199073669128
2199090368538
2199090409476
2199090439169
2199090450496
2199090761729
2199091429416
2199091676672
2199094591554
2199094821008
2199095673088
2199098884480
2199100867584
2199102947340
2199109238864
2199115792386
2199123970048
2199126081664
2199157671968
2199157739712
2199158000144
2199158009864
2199159701634
2199160619528
2199161669152
2199161683986
2199166910752
2199174316100
2199186833409
2199191028034
2199224680456
2199241362432
2199291712544
2199291731985
2199291826244
2199292224576
2199292870913
2199293296642
2199294050314
2199302213632
2199304282144
2199308468392
2199308997120
2199309582352
2199325247752
2199325249666
2199325443072
2199325508097
2199346249728
2199358799945
2199358801968
2199361028608
2199428530180
2199560159243
2199560323588
2199560390662
2199560405264
2199560651080
2199562231813
2199562244098
2199562780800
2199564337672
2199565500544
2199572715520
2199576904384
2199577202688
2199579066624
2199636148225
2199711121456
2199730257920
2199837081608
2199862116448
2199962845186
2200097004608
2200097137160
2200098312224
2200098570305
2200099111104
2200101192016
2200101261440
2200101585920
2200105386756
2200113776769
2200113807432
2200130551858
2200130617920
2200134754308
2200164108802
2200198189056
2200232411136
2200233313296
2200365433861
2200366221312
2200633909280
2200642257026
2200668472320
2201170935817
2201171001475
2201171796048
2201173002240
2201173427200
2201174933700
2201174960128
2201175064610
2201179140224
2201187516964
2201187517506
2201196955648
2201204310176
2201204555848
2201205866500
2201304989702
2201305039104
2201405751296
2201447563536
2201708724256
2201711838208
2202244489474
2202378702849
2203318223050
2203318288496
2203318755600
2203319308296
2203335335936
2203337129985
2203339195520
2203352055812
2203360297024
2203385336448
2203385595968
2203385987076
2203393753120
2203435663616
2203454607360
2203457421312
2203588757632
2203595047426
2203859288097
2203863483396
2203989313792
2204124585984
2204400435200
2204559736960
2204664594440
2204928970752
2205465723393
2205503455248
2205532880898
2206004674568
2207613194529
2207613255960
2207613323330
2207613354032
2207613487616
2207614517249
2207615815744
2207619809280
2207621579936
2207623151632
2207623675913
2207629976832
2207630360704
2207646875908
2207649890336
2207680301061
2207680823426
2207713854480
2207747425284
2207749515264
2207765266432
2208057786368
2208150063144
2208188334080
2208284283392
2208686944272
2208687457288
2208687980550
2209769128000
2209844576256
2209899085832
2211639721984
2211908190276
2212177182720
2214055903488
2216203125011
2216203130900
2216203142288
2216203387472
2216203389984
2216203681804
2216205418560
2216206270593
2216207323232
2216207384581
2216212172800
2216213610544
2216236810250
2216238778880
2216272363776
2216337344577
2216471830656
2216475887616
2216539721728
2216605794816
2216740012068
2216741044738
2216748392512
2216807106688
2217010529280
2217290498048
2217293648128
2217344040976
2217947955208
2218350609668
2218350616609
2218367418496
2219426709504
2220565201928
2220632449024
2224793068036
2224793128962
2224927277440
2225866833921
2229104803856
2233383035144
2233383157892
2233383257100
2233383469056
2233384179712
2233385091139
2233387190308
2233390366720
2233391384128
2233399820800
2233402132480
2233416551426
2233418645524
2233517212417
2233517737088
2233533992962
2233551822848
2233653551104
2233718572032
2233919866144
2233919868945
2233986982400
2234054213696
2234456735785
2234456998528
2234461454338
2235531018248
2235803107840
2237677961478
2237677973568
2237712072704
2237812178968
2239842353152
2241977262080
2241981319424
2242006548481
2242241364160
2250571251848
2250596433984
2250647273472
2250831298594
2251099832320
2251636614144
2254859141120
2267742767264
2267742863553
2267743322122
2267746927688
2267751219216
2267752173632
2267759513744
2267759519746
2267760033888
2267777074176
2267777335305
2267780485376
2267809857794
2267876950156
2267876983360
2267879063553
2268012216836
2268111839232
2268279604737
2268280653840
2268816527360
2268816736276
2268817006720
2268858419200
2269084909856
2269359636480
2269890217008
2269958406144
2270024697856
2270427226112
2272037741568
2272037767169
2272054477320
2272306282496
2276332691464
2276357832708
2280628682880
2284922929408
2284998099456
2289251123232
2302102536736
2302105092352
2302908039168
2304249954309
2306468741120
2310692438018
2336462215712
2336462226052
2336462244865
2336462274850
2336462473600
2336462802945
2336470599698
2336474793216
2336479117632
2336497205248
2336504184836
2336515162112
2336529318672
2336529326176
2336530892800
2336596431108
2336600784896
2336613212288
2336730662976
2337015857164
2337536311296
2337536491552
2337544347649
2338609697800
2338610479616
2338630729728
2338678898692
2339146563649
2340757373056
2340758241536
2340790738952
2341025874944
2343047266304
2345052144131
2345324773380
2345589081088
2346127982848
2353643159584
2353646534664
2353742741505
2353918967808
2358474440704
2370822996040
2370826141825
2370830356480
2371090907152
2372432562176
2375119011872
2379613208576
2388001948160
2405181818884
2405181960192
2405317017600
2405450153992
2405752111232
2413771620432
2424509038594
2473901167110
2473901187201
2473901196424
2473901294595
2473901433092
2473901704448
2473903276576
2473905425408
2473910665220
2473935380480
2473935781890
2473976670208
2474035402752
2474068934696
2474103537680
2474169599504
2474169647108
2474174058496
2474186375426
2474479976960
2474505147392
2474975985920
2474983297032
2475042013316
2475109711872
2476082233345
2476317089800
2476719734912
2477122388064
2478197178944
2478204518544
2479270133761
2480343615492
2482558206272
2486788162560
2491099914240
2491622097152
2492456763392
2493229039632
2499672014856
2508260974608
2508278727680
2508361826304
2510416773122
2513092755456
2525574987780
2542641741824
2542687748129
2542891237376
2546916134912
2553358057984
2611340182024
2611345367040
2611877249056
2612430635024
2615635116034
2628519986240
2748779069920
2748779073152
2748779151393
2748779210753
2748779593750
2748780281920
2748787462147
2748787590160
2748795852808
2748806332928
2748813150272
2748813742080
2748814761984
2748817080352
2748879733252
2748913361408
2748913680640
2748988784704
2749047570692
2749181723656
2749316006032
2749316203584
2749333250048
2749853860368
2749854912516
2749919921408
2750121377794
2750926602256
2750928650497
2750993932288
2751195512864
2753074168352
2753078329344
2757369020992
2757373199362
2757436309504
2757503746049
2757639536656
2757906923776
2761672368128
2765961576448
2766000881920
2766244151360
2768241688576
2771327649792
2783138816130
2783140970504
2783155585296
2784346800128
2793876230144
2817498554436
2817771176064
2818589130752
2819654418440
2821793775618
2835215290368
2851858302976
2886218022968
2886235078656
2886289330176
2889472802816
2890512990213
2894807990400
2954939597824
3023658287232
3023724642304
3024196075520
3027951943944
3032246911012
3040836846081
3058020909120
3298534883977
3298534899810
3298535027712
3298535409924
3298536226832
3298536980644
3298536988744
3298537243904
3298539606032
3298543272202
3298543342080
3298551824386
3298554810368
3298572632129
3298585217040
3298622963744
3298644983808
3298669232133
3298669658144
3298670150720
3298677491840
3298803329536
3298803646496
3299072360448
3299138994192
3299743113216
3300145496321
3300682387460
3300750000192
3300950803584
3302829870080
3302835093508
3303299612672
3303366984192
3307129028736
3307393286400
3308198560288
3311453343744
3315714900224
3315715284994
3315718980096
3315723142145
3315731791876
3315983187992
3318432661504
3332894622226
3332894687552
3332907466752
3332928307232
3332961732616
3333179834369
3336116895744
3342021427204
3367254364200
3367258628096
3367405355264
3368328102914
3371551424528
3435973902356
3435974885506
3436007392768
3436779147264
3441342545984
3444564426752
3453290020864
3573429633152
3573689614400
3574486665216
3575566565376
3577707765792
3582136942594
3607772565504
3710918868992
3848295022600
3848359903234
3848560197632
3848835956768
3850438248448
3917010206721
3985729659136
4398046519373
4398046528645
4398046544202
4398046581793
4398046599296
4398046643465
4398046679553
4398046792208
4398046813184
4398046904844
4398047040132
4398047051802
4398047166501
4398047593537
4398047830274
4398047888000
4398048086019
4398048683016
4398048741472
4398048870441
4398049140816
4398049689648
4398050724097
4398050775560
4398050839554
4398051231792
4398051508352
4398052812928
4398052917248
4398054375428
4398054905024
4398054924418
4398054965600
4398055034914
4398055227412
4398055958560
4398057259776
4398063288882
4398063308866
4398063338504
4398063837185
4398064419072
4398064861224
4398065426688
4398067556356
4398071808068
4398080099346
4398080106625
4398080459904
4398080590092
4398081114644
4398081130568
4398082163780
4398083342592
4398088457217
4398092656896
4398096843088
4398113620865
4398113624071
4398113980448
4398114668824
4398114802176
4398119911496
4398122010634
4398130667536
4398132511232
4398139375616
4398147457024
4398151532544
4398180764192
4398181130241
4398181908486
4398184927376
4398189281296
4398205896960
4398219002368
4398224769152
4398232113152
4398247846148
4398248100354
4398250590208
4398314946659
4398314952194
4398314989632
4398315014660
4398315286528
4398316126288
4398316306432
4398317306896
4398323875872
4398327791680
4398348648450
4398349029392
4398386774018
4398482726944
4398516274240
4398583384152
4398583488514
4398583546884
4398585512456
4398585548816
4398587597824
4398600224928
4398604353553
4398617591872
4398650507297
4398651551744
4398684045456
4398717861924
4398751172608
4398852341896
4398854963202
4398856077568
4398986170368
4399120253380
4399121371138
4399121433632
4399124595200
4399128641712
4399131787265
4399132868610
4399138079296
4399143322624
4399153809538
4399155941376
4399187887120
4399204143136
4399254538248
4399256584194
4399271510144
4399388705040
4399405465610
4399489352192
4399531294724
4399657648642
4399699066888
4399724496896
4400194039816
4400194945024
4400195043850
4400195067908
4400196093957
4400198254722
4400199501824
4400202399761
4400210776193
4400237019136
4400263233538
4400328214594
4400328343712
4400328741888
4400462563336
4400462954564
4400487597056
4400596910336
4400731144256
4400731914624
4400737157152
4400797974540
4401267787776
4401271935040
4402341491716
4402341740936
4402342101504
4402342268929
4402342560004
4402345803908
4402346197312
4402346721289
4402349999616
4402350915602
4402358264000
4402358323202
4402366939136
4402375122944
4402377130008
4402408621184
4402450530308
4402476023872
4402484617216
4402609922576
4402660245505
4402878349354
4402897747968
4403415240712
4403683657760
4404488962352
4404489224198
4404522521088
4404694482944
4405026029568
4406636445782
4406636462880
4406636740740
4406636979328
4406639134720
4406640902657
4406642872320
4406650077312
4406653550600
4406661611553
4406670139408
4406674194528
4406703591488
4406705651872
4406707765252
4406779068424
4406904901633
4406921691152
4407177545728
4407207133440
4407710195752
4407743741957
4407777362176
4407845453840
4407978754176
4408783938112
4408792318212
4408852611072
4409052430368
4411082408448
4411468300416
4412005155904
4415226445862
4415226478616
4415226531844
4415226642577
4415226644740
4415226986560
4415227175424
4415227433120
4415229002754
4415230576000
4415234818304
4415245260800
4415260992512
4415262048257
4415293489346
4415293515776
4415295586324
4415360602370
4415360630852
4415360795648
4415370035712
4415377391632
4415494849568
4415631130632
4415772164112
4415800999938
4416031694849
4416300122401
4416300515392
4416368312320
4417378058756
4417382514720
4417457750272
4418984477696
4419521627136
4419542319136
4421669355648
4423819722752
4423821033480
4424369963012
4424890059264
4428111290624
4432406254400
4432406381186
4432406521864
4432409395392
4432411508738
4432414646785
4432414674948
4432418899968
4432473361440
4432490266625
4432540492800
4432542630144
4432561471488
4432677339136
4432741810184
4432943122564
4432943972352
4432947445768
4433479991324
4433480007776
4433480025600
4433480253443
4434033647616
4434554257666
4434556096512
4434629230656
4434822168720
4436701217316
4436701759488
4436970704896
4437238087937
4437844164608
4440996190224
4440996348160
4441013485632
4441130401921
4441264620548
4441600163842
4449586153473
4449588224032
4449754152960
4450932490240
4453881086032
4466766219264
4466766520354
4466766544905
4466767069314
4466770182158
4466770247745
4466770477072
4466774377032
4466777001984
4466778571808
4466783162368
4466784862344
4466799608576
4466833623044
4466834407488
4466835194881
4466900211713
4466900730048
4466904531200
4467034423460
4467034427656
4467034563584
4467055411200
4467109953536
4467302861088
4467303907333
4467839992352
4467873301504
4467973988352
4468915700224
4468930314256
4468947036160
4469450346498
4470255648769
4471060957824
4471061004352
4471128072200
4471732043792
4472136269824
4475356004354
4475358019856
4475373750272
4475901190144
4479919587328
4483945857539
4483945873448
4484215406592
4492569346176
4501125800064
4501126251024
4501135294464
4501159280673
4535485466152
4535485513731
4535487102992
4535487725696
4535488630784
4535489659984
4535496015874
4535502242178
4535535798784
4535552770052
4535557030144
4535619977224
4535754164225
4535762296840
4535822057504
4536022336260
4536022343728
4536106221632
4536324326400
4536559207430
4536559212800
4536559869952
4536584388608
4537096077441
4537633021953
4537645662208
4537649758212
4539780563016
4539814019104
4539915698304
4540048883716
4540325695488
4544075403400
4544076449024
4544084344832
4544142508049
4544211714112
4546256437250
4552669569024
4552683290624
4552707276864
4552732447744
4552800075808
4554812819472
4569853854720
4569879281792
4569979420690
4570383155200
4571992703488
4604204945504
4604204957840
4604205998592
4604372713476
4608506200064
4621921943552
4672924420617
4672924427281
4672924446752
4672924517632
4672924549176
4672925205568
4672926122112
4672926515334
4672928616708
4672943489024
4672945651714
4672957972770
4672958007300
4672959283201
4672993626368
4673058718208
4673059192834
4673062830113
4673210687488
4673461354564
4673469939840
4673597604864
4673998168580
4674002419728
4674006550592
4674536095744
4675071903360
4675082395648
4677219909652
4677220499488
4677221486656
4677353736192
4677487853576
4677823365632
4681514616864
4681522741762
4681531134976
4681749233664
4681783312640
4690104426498
4690109530176
4690179784705
4690641195008
4691178029192
4692520222720
4707286269968
4707309322248
4707351306240
4710639599616
4733054025728
4741711151104
4741779161096
4741945884736
4742734414080
4745938863106
4776003895300
4810363390976
4810371760400
4810396995584
4810633904640
4810904961024
4814658609152
4844723109953
4947802334976
4947802341894
4947802505248
4947803374113
4947803570184
4947803915264
4947804684354
4947810812032
4947823824896
4947835879592
4947869507648
4947869958432
4947904036866
4947936543792
4947939690496
4948070777024
4948079280384
4948108509188
4948139970560
4948339589136
4948355973384
4948477608000
4948876395520
4948876623936
4948878164608
4948881309952
4949951922184
4949958203392
4949966716930
4950016918032
4950487203841
4951023550500
4952097327120
4952097362176
4952099528704
4952499945474
4956392267779
4956402746368
4956660695560
4956929134624
4958673993728
4960721305600
4964982197312
4964986519553
4965007368192
4966055940112
4967163297792
4969815080960
4982162128901
4982204006416
4982233366656
4982296285192
4988604515328
5016538612224
5016664670208
5025111867456
5068061409536
5085245472802
5085274849536
5085526556672
5087389024384
5093831215108
5155101605888
5222680764424
5222682361857
5222764118020
5223787659264
5224827715904
5291399712896
5497558141121
5497558145060
5497558204994
5497558409376
5497558696208
5497560252800
5497562345473
5497562596356
5497566560296
5497567842304
5497575048208
5497591758896
5497625378952
5497642059776
5497660907520
5497693421600
5497694454276
5497826574597
5497826705952
5497827165184
5497861179392
5498095026196
5498100253184
5498103463937
5498640278528
5498799652928
5499708833792
5499755970560
5499772993537
5499978285056
5500376719360
5501853761538
5501855467520
5501920215136
5502926848768
5506148074128
5506152268034
5506282294272
5507222355968
5514746529792
5514809376768
5515023220864
5519167193089
5525475430400
5531918172224
5531918925841
5532186320898
5532991815680
5540509909000
5549098270724
5566277616960
5566311432194
5567355553792
5568433488000
5570589360132
5583457493008
5600838680576
5634997116992
5635014656000
5635030646793
5635072590336
5635533965314
5636072931344
5647882059776
5772436049938
5772436121600
5772504204288
5773778485248
5781026111492
5789649469952
5807332655136
5978594508800
6047313953922
6047313993732
6047314479616
6048404471809
6064494084104
6116035526688
6184887255040
6597069770000
6597069775000
6597069915200
6597070029121
6597070356864
6597070815332
6597073961256
6597078173700
6597078360064
6597082350096
6597090740288
6597103329794
6597103650816
6597137400328
6597154701440
6597204033664
6597212374018
6597220892680
6597237538833
6597343446016
6597346590849
6597405573124
6597606768898
6597611102208
6597640196100
6597742428160
6598145671200
6598160809988
6598214811649
6599217283840
6599521337344
6600291123216
6601364799500
6601365259296
6601368932354
6601431859216
6605678575618
6605693288456
6606742093824
6607807187072
6609954799617
6614249639945
6614249930754
6614266479104
6614316875808
6631429767216
6631832160256
6631976861696
6632536801536
6640020488704
6665791373316
6666057678866
6666393288704
6667941445632
6670092599552
6674513395744
6700148986880
6734508757008
6734509244482
6734510819336
6735716680192
6760278540288
6768868466692
6803244974081
6871947952136
6871964483616
6871985422464
6872081899584
6874096209920
6881074479120
6957847021568
7146825847296
7146875913216
7147630919680
7147899346944
7164005449860
7181185974272
7284273971200
7421703553026
7696584015873
7696648507648
7697118266376
7735236100224
7765300888064
7836167831584
8246337208400
8796093023002
8796093032593
8796093038643
8796093055363
8796093056672
8796093057300
8796093089160
8796093092064
8796093125136
8796093153744
8796093162508
8796093284423
8796093306368
8796093563428
8796093622280
8796094136345
8796094220352
8796094596114
8796094889985
8796095185185
8796095201800
8796095250443
8796095348740
8796095381704
8796095644992
8796096170368
8796097413249
8796097487873
8796097546244
8796097610256
8796101497088
8796101542532
8796101805088
8796102476928
8796103541250
8796105605161
8796105704448
8796106653968
8796109801040
8796110365696
8796110389888
8796111921154
8796115046432
8796118712392
8796120287236
8796126576746
8796126580758
8796126591488
8796127121472
8796127133720
8796127234052
8796127363456
8796127633473
8796130790400
8796132941824
8796135000192
8796135030796
8796144470016
8796147679234
8796151758849
8796160140418
8796160159760
8796160271104
8796160295952
8796162228753
8796164362241
8796169045504
8796169568322
8796176925700
8796181104656
8796227242626
8796227260425
8796227297312
8796227514624
8796229338146
8796231442512
8796235633216
8796235694098
8796235890817
8796244181056
8796260794564
8796262892288
8796294481921
8796361470088
8796361524272
8796361638016
8796362547712
8796363030688
8796363624450
8796365652296
8796365788160
8796369849352
8796369879105
8796371943568
8796395013636
8796397111360
8796404453376
8796428697696
8796428831232
8796495681568
8796495692034
8796516647040
8796562849796
8796629899332
8796629944832
8796630614018
8796630941748
8796630978688
8796631214080
8796636188928
8796638294017
8796646678848
8796663710722
8796697528352
8796709847040
8796768305158
8796831219736
8796899378177
8796900442116
8796915236880
8797033078784
8797167067144
8797167296578
8797167812746
8797169129472
8797169917984
8797171124224
8797171482884
8797172008000
8797175154945
8797183574064
8797200322824
8797200515088
8797236002944
8797238132768
8797310451712
8797317769216
8797435200009
8797435233282
8797437427968
8797447798784
8797451976772
8797469016096
8797703913473
8798240506629
8798240511041
8798244700808
8798245236736
8798249027586
8798249156928
8798257287178
8798308745216
8798374740112
8798376824836
8798379212800
8798392549377
8798408802306
8798508965952
8798510383104
8798527815712
8798777409608
8798787928064
8798844485761
8798911594784
8799314264104
8799315300368
8799381356550
8800388007008
8800388390976
8800389103622
8800390742528
8800392208392
8800396541960
8800396644356
8800396918800
8800405553184
8800411058240
8800421553408
8800421576709
8800455104520
8800455409664
8800457195556
8800480272384
8800522339456
8800522733632
8800590365184
8800757088384
8800790904840
8800941638146
8801462325248
8801503674880
8801595949328
8802065711168
8802537578512
8802552268800
8802804433920
8804683132928
8804683288577
8804683514624
8804684030208
8804685119568
8804685316354
8804687151125
8804687691778
8804689250312
8804691419264
8804692000769
8804700262404
8804700782784
8804750082113
8804750098472
8804750458884
8804817175088
8804817305864
8804834018304
8804850993152
8804951410704
8805219832848
8805253382177
8805357191168
8805496651778
8805765087256
8805775572993
8805824858112
8806297772032
8806830444928
8806855606784
8809012527120
8809049228288
8809112150017
8811125473288
8813272895792
8813272899972
8813272959489
8813273286664
8813273421952
8813274464324
8813274989573
8813280231426
8813281282128
8813281837088
8813285483008
8813289671682
8813290324224
8813291798536
8813293944832
8813340328960
8813374603272
8813407127556
8813407371360
8813409796096
8813411303681
8813541328064
8813541851139
8813684064256
8813810057472
8813810287624
8814082392096
8814346682432
8814346895378
8814384382080
8815420539392
8815421177856
8815470706692
8817567965184
8819723730945
8821862825998
8821862842528
8821871215872
8821879873536
8821896380992
8830452765736
8830453024801
8830453940229
8830454898752
8830456957504
8830456987666
8830457102368
8830459052164
8830461681920
8830469576704
8830469734408
8830505190400
8830519869516
8830536647200
8830586979348
8830587765248
8830654120192
8830739021826
8830792507392
8830989633794
8830989639840
8830992252929
8830998020616
8831006670852
8831090360320
8831526511120
8831526830144
8831543280000
8831561629696
8831593612289
8832197595136
8832608649220
8832633929984
8834748809248
8834749892608
8834764505105
8835016180224
8839076249730
8839311654920
8847632634370
8847643377664
8847699738768
8847901131008
8850318032896
8851932315648
8857296437248
8864812501065
8864812521474
8864812797984
8864815120404
8864816694530
8864822525952
8864829341732
8864833994753
8864848166944
8864854443072
8864862838912
8864880664580
8864888012808
8864946726400
8864946798656
8865030864896
8865081065478
8865089593344
8865349533697
8865351467138
8865387118608
8865416483328
8865491978240
8865886339328
8866054012929
8866222309376
8866423112736
8866960015492
8866964178976
8866994586112
8867228418072
8869107531920
8869108515848
8869111693824
8869375905856
8873402441746
8873956081672
8876623921152
8877697417220
8881992385040
8881996566536
8882025988098
8882059477312
8882260838400
8887363174400
8890583351297
8899172237953
8899172241668
8899172371456
8899173548048
8905614688258
8933531984456
8933531988004
8933532240912
8933533679624
8933534633984
8933536180226
8933538529312
8933548755208
8933548904448
8933573918978
8933582569536
8933600399360
8933603803200
8933615927297
8933666226689
8933685067792
8933699813408
8933800673540
8933833973776
8934068846674
8934068979200
8934077251616
8934135996416
8934605719648
8934606241936
8934606782976
8934607881216
8935176142852
8935679721481
8935680509956
8935713062912
8936233631744
8937155854336
8937826943004
8937827008832
8937827205760
8937965359104
8938095378465
8942121911425
8942122010624
8942390350336
8944269525056
8950716170244
8950781052928
8952859329568
8967891780100
8967892238370
8967925272577
8976491085824
8985205800968
9002251452584
9002252533824
9002253688832
9002386194688
9070971453736
9070973046912
9070975140353
9070979598336
9070980505600
9070987969792
9070990852608
9071004508164
9071005533216
9071038562309
9071054946432
9071071594498
9071105181704
9071105675280
9071111569408
9071239375104
9071240478784
9071308571648
9071510159376
9071516221444
9071809789960
9072044671137
9072044684288
9072065642504
9072111796480
9072179150852
9073118413346
9073118415040
9073118748672
9073122608132
9074192711680
9075265899521
9075265901312
9075534331922
9079560865288
9079560896578
9079565320320
9080097867776
9083864219680
9088150867972
9088352133120
9098890313728
9105330675721
9105331322944
9105343254528
9105364255232
9113920602384
9122510554112
9139690931328
9139700891649
9139707232256
9140764148288
9148313899008
9156870406176
9208426659846
9208678858752
9210632863744
9212738535424
9225590800640
9277666295808
9345848836262
9345849132036
9345849180176
9345849891840
9345850968096
9345853296704
9345855129088
9345861945344
9345865613449
9345865679106
9345866670096
9345868103680
9345882391569
9345882488896
9345883439364
9345915945664
9345916731400
9346117273605
9346117795920
9346201190400
9346385715716
9346570256384
9346930970752
9346956148738
9347056927232
9347459450896
9347996360960
9347996450864
9348099080192
9349074255873
9350144067840
9350155337728
9350680739872
9354440081920
9354441392256
9354447159364
9354640097282
9355512512800
9359002304512
9363028836418
9363095814177
9363297157128
9364103561216
9367340453888
9380208574785
9380210675728
9380343857152
9382356647936
9389335412736
9397388453888
9414568837634
9414635489280
9415642054668
9416715813888
9431748444288
9483288838147
9483291984256
9483296374784
9483422008384
9483826757640
9487583289344
9500467691536
9620726878216
9620735132176
9620799094784
9620861026305
9621263630400
9637940690944
9659381448708
9895604723717
9895605010560
9895605702728
9895606747192
9895607829504
9895608845456
9895613046880
9895613566978
9895614089728
9895621429408
9895638245378
9895654982152
9895672807712
9895741243392
9895843725312
9895873118244
9895873284096
9896141546496
9896141656096
9896142045712
9896227504128
9896275738689
9896682586626
9896812610568
9897752657932
9897756344576
9897760555024
9897785954304
9897819252736
9898842783744
9899899617860
9899901718529
9900440684544
9901241802752
9904195109920
9904468262912
9904731521280
9906342068227
9908506361856
9912818204673
9913329778816
9913925373952
9914932068416
9929997942864
9930098745344
9931038132228
9934259618816
9938554343424
9964325044224
9964336709636
9964340904002
9964357683456
9964592578561
9968753311776
9972916158976
10033043608832
10033044129793
10033047830536
10033079255168
10034125996032
10041767755780
10054518439938
10170482704386
10170487341056
10170549928000
10174777524360
10187679203344
10207258214400
10445361037312
10445385630720
10446166032384
10446436302912
10447508996224
10449722540048
10479720202250
10514079952896
10582799417888
10995116278369
10995116281989
10995116295178
10995116296480
10995117338626
10995118637572
10995120513152
10995133188608
10995141476608
10995158482960
10995186016256
10995255740416
10995258892292
10995267813376
10995317604512
10995384714112
10995657408576
10995686850560
10995720257796
10996190085123
10996190150692
10997264416896
10997264810248
10997532295168
10998345892864
10999411312128
10999411769353
10999415570688
10999446896642
10999948148752
11000502812672
11001558732832
11003707393024
11003708358656
11003781713920
11004914171968
11005887258624
11012296212520
11012849795073
11013370413568
11014514933760
11016859549700
11029477130368
11029513764872
11029543256066
11031623501840
11063835762945
11063835955200
11063840227328
11063844143138
11064120968192
11065985335360
11072426215424
11132555321344
11132555362321
11132555756548
11132563620032
11132689711106
11132826812416
11133696081928
11141161943072
11269994610688
11269998379056
11270010966080
11270027804928
11278852554753
11287174054018
11305429762048
11544872100896
11544872124936
11544872620288
11544893063172
11547556446210
11549167075456
11579508654080
11613725786128
11957188954112
12094627940416
12094638522368
12094930419712
12095701663760
12096909607424
12103218102280
12214886989824
12370043731968
13194139534628
13194139607312
13194139943168
13194140586241
13194141632530
13194141635104
13194150035520
13194156310676
13194156449824
13194160505600
13194173104768
13194173677569
13194206675460
13194273759242
13194275062784
13194408231042
13194409017356
13194414260225
13194425272320
13194441556224
13194676670472
13194702618624
13195213275217
13195213357060
13195215896584
13195288903680
13196287049761
13196287085568
13197092323840
13197360767104
13198434635792
13198501609730
13198570848256
13198711390208
13199512698880
13200583032896
13202729470272
13202729665024
13202730254352
13202730516514
13202731573252
13211319414848
13211352959008
13211858501632
13215614370312
13220244881408
13228499272770
13228499304584
13228566908928
13228641878048
13239240884224
13262861434880
13262892695560
13262926118960
13263396421632
13271448978432
13282320580608
13331586875397
13331617284096
13331779829760
13333728067840
13335890232320
13348758421632
13366206791680
13469084614664
13469151658368
13469554311171
13471198478352
13503378229248
13537741119488
13616120070144
13743895384066
13743895480448
13743899541528
13743929171968
13744030089220
13744499328000
13752502075392
13816909791233
14019041689632
14293651162625
14293651179528
14293652742144
14293655486528
14293668007936
14295261806592
14302283038720
15393164887168
15393263452224
15394504970240
15395327311872
15397457766400
15410343706640
15427522543617
15668049608704
16492674416646
17592186080784
17592186110548
17592186179633
17592186225666
17592186251266
17592186308802
17592186334208
17592186438304
17592186570849
17592186578440
17592186667138
17592186732624
17592186896897
17592187097666
17592187109569
17592187162768
17592187174948
17592187355920
17592188142220
17592188145764
17592188158034
17592188797312
17592189190165
17592189526016
17592190257296
17592190371852
17592191438848
17592191549473
17592192372752
17592194506769
17592194630660
17592194729988
17592194961428
17592195612936
17592196793352
17592198635588
17592199184392
17592202824576
17592202838538
17592202854624
17592203087906
17592203882752
17592204004352
17592204132424
17592205508612
17592209244192
17592211247105
17592211734786
17592216518656
17592219605064
17592219640384
17592219730072
17592220124165
17592220649490
17592221706272
17592221745280
17592221761800
17592228007968
17592228257920
17592236392468
17592253153449
17592253158916
17592253194512
17592253237760
17592253323264
17592253417489
17592253677892
17592253678224
17592254730248
17592255390720
17592257622016
17592261550594
17592261804128
17592278466560
17592287035396
17592287772928
17592297193473
17592320262545
17592320276608
17592320329024
17592320409732
17592320528389
17592320540960
17592322400258
17592324491328
17592324596224
17592328700416
17592330225664
17592341757968
17592356438080
17592388714496
17592454488609
17592454615808
17592454743076
17592454905857
17592455545864
17592457103368
17592459198752
17592474435584
17592490131984
17592521593024
17592521654529
17592555175944
17592597087248
17592605540360
17592623300612
17592655806498
17592722983041
17592725015042
17592725274884
17592731304144
17592740741664
17592757784576
17592777441344
17592790073408
17592857137170
17592857265153
17592999804960
17593259787532
17593259823648
17593259860256
17593261884481
17593261969408
17593265070080
17593266080000
17593293864970
17593302777920
17593344720897
17593360450592
17593394036760
17593398198402
17593427560960
17593463209988
17593528240132
17593536872960
17593566101504
17593796669444
17593809240065
17593813435394
17593864421376
17594333545008
17594333561985
17594333577476
17594333806728
17594334322944
17594334674952
17594337726470
17594337854720
17594342458368
17594344046624
17594350444672
17594383859752
17594405879872
17594467766336
17594468335648
17594602618882
17594677463040
17594740375553
17594870532128
17594874601480
17594887176449
17594937770496
17595140931712
17595407302722
17595549884416
17596481012884
17596481014021
17596481078281
17596481609792
17596481798168
17596482584610
17596483133696
17596485469696
17596489469954
17596497831936
17596499886210
17596514762784
17596515107328
17596518764545
17596522987536
17596548136966
17596552315144
17596615311376
17596753707136
17596758884353
17596783265792
17596833333760
17597017887040
17597026664448
17597084999712
17597157343232
17597286875136
17597554769953
17597555933312
17597957406784
17598091624968
17598646321168
17599735791872
17600775979398
17600775989512
17600776000640
17600776636928
17600777078784
17600778109248
17600778338433
17600780173842
17600797229056
17600809608192
17600826835072
17600843087900
17600861964288
17600926982176
17600943751177
17601044516864
17601044955200
17601045725186
17601052803208
17601312883204
17601313374211
17601849721601
17601858273280
17602120253472
17602520875008
17602923487233
17602923730944
17602940305410
17605071081476
17605072060672
17605096113152
17605138087937
17606144958464
17609365914404
17609365946760
17609365985536
17609368013952
17609370109986
17609372271104
17609374302529
17609374310440
17609375383554
17609382692932
17609382954000
17609399468144
17609400582145
17609503277088
17609508585600
17609517039618
17609684680960
17609903333376
17609906983040
17610172270592
17610444636160
17610456441344
17610506766344
17610708156418
17611513401857
17611513610240
17611514707972
17611559534592
17613660893200
17613665239040
17613669272064
17616076800032
17617955856450
17617956175904
17617957949448
17621177073792
17622385557504
17626545791424
17626545816648
17626545849090
17626546323616
17626549986306
17626549993988
17626554189888
17626564657665
17626579469824
17626613088384
17626615513090
17626629931264
17626646450192
17626680000526
17626680001120
17626680529152
17626816380992
17626818674696
17626856161282
17627082801408
17627083702402
17627091083264
17627099955208
17627153958912
17627620578304
17627653087233
17627887993088
17628693266467
17628726855680
17629230203904
17629767401472
17631050465280
17631411175428
17632988242432
17635135717457
17635135784964
17635139915808
17635272033280
17635421061120
17643726839808
17643792793632
17643994612736
17644262785025
17660905522880
17660905528352
17660905541656
17660905586695
17660906049665
17660906571912
17660909977732
17660912345088
17660914565152
17660918104832
17660923086848
17660939084034
17660976922624
17660989408264
17661043950592
17661106848257
17661176054786
17661308307456
17661442392138
17661442688000
17661451845632
17661459243008
17661511598096
17661979297793
17662004428928
17662046633986
17663061393426
17663724093444
17665200521256
17665202716736
17665385037824
17666278424592
17669495981072
17669506007040
17669562581024
17670300762368
17671676493888
17678085431300
17678085521417
17678358020160
17678655816192
17679293350144
17695265394690
17695266832448
17695273649153
17695282069520
17695399747584
17716740096128
17729625002280
17729625034884
17729625065496
17729625261313
17729625563137
17729626071042
17729626571904
17729629192713
17729629200544
17729633665040
17729641775123
17729642102912
17729645974528
17729663041536
17729667006976
17729692109058
17729694269472
17729760395328
17729893468192
17729926987905
17730162458880
17730163970049
17730195562496
17730296350720
17730434498562
17730698871824
17730699264576
17730702999556
17731034292224
17731774840834
17731806564352
17731973809152
17732863002624
17733919998720
17733921019904
17733953520642
17734056280072
17736604336128
17738217038336
17738223325248
17738232758276
17738818912384
17742778335248
17746804965440
17746805264384
17746807488528
17746838439936
17746873025024
17747341739012
17755398996224
17763984869377
17763995222020
17764019339296
17764387405824
17764521607696
17765058478216
17768283897920
17772575457280
17798344474900
17798344475170
17798361268288
17802647838720
17807068659712
17867063972098
17867063984150
17867064025224
17867064546304
17867064999947
17867065001040
17867066443776
17867068473600
17867080728856
17867082843136
17867089117700
17867097768456
17867098063104
17867101708304
17867114418176
17867139481728
17867147837506
17867202367496
17867265818624
17867342872832
17867466866816
17867600838696
17868137971776
17868138219648
17868138807808
17869215631872
17869220085761
17869247086596
17869748830272
17870352285712
17871359050242
17871895789585
17872432694272
17873506406528
17875653887264
17875661225984
17877935718400
17884243830785
17884243837568
17884244475908
17885856530432
17886391305224
17888639451136
17892842143760
17901423697956
17901557940225
17902229000192
17905718659080
17910080733696
17918624530432
17935783440448
17935785558528
17936068640769
17940079706112
17945447104516
17970176786432
18004502921221
18004574339072
18005585035296
18006918889472
18073222905864
18141941859398
18141941997828
18141942388738
18141942464520
18141943824384
18141943963657
18141944513536
18141946052808
18141946055681
18141950247553
18141952475138
18142000580608
18142010082304
18142043054080
18142084464676
18142092853313
18142113825024
18142143315984
18142212669440
18142227071024
18142478730264
18142478999554
18143015796737
18143284039688
18143552503936
18144097796352
18144123158544
18144156450946
18145164148736
18146236825874
18146236827808
18146238927360
18146253864964
18146371052544
18150532845569
18150536511492
18150565347362
18151605536832
18152679278080
18159121743875
18159190933568
18159256207872
18160203858944
18167728472064
18176301863040
18176302647552
18176318398464
18178455371776
18180597088257
18193481465876
18210661337604
18210661662784
18210682306562
18210728448256
18210797650048
18211198205985
18253611008008
18279380820048
18279380829216
18279399686400
18279456309256
18279515099136
18281528459264
18416819865600
18416820290080
18416853320832
18417088331840
18452253245442
18554796638208
18691697677315
18691697820161
18691697844256
18691697967114
18691701932128
18691706062857
18691707109424
18691708158528
18691718676736
18691731227920
18691737518082
18691781623824
18691831908354
18691832677376
18691832946696
18691834052609
18691873964032
18691966156816
18691967156608
18691982891008
18692234553408
18692236115972
18692268130305
18692310044672
18692368760992
18692502980096
18692771482624
18692771545346
18692773519488
18693040373761
18693847388160
18693849874560
18693861934084
18694113853504
18696026194112
18696062894080
18696261074956
18698274373632
18700287606821
18700296527872
18700322210304
18700488933632
18700826591232
18701365542920
18708877541522
18708877558848
18708894842912
18709015953412
18709213216768
18726057541700
18726057675264
18726059508000
18727282147328
18728272019456
18743270834184
18760417231104
18760719138848
18762564633096
18773302050818
18777605668864
18829145048064
18829203734593
18833431855136
18848463986688
18899466715136
18966592626688
18966642690052
18967112515586
18983756500992
19000935841808
19035295187968
19241453523008
19241455585296
19241721995264
19242594337280
19250043551872
19259170226432
19378925993988
19791209316617
19791209432104
19791209529600
19791210349826
19791210381825
19791213543456
19791217955072
19791223980160
19791226732545
19791242856580
19791243444240
19791281128448
19791611961600
19791746180224
19791746498568
19791746699296
19791749316672
19791750365204
19791846834178
19792283059712
19792333635584
19792551477392
19793356785674
19793356857348
19793365303808
19793423892768
19793509875712
19795504275459
19795504400400
19795504562304
19795521064960
19795638485508
19796580630528
19799799300736
19799807639554
19799867400192
19799933714448
19800067673088
19801947275264
19808389693632
19808391266310
19808456556544
19817516105728
19825569042952
19825569572864
19825570103312
19825594204192
19825707515904
19826709889088
19859928779072
19859928785424
19859929317380
19859931136032
19862344699904
19868522905601
19877126471680
19928648515652
19928650498048
19928732172288
19928782471201
19929721999362
20066087272513
20066087993346
20066156412936
20066356690976
20066640857088
20134949289984
20212149649408
20340966162444
20341636218880
20347407564864
20358149185536
20409718276096
20478672503296
20615843024912
20890754506752
20891794702340
20892868411409
20899327639616
20912195829760
20959507513472
21028164077568
21165598835456
21474836481024
21990232564832
21990232711176
21990232821840
21990233133056
21990233671744
21990234652931
21990235702784
21990236782597
21990237470720
21990249336844
21990249351200
21990259818512
21990266114432
21990266896416
21990270305288
21990303859232
21990308054272
21990366774024
21990366775316
21990373326848
21990400393218
21990500991001
21990501024384
21990503219204
21990769953792
21990777815046
21991054901248
21991306305554
21991323172864
21991373422720
21992397341184
21992413724673
21992447217664
21992916942864
21994527523393
21994544431360
21994661744672
21999095128064
21999360409608
22005267038208
22007412556304
22007413997824
22007689252864
22008150622208
22012781133828
22016002360321
22024592359464
22024596488464
22024609072256
22024660451332
22025674948608
22028887293954
22033215799296
22058952310785
22059489034368
22067541971456
22093313869824
22127679899776
22127939944768
22128746561536
22132034109440
22136261574688
22144851378186
22196391052288
22265378899970
22265647341824
22266184208385
22273700397248
22335977422880
22402700410880
22539988505600
22539988664576
22539989426304
22540560891904
22548578369552
22608976805888
23089744248964
23089744707656
23089756782592
23089762009090
23091891669248
23106926182400
23261542879232
23918672871424
24189255811234
24189257920512
24189264232512
24189524328448
24193585381376
24242942902272
24259049029640
24464133719044
24739078735872
25288767832064
26388279069224
26388279083840
26388279181313
26388279599152
26388283326474
26388284834304
26388287455648
26388295844897
26388296139264
26388312621571
26388316815396
26388346178624
26388352483328
26388413743104
26388413808776
26388430061828
26388548292608
26388615659536
26388815937549
26388815970338
26388832731264
26388858404864
26389352943680
26389353071744
26389890728192
26390427608064
26390460170368
26391502389760
26393113003008
26393647777794
26394788757504
26396869034128
26396904783872
26396936699904
26397015801856
26397406134336
26399284920324
26405534433284
26405729476608
26405995872272
26407606419714
26409754968064
26422638882816
26422639083522
26422639362052
26422641950728
26422647324688
26422907242624
26424803065920
26456998805768
26457017421824
26457133809666
26457267044864
26458072309760
26525718151298
26526011621376
26527869698064
26534307971080
26543971631105
26594538160128
26663157104897
26663158022276
26663165363202
26663224086560
26663429636096
26663828062720
26667468783616
26731876452368
26800598024256
26938034900996
26938035929184
26938303317248
26938576076800
26939125923840
26940316583936
26942363402248
27006762778624
27221502730240
27487790699136
27487790956564
27492086186240
27513560500224
27522154627073
27625230761984
27763775897600
28587302360064
28587304419600
28587310778368
28587319107592
28587570757698
28604649963520
28634546962432
28864327729152
29137058398209
30786325595152
30786326790144
30786329778176
30786392694785
30788481449992
30855045054532
31078383616000
31370441130496
31886239858688
33123324657664
