127
37651
92306
94729
106766
152008
174149
180897
210192
280870
281737
300102
364712
546897
549986
559690
590629
680468
794840
885777
1191552
2785336
3146193
3147305
3148310
3723520
5243746
5244058
5245093
6292172
6296688
6340629
6697088
9441861
9447449
9633874
10491948
10780745
11928320
12593924
14876705
15466514
18366475
18448452
18876642
19267591
19935304
21076224
21186048
27322368
27857920
29360560
34616323
35520545
36782114
37757257
37929026
39364608
40126976
40502528
42291456
42500103
43139084
44048944
50340422
50635136
51005568
52433044
54529036
68950144
69207370
69544192
70533144
71958541
72548736
76072448
76549154
76722176
79700162
83895585
83935336
84672564
88408129
97518088
101713172
104895616
117637130
134228515
147963904
341840640
402654036
402659480
402711680
402735111
407899392
454311936
503316578
671093352
671654656
697312256
741212160
805311650
805316720
818577408
823132188
897662976
905979392
1073743495
1207970836
1222641792
1276117041
1310769152
1342181645
1342390312
1376781184
1377828883
1388314692
1428163584
1477181450
1551900928
1610940451
1611289600
1630732288
1645215818
1684013096
1744914944
1745097088
2165314944
2281702681
2281713857
2281985536
2294284302
2304376832
2324070400
2334130216
2383415808
2416017458
2474641664
2491416613
2520776728
2684366870
2684518411
2720006213
2952987264
2955941888
3221230256
3221235272
3221618788
3221815324
3244302592
3246391377
3500425216
3758394368
4372562004
4429185930
4429190181
4429643824
4464843008
4487905298
4564199936
4617940992
4697784332
4766367744
4831847076
4832462976
4837883904
4850712625
4873782656
4919918598
5100282115
5368874752
5369062400
5369282596
5382344960
5420089349
5738201088
5973747712
6442453345
6442729491
6443369600
6463425152
6468993024
6511670272
6579814466
7029702656
7248019496
7784630278
8196194304
15080620032
17259970560
25769890944
25770101376
25770459155
25776095270
25812796928
28454163200
34360347904
42949680200
42949771361
42950066218
42957307904
42960167296
42979033093
43620763264
44828733440
50466013184
51539613746
51539918928
51540242432
51562677376
51585744936
51623493657
53289680896
54089744456
55968802048
65036877824
68719479608
68719820874
68723674179
77309419797
77330382936
77347162496
77360594944
77384908811
78248935442
80066117632
81872814180
82141675520
85899358800
85899575332
85951775488
85984280642
88258641920
90731191296
94489821224
100931739776
103079502464
103167305728
103188271616
105897787425
107642622336
107947753472
111669198854
111669348864
111738355760
120259085834
120259086660
120269176832
139452219457
146028889921
146029585408
146079226368
146130599976
148713848832
150544056320
150592290841
151397600384
154618823081
154618832068
154638499840
154654474328
154689077253
154694325504
155827503104
160262258688
163208907008
163209084948
163214012416
166429982730
171798696642
171799232588
171810226186
171834802176
171891261440
171903549443
175154135808
177167401072
180388636708
180389417216
206158432398
206158512177
206166360064
207823568896
208842794240
210722504704
213674721280
216099979264
223338594307
223740962816
240537043009
240586327168
242934087700
244959936512
283467846022
283468154112
283493236736
283541323776
283576903680
285883760707
292057989185
292058438144
292071407619
292075612416
293712429056
295413219333
298803265536
300647713825
300647719436
309237646508
309237647627
309237654609
309680144384
311653568000
312538562560
313801162752
314203701268
317895738112
319036096512
320530808832
326417908096
343597396010
343597982080
343598170181
343612065280
343635132468
343683366924
343699636224
354469025792
360798781440
361582559241
365206716416
377957285960
377957454848
412317007898
412359856256
412389212240
413122169216
414733598720
417685582336
420917280864
429597556736
432181084208
446677188642
446726931712
446745810944
448287490048
481036388864
481054556160
485868175426
550695698432
558481031297
558482195472
558484424736
558488883264
558496784386
558547141128
558615765008
558616543364
558622704160
558631028737
558647772168
558681309504
558883701024
558884733442
558887338120
558891081732
558899659840
558916308993
559421657120
559423702020
559427911824
559436398856
559453571074
559486869505
560494347266
560495853825
560497565760
560501639176
560527049232
560560377860
562641897476
562644943361
562649366786
562657513488
562674335936
562708349984
567071080768
567074128004
567078559760
567086695432
567103524866
567137536001
567205430304
567206248706
567208386568
567221420224
567237689857
567271362576
567473623044
567474784264
567477010689
567481467906
567489364496
567539728544
568010541072
568012054532
568013750786
568017830176
568043241608
568076567616
569084740104
569085530176
569091686529
569100009732
569116756000
569150300162
571232814081
571234863168
571239075848
571247566880
571264729360
571298021892
584251081218
584251904001
584254030912
584267071776
584283342864
584317018116
584386150928
584388198560
584392417344
584400897026
584418070532
584451360776
584653998144
584654790688
584660943120
584669270024
584686010498
584719549441
585190367240
585191522496
585193754640
585198207489
585206106116
585256468738
586264219680
586267263240
586271687684
586279830080
586296664065
586330669200
588411601936
588412633348
588415246338
588418975776
588427559041
588444205576
618611082244
618611867912
618618030082
618626351248
618643096128
618676637728
618744905864
618747955216
618752380929
618760527876
618777346336
618811359746
619013276161
619014787088
619016487968
619020566720
619045980164
619079311368
619550117890
619551148033
619553751360
619557487624
619566072352
619582726160
620623839504
620625003012
620627230850
620631695392
620639585281
620689950784
622771576896
622772388000
622774521860
622787561480
622803829762
622837498113
687330068488
687331106880
687333704208
687337439489
687346028548
687362670752
687464321088
687465826336
687467528452
687471608848
687497027586
687530344577
687732949136
687733769220
687735900162
687748947969
687765209352
687798878784
688269689857
688272744480
688277162048
688285302914
688302129668
688336146440
689344413832
689346465793
689350672898
689359161360
689376330816
689409622304
691490800160
691491966978
691494192136
691498647684
691506544960
691556917264
824770103300
824772149506
824776360992
824784847361
824802025480
824835309760
824903238148
824904273928
824906875905
824910610562
824919195920
824935843904
825171779586
825174822976
825179243016
825187387424
825204212752
825238225156
825709035680
825709822978
825715986436
825724313664
825741050113
825774588432
826782517249
826783342608
826785464864
826798510082
826814775428
826848445448
828929802504
828931310144
828933013648
828937101313
828962508832
828995831810
1108236896320
1108238409760
1108240105988
1108244185360
1108269596802
1108302922753
1108371066912
1108372228098
1108374454536
1108378911748
1108386808384
1108437172368
1108640597000
1108642646017
1108646858754
1108655349776
1108672512320
1108705804832
1109176615952
1109177434372
1109179572226
1109192605825
1109208875528
1109242548288
1110250135560
1110251159744
1110253768720
1110257500673
1110266087428
1110282732576
1112398103042
1112398893057
1112405049480
1112413372704
1112430118928
1112463663108
1116827287696
1116828075012
1116834238496
1116842565633
1116859302152
1116892840512
1116961120260
1116964163585
1116968583682
1116976728080
1116993553472
1117027565856
1117229482242
1117230989825
1117232693440
1117236781064
1117262188560
1117295511556
1117766320672
1117767356418
1117769958408
1117773693060
1117782278464
1117798926337
1118840046593
1118841209104
1118843445280
1118847895616
1118855790722
1118906159112
1120987777032
1120988602432
1120990724624
1121003769860
1121020035232
1121053705218
1134006764552
1134009819152
1134014236673
1134022377604
1134039204384
1134073221122
1134141112512
1134141932576
1134144063492
1134157111304
1134173372674
1134207042049
1134409302544
1134410469380
1134412694530
1134417150112
1134425047297
1134475419712
1134946226177
1134947731472
1134949433632
1134953514048
1134978932740
1135012249736
1136020422916
1136021209608
1136027377666
1136035693584
1136052441152
1136085977120
1138168496258
1138170548232
1138174755332
1138183243840
1138200413185
1138233704720
1168366395394
1168367550593
1168369782848
1168374235656
1168382134304
1168432496900
1168501114881
1168501907472
1168508059968
1168516386818
1168533127300
1168566666248
1168769057856
1168770089248
1168772702212
1168776431632
1168785014920
1168801661442
1169307009600
1169309057168
1169313275905
1169321755652
1169338929184
1169372219394
1170379702432
1170381210626
1170382915592
1170386997252
1170412404993
1170445730320
1172527255568
1172530299138
1172534723616
1172542865921
1172559699976
1172593705152
1237086965776
1237089010720
1237093220544
1237101707522
1237118879748
1237152178184
1237220098320
1237221130756
1237223735426
1237227479072
1237236057089
1237252706312
1237488633888
1237491679752
1237496103172
1237504249920
1237521072257
1237555086352
1238025904192
1238026682528
1238032843280
1238041167880
1238057911298
1238091448577
1239099379714
1239100196865
1239102325056
1239115366944
1239131643920
1239165304964
1241246663684
1241248170248
1241249882113
1241253955586
1241279365696
1241312694304
1374525063456
1374525882882
1374528012424
1374541055040
1374557327361
1374590994448
1374660133121
1374662189120
1374666393608
1374674878624
1374692049424
1374725345284
1374927982600
1374928767040
1374934926337
1374943248900
1374960001056
1374993531010
1375464343556
1375465512968
1375467733505
1375472189698
1375480090640
1375530452000
1376538198592
1376541246468
1376545669264
1376553812232
1376570640386
1376604659713
1378685583489
1378686616592
1378689222688
1378692960320
1378701549570
1378718187780
1468881960960
1649267660800
1649313579648
1649338744932
1649345134592
1651951806976
1653586526208
1654233497609
1656783634816
1692217114652
1700908761088
1795296329763
1932736200704
2199023259236
2199074635888
2207748591618
2207751635264
2207756059656
2207764202016
2207781036048
2207815041156
2207882936833
2207883759632
2207885886496
2207898927362
2207915198468
2207948873736
2208151134272
2208152289440
2208154521604
2208158974480
2208166873096
2208217235713
2208688046216
2208689554496
2208691259408
2208695341057
2208720748832
2208754074114
2209762248736
2209763041282
2209769193732
2209777520704
2209794261121
2209827800080
2211910320644
2211912368258
2211916587040
2211925066753
2211942240264
2211975530560
2216339505344
2216341557264
2216345764353
2216354252804
2216371422240
2216404713730
2216472643648
2216473681952
2216476279300
2216480014608
2216488603656
2216505245826
2216741176336
2216744230914
2216748648480
2216756789377
2216773616136
2216807632960
2217278439681
2217279226384
2217285394496
2217293710338
2217310457860
2217343993864
2218351919236
2218352739336
2218354870273
2218367918096
2218384179520
2218417848864
2220499210272
2220500715522
2220502417672
2220506498052
2220531916801
2220565233808
2233518293152
2233519326210
2233521932296
2233525669892
2233534259264
2233550897409
2233652551682
2233654050945
2233655758912
2233659834888
2233685246992
2233718571268
2233921175816
2233921995328
2233924124816
2233937167364
2233953439776
2233987106818
2234457915908
2234460963841
2234465386626
2234473529616
2234490357824
2234524377120
2235532640544
2235534696452
2235538901008
2235547385992
2235564556802
2235597852673
2237679028225
2237680197648
2237682418208
2237686874432
2237694775298
2237745136648
2267878262800
2267879088132
2267881210370
2267894255617
2267910520968
2267944191040
2268013332488
2268015378689
2268019590146
2268028076560
2268045254720
2268078538912
2268281176194
2268281963521
2268288126984
2268296454176
2268313190672
2268346728964
2268817540128
2268818702594
2268820938760
2268825389060
2268833284288
2268883652624
2269891403777
2269894447136
2269898867264
2269907011586
2269923836932
2269957849352
2272038781448
2272039817280
2272042419216
2272046153857
2272054739204
2272071387168
2336597491972
2336598655496
2336600883329
2336605347842
2336613237776
2336663603232
2336732218376
2336733004096
2336739166209
2336747487364
2336764232224
2336797773826
2337000165377
2337001195536
2337003798816
2337007535168
2337016119810
2337032773636
2337538121729
2337540162112
2337544372488
2337552863264
2337570029712
2337603322884
2338610807312
2338612318212
2338614019074
2338618097824
2338643511304
2338676842560
2340758356160
2340761405444
2340765831184
2340773978120
2340790796546
2340824809985
2474036495361
2474038001936
2474039713824
2474043787328
2474069197316
2474102525960
2474170663056
2474171827204
2474174056450
2474178514976
2474186416129
2474236772928
2474440200194
2474442245128
2474446454916
2474454942016
2474472114177
2474505412624
2474976219200
2474977036320
2474979164420
2474992206344
2475008483330
2475042144385
2476049727746
2476050760193
2476053364928
2476057108488
2476065686560
2476082335760
2478197710852
2478198489224
2478204649986
2478212974608
2478229718080
2478263255328
2748779921414
2748805289984
2748814726656
2748833988608
2750607785984
2751061344256
2751731859473
2753422163968
2754147778627
2800318687360
2954937499752
3126741434368
3298534888744
3298534889603
3298535702624
3298603040782
3298627813376
3298637643809
3299340599296
3299785834496
3299877060660
3301359747072
3444563780224
3642132278272
4261010210816
4398046523748
4398148583424
4406771982340
4406772793480
4406774927361
4406787966992
4406804235328
4406837903648
4406907052096
4406909092368
4406913302785
4406921793540
4406938960032
4406972253186
4407174890497
4407175676176
4407181838400
4407190159490
4407206904324
4407240445960
4407711252738
4407712416257
4407714644160
4407719108616
4407726998560
4407777363972
4408785109136
4408788158466
4408792584224
4408800731137
4408817549576
4408851563072
4410932498496
4410933528608
4410936131844
4410939868176
4410948452872
4410965106690
4415361680386
4415362711809
4415365324864
4415369054216
4415377637536
4415394284048
4415495929985
4415497438224
4415499143200
4415503224896
4415528632580
4415561957896
4415764562496
4415765385248
4415767512068
4415780552968
4415796824066
4415830499329
4416301305864
4416304349456
4416308773889
4416316916228
4416333750304
4416367755394
4417376027138
4417378074760
4417382293508
4417390773312
4417407946753
4417441237008
4419522420752
4419523575940
4419525808130
4419530261024
4419538159617
4419588522304
4432541581584
4432543089156
4432544792706
4432548880416
4432574287880
4432607610944
4432675750916
4432676913416
4432679149569
4432683599874
4432691495056
4432741863456
4432945285121
4432947331392
4432951542792
4432960029216
4432977207312
4433010491524
4433481304096
4433482129410
4433484251656
4433497296960
4433513562241
4433547232272
4434554814977
4434555850768
4434558452768
4434562187456
4434570772738
4434587420676
4436702789768
4436703577152
4436709740545
4436718067716
4436734804256
4436768342530
4466902369312
4466904418308
4466908631056
4466917122056
4466934284546
4466967577089
4467035512864
4467036536962
4467039145992
4467042877956
4467051464768
4467068109825
4467304038660
4467307085953
4467311517698
4467319653392
4467336482880
4467370493984
4467841303056
4467842093060
4467848249504
4467856572673
4467873318920
4467906863168
4468914783240
4468915601728
4468917739536
4468930773124
4468947042848
4468980715522
4471062071298
4471063584769
4471065281088
4471069360392
4471094771856
4471128097796
4535621259296
4535622043650
4535628203012
4535636525632
4535653277697
4535686807696
4535755080194
4535758128192
4535762550920
4535770693920
4535787522064
4535821541380
4536023457800
4536024957120
4536026664976
4536030740993
4536056153120
4536089477378
4536560287876
4536561320968
4536563927041
4536567664642
4536576253968
4536592892224
4537634015296
4537635184672
4537637405188
4537641861392
4537649762312
4537700123649
4539781742849
4539782562320
4539784691872
4539797734402
4539814006788
4539847673864
4673059701256
4673060868160
4673063093264
4673067548801
4673075446020
4673125818370
4673194426688
4673195213344
4673201381392
4673209697288
4673226444802
4673259980801
4673462372368
4673463410692
4673466008066
4673469743392
4673478332417
4673494974600
4674000322704
4674002374688
4674006581824
4674015070210
4674032239620
4674065531144
4675073019908
4675074525192
4675076227329
4675080307714
4675105726528
4675139043488
4677220566048
4677223620616
4677228038148
4677236179136
4677253005825
4677287022608
4681569927168
4947802755328
4947808627712
4947928155136
4949144508928
4951195516928
4995449618432
5042304188416
5102421156608
5188321050624
5257039970374
5368709125120
5497558804736
5497594841216
5497637836800
5497644130816
5498631894144
5500108280064
5540508155904
5583457484822
5686536702976
5909874999369
6047313954321
6047314542632
6048128696320
6339371778048
6597069767068
6597069822976
6597070227584
6597094932554
6597115904017
6597740855334
6600290992169
6603799527424
6722697560064
6777458393106
6889127544448
7078141755392
7146825859120
7146829381632
7151657421056
7696581493504
7696581935109
7701010579536
7981659848704
8796093027868
8796093522432
8804818747656
8804819534400
8804825702401
8804834018308
8804850765856
8804884301826
8804952572992
8804955627524
8804960045072
8804968185992
8804985012738
8805019029505
8805220945936
8805222451204
8805224153346
8805228233760
8805253652488
8805286969536
8805757782017
8805758820368
8805761417760
8805765153088
8805773742082
8805790384260
8806831505924
8806832672776
8806834897921
8806839353474
8806847250704
8806897623072
8808979234976
8808980055042
8808982185992
8808995233856
8809011495169
8809045164560
8813408423937
8813409241104
8813411369248
8813424411138
8813440688132
8813474349192
8813543493636
8813545538562
8813549748384
8813558235393
8813575407624
8813608706112
8813811343392
8813812121730
8813818282500
8813826607168
8813843350529
8813876887824
8814347698368
8814348862496
8814351091716
8814355550224
8814363451400
8814413808129
8815421556738
8815424602688
8815429026056
8815437172768
8815453995152
8815488009220
8817568940292
8817569972744
8817572577409
8817576321026
8817584899088
8817601548352
8830589149192
8830591189505
8830595399938
8830603890704
8830621057216
8830654350368
8830722281480
8830723311680
8830725914896
8830729651201
8830738235908
8830754889760
8830990811265
8830993860640
8830998286400
8831006433282
8831023251716
8831057265160
8831528076290
8831528861953
8831535024136
8831543345312
8831560090128
8831593631748
8832601563152
8832602374276
8832604508162
8832617547777
8832633816072
8832667484480
8834748842560
8834750353440
8834752054276
8834756133008
8834781546498
8834814877697
8864947896864
8864950944776
8864955367556
8864963510592
8864980338689
8865014358032
8865082245378
8865083064833
8865085194432
8865098236960
8865114509328
8865148176388
8865350436872
8865351606336
8865353826832
8865358283009
8865366183940
8865416545282
8865887363076
8865888862344
8865890570241
8865894646274
8865920058432
8865953382688
8866961559616
8866962343968
8866968503312
8866976825864
8866993577986
8867027107969
8869109629200
8869111685152
8869115889728
8869124374658
8869141545476
8869174841352
8933667307650
8933668815873
8933670520896
8933674602504
8933700010256
8933733335556
8933801484289
8933802639504
8933804871712
8933809324608
8933817223170
8933867585800
8934071009824
8934073057412
8934077276176
8934085755912
8934102929410
8934136219649
8934607028744
8934607851584
8934609978384
8934623019268
8934639290400
8934672965634
8935680541728
8935681573122
8935684186120
8935687915524
8935696498880
8935713145345
8937828517904
8937829310468
8937835462944
8937843789825
8937860530312
8937894069312
9071106236480
9071107260576
9071109869572
9071113601552
9071122188296
9071138833410
9071240480800
9071241994242
9071243690504
9071247769860
9071273181313
9071306507280
9071509111812
9071509930248
9071512068097
9071525101712
9071541371456
9071575044128
9072045850896
9072048898178
9072053329952
9072061465601
9072078295048
9072112306240
9073120576576
9073122625552
9073126838273
9073135329284
9073152491808
9073185784322
9075266965506
9075268126721
9075270353216
9075274810376
9075282706976
9075333070980
9345848850498
9345891836160
9345933918208
9347328376832
9350278024704
9414675267584
9448928051219
9560597479424
9758195056640
9895604653317
9895604797552
9895610941451
9895625932800
9895677010944
9897887203328
9898398056448
9901510230034
10322953895936
10445360627718
10445361012864
10445410795592
10533675728896
10754598113792
10995116286370
10995117077504
10995141445376
10995202261010
10997666423296
10998337509632
10999948116044
11000619499520
11055263645696
11304354594816
11544872092297
11544872190032
11836929867812
12099191309440
12171937316930
12249246728209
13194139536080
13194139828261
13194140091776
13194140450882
13194184114176
13194630266880
13196555632640
13199105601536
13271448954368
13358153596928
13477607374904
13554916790528
13640816140416
13743900590100
13743914549248
13745505960032
13750337798154
14293668986914
14293689106432
14294859120652
15393213130752
15394505555968
15668117241856
17592211223168
17592276385792
17592299880448
17600911278608
17600912314372
17600914916354
17600918651040
17600927236353
17600943884296
17601045528836
17601047036424
17601048739969
17601052827650
17601078235200
17601111558176
17601314162690
17601314988033
17601317110336
17601330155552
17601346420880
17601380090884
17601850908704
17601853952008
17601858372100
17601866516544
17601883341825
17601917354256
17602925627408
17602927673632
17602931885120
17602940371458
17602957549572
17602990833800
17605072012296
17605073174848
17605075410960
17605079861249
17605087756420
17605138124802
17609501198368
17609502367746
17609504588296
17609509044484
17609516945472
17609567306768
17609635926018
17609636710401
17609642869768
17609651192352
17609667944464
17609701474436
17609903865992
17609904899136
17609907505168
17609911242753
17609919832068
17609936470304
17610441818376
17610443874305
17610448078850
17610456563856
17610473734720
17610507030560
17611514519616
17611516018848
17611517726724
17611521802768
17611547214850
17611580539137
17613662061057
17613665109024
17613669531840
17613677674754
17613694502916
17613728522248
17626681581569
17626682359952
17626688520768
17626696845314
17626713588740
17626747126024
17626815399952
17626818445826
17626822869280
17626831015937
17626847838344
17626881852480
17627083768864
17627085275394
17627086987272
17627091060740
17627116470785
17627149799440
17627620606272
17627621638688
17627624243332
17627627986960
17627636565000
17627653214210
17628694331522
17628695495681
17628697724992
17628702183432
17628710084640
17628760441348
17630842064900
17630842882056
17630845010177
17630858052112
17630874329152
17630907990176
17661040857096
17661042362432
17661044064528
17661048144897
17661073563680
17661106880642
17661175022144
17661176188960
17661178414084
17661182869648
17661190766856
17661241139201
17661444554884
17661446606850
17661450813984
17661459302401
17661476471816
17661509763392
17661980573825
17661981393936
17661983524896
17661996572674
17662012834052
17662046503432
17663054088196
17663055126536
17663057723905
17663061459202
17663070048272
17663086690496
17665202061600
17665202848258
17665209016324
17665217332288
17665234079745
17665267615760
17729760527424
17729761345824
17729763483652
17729776517256
17729792786946
17729826459649
17729895597058
17729897646088
17729901858820
17729910349888
17729927512321
17729960804880
17730163442180
17730164232200
17730170388610
17730178711824
17730195458112
17730229002272
17730699808784
17730700969988
17730703196418
17730707653664
17730715550209
17730765914304
17731773661448
17731776708752
17731781140481
17731789276164
17731806105632
17731840116738
17733921054722
17733922078849
17733924687936
17733928419848
17733937006624
17733953651728
17867199348868
17867202398209
17867206823938
17867214970896
17867231789376
17867265802784
17867333705736
17867334516928
17867336650768
17867349690372
17867365958688
17867399627010
17867601887489
17867603051024
17867605278880
17867609743424
17867617633282
17867667998728
17868138807810
17868140318721
17868142019648
17868146098312
17868171511824
17868204843012
17869213008912
17869213794564
17869219956768
17869228277889
17869245022728
17869278564416
17871361089568
17871363129860
17871367340304
17871375831048
17871392997506
17871426290689
18141942187392
18141952114688
18142011067008
18142799593472
18143149817944
18145432174592
18262201024512
18442673455104
18554258718741
18691697676838
18691697680525
18691697981440
18691698271744
18691707109480
18694989152256
18774510010368
18863496544256
19172809506816
19241453489162
19241453494576
19241453764673
19243760353280
19397682921472
19791209301169
19791209308698
19791209611276
19791209889865
19791209956224
19791326744832
19794967404672
19796309578240
19842748907527
19885698581760
19952404791296
20031727480832
20340965118148
20340965270528
20487035944960
20890731415808
20890738835456
20936086519808
21182816452608
21990232637524
21990268207118
21990300718592
21990303858738
21991977549824
21992514260096
22076131901537
22144877592576
22282291183616
22342420021248
22539988566019
22540009881600
22545367564288
23089744576536
23091086360642
23096187191296
23192873730048
23235779362816
24189261062400
26388279640082
26388314727552
26388379730001
26390560768052
26390708617216
26393111117824
26465615740928
26611617366656
26680336842826
26767578365952
26938110377996
26940719240192
26942598283297
27109833574656
27487794893184
27488730220544
27513560596480
28587323293736
28587337089024
28870770166272
30786325583881
30786325857024
30837934391296
33603958341632
