1000
126977
2030043138
2181570692
4433380388
9127084044
17198745860
34427011140
68988964884
138521149956
204010946560
274894816265
279241048066
283744667712
293132075024
309275398656
343731929216
412855836704
552981250112
554084599824
558482096640
567472689280
584133443616
618550796296
687463728384
1100049549825
1103831793792
1108169199648
1116964192264
1133871636738
1168266757184
1237084946448
2201439436833
2204394065928
2207646941186
2216338399296
2233928254480
2267760050688
2336533514368
4398053326851
4400336605440
4415293752832
4467839862816
4535520100360
8798309777424
8800656564736
8805757748352
8813314850848
8830587504648
8865353597184
8933549019200
12919261626372
17592196399104
17593360449793
17594333563906
17600796958736
17626816331904
21995064459328
