2445
3410
4803
4920
9386
10852
215808
471168
582272
622668
671751
802928
825600
1097769
1221888
1245282
1330304
1376277
1644032
14680960
24199168
39845932
54532608
58720267
77601792
79691846
85983329
92585984
102989824
106692608
117441920
144703576
153102464
155189298
161087488
176173312
205530624
3489660942
3758109184
5335154688
5906432000
7589593088
10078912512
10200547412
11318329344
13959839744
15032385640
18522734592
19595790976
19864633344
22041067520
22548578339
23622325504
26307821568
26843554176
28135391232
34630344736
34632630788
34637615168
34644984072
34661861377
34695807120
34762408962
34898741252
34900934848
34905523208
34913411073
34930229776
35031875872
35435594304
35437744136
35442131201
35451308048
35467067522
35500721184
35568230404
36511450113
36515749904
36524524034
36540796960
36574396676
36641704000
38657331201
38658916624
38663161858
38671745184
38689309700
38721855552
38789054984
42952033296
42954924034
42958094880
42966585348
42983752000
43083956353
51544328224
51548012676
51556451392
51573432328
51607765505
51673862160
68990275592
68993155329
68996335632
69004820610
69021991968
69055045636
69122196032
69261074448
69264753154
69273194528
69290164484
69324507200
69390598280
69795381520
69797677058
69802655904
69810029572
69826912320
69860852232
69927456769
70869098498
70871286304
70875877380
70883754304
70900582408
70934331521
71002227728
73016559648
73018704004
73023095872
73032278024
73048031745
73081688080
73149186306
77312557572
77313642560
77317931272
77326714881
77342982288
77376586754
77443899424
85901967552
85903557640
85907808257
85916385808
85933953026
85966487840
86033696772
137710536706
137711616160
137715909636
137724698688
137740960264
137774567425
137841869072
137978446368
137980039172
137984278848
137992865800
138010427521
138042967056
138110181378
138515054724
138517939264
138521124872
138529604097
138546778128
138579820802
138646980640
139588669504
139591155976
139594844161
139603280016
139620254722
139654602784
139720688132
141736084488
141738385409
141743358480
141750734850
141767606560
141801555972
141868155072
146031018241
146033215504
146037801090
146045682720
146062516228
146096259648
146164158472
154620944400
154623083010
154627477536
154636648708
154652411968
154686062728
154753565697
258503344128
275148473408
275155255809
275163140112
275179962626
275213715488
275281608836
275416891656
275419039745
275423428752
275432604674
275448373280
275482018308
275549524032
275954802689
275960172546
275968950560
276018823360
276086129672
277028014096
277029601410
277033845792
277042438148
277059994176
277092536328
277159739649
279178121248
279181295876
279206953096
279240000513
279307165712
283470069920
283472561156
283476254784
283484684808
283501662209
283535999248
283602094082
292059942916
292062232896
292067215368
292074586241
292091462672
292125417474
292192010784
377958711296
446764679168
481036697600
550026478096
550028972034
550032654624
550041094148
550058066112
550092407816
550294847618
550297142304
550302130180
550309495360
550326374408
550360318209
550426920976
550831689760
550833881348
550838470720
550846349448
550863176705
550896934928
550964822530
551905412100
551907565632
551911948808
551921127425
551936885008
551970539522
552038039712
554053927232
554055010312
554059300993
554068083728
554084360194
554117956128
554185265156
558349959681
558354206736
558362788098
558380353568
558412890244
558480098368
566938044417
566940926096
566944105474
566952599584
566969762308
567002812480
567069966600
652835030656
721554516224
756117667840
879394553856
906506534912
962072674332
1099782684932
1099784276032
1099788517512
1099797103617
1099814674448
1099847205378
1099914416160
1100050866240
1100053742088
1100056924161
1100065407248
1100082579458
1100115624096
1100182782980
1100587599880
1100602220546
1100619186720
1100653531140
1100719620416
1101661274625
1101663571984
1101668548866
1101675923488
1101692797060
1101726745664
1101793353736
1103808725136
1103815516192
1103840219200
1103873966344
1103941863425
1108103680002
1108105822496
1108110215172
1108119388352
1108135150600
1108236304912
1116694643744
1116695732228
1116700017216
1116708802568
1116725068033
1116758673424
1116825976962
1202618105856
1408749273126
1443109020416
1683627180105
1786752532480
1924146790400
2199293804673
2199295951888
2199300349954
2199309517344
2199325282308
2199358931264
2199426435080
2199563276304
2199564353794
2199577428100
2199593698368
2199627309064
2199694606849
2200099619842
2200101216288
2200105452036
2200114040896
2200131600648
2200164141057
2200231346320
2201173098784
2201175984132
2201179160768
2201187648520
2201204826113
2201237864976
2201305026562
2203320459268
2203322942016
2203326631944
2203335065857
2203352041488
2203386380418
2203452474400
2207615354944
2207617646728
2207622628353
2207630008336
2207646876162
2207680827424
2207747424516
2216205255176
2216207454209
2216212037904
2216219920386
2216236744864
2216270496772
2216338399296
2302274437120
2405181690240
2508260914176
2542620639306
2618319437824
2783139151872
2817498546213
2886219628544
3023709405184
3362959392768
3367254540288
3435973840384
3850169745408
4398046516372
4398155563056
4398187315200
4398650757122
4399124971649
4399153825796
4400197140616
4402878483456
4404757446656
4415763251225
4424084750372
4449588347136
4956394889216
5497625387009
5501869883908
6116033429522
6871948394496
8796093036561
8796263432192
8797435201280
8799315591168
8807099072512
8809514795648
8817836294224
8839109822464
9070975156752
9075268255746
9346251530240
10995661668384
11166914969668
13194139533792
13194139535882
13194139624448
13194150019077
13194190258176
13194946412544
13302587457536
14705968025600
15942989905920
17592186208308
17592370593860
17593268192272
17601581289728
17602923473920
17611112841216
17626614988810
17867336720384
17872432663040
18897856102440
19928648253459
21990232557089
21990232563974
21990232656000
21990232703048
21991658618880
22003155206144
22162032558080
22815008882688
24277302640640
26388279349760
26388279723136
26388304234752
26388417478665
26390963421250
26731977113600
27085137510400
29686815064064
35184373661722
35187324878896
35190009237632
35193230467081
35203699441733
35253630534657
35463561871424
36283888043010
36364414353408
36455682998272
38757860376576
39582418768384
39582418927656
39582431193088
39582454251586
39582620991488
39900783050752
40291088203776
43980465116232
43980465209347
43980534325504
43982113472512
43987050168320
44006235701248
44186624720896
44805098834048
45079976755220
52776558139426
52776569012224
52776579661824
52781389971468
52794006519808
52879637348432
53188874994944
55525337211392
