4197127
6364176
31506434
38903812
41965604
42598666
70271124
75538536
84444420
100804737
151064866
209993985
268616096
369688624
542249090
570441817
656413184
805389318
1075839602
1076004876
1094852928
1312818178
1478758528
2148124673
2173829125
2181317250
2218951184
2449511432
2959606016
3222288896
3234136072
4294973896
4429334546
4464316417
4597088836
4834993216
5259657224
5404442880
5637147681
6511656971
6979588116
8592498690
8603051009
8992589136
9128378916
9194177672
9663746117
10737443084
12901957728
17184997380
17196668033
17199005976
17213433632
17247279106
17526031360
17717342216
19596058689
21475934728
22556975236
25805488320
34359836826
34360272980
34361880833
34418525248
34494497832
34664876034
34766782465
34905154048
35064381828
35451043843
36507618560
36583248000
38664143152
42010181696
43168833536
47244645890
52647038992
53689254404
68719612457
68721320320
68723672292
68736265226
68737339472
68796088834
69524785808
69944230404
70338483456
70911008784
73287102464
73584902178
77344162816
82678644760
103356334084
107393187968
120259100994
137439499024
137461237248
137523052552
137573315588
137592047681
137707913357
138554671617
139688149312
140140126336
141738704962
146040426504
146079219734
159450792193
172604002400
181466579072
206296875272
274878071875
274888458401
275481895186
276229013568
277495154692
281321021472
283469154321
283740471338
284138983424
286707942400
309254457888
309311307840
343600009222
343916151041
348026897408
412887813120
413390864676
549772920964
550158508546
551501758480
551906738208
552448559170
554059403264
558345760944
562781224964
569217515656
584116601537
584182792230
586548264976
588444344328
601836520448
704400326688
824633722396
841815713792
867583983872
894494081152
1099512938574
1099667341456
1099788455955
1099798945828
1100066343168
1100585427984
1101661360192
1102330201601
1103817345536
1108139577600
1109318041632
1114812514432
1117772578817
1135012217608
1168231301396
1236952679810
1239098067000
1271312056320
1374457697312
1393725309184
1413044256773
1451698954816
1649271718432
1670809387088
2199032037584
2199040107025
2199059170309
2199074635944
2199090384448
2199160750848
2199309129728
2199564593184
2199896752129
2201172313106
2216274493824
2250571253769
2268013330504
2276466884739
2302140744192
2337605689344
2345052242976
2409477703684
2491634679876
2508529345664
2748812658960
2753611448448
3025808658433
3298534920836
3298535407969
3302834177032
3342023524368
3369485991936
3436410060800
4398193316416
4398323411200
4399120451200
4401871732768
4402345967745
4406906995201
4432407646208
4467873548352
4475913830400
4484349558816
4501192836113
4535525441568
4674132385801
4947874678792
4965015814147
5022964253440
5085241327684
5223485931520
5497761660928
5523327945732
5534069563394
5566286020744
5640382582784
6598416138260
6735045591562
6876351692800
8796099322504
8796102495360
8796445343938
8796629992256
8796646802480
8799314248081
8801530281984
8806595567616
8817622386688
8821871296528
8864881707296
8933532000291
9002285076608
9070996369408
9075536461840
9088218432001
9108016070664
9363029758212
9491877857792
9620894515296
9896221212676
9904211394569
9947144519840
10514348901376
10995317608472
10997540586016
11081015795712
12369505880066
13198434566188
13205011955712
13469021652224
13779339313152
14293685764624
17592371019776
17593352062992
17594350830152
17596682338976
17609366112352
17637316755489
17664395313154
17678186053644
18141944610833
18142256431232
18421132558338
18700355256322
18794911111168
19791242866754
19791352496132
19818053108224
20134806700080
21990241207330
24191405394048
26388283822112
26388547782664
26406132121602
26461301899329
26940249546752
28759117791488
35184506339381
35184539929096
35184641712152
35192987190144
35202132082688
35218752802828
35253293547584
35288525119520
35465159770624
35631191293954
35737383206916
36284156381248
37404872282144
37658274070536
39582485979652
39583493423362
39859444056144
42331348665344
43980485623808
43998718723144
44014925561856
44049189044242
45084405932288
48379048499201
52778845093888
52845279741440
53326850818344
54013509042177
57213528309760
61847529193604
