127
25417
26766
98762
120992
164577
169030
175144
198803
203584
297172
345225
406800
459308
657702
682512
795685
838658
852753
856198
1074274
1098386
1115414
1189957
1257482
1313354
1386784
1577283
1581272
1591337
1737745
2371200
2715904
3440696
5964416
6291921
6293033
6294038
6464256
7394304
10059810
10360832
10486626
10486938
10487973
12583628
12588144
12763156
12873856
18879045
18880898
18884633
20004876
20054098
20977708
21299226
21528649
25174211
25176836
25396352
29753377
36044821
36241419
37751010
38830087
39206976
39858248
41945681
41983232
42025856
42770944
44247040
50336787
50475648
51437824
52757760
73941028
76038218
76090880
76759041
77598988
78684288
81003776
83888481
83917824
84296448
85098532
88089136
100672070
101023809
102763568
104337920
104861844
105971752
118753408
134219399
136429585
137166944
141164568
143917069
145097088
150999384
151273542
152585728
153399296
157289536
167821416
168057344
168895616
169345076
169873697
172558592
195035656
201337106
203982080
205717572
227155968
235274250
392167426
420937728
537083992
683676416
805307220
805315595
805734656
805869056
806027297
855638072
977272897
1342181992
1342369792
1355612160
1377831680
1400906752
1482694784
1610623088
1610817920
1621098569
1637122048
1646269568
1652555798
1761607717
1811949056
1879133184
1949433856
2416287872
2416578944
2417033241
2445281408
2451570788
2621489152
2685452353
2685927438
2722106880
2753561472
2755657747
2776629316
3103793408
3221228557
3221230225
3222405155
3222556928
3261366272
3368026152
3374465024
3456106576
3489662274
4295147531
4404019235
4563409048
4608753664
4648108032
4699717646
4833431680
4905248768
5041553432
5100274912
5125586944
5369794048
5400166416
5470093312
5586813312
5637242948
5905580810
6442538496
6443368514
6443729152
6488596736
6711164933
6979334164
7516749848
7566530560
8858910739
8859582536
8860206208
8929679616
9076473876
9128387328
9131638784
9179889664
9235869696
9395568706
9405728000
9664016896
9675751424
9701425201
9839839360
10033053696
10221519488
10737714944
10738513920
10762928128
10854858761
10941956096
11005854346
11005858849
11274291528
11274445824
11442061346
11811749924
11886821376
12884903193
12885363712
12885966932
12985566848
13031702594
13069549568
13153419304
13222543425
13421775365
13421936688
13958652934
15032394336
15042875520
16379805696
48991567872
51539760256
51540262925
51540852784
51540960256
51552190502
51576061952
51594133584
51625592320
51690612864
51749322817
54593060864
60666413082
64424514304
68720036736
68720083013
75430374400
85899353160
85900076032
85900132394
85914583040
85935006080
85950103552
85968552020
87241524864
88316461056
91268399104
100931731468
103079221298
103080432128
103125353600
103151435776
103171489832
103234486272
103246987289
106579361792
107911062144
120259182595
137438956344
137440152832
154618835112
154640465920
154692550656
154769817611
155425275904
157447880704
163745628260
164283318272
171798704720
171799068928
171903550208
171968561218
174483734528
181462375424
184685232128
188978956800
188979626056
195421011985
206158479398
206159569408
206159609884
206334918656
206376538624
212332969984
215285240192
223413799168
223476711472
240518170122
240518177029
240538353664
275018186752
292057777714
292261199912
296889623808
297694920737
302795197568
309237649801
309237654676
309238972452
309248137728
309307080704
309378154501
309397030144
314069483596
318901321826
320524517376
326419089664
326488829952
343597388482
343639998464
343682908160
343807098886
344939560986
350612357120
353334460416
360777263140
360777306368
360778563601
377957679184
412316958733
412317007921
412317290624
412332720128
412402852096
412552806400
417035452416
422249168896
425738911744
429497324032
429538672664
432717955078
446677385219
447481915392
452120805376
481086668865
481172653184
483452257024
549755826532
549965534336
566936240150
566941979264
567083548672
571767521347
580089675776
584115961874
584116121728
584143405056
586799912192
587424858112
590826438690
593511858176
601295424545
601295749188
618475291820
618475292939
618475299921
618561323008
619360288768
625077125120
627503529984
635676131333
637265784832
652836143488
652841320544
652885363200
662498705428
687194773697
687224129024
687270264884
687328994176
687366733836
689611292672
692144046080
694710961280
697933627392
704576126976
705716813904
721597530112
723165118504
755914539080
755915822080
768799146017
824634524032
824635098624
824652595238
824673648640
824778424400
827854956800
829197136384
830003625984
835371139128
841813590796
841814671456
844498141184
851628261376
860335931392
893453862144
893491615744
962072678674
962072726016
962073329732
1116962046081
1116964389904
1116968847392
1116977762368
1116993527810
1117027107076
1117094281736
1117231521808
1117233086596
1117236826114
1117245407776
1117262055425
1117295510536
1117362602304
1117767368992
1117769449986
1117774676104
1117782155268
1117799318592
1117832613889
1117899524112
1118841143872
1118843310112
1118847386628
1118855790736
1118872797448
1118907140098
1118973730817
1120988693506
1120991707393
1120995123264
1121003259912
1121020084384
1121054097936
1121120718852
1125283792900
1125285699592
1125289853441
1125298733314
1125315006480
1125348671680
1125416698912
1134142161216
1134144061984
1134148223108
1134157111312
1134173373448
1134207045634
1134275069953
1134410859552
1134412464386
1134416764936
1134425081860
1134442840256
1134475362817
1134542721040
1134947225604
1134949566472
1134954021121
1134962934786
1134978695696
1135012290624
1135079456928
1136021080080
1136024100868
1136027501058
1136035643680
1136052473857
1136086483080
1136153101376
1138169479688
1138171056192
1138174788624
1138183372929
1138200019204
1138233477152
1138300575746
1142463463554
1142465627137
1142469707840
1142478114824
1142495125536
1142529458448
1142596043268
1168502161922
1168503771137
1168508060736
1168516382856
1168534143264
1168566667280
1168634028036
1168770138369
1168772301328
1168776380576
1168784793664
1168801793026
1168836136964
1168902719496
1169307994176
1169309573152
1169313300996
1169321885968
1169338535944
1169371988098
1169439081473
1170380709896
1170383044800
1170387505168
1170396414465
1170412177412
1170445763616
1170512937218
1172528435232
1172530333698
1172534493448
1172543374340
1172559643200
1172593319937
1172661338256
1176823170064
1176825250052
1176830484482
1176837949472
1176855117953
1176888410632
1176955326528
1237222163460
1237223735560
1237227479041
1237236058114
1237252702352
1237286158912
1237353254944
1237489811592
1237491713088
1237495875600
1237504757761
1237521031172
1237554692384
1237622718978
1238026551809
1238029570064
1238032974880
1238041116864
1238057943298
1238091958276
1238158581768
1239100198914
1239102277633
1239107502400
1239114974216
1239132144160
1239165444112
1239232348292
1241247662352
1241250005508
1241254461570
1241263382560
1241279136769
1241312727048
1241379899456
1245543145536
1245544743072
1245549039620
1245557359120
1245575120904
1245607642114
1245674995969
1374660102152
1374662189120
1374667407888
1374674878721
1374692052996
1374725341344
1374792254466
1374928638016
1374931650592
1374935056644
1374943200272
1374960026120
1374994046978
1375060656257
1375465898128
1375467504644
1375471798274
1375480123424
1375497887745
1375530402056
1375597756992
1376539378689
1376541278480
1376545447968
1376554321984
1376570589314
1376604258820
1376672288776
1378686672900
1378688827528
1378692911105
1378701312514
1378718320656
1378752660544
1378819244320
1382981583392
1382983929858
1382988383240
1382997295236
1383013056832
1383046645761
1383113826320
1649538043920
1649540204548
1649544282370
1649552688160
1649569694209
1649604042760
1649670619328
1649806443012
1649808527368
1649813750785
1649821220994
1649838391568
1649871685696
1649938604064
1650343550978
1650345443457
1650349609024
1650358485512
1650374756384
1650408424464
1650476450052
1651418071200
1651419644930
1651423381512
1651431968772
1651448619072
1651482067201
1651549159952
1653565032449
1653566644240
1653570929184
1653579252032
1653597016066
1653629534340
1653696889864
1657859604744
1657862619712
1657866027152
1657874178049
1657890997252
1657925013536
1657991628802
2199023261973
2216473790528
2216476811296
2216480211460
2216488354064
2216505184264
2216539193474
2216605811713
2216742113312
2216744454146
2216748908808
2216757822468
2216773583424
2216807178241
2216874344592
2217279029380
2217281192968
2217285273601
2217293680642
2217310691344
2217345024320
2217411609120
2218353230864
2218354835716
2218359136258
2218367453216
2218385211521
2218417734152
2218485092416
2220500230152
2220502302912
2220507533328
2220515000833
2220532172804
2220565464096
2220632375554
2224796205570
2224797782017
2224801514560
2224810098824
2224826745120
2224860203024
2224927301636
2233654575248
2233656148996
2233659885570
2233668472864
2233685123073
2233718571272
2233785664064
2233922232324
2233924124808
2233928290305
2233937166850
2233953437712
2233987105856
2234055131424
2234458964226
2234461979137
2234465386688
2234473537544
2234490356768
2234524373008
2234590988292
2235532608032
2235534692354
2235539915784
2235547385988
2235564556608
2235597850625
2235664769040
2237680075777
2237682417936
2237686882336
2237695789120
2237711548546
2237745136132
2237812314120
2241975552008
2241977163840
2241981448720
2241989771521
2242007535620
2242040053920
2242107409410
2268013528072
2268015427904
2268019597328
2268028471297
2268044738692
2268078408224
2268146438146
2268282224832
2268283831328
2268288124932
2268296450064
2268314214408
2268346728706
2268414083585
2268818588176
2268820934660
2268825388034
2268834300064
2268850061569
2268883650568
2268950831168
2269892448257
2269895460880
2269898866976
2269907010624
2269923836418
2269957857284
2270024466568
2272040845572
2272042418696
2272046153857
2272054747138
2272071386128
2272104845376
2272171935776
2276334837792
2276336992386
2276341075976
2276349477380
2276366485568
2276400825345
2276467409168
2336732766210
2336735101057
2336739561536
2336748470792
2336764233760
2336797819920
2336864993540
2337002227713
2337003806736
2337007534624
2337016119616
2337032769538
2337066221700
2337133315080
2337538081856
2337540161824
2337545396228
2337552861200
2337570029704
2337603322370
2337670238209
2338611855624
2338614018624
2338618097808
2338626510849
2338643510276
2338677854240
2338744436738
2340759404704
2340762420226
2340765829128
2340773974020
2340790804544
2340824809729
2340891427344
2345054507024
2345056405508
2345060565250
2345069446176
2345085714945
2345119391752
2345187410112
2474171761153
2474173927440
2474178004000
2474186408128
2474203414786
2474237757444
2474304348168
2474440163600
2474442244612
2474447470722
2474454949920
2474472113153
2474505408520
2474572318784
2474977265696
2474979172354
2474983326216
2474992206084
2475008479296
2475042144385
2475110171664
2476051800128
2476053364896
2476057104388
2476065686032
2476082333704
2476115788802
2476182880513
2478198755330
2478200358913
2478204649792
2478212973576
2478230733344
2478263263248
2478330609796
2482493326340
2482496340232
2482499756033
2482507892738
2482524717200
2482558730816
2482625351712
2749050126624
2749051732482
2749056024712
2749064355844
2749082108992
2749114634241
2749181986832
2749318104066
2749320265985
2749324353600
2749332752392
2749349757088
2749384098320
2749450686468
2749855961096
2749857531968
2749861265680
2749869851649
2749886497284
2749919961120
2749987045506
2750928668676
2750931017736
2750935466497
2750944379138
2750960144400
2750993727680
2751060902944
2753076396608
2753078300704
2753082459140
2753091338384
2753107607816
2753141278722
2753209311233
2757371134081
2757373215760
2757378443296
2757385916480
2757403090946
2757436375300
2757503287816
3212637634560
3298534992384
3298535362560
3298627158656
3298677489764
3298690236416
3303903592530
3307173052416
3308466995209
3313567809536
3367254373504
3401817522176
3642132267043
3710851746176
3865472401408
4398046514788
4398110998528
4415497179138
4415499077633
4415503237440
4415512118280
4415528387104
4415562063888
4415630082180
4415765873153
4415767482384
4415771771936
4415780094144
4415797854466
4415830378500
4415897739272
4416302243904
4416304578720
4416309039108
4416317948432
4416333711368
4416367297538
4416434471169
4417376092296
4417379107904
4417382516752
4417390661633
4417407492100
4417441497376
4417508114946
4419524495392
4419526074370
4419529802248
4419538387204
4419555037248
4419588489345
4419655582736
4423818477840
4423820640772
4423824720002
4423833133088
4423850132481
4423884476424
4423951059008
4432676855816
4432679010496
4432683094032
4432691495425
4432708503556
4432742843424
4432809427202
4432945252416
4432947339296
4432952558084
4432960028944
4432977203208
4433010491522
4433077404673
4433482351632
4433484251396
4433488420866
4433497294880
4433513562241
4433547231752
4433615261760
4434556879105
4434558452240
4434562187424
4434570780736
4434587419650
4434620878852
4434687969288
4436703838340
4436705444872
4436709738497
4436718063618
4436735827984
4436768342336
4436835697184
4440998416416
4441001428994
4441004835080
4441012978692
4441029804608
4441063825409
4441130434704
4467036553376
4467038635010
4467043862536
4467051335684
4467068510272
4467101794561
4467168707088
4467305095170
4467308101761
4467311513664
4467319652872
4467336480800
4467370492944
4467437109508
4467842351368
4467843957312
4467848249488
4467856580609
4467874333700
4467906859040
4467974211586
4468915831300
4468917735432
4468921893889
4468930773122
4468947042576
4468980713536
4469048746016
4471063118912
4471065280800
4471069368324
4471077767184
4471094771848
4471129113090
4471195701249
4475358038017
4475360387088
4475364835872
4475373748544
4475389513730
4475423096964
4475490272264
4535756523536
4535758135300
4535762420226
4535770743072
4535788507137
4535821025416
4535888380992
4536024502276
4536026662920
4536030740737
4536039146498
4536056152592
4536090501184
4536157077664
4536562352258
4536563926017
4536567662656
4536576249864
4536592900128
4536626348304
4536693441028
4537635062816
4537637404930
4537641869320
4537650776068
4537666535616
4537700123137
4537767301136
4539782799361
4539784691856
4539788857376
4539797733952
4539814004738
4539847672836
4539915698440
4544077529608
4544079614016
4544084837392
4544092307585
4544109478148
4544142772256
4544209690626
4673194967300
4673197310472
4673201766529
4673210687490
4673226441744
4673260032064
4673327204384
4673464435720
4673466007872
4673469751312
4673478330369
4673494974596
4673528431136
4673595527170
4674000293889
4674002372624
4674007597344
4674015069248
4674032239106
4674065539076
4674132443272
4675074066434
4675076235265
4675080307264
4675088711944
4675105722400
4675140059280
4675206644740
4677221614096
4677224632324
4677228037122
4677236179104
4677253005569
4677287020552
4677353644096
4681516712128
4681518613536
4681522776068
4681531658256
4681547931656
4681581592834
4681649619457
4948072989697
4948076003600
4948079419424
4948087556160
4948104380546
4948138394116
4948205015048
4948341309584
4948343653380
4948348110850
4948357025824
4948372791297
4948406370568
4948473545280
4948878230048
4948880396290
4948884472840
4948892876932
4948909883712
4948944226305
4949010817040
4949952434240
4949954037792
4949958328580
4949966652432
4949984412168
4950016942082
4950084288641
4952099422466
4952101503489
4952106729664
4952114208776
4952131372064
4952164667408
4952231577604
4956395413508
4956396978312
4956400717825
4956409299458
4956425947152
4956459402304
4956526493984
5497559859202
5497629447680
5497636519936
5497730105362
5501047799828
5503463768064
5504000592640
5506149482496
5506844327936
5508295557187
5823975735296
5909874999400
6133213298712
6597069963362
6597070323756
6597070981248
6597187211520
6597275287585
6599661846528
6599754973184
6602706916352
6889127551616
6940694413312
7284264545280
7851200217093
8522020421632
8796093027626
8796093032995
8797704568832
8813543956484
8813545554056
8813549850625
8813558170114
8813575931920
8813608453184
8813675807008
8813811927048
8813814095936
8813818167824
8813826572545
8813843582980
8813877919904
8813944505346
8814349779969
8814351352080
8814355095584
8814363674688
8814380318850
8814413775364
8814480871432
8815422488834
8815424832001
8815429288128
8815438209032
8815453963296
8815487553552
8815554725892
8817570218128
8817572119556
8817576282114
8817585164320
8817601437697
8817635098888
8817703125568
8821864960064
8821867038752
8821872263428
8821879735312
8821896905224
8821930205186
8821997109377
8830723326978
8830725406977
8830730641472
8830738106376
8830755274912
8830788567568
8830855483396
8830991859841
8830994875408
8830998284320
8831006429248
8831023259650
8831057264900
8831123882504
8831529124416
8831530733600
8831535023108
8831543345296
8831561105672
8831593629698
8831660990465
8832602607624
8832604506176
8832608665872
8832617546753
8832633815556
8832667492384
8832735510658
8834749890848
8834752053762
8834756133000
8834764546052
8834781545536
8834815889409
8834882471952
8839044816912
8839047151748
8839051612162
8839060521504
8839076284417
8839109870600
8839177044288
8865083162896
8865086177796
8865089585282
8865097736224
8865114555393
8865148571656
8865215187008
8865351484420
8865353826568
8865358290945
8865367197698
8865382957200
8865416544832
8865483722784
8865888407554
8865890568193
8865894646080
8865903051784
8865920057888
8865954406416
8866020982916
8866962606112
8866964217858
8866968502792
8866976825604
8866994589760
8867027107969
8867094463504
8869109596673
8869111681040
8869116904480
8869124374720
8869141545218
8869174839300
8869241757704
8873405579400
8873407153216
8873410889744
8873419476993
8873436127236
8873469575456
8873536668162
8933802574016
8933804737568
8933808818180
8933817225232
8933834235912
8933868568834
8933935153665
8934070984736
8934073057410
8934078287880
8934085755396
8934102927424
8934136218625
8934203130128
8934608077060
8934609977864
8934614139009
8934623027202
8934639289360
8934672961600
8934740985888
8935682605584
8935684182020
8935687914498
8935696498848
8935713145089
8935746603016
8935813701696
8937829565448
8937831170368
8937835470864
8937843787777
8937861546116
8937894068768
8937961426946
8942124140546
8942127161345
8942130561600
8942138704136
8942155534368
8942189543568
8942256161796
9071242514464
9071244085250
9071247819016
9071256404996
9071273050688
9071306514433
9071373598864
9071510159874
9071512064001
9071516222528
9071525101704
9071541371168
9071575042064
9071643074564
9072046907400
9072049914048
9072053325840
9072061465089
9072078292996
9072112305184
9072178921730
9073120542852
9073122624520
9073127852033
9073135325186
9073152499728
9073185784128
9073252696608
9075268012096
9075270361120
9075274809860
9075283722512
9075299487752
9075333070978
9075400246273
9079563485441
9079565091344
9079569383584
9079577714752
9079595467778
9079627993092
9079695345672
9346119385608
9346121732160
9346126185488
9346135097473
9346150859012
9346184448032
9346251628546
9346388853056
9346390426144
9346394161284
9346402754576
9346419393544
9346452852738
9346519943169
9346924709904
9346926796804
9346932015618
9346939486496
9346956660737
9346989949064
9347056862272
9347998490625
9348000645264
9348004728864
9348013130304
9348030138370
9348064478212
9348131062024
9350146035716
9350149048328
9350152454401
9350160598018
9350177423888
9350211444800
9350278054048
9354441131040
9354443030786
9354447200264
9354456074244
9354472341696
9354506011137
9354574041104
9363139854336
9895604662285
9895605473536
9895617244160
9895745437696
9895856309248
9898289010816
9902391033856
9990899236864
10084608376832
10204842304256
10376642068480
10514079940678
10737418245120
10995189679232
10995275667456
10995288252928
10996460060672
11002095599649
11003974647920
11005853704576
11166914969622
11373073402880
11819749998665
12094627907089
12094629085224
12096257392640
12678743506944
13194139533724
13194139877424
13194140654592
13194162700288
13194189865034
13194231808017
13196018581538
13207599054848
13445395120128
13555084558336
13778255087232
14156283510784
14293651325008
14293651759232
14303314838784
15393162793091
15393163444992
15393164099652
15963319697408
17592186050076
17592345428018
17592357126144
17609637495048
17609639068224
17609642803344
17609651396609
17609668035588
17609701494816
17609768585218
17609905144896
17609907044640
17609911214084
17609920088080
17609936355464
17609970024962
17610038054913
17610441887760
17610444900356
17610448306434
17610456450080
17610473275905
17610507296776
17610573906112
17611515529217
17611517616144
17611522834976
17611530305856
17611547480066
17611580768388
17611647681544
17613662994948
17613665341448
17613669794817
17613678706818
17613694468368
17613728057408
17613795237920
17617958469792
17617960076290
17617964369928
17617972695044
17617990459456
17618022973697
17618090328592
17626816843777
17626818447376
17626822738208
17626831062080
17626848821762
17626881351684
17626948698248
17627084816912
17627086983172
17627091059714
17627099463840
17627116470529
17627150813192
17627217403968
17627622678560
17627624243330
17627627982856
17627636564484
17627653212224
17627686667265
17627753758992
17628695380160
17628697723936
17628702181380
17628711096336
17628726861832
17628760441090
17628827615745
17630843111426
17630845018113
17630849172032
17630858051848
17630874325024
17630907990160
17630976017412
17635137847556
17635139928584
17635145154689
17635152633858
17635169797136
17635203092544
17635270002720
17661176121348
17661178290184
17661182362113
17661190766850
17661207777296
17661242114240
17661308699680
17661444526088
17661446604864
17661451829520
17661459301377
17661476471300
17661509771296
17661576675458
17661981622401
17661983523856
17661987686432
17661996568640
17662012841986
17662046503172
17662114529800
17663056151554
17663057723649
17663061467200
17663070046216
17663086690464
17663120146960
17663187243012
17665203118096
17665204715652
17665209012226
17665217331744
17665235093505
17665267614728
17665334968640
17669497684544
17669500702752
17669504107524
17669512249488
17669529075976
17669563090946
17669629714433
17729895793184
17729897697282
17729901855752
17729910734980
17729927004480
17729960675329
17730028707856
17730164490498
17730166096385
17730170388672
17730178719752
17730196472864
17730228998160
17730296350724
17730700855304
17730703204416
17730707653136
17730716565761
17730732331012
17730765914272
17730833089538
17731774717956
17731777724552
17731781136385
17731789275650
17731806103568
17731840115776
17731906732320
17733923115072
17733924685856
17733928419588
17733937005584
17733953651208
17733987115010
17734054199425
17738217096193
17738219258128
17738223345696
17738231744576
17738248749186
17738283090436
17738349678600
17867334615170
17867337630721
17867341039680
17867349184520
17867366015008
17867400020240
17867466637828
17867602944001
17867605278864
17867609739296
17867618648640
17867634411522
17867667997700
17867735171336
17868139856192
17868142019104
17868146098308
17868154511376
17868171510792
17868205854722
17868272437249
17869214056968
17869215666240
17869219955728
17869228277889
17869246038276
17869278562336
17869345923074
17871361049632
17871363129602
17871368364040
17871375828996
17871392997568
17871426290177
17871493206032
17875657033744
17875658612740
17875662340610
17875670925600
17875687575553
17875721027720
17875788121152
18142212431936
18142214504608
18142219735044
18142227202576
18142244374536
18142277665794
18142344577281
18142480959520
18142483980290
18142487380488
18142495523076
18142512353344
18142546362497
18142612980752
18143018222596
18143019827464
18143024128001
18143032444930
18143050203280
18143082725952
18143150084128
18144091701520
18144093602308
18144097763458
18144106651680
18144122913793
18144156585992
18144224610368
18146238988424
18146241152064
18146245232656
18146253639681
18146270650372
18146304983328
18146371568130
18150533910530
18150536251393
18150540706112
18150549619720
18150565380640
18150598975504
18150666141828
18691697673541
18691697686594
18691698245680
18691699122304
18693309923328
18694656753664
18697334825216
18700556045824
18829350535168
19310173192192
19396072308770
19516390113280
19791209578577
19791210020884
19791221882891
19791354012672
19791394635776
19794430640128
20890721222662
20890721993472
20890821591112
21067351457792
21990232564130
21990387748992
21990400329472
21990434488320
21991843174656
21995332829201
21997817954304
21999896232012
22001238966272
22144903806976
22196390985810
22282291249152
22608709173248
23089744185481
23192823398436
24189257396224
24189262249984
24198382617728
24498493456408
26388280149376
26388280901650
26388368211968
26393111265280
26398211182720
26542897899008
26716307193856
27109833574656
27281632272512
27487801180180
27487829098496
27491011919968
27500675596298
28587302324928
28587337973794
28587378212864
28589718241292
28673202782208
28999619723264
30786325631488
30786426251264
30786461892673
30789011111936
35184372891676
35184393069952
35201822523920
35201824608260
35201829831682
35201837301920
35201854472449
35201887766536
35201954684992
35202091057412
35202094072328
35202097479809
35202105630722
35202122449936
35202156466240
35202223081504
35202628323330
35202629935105
35202634220096
35202642542856
35202660306976
35202692825232
35202760180740
35203701809184
35203703701634
35203707867144
35203716743684
35203733014592
35203766682625
35203834708240
35205849092097
35205851252752
35205855330592
35205863736384
35205880742402
35205915090948
35205981667464
35210144007176
35210146349376
35210150813712
35210159720449
35210175479940
35210209067552
35210276245506
35219002378272
35219004727298
35219009176072
35219018088708
35219033854016
35219067437185
35219134612496
35219271847938
35219273418753
35219277152576
35219285738504
35219302384160
35219335847952
35219402932356
35219807699080
35219809780800
35219815008272
35219822481409
35219839655940
35219872940320
35219939852802
35220881474564
35220883636488
35220887724033
35220896122882
35220913127568
35220947468864
35221014056992
35223029030976
35223032037536
35223035449348
35223043588624
35223060416520
35223094428674
35223161045249
35227324121601
35227326025744
35227330184224
35227339063488
35227355332866
35227389003780
35227457036296
35253363154945
35253364719760
35253368459296
35253377040960
35253393688578
35253427143684
35253494235400
35253630797840
35253632704516
35253636858370
35253645738272
35253662011393
35253695676552
35253763703872
35254167536672
35254170550530
35254173966344
35254182103044
35254198927552
35254232941057
35254299562000
35255241179456
35255243260448
35255248486532
35255255965712
35255273128968
35255306424322
35255373334529
35257388646530
35257390990337
35257395447872
35257404362760
35257420128288
35257453707536
35257520882180
35261684125700
35261685729288
35261690020097
35261698343938
35261716103696
35261748633664
35261815980192
35322081710088
35322084722752
35322088128784
35322096272385
35322113098244
35322147119136
35322213728386
35322350027328
35322352373792
35322356827140
35322365739152
35322381500680
35322415089666
35322482270209
35322886955024
35322889109636
35322893193218
35322901594656
35322918602753
35322952942600
35323019526464
35323961147521
35323962754064
35323967047712
35323975372864
35323993137154
35324025651460
35324093006344
35326108141572
35326110228488
35326115447297
35326122918146
35326140092432
35326173380800
35326240293920
35330404122912
35330405696002
35330409431176
35330418024452
35330434663488
35330468122625
35330535213072
35459521053760
35459522658592
35459526959108
35459535276048
35459553034376
35459585556994
35459652915201
35459789029536
35459791193090
35459795273736
35459803680772
35459820691520
35459855024385
35459921609232
35460326883844
35460328460296
35460332192769
35460340777090
35460357423376
35460390881344
35460457979936
35461399597072
35461401937924
35461406392578
35461415306272
35461431067137
35461464662024
35461531828416
35463547322632
35463549223488
35463553384592
35463562272769
35463578534916
35463612207136
35463680231426
35467842068482
35467844141185
35467849371712
35467856839176
35467874011168
35467907302416
35467974213892
35575482548224
35734398697604
35734400599048
35734404761601
35734413643778
35734429917200
35734463578432
35734531605024
35734667403272
35734669000896
35734673297424
35734681616897
35734699378692
35734731899936
35734799253762
35735203758337
35735206101520
35735210557600
35735219478592
35735235232770
35735268823044
35735335995400
35736277615106
35736280633345
35736284038208
35736292180104
35736309006624
35736343021584
35736409645060
35738426016784
35738427588868
35738431332354
35738439911456
35738456555649
35738490012168
35738557108288
35742720002112
35742722170912
35742726242820
35742734647568
35742751657992
35742785994882
35742852580353
36283883897216
36283904196608
36284022131328
36284028420099
36285599186944
36290864349184
36524402425856
36885346910208
36902359012096
37108517437461
37383395349030
37383396491344
37383396533760
37383414218856
37383465877504
37383538524160
37389978304512
37549020020736
38276748935168
38482906975242
38482906980656
38482907627585
38487520706560
38795365842944
39582418601137
39582418608666
39582419911552
39582655578116
39587787319424
39589129486408
39592369586176
39593692893696
39771397162240
40063454949376
40407052943360
40681930232004
40681930515456
40681943007232
40682014113826
41781441939712
41781462827028
41872173039616
42365632905216
43980465114448
43980465537058
43980536414222
43980601431552
43983954780672
43985565389056
43985833820212
44152263802977
44289755185152
44564582367232
44684840026112
45079977066568
45080019746816
45090735128576
46179489163264
46188615368704
46385747460096
46471558725632
48378511769605
48378522116352
52776558244864
52776558791808
52776608677888
52776652507136
52781122633728
52787295551510
53223234732672
53360673685578
53535156731904
53876105421312
53876220755980
53885196566561
54236914122752
54975581397125
54975619143680
54976588021760
54989548421120
55027121160192
57174605758467
57174646587488
57174676242432
57741540329984
61572651712580
61589831024665
61675872976896
67207916683264
