32243712
67109298
67295232
536872769
4296032524
8866760776
18254168088
34397491720
36575444993
68854022280
258234908674
275955859522
277042299912
356482293761
550292774944
554084599824
558482096640
618550789124
687463858432
1105962500224
1108102090788
1116964193280
1134945378560
1168266887232
1237101592592
2204394066944
2207663587584
2216338399296
2269890757120
2336466405508
2474169892896
4409324994576
4415226774020
4432676798592
4467856508960
4535520101376
4673067028736
8246337208323
8800673202690
8805757878400
8813314850817
8830587505664
8935679725632
9070973091860
17596619554848
17611515496704
17626562592836
17661175009296
17730707194368
17867634901120
30786392694792
35186452463616
35186553135110
35321813139497
35751324553344
36558762674688
37417763602448
39586714157120
44049188815104
52785148347392
