137633792
436340736
545327106
671093792
876617728
2189467648
2684485712
3223392256
4314005504
4563992577
6509560068
8627945474
8724676676
9126838792
9663823873
12884911232
17189847040
17297375232
18522341376
21474841152
25769806112
34365116416
34494021896
35450789888
36507224704
38654967856
68719493650
68744646657
68787668992
69256609924
70867484712
137439084682
137445771264
137506344960
154753040401
171798725636
206158438720
274911478792
275154731168
309239742529
549772607584
549823448066
549894258816
550837944592
835372187648
1099796840964
1100618924224
1236951695392
1447408173056
1666986278912
2199027450625
2199292739656
2201187779584
2612950728704
2748779075588
3298535440400
4398115717264
4398617460992
4399121303040
4672924614660
5051149975552
5497558151176
6601507340288
8796168651264
8796363556096
8797170958372
9070970939408
9345849098249
9897886367744
11046655885314
13340185198592
17592198628416
17592220647444
17597554755592
17867214946306
18141941932544
18691698065664
19868520808448
21990232588321
26388279595136
35184382574604
35184389915008
35193230462992
35459250782720
35875895377920
36283883719681
37383395483680
39601750147072
43980465209408
52811454758912
70368744185863
70368765149208
70368779829792
70454643655680
70643622121728
71511213867008
72567767515264
74766790953024
79169670086656
88100785094656
105554391334912
