50402369
67250307
136856616
201609473
273713232
403218946
547426464
806437890
1094852928
1612875780
2148928768
2189705730
3225751560
3256352773
4297857536
4379411460
5637147681
6451503120
6512705546
8595715072
8758822920
11274295362
12903006240
13023313941
17191430144
17517645840
22548590598
25806012480
26050822178
34382827522
35035291680
42010181696
45097181444
51612024960
52101644356
68720526273
68765712388
68853956686
70070583360
84020363392
90194362888
94707392512
103224049920
104203288712
137531424776
137582612498
137707913372
140141166720
141767745545
147106842752
156768469508
168040726784
180388725776
189414785024
206448099840
208406577424
274882104070
274959958080
275062849552
275165224996
275414938112
275415826744
280282333440
283535491090
294213685504
313536939016
327491518977
360777451552
378829570048
412896199680
416813154848
549764207117
549919916160
550125699104
550330449992
550829876224
550831653488
552188526609
560564666880
567070982180
588427371008
593245503489
622774456608
627073878032
672162907136
721554903104
757659140096
824633819274
825792399360
833626309696
1099528416280
1099839832320
1100251398208
1100660899984
1101659752448
1101663306948
1104377053218
1108370296836
1121129333760
1133909639696
1134141964360
1176854742016
1245548913216
1254147756064
1344325812228
1377879326722
1443109806208
1649267638548
1651584798720
1667252619392
2199025385747
2199056832548
2199679664640
2200502796416
2201321799714
2203319504896
2203326613896
2208754106436
2216740593672
2242258667520
2267819279392
2268283928720
2353709484032
2372982013953
2491097826432
2508295512066
2688651624456
2767074754560
2886219612416
3030636298244
3298535277096
3303169597440
3334505238784
4398050787873
4398113665096
4399359328258
4401005592832
4402643599876
4402945525776
4406639001602
4406653227792
4417508081801
4432683082880
4433481187344
4484517335040
4535638558784
4536567857412
4570382074378
4604205629441
4707418963972
4745964027906
4982195652864
5016591024132
5377303248912
5514738024770
5534149509120
5772439224832
6061272596488
6597070554192
6597091786764
6606339194880
6669010477568
8796101575746
8796227330192
8798718656516
8802011185664
8804691935489
8805287199752
8805891051552
8813278003204
8813306455584
8835016425730
8865366165760
8866962341921
8969034670080
9071277113473
9073135714824
9140764148756
9354489102342
9367390781505
9414837927944
9899918622848
9964324196866
10033182048264
10754606497824
11029476049540
11068299018240
11133360537696
11544878449664
12122545192976
13194141108384
13194183573528
13212678389760
13338020955136
14294188040197
17592203151492
17592454660384
17597437313032
17604022371328
17609383870978
17609907012609
17610574399504
17611782103104
17626556006408
17626612911168
17661209610242
17670032851460
17695265271825
17730732331520
17733924749314
17867064218658
17938069340160
18142487126274
18146271429648
18281528297512
18692772536352
18734781563010
18829675855888
18983856111620
19793424420992
19799837245696
19928782610436
20066364096528
21509212995648
22058952099080
22136598036480
22266721075392
23089756899328
24245090385952
26388282216708
26388367147056
26425356779520
26676041910272
28588376080393
31336215872000
35184406302978
35184909320768
35189204467841
35194874626064
35208044742656
35218767741956
35219814025218
35221148799008
35253112012816
35253225822336
35322419220484
35340065702920
35390530543650
35461464663040
35467849498628
35734128437316
35876138680320
36283889221635
36285108469764
36292542859296
36355295936520
36563056595024
37385545072704
37396280247810
37469563125765
37659351711776
37967712223240
39586848841984
39599674491392
39857565220872
40132728193056
43018425991296
43980566872064
44117904198160
44273193975810
44533442150784
46179513798656
48490180771904
52776564433416
52776734294112
52850713559040
53188891771137
53352083820544
57176752160774
62672431744000
70368769378848
70368812605956
70369448821124
70369558265857
70369818641536
70389749252128
70403104440419
70416089485312
70437535483912
70439628050436
70442297598016
70447128412162
70506224025632
70506451644672
70644838440968
70665366929408
70680131405840
70781061087300
70922929326080
70935698997256
71468256874632
71752277360640
72155517682690
72570216939528
72585085718592
72670846992384
72710591873040
73126113190048
73667290071044
74771090145408
74792560495620
75318703423552
75935424446480
79173697683968
79199348982784
79715130441744
80265456386112
86036851982592
87961133744128
87969520287832
88546387951620
89066884301313
92359027597312
96980361543808
105553128866832
105553468588224
105701427118080
106446503019008
106704167641088
109952238620673
114353504321572
125344863488000
