127
58002
87576
98762
99636
117253
148960
154630
175144
198803
297172
307721
332897
406800
459308
550433
598598
787788
792602
852753
1067314
1098892
1180550
1189957
1257482
1323172
1327809
1577283
1581272
1737745
5537848
6291921
6504482
6563456
6861056
7932032
10487973
10816768
11616273
12583628
12585227
12763156
13660672
18879045
18880898
18883622
18884633
19447856
20054098
20977708
21528649
24395780
25174211
25755676
25957504
26413568
27557898
29753377
35655186
35734400
36044821
36241419
37759200
37761031
38325248
42598504
44197888
50413668
51142912
51527689
58720688
69387776
71307938
72434944
75504688
76294656
77217794
77791300
78684288
83888481
84213767
84498432
85098532
88187392
100974664
101351808
102769729
104337920
109150242
118753408
134995968
136323843
137379944
138578560
141164568
142608977
143693056
143917069
147341696
150996628
150999384
151781474
156377344
167975168
168691200
168895616
169345076
172064780
174064928
176165002
176169284
184603136
201490443
201605169
203724800
268438424
660602888
805734656
806027297
847249430
977272897
1342181992
1342189713
1343356956
1348468806
1494515712
1610694670
1610817920
1610907667
1621098569
1681922304
1761607717
1811949056
1879049378
1880631296
2417117312
2487222297
2524972544
2566914062
2684354957
3003219968
3089107968
3221252864
3221848160
3222405155
3261366272
3368026152
3456106576
3489662273
3489994752
3758108738
3776971392
3801104384
4374659154
4481941504
4563414019
4563415308
4564844640
4766827136
4831952976
4832404608
4909711360
5100275268
5101355018
5112858752
5368719412
5369062400
5369794048
5400690688
5540823040
5637685266
5672798464
5905581336
5990580224
6442455826
6443106388
6443729152
6501177344
6527156224
6543114284
6580876288
6711164933
6980641280
6985613408
7122518016
8858478720
8858517571
8902967296
8996786944
9126809956
9126816328
9142665216
9235869696
9344909696
9416221696
9464447056
9664222464
9665052752
9674168832
9718202388
9951182848
10007609380
10737714944
10739253254
10760486915
10762928128
10941956096
11005856289
11005858836
11275376640
11442061346
12884903562
12885186688
12910076672
12970890240
12989762048
13031997440
13153419304
13421972480
13422559280
13958807624
14000586755
15068045440
16379805696
17179879566
17449914496
17458803712
17517510698
17684250624
17717940480
17786568704
17857253504
17918066716
17985716296
18069064192
18255200261
18296406016
18324258816
18345934848
18559803904
18840818688
19201654784
19327359169
19327402022
19327960192
19356714240
19400763392
19469968000
20401373208
21474837232
21475510784
21475950668
21550338432
21592277009
21613248547
21743322368
21814771712
22012100614
22036873256
22179480320
22699575424
25769812501
25770729600
25770885217
25820135498
25859457024
25945967616
26038534156
26039420416
26189234224
26306675971
26344505344
26843546024
27917484041
28055699524
30064873984
58269368320
83351306240
97442070656
103079559188
103079838336
103079870477
103080558658
103255375905
108280152064
110595457024
113011335424
122406568040
137438966720
157303177265
171798696120
171799102208
171799417856
171811274790
171821924352
171882577996
172004215808
173199589376
176362455040
189515433600
190052317184
206158433060
206158659590
206230650880
206250714112
206303182848
210990268483
215822106649
223876546560
232030994432
240555921920
243353518080
257966473234
274877913365
274879823904
309237648908
309237651554
309237743657
309238764288
309246044544
309277097984
309290075264
309311373312
312995741716
313801048152
318902140928
337155997696
343597384521
343648141312
343744185856
343767253058
346906689536
348966101632
350576707840
361045688357
377982828544
378158452864
380373237760
387083927562
412317176832
412317253706
412318434688
412371388672
412455272560
413928685568
425637969920
430113292288
439160406022
446677909521
481055211560
500364247040
549756633125
584115830826
584116757504
584136524672
584159592460
584184758291
584191475712
588947397120
589752696865
593243996160
594852973696
604517302272
618475295246
618475300036
618475655424
618475896897
618475952256
618481582132
618505732096
618693591040
621975437312
623845834752
628138967138
648540071936
652885360720
687194774600
687196012592
687215738906
687240905856
687270264873
687331092608
697395315456
702227546112
706790557952
721554507013
721655709696
774306267136
824633722194
824634295040
824634321920
824684052515
824719712512
824779997184
827854951936
829620748288
837518622733
843155865600
859006042177
859161240064
893354262552
894158516224
964792680448
1099593417472
1133871375952
1133898629216
1134011875333
1136287289984
1151588417536
1152124977219
1155392339968
1159641172736
1168231107721
1168231268464
1168231677962
1168232194816
1168232239232
1168276455424
1168306602005
1168436625480
1177090326528
1177357915648
1195074797568
1202590851234
1215475744836
1236950586387
1236951206144
1236952029184
1237003018752
1237056520192
1237110620160
1239366500452
1240171816064
1248225411072
1259230732288
1271478092160
1272990138368
1277752770569
1305671630881
1311038771456
1374390202880
1374390599750
1374409555968
1374492295216
1377342324739
1379758243882
1384590084224
1389497417728
1394926944256
1395864378368
1408749438208
1408891879442
1443260016640
1447678705664
1511828488837
1511828496664
1511870513152
1649267444418
1649267446561
1649268819456
1649322557440
1649368108288
1649414248448
1649437474816
1649468768294
1650072748088
1662420779392
1677184729106
1683627376712
1683628261396
1686311543040
1693441851392
1717987311619
1735722532864
1786707181648
1786790285440
1788049637376
1924145651840
1924216799232
2113123909664
2199024625664
2233653543041
2233655886864
2233660344352
2233669259328
2233685024770
2233718604036
2233785778696
2233923018768
2233924583556
2233928323074
2233936904736
2233953552385
2233987007496
2234054099264
2234458865952
2234460946946
2234466173064
2234473652228
2234490815552
2234524110849
2234591021072
2235532640832
2235534807072
2235538883588
2235547287696
2235564294408
2235598637058
2235665227777
2237680190466
2237683204353
2237686620224
2237694756872
2237711581344
2237745594896
2237812215812
2241975289860
2241977196552
2241981350401
2241990230274
2242006503440
2242040168640
2242108195872
2250565488648
2250567092288
2250571383056
2250579706881
2250597466628
2250629996576
2250697343106
2268013527360
2268015428128
2268019589252
2268028477456
2268044739592
2268078411778
2268146436097
2268282225696
2268283830530
2268288131080
2268296448004
2268314206400
2268346728961
2268414087184
2268818591748
2268820932616
2268825387265
2268834300930
2268850061840
2268883656768
2268950823072
2269892446224
2269895467012
2269898867202
2269907009824
2269923840001
2269957849224
2270024467520
2272040845832
2272042422336
2272046154768
2272054739073
2272071385348
2272104843296
2272171941890
2276334829698
2276336993281
2276341073984
2276349480968
2276366491680
2276400824592
2276467409412
2284924739585
2284926812304
2284932042784
2284939510336
2284956682242
2284989973508
2285056885000
2302102478080
2336733266434
2336734875649
2336739165248
2336747487368
2336765247776
2336797771792
2336865132548
2337001242881
2337003405840
2337007485088
2337015898176
2337032897538
2337067241476
2337133824008
2337539098688
2337540677664
2337544405508
2337552990480
2337569640456
2337603092610
2337670185985
2338611814408
2338614149312
2338618609680
2338627518977
2338643281924
2338676868128
2338744041730
2340759539744
2340761438210
2340765597960
2340774478852
2340790747712
2340824424449
2340892442768
2345054274576
2345056354564
2345061588994
2345069053984
2345086222465
2345119515144
2345186431040
2353644306564
2353647322120
2353650731009
2353658875906
2353675706384
2353709711680
2353776329248
2474172744708
2474174316808
2474178060289
2474186639362
2474203283600
2474236740160
2474303836192
2474440392840
2474442294336
2474446456848
2474455339009
2474471612420
2474505273632
2474573300226
2474977133057
2474980151312
2474983556128
2474991698112
2475008524546
2475042539524
2475109163016
2476050780162
2476052858881
2476058083648
2476065555464
2476082725408
2476116025360
2476182929540
2478198243600
2478200586756
2478205042818
2478213963808
2478229718017
2478263308296
2478330480704
2482493726784
2482495324320
2482499620868
2482507940368
2482525702152
2482558223362
2482625577217
2491083196448
2491085365250
2491089437192
2491097841924
2491114852416
2491149189249
2491215774736
2749049636872
2749051723840
2749056942608
2749064413441
2749081587716
2749114876064
2749181789186
2749318172736
2749321185312
2749324591364
2749332734992
2749349560840
2749383581698
2749450190977
2749855432848
2749857039364
2749861332994
2749869658144
2749887422465
2749919936776
2749987291712
2750928913409
2750930813200
2750934982688
2750943856704
2750960124034
2750993793540
2751061823496
2753076207620
2753078362248
2753082445825
2753090847234
2753107855376
2753142195264
2753208779040
2757371118112
2757373464578
2757377917960
2757386829956
2757402591552
2757436180481
2757503361040
2765962084610
2765963657729
2765967392960
2765975986184
2765992625184
2766026084368
2766093174788
3298805485584
3298807646212
3298811724034
3298820129824
3298837135873
3298871484424
3298938060992
3299073884676
3299075969032
3299081192449
3299088662658
3299105833232
3299139127360
3299206045728
3299610992642
3299612885121
3299617050688
3299625927176
3299642198048
3299675866128
3299743891716
3300685512864
3300687086594
3300690823176
3300699410436
3300716060736
3300749508865
3300816601616
3302832474113
3302834085904
3302838370848
3302846693696
3302864457730
3302896976004
3302964331528
3307127046408
3307130061376
3307133468816
3307141619713
3307158438916
3307192455200
3307259070466
3315716867136
3315719209248
3315723673604
3315732580368
3315748339848
3315781927426
3315849105409
4432676915264
4432679936032
4432683336196
4432691478800
4432708309000
4432742318210
4432808936449
4432945238048
4432947578882
4432952033544
4432960947204
4432976708160
4433010302977
4433077469328
4433482154116
4433484317704
4433488398337
4433496805378
4433513816080
4433548149056
4433614733856
4434556355600
4434557960452
4434562260994
4434570577952
4434588336257
4434620858888
4434688217152
4436703354888
4436705427648
4436710658064
4436718125569
4436735297540
4436768588832
4436835500290
4440999330306
4441000906753
4441004639296
4441013223560
4441029869856
4441063327760
4441130426372
4449588478209
4449590379024
4449594540192
4449603428416
4449619690498
4449653362692
4449721387016
4467037569168
4467039142916
4467042879490
4467051466784
4467068116993
4467101565192
4467168657984
4467305226244
4467307118728
4467311284225
4467320160770
4467336431632
4467370099776
4467438125344
4467841958146
4467844973057
4467848380608
4467856531464
4467873350688
4467907366928
4467973982212
4468915601952
4468917686274
4468922909704
4468930379908
4468947550528
4468980844545
4469047762960
4471063069697
4471065411856
4471069876256
4471078783040
4471094542466
4471128130052
4471195308040
4475358545928
4475360157760
4475364442640
4475372765441
4475390529540
4475423047840
4475490403330
4483948023872
4483950184480
4483954262276
4483962668048
4483979674120
4484014022658
4484080599169
4535756260360
4535758160192
4535762329616
4535771203585
4535787470980
4535821140512
4535889170434
4536024957120
4536026563616
4536030857220
4536039182352
4536056946696
4536089460994
4536156815873
4536561320464
4536563666948
4536568120322
4536577032352
4536592793857
4536626382856
4536693563456
4537635180545
4537638193168
4537641599264
4537649742912
4537666568706
4537700589572
4537767198856
4539783577860
4539785150984
4539788886145
4539797479426
4539814118416
4539847577664
4539914668064
4544077570080
4544079724674
4544083808264
4544092209668
4544109217856
4544143557633
4544210141456
4552667465730
4552669552641
4552674771520
4552682242312
4552699416608
4552732704912
4552799618052
4673194975234
4673197310081
4673201770560
4673210679816
4673226442784
4673260028944
4673327202564
4673464436737
4673466015760
4673469743648
4673478328640
4673494978562
4673528430724
4673595524104
4674000290880
4674002370848
4674007605252
4674015070224
4674032238728
4674065531394
4674132447233
4675074064648
4675076227648
4675080306832
4675088719873
4675105719300
4675140063264
4675206645762
4677221613728
4677224629250
4677228038152
4677236183044
4677253013568
4677287018753
4677353636368
4681516716048
4681518614532
4681522774274
4681531655200
4681547923969
4681581600776
4681649619136
4690106909188
4690108518408
4690112807937
4690121130114
4690138890512
4690171414592
4690238775328
4948072923649
4948075089936
4948079166496
4948087570624
4948104577282
4948138919940
4948205510664
4948341326096
4948343407108
4948348633218
4948356112416
4948373275649
4948406571016
4948473481280
4948878428192
4948880334850
4948884488712
4948893368580
4948909641792
4948943306881
4949011334160
4949952962624
4949954527392
4949958266884
4949966848528
4949983496200
4950016951298
4950084043009
4952099917826
4952101521409
4952105812288
4952114136072
4952131895840
4952164425744
4952231772292
4956394488836
4956397502728
4956400918529
4956409055234
4956425879696
4956459893312
4956526514208
4964984307848
4964986651712
4964991109136
4965000024065
4965015789572
4965049368864
4965116543490
5497829196064
5497830801922
5497835094152
5497843425284
5497861178432
5497893703681
5497961056272
5498097173506
5498099335425
5498103423040
5498111821832
5498128826528
5498163167760
5498229755908
5498635030536
5498636601408
5498640335120
5498648921089
5498665566724
5498699030560
5498766114946
5499707738116
5499710087176
5499714535937
5499723448578
5499739213840
5499772797120
5499839972384
5501855466048
5501857370144
5501861528580
5501870407824
5501886677256
5501920348162
5501988380673
5506150203521
5506152285200
5506157512736
5506164985920
5506182160386
5506215444740
5506282357256
5514740244496
5514743251076
5514746662914
5514754802208
5514771630081
5514805642248
5514872258880
6597070983680
6597141069924
6597170438912
6597229152512
6599754334208
6600559427632
6602975350912
6606196572201
6615090593792
6906307411975
7490460712960
7730942967808
8109099581440
8796093027626
8796323708932
8824010322176
8830723559426
8830725457921
8830729617728
8830738498568
8830754767392
8830788444176
8830856462468
8830992253441
8830993862672
8830998152224
8831006474432
8831024234754
8831056758788
8831124119560
8831528624192
8831530959008
8831535419396
8831544328720
8831560091656
8831593677826
8831660851457
8832602472584
8832605488192
8832608897040
8832617041921
8832633872388
8832667877664
8832734495234
8834750875680
8834752454658
8834756182536
8834764767492
8834781417536
8834814869633
8834881963024
8839044858128
8839047021060
8839051100290
8839059513376
8839076512769
8839110856712
8839177439296
8847634760708
8847636840712
8847642075137
8847649540098
8847666708624
8847700001344
8847766917152
8865083105288
8865085259968
8865089343504
8865097744897
8865114753028
8865149092896
8865215676674
8865351501888
8865353588768
8865358807556
8865366278416
8865383452680
8865416740994
8865483654145
8865888601104
8865890500868
8865894670338
8865903544352
8865919811713
8865953481224
8866021511232
8866963128577
8866964701712
8866968436896
8866977030208
8866993669122
8867027128324
8867094218760
8869110087812
8869111694344
8869115987969
8869124313090
8869142077456
8869174591808
8869241946656
8873404665888
8873407678466
8873411084552
8873419228164
8873436054080
8873470074881
8873536684176
8881994482178
8881996828673
8882001282112
8882010194056
8882025955616
8882059544592
8882126725124
8933802541216
8933804622850
8933809850376
8933817323524
8933834498112
8933867782401
8933934694928
8934071083010
8934074089601
8934077501504
8934085640712
8934102468640
8934136480784
8934203097348
8934608339208
8934609945152
8934614237328
8934622568449
8934640321540
8934672846880
8934740199426
8935681819140
8935683723272
8935687881729
8935696760962
8935713030416
8935746701376
8935814733856
8937829106752
8937831268640
8937835356164
8937843755024
8937860759688
8937895100930
8937961689089
8942124025857
8942126374928
8942130823712
8942139736384
8942155501570
8942189084804
8942256260104
8950714994704
8950716565508
8950720299266
8950728885280
8950745530881
8950778994696
8950846079168
9071241988112
9071243599876
9071247884802
9071256207648
9071273971713
9071306489992
9071373845568
9071509966852
9071512127496
9071516205313
9071524611074
9071541617168
9071575965760
9071642542240
9072047816834
9072049390593
9072053127232
9072061714440
9072078364704
9072111812880
9072178905604
9073120527392
9073122869506
9073127333896
9073136240644
9073152000192
9073185587713
9073252765712
9075268263937
9075270156432
9075274321952
9075283198528
9075299469314
9075333137412
9075401163016
9079562994184
9079565078592
9079570301968
9079577772161
9079594942724
9079628236832
9079695155202
9088153026880
9088156041760
9088159449220
9088167600144
9088184419336
9088218435586
9088285050881
9346119385348
9346121728520
9346126184577
9346135105538
9346150859792
9346184450112
9346251622432
9346388853768
9346390425920
9346394169360
9346402748417
9346419392644
9346452849184
9346519945218
9346924711937
9346926790672
9346932015392
9346939487296
9346956657154
9346989957124
9347056861320
9347998484482
9348000653313
9348004725312
9348013129992
9348030140448
9348064477328
9348131062788
9350146032144
9350149050372
9350152455170
9350160597152
9350177423617
9350211438600
9350278062144
9354441130176
9354443031584
9354447194116
9354456076304
9354472349704
9354506010882
9354574037505
9363031334944
9363032932482
9363037229064
9363045548548
9363063310400
9363095831553
9363163185424
9895875314689
9895878328592
9895881744416
9895889881152
9895906705538
9895940719108
9896007340040
9896143634576
9896145978372
9896150435842
9896159350816
9896175116289
9896208695560
9896275870272
9896680555040
9896682721282
9896686797832
9896695201924
9896712208704
9896746551297
9896813142032
9897754759232
9897756362784
9897760653572
9897768977424
9897786737160
9897819267074
9897886613633
9899901747458
9899903828481
9899909054656
9899916533768
9899933697056
9899966992400
9900033902596
9904197738500
9904199303304
9904203042817
9904211624450
9904228272144
9904261727296
9904328818976
9912786880520
9912788787264
9912792941072
9912801820929
9912818094084
9912851759264
9912919786498
10995116281440
10995155402752
10995200163890
10995269382144
11001558730112
11005853696081
11008588382208
11014982074368
11016859549716
11022161149952
11338713776128
11441792885760
11819750916096
12232066859022
13194139539971
13194139545712
13194139582489
13194139731584
13194140188710
13194141180160
13194276651008
13194316873728
13202997906688
13205485125632
13213467312128
13434658766848
13881361563648
14059575443456
14362488078336
14568529072512
15393163348096
15393175376896
17626816847876
17626818445448
17626822742017
17626831061506
17626848823312
17626881344576
17626948698400
17627084818440
17627086987328
17627091059216
17627099463937
17627116474372
17627150811296
17627217396738
17627622671361
17627624243472
17627627986976
17627636566080
17627653210242
17627686666756
17627753762824
17628695380226
17628697723393
17628702179520
17628711100424
17628726854688
17628760444944
17628827617284
17630843109520
17630845010948
17630849173506
17630858055712
17630874329089
17630907990280
17630976016960
17635137851456
17635139930144
17635145154820
17635152626704
17635169796616
17635203096578
17635270000769
17643727880736
17643730898946
17643734303752
17643742445700
17643759272256
17643793287169
17643859910672
17661176087554
17661178167553
17661183402048
17661190866952
17661208035488
17661241328144
17661308243972
17661444620417
17661447635984
17661451044896
17661459189824
17661476020226
17661510025476
17661576643080
17661981884992
17661983494176
17661987783684
17661996105872
17662013866248
17662046390274
17662113751041
17663055368200
17663057266752
17663061426448
17663070307329
17663086576132
17663120252960
17663188271234
17665202651424
17665204814338
17665208893576
17665217306628
17665234306112
17665268649985
17665335232528
17669497577488
17669499912324
17669504372738
17669513282080
17669529044993
17669562631176
17669629804864
17678088538116
17678090117128
17678093844993
17678102429954
17678119079952
17678152532160
17678219625504
17729895661840
17729898676740
17729902084226
17729910235168
17729927054337
17729961070600
17730027685952
17730163983364
17730166325512
17730170789889
17730179696642
17730195456144
17730229043776
17730296221728
17730700906498
17730703067137
17730707145024
17730715550728
17730732556832
17730766905360
17730833481860
17731775105056
17731776716802
17731781001736
17731789324548
17731807088704
17731839606913
17731906962448
17733922095617
17733924179984
17733929403424
17733936873664
17733954044162
17733987338244
17734054256648
17738218078344
17738219652160
17738223388688
17738231975937
17738248626180
17738282074400
17738349167106
17746807234624
17746809127072
17746813292548
17746822169104
17746838439944
17746872108034
17746940133633
17867334549696
17867336713248
17867340793860
17867349200912
17867366211592
17867400544514
17867467129345
17867602960416
17867605033090
17867610263560
17867617731076
17867634903104
17867668194305
17867735105808
17868140052740
17868141953544
17868146114689
17868155002882
17868171265040
17868204937280
17868272961568
17869214581264
17869216157700
17869219890178
17869228474528
17869245120769
17869278578696
17869345677376
17871361541128
17871363146048
17871367446544
17871375763457
17871393521796
17871426044448
17871493402626
17875656116226
17875659137025
17875662537280
17875670679816
17875687510048
17875721519248
17875788137476
17884245938177
17884248279056
17884252733728
17884261647424
17884277408258
17884311003140
17884378169480
18142213443616
18142215014402
18142218748168
18142227334148
18142243979840
18142277443585
18142344528016
18142481089026
18142482993153
18142487151680
18142496030856
18142512300320
18142545971216
18142614003716
18143017836552
18143020843200
18143024254992
18143032394241
18143049222148
18143083234336
18143149850882
18144091472004
18144093553672
18144098781185
18144106254338
18144123428880
18144156713280
18144223625760
18146238941248
18146241290272
18146245739012
18146254651664
18146270416904
18146304000130
18146371175425
18150534414593
18150536020496
18150540312736
18150548643904
18150566396930
18150598922244
18150666274824
18159123891216
18159126053124
18159130140674
18159138539552
18159155544193
18159189885448
18159256473664
18691968221704
18691970568256
18691975021584
18691983933569
18691999695108
18692033284128
18692100464642
18692237689152
18692239262240
18692242997380
18692251590672
18692268229640
18692301688834
18692368779265
18692773546000
18692775632900
18692780851714
18692788322592
18692805496833
18692838785160
18692905698368
18693847326721
18693849481360
18693853564960
18693861966400
18693878974466
18693913314308
18693979898120
18695994871812
18695997884424
18696001290497
18696009434114
18696026259984
18696060280896
18696126890144
18700289967136
18700291866882
18700296036360
18700304910340
18700321177792
18700354847233
18700422877200
18708880162946
18708881769473
18708886063168
18708894388232
18708912152608
18708944666896
18709012021764
19791209310290
19791209447480
19791210414117
19791210742912
19791283240960
19791301575296
19791354003476
19791444186112
19792551477259
19793625907200
19801992855552
19814831947776
19913078996992
20203526167040
20551686946816
21990232564116
21990233100928
21990233676800
21990245859328
21990291275781
21990316851200
21990404522002
21995810979840
21999896346624
22010096788480
22020297326616
22952305557504
23133499162624
23364622090337
24189255812625
24189274685512
25357486927872
26388279075853
26388279296065
26388279378304
26388323111168
26388348275840
26388463616040
26388481998848
26393916216320
26394721517642
26401165164544
26414323597312
26571888918528
26731876450323
27041250410496
27522151038976
27693961707520
28588107629312
30786326888516
30786346559488
32453846630400
35219003408648
35219004981824
35219008716944
35219017310209
35219033949188
35219067408416
35219134498818
35219271058496
35219272958240
35219277127684
35219286001680
35219302269064
35219335938562
35219403968513
35219807801360
35219810813956
35219814220034
35219822363680
35219839189505
35219873210376
35219939819712
35220881442817
35220883529744
35220888748576
35220896219456
35220913393666
35220946681988
35221013595144
35223028908548
35223031255048
35223035708417
35223044620418
35223060381968
35223093971008
35223161151520
35227324383392
35227325989890
35227330283528
35227338608644
35227356373056
35227388887297
35227456242192
35235913867266
35235916021889
35235920105536
35235928506888
35235945515040
35235979854864
35236046438660
35253362626561
35253364230160
35253368520992
35253376844864
35253394604546
35253427134468
35253494481032
35253630599696
35253632765956
35253636842498
35253645246624
35253662253313
35253696595976
35253763186752
35254168461344
35254170026114
35254173765640
35254182347268
35254198995008
35254232450049
35254299541776
35255241162944
35255243506720
35255247964164
35255256879120
35255272644616
35255306223874
35255373398529
35257388894210
35257390800897
35257394954816
35257403834632
35257420107808
35257453772944
35257521800196
35261683630340
35261685711368
35261690937473
35261698416642
35261715579920
35261748875328
35261815785504
35270273664008
35270276677952
35270280093712
35270288230401
35270305054852
35270339068448
35270405689346
35322081642500
35322083811336
35322087883265
35322096288002
35322113298448
35322147635392
35322214220832
35322350047240
35322352126016
35322357350672
35322364822529
35322381992452
35322415292448
35322482196610
35322887143553
35322889045008
35322893207584
35322902089792
35322918363138
35322952024324
35323020050952
35323961672706
35323963244801
35323966988352
35323975567368
35323992211616
35324025668112
35324092764164
35326108639248
35326110236804
35326114533378
35326122852896
35326140614657
35326173135880
35326240489792
35330403205696
35330406223904
35330409628676
35330417770640
35330434597128
35330468612098
35330535235585
35338993025312
35338995368450
35338999824520
35339008745476
35339024499776
35339058089985
35339125262352
35459520791072
35459522695170
35459526853640
35459535732868
35459552002368
35459585673217
35459653705744
35459789488386
35459791094273
35459795386560
35459803717640
35459821470752
35459853996048
35459921348612
35460325853192
35460328202304
35460332651024
35460341563649
35460357328900
35460390912160
35460458087426
35461399715844
35461402722440
35461406134273
35461414273538
35461431101456
35461465113664
35461531730208
35463548112960
35463549683744
35463553417476
35463562003472
35463578649096
35463612112898
35463679197313
35467842094081
35467844256016
35467848343584
35467856742464
35467873747074
35467908088324
35467974676488
35476431995024
35476434076676
35476439304194
35476446777376
35476463951873
35476497236232
35476564148800
35734398566530
35734401582081
35734404991040
35734413135880
35734429966368
35734463971600
35734530589188
35734666895361
35734669230224
35734673690656
35734682600000
35734698362882
35734731949060
35734799122696
35735203807552
35735205970464
35735210049668
35735218462736
35735235462152
35735269806082
35735336388609
35736278008328
35736279617600
35736283907088
35736292229249
35736309989636
35736342513696
35736409874434
35738425000992
35738427080962
35738432315400
35738439780356
35738456948928
35738490241537
35738557157392
35742720985104
35742722564100
35742726291970
35742734876960
35742751526913
35742784979080
35742852072512
35751310135300
35751312033800
35751316193537
35751325074434
35751341343248
35751375020096
35751443038368
36284154290240
36284156362912
36284161593348
36284169060880
36284186232840
36284219524098
36284286435585
36284422817824
36284425838594
36284429238792
36284437381380
36284454211648
36284488220801
36284554839056
36284960080900
36284961685768
36284965986305
36284974303234
36284992061584
36285024584256
36285091942432
36286033559824
36286035460612
36286039621762
36286048509984
36286064772097
36286098444296
36286166468672
36288180846728
36288183010368
36288187090960
36288195497985
36288212508676
36288246841632
36288313426434
36292475768834
36292478109697
36292482564416
36292491478024
36292507238944
36292540833808
36292608000132
36301066732033
36301068308496
36301072040992
36301080625344
36301097271554
36301130729476
36301197828104
37383395345236
37383395353776
37383418416128
37383433097600
37383498104838
37385006530560
37392791896064
37401112097280
37555194036321
37803228397568
38070774661120
38689065697280
39307540693009
39582418747468
39582429085746
39582471684096
39582554920448
39587250438165
39599867248640
39600135342464
39609274728448
39790456078336
39926015993088
40269614972928
40774272024576
40991188844544
41781442969666
41781580660736
41786089144320
41792179283968
43980465389650
43980466192391
43980511248408
43980515444480
43980617236480
43985834541056
43991471013888
44000866208768
44083544336896
44186623546496
44307687931904
45423575302144
46179488367241
46179513696256
46763675222016
48378518011904
48378712957056
48996986912801
52776559706154
52776759459909
52777390702592
52786490245760
52791741513728
52796153921616
52799106720000
52802864971776
53188875665408
53395142475776
53463752910336
53979148976152
54975581979904
55284820115456
57174604941824
57177825869830
57346403340544
61572651954176
61574400180224
61581241090100
62397284878592
68169754492928
70403374481936
70403376566276
70403381789698
70403389259936
70403406430465
70403439724552
70403506643008
70403643015428
70403646030344
70403649437825
70403657588738
70403674407952
70403708424256
70403775039520
70404180281346
70404181893121
70404186178112
70404194500872
70404212264992
70404244783248
70404312138756
70405253767200
70405255659650
70405259825160
70405268701700
70405284972608
70405318640641
70405386666256
70407401050113
70407403210768
70407407288608
70407415694400
70407432700418
70407467048964
70407533625480
70411695965192
70411698307392
70411702771728
70411711678465
70411727437956
70411761025568
70411828203522
70420286931136
70420288504864
70420292241412
70420300828688
70420317478920
70420350927106
70420418019841
70437734205472
70437736554498
70437741003272
70437749915908
70437765681216
70437799264385
70437866439696
70438003675138
70438005245953
70438008979776
70438017565704
70438034211360
70438067675152
70438134759556
70438539526280
70438541608000
70438546835472
70438554308609
70438571483140
70438604767520
70438671680002
70439613301764
70439615463688
70439619551233
70439627950082
70439644954768
70439679296064
70439745884192
70441760858176
70441763864736
70441767276548
70441775415824
70441792243720
70441826255874
70441892872449
70446055948801
70446057852944
70446062011424
70446070890688
70446087160066
70446120830980
70446188863496
70454646145296
70454647751172
70454652043394
70454660374560
70454678127617
70454710652936
70454778005568
70506454720513
70506456285328
70506460024864
70506468606528
70506485254146
70506518709252
70506585800968
70506722363408
70506724270084
70506728423938
70506737303840
70506753576961
70506787242120
70506855269440
70507259102240
70507262116098
70507265531912
70507273668612
70507290493120
70507324506625
70507391127568
70508332745024
70508334826016
70508340052100
70508347531280
70508364694536
70508397989890
70508464900097
70510480212098
70510482555905
70510487013440
70510495928328
70510511693856
70510545273104
70510612447748
70514775691268
70514777294856
70514781585665
70514789909506
70514807669264
70514840199232
70514907545760
70523365163528
70523367329856
70523371406352
70523379810433
70523396817156
70523431159840
70523497750530
70643892752392
70643895765056
70643899171088
70643907314689
70643924140548
70643958161440
70644024770690
70644161069632
70644163416096
70644167869444
70644176781456
70644192542984
70644226131970
70644293312513
70644697997328
70644700151940
70644704235522
70644712636960
70644729645057
70644763984904
70644830568768
70645772189825
70645773796368
70645778090016
70645786415168
70645804179458
70645836693764
70645904048648
70647919183876
70647921270792
70647926489601
70647933960450
70647951134736
70647984423104
70648051336224
70652215165216
70652216738306
70652220473480
70652229066756
70652245705792
70652279164929
70652346255376
70660804314114
70660806213889
70660810383424
70660819257352
70660835524768
70660869194256
70660937224196
70918771049536
70918772654368
70918776954884
70918785271824
70918803030152
70918835552770
70918902910977
70919039025312
70919041188866
70919045269512
70919053676548
70919070687296
70919105020161
70919171605008
70919576879620
70919578456072
70919582188545
70919590772866
70919607419152
70919640877120
70919707975712
70920649592848
70920651933700
70920656388354
70920665302048
70920681062913
70920714657800
70920781824192
70922797318408
70922799219264
70922803380368
70922812268545
70922828530692
70922862202912
70922930227202
70927092064258
70927094136961
70927099367488
70927106834952
70927124006944
70927157298192
70927224209668
70935682091009
70935685111824
70935688512032
70935696654656
70935713484802
70935747494020
70935814112264
71468526600324
71468528501768
71468532664321
71468541546498
71468557819920
71468591481152
71468659507744
71468795305992
71468796903616
71468801200144
71468809519617
71468827281412
71468859802656
71468927156482
71469331661057
71469334004240
71469338460320
71469347381312
71469363135490
71469396725764
71469463898120
71470405517826
71470408536065
71470411940928
71470420082824
71470436909344
71470470924304
71470537547780
71472553919504
71472555491588
71472559235074
71472567814176
71472584458369
71472617914888
71472685011008
71476847904832
71476850073632
71476854145540
71476862550288
71476879560712
71476913897602
71476980483073
71485437808672
71485439887362
71485445112072
71485452583940
71485469753920
71485503053825
71485569958032
72567767437462
72567767447585
72567827726336
72567935205401
72567969611776
72579578593292
72585215741056
72670932631552
73048803770436
73254962380800
73804718016256
73981348544512
74766790689187
74766791157760
74766791311378
74766830540800
74766878770304
74767596003968
74769475043416
74776991891456
74777939148800
74785044304640
74788533960770
75385265982976
75900662054956
76209899978752
76965813953546
76965814239297
77156939988992
79164837202246
79164837376128
79164839037952
79164858843136
79164873949184
79164879145600
79172422598656
79173964365824
79186312046080
79920751452416
79989470920808
80539398701056
80848464385024
81363870941187
82534507479040
83562959290368
83564225888261
83580751446016
84812719194112
87960930227748
87960930316544
87960930648098
87960930795588
87960936513577
87961005719566
87961089703936
87961131551488
87962809548800
87965548150784
87966298931281
87970593909760
87981332398080
88682484727874
88865020837888
89610199367680
90159989325824
90160091897984
90168811847776
92365419186304
92565135163440
92668224864256
96757024358424
97169423990784
105553116268099
105553116275496
105553116598912
105553116817536
105553321836544
105553921578240
105555533824000
105561974636570
105571906748484
105572487659520
106412109807616
107752139800612
107752140704000
107753618014208
107782204293121
109951187955712
109951330549856
109956532551680
110054242156544
110363479638025
111600499425280
114349228163084
114349310345216
114354041126946
114521150586880
123145316204544
124519691846784
125347077029888
