920587
3682348
6302401
8730754
14729392
17962753
25209604
34923016
58917568
71851012
100838416
134570245
139692064
142656526
187236361
235670272
287404048
403353664
538280980
541075234
558768256
570626104
748945444
942681088
1082263606
1145176387
1149616192
1363445761
1613414656
2153123920
2164300936
2235073024
2282504416
2995781776
3770724352
4298163265
4329054424
4436001154
4580705548
4598464768
5453783044
5639507974
6453658624
6611275786
7114096645
8592244810
8594948614
8612495680
8657203744
8691679426
8892580369
8940292096
9130017664
9663679273
9807339778
11072979013
11983127104
15082897408
17186423065
17192653060
17252221093
17297580097
17316217696
17744004616
17985773578
18322822192
18393859072
19336856098
21475270690
21815132176
22558031896
25814634496
26445103144
26844696577
28456386580
34368979240
34379794456
34393440673
34449982720
34527585346
34628814976
34766717704
34963851781
35570321476
35761168384
36520070656
37850611714
38654717092
39229359112
44291916052
47932508416
52362756097
60331589632
68720808226
68745692260
68770612240
68857892941
69008884372
69190320388
69264870784
70011338785
70870108294
70976018464
71943094312
73291288768
73575436288
75430428697
77347424392
82149736450
85901082760
87260528704
90232127584
103080591937
103146882082
103258537984
103616102938
105780412576
107378786308
113825546320
137475916960
137519177824
137573762692
137799930880
138044641282
138110341384
138515259904
139066870816
139855407124
140128551433
141738193921
142281285904
143044673536
146080282624
146431608835
151402446856
154618868368
156768927811
156917436448
168074150017
171800305921
171803082898
177167664208
191730033664
206301429826
209451024388
241326358528
274877977111
274883232904
274982769040
275082448960
275431571764
275549001889
276035537488
276221141065
276761281552
277044528133
277059483136
277163941894
280045355140
283480433176
283904073856
287772377248
293165155072
294301745152
296353419265
301721714788
309389697568
313809438730
317828104333
328598945800
343604331040
343867934977
346818626626
349042114816
360928510336
369640865794
412322367748
412587528328
413034151936
414464411752
423121650304
429515145232
455302185280
482143899649
549794123809
549903667840
550076711296
550295050768
551199723520
552178565128
552441365536
554061039616
554655024385
556267483264
558483505153
559421628496
560514205732
566952775684
567069910153
568009560586
569125143616
572178694144
584120795242
584321130496
585224947201
585726435340
586263330961
605609787424
618475473472
619550605333
620224317442
622806040594
627075711244
627669745792
672296600068
687201223684
687212331592
687501221890
708670656832
734506516486
755914244995
766920134656
825205719304
833224185922
842048471074
962072813617
965305434112
1099511726251
1099511908444
1099532931616
1099578786577
1099781902465
1099931076160
1100329795840
1101122262025
1101726287056
1102137786370
1102196007556
1104142149952
1104884564260
1107045126208
1108178112532
1108237932544
1108655767576
1116695720002
1120181420560
1133921732704
1134143996935
1135616295424
1151089508992
1172660620288
1177206980608
1185413677060
1206886859152
1237558790272
1254197887234
1255237754920
1271312417332
1314395783200
1322866738177
1374390060385
1374417324160
1374526112266
1375471739908
1387274506504
1396168459264
1443714041344
1478563463176
1649289470992
1649301015682
1650350113312
1652136607744
1657857647008
1666987360258
1692486601216
1718060580928
1791003461641
1821208741120
1928575598596
2199023391970
2199092568070
2199159063043
2199176495236
2199562749073
2199614671360
2200306845184
2201180203072
2202246715393
2204442296593
2204798894080
2208714260512
2209765462144
2212042383457
2216244158464
2216471626177
2218620097540
2224793583922
2225069933056
2233934020612
2234288963842
2237686513984
2242056822928
2257005330562
2267811102736
2268279640612
2272038242344
2276500574464
2288714776576
2310698729473
2336483180968
2336562938401
2337284521984
2340899788804
2342905741360
2345053323844
2422439149696
2473901893888
2474448539650
2478202421332
2480897269768
2491224162376
2508302844976
2510678983168
2689186400272
2748804894736
2748849326368
2750004887560
2750997856786
2754148312066
2834682627328
2938026065944
3023656979980
3067680538624
3298552776709
3300822877216
3300984397825
3310346043406
3332896743688
3351216390208
3368193884296
3371616440323
3710852800642
3848291254468
3861221736448
4398046905004
4398047633776
4398131726464
4398315146308
4398602297377
4399127609860
4399724304640
4400196101146
4401319183360
4402422219778
4404489048100
4406905148224
4408551145480
4408784030224
4415268323722
4416568599808
4419538257040
4428180504832
4432408643842
4432712450128
4432951730176
4434623070304
4434687969289
4458176061955
4466770185265
4466782880008
4480725682240
4483945889878
4535519182921
4535686930816
4535824154641
4536299160070
4536575987740
4542465181696
4544081694754
4604358035968
4672959154690
4677219647683
4681535520769
4690642481152
4708827922432
4741654708240
4827547436608
4950235161088
4958548410370
4972502581249
4982178840901
5016791548936
5020951019680
5085249669328
5257583132800
5291466952708
5497560241540
5497669296640
5497731154177
5498104449064
5501886959632
5549098026016
5575404683269
5584673837056
5740257345538
5774856165376
5914253852704
6323265601810
6597157883968
6597204062728
6598177112098
6601400453248
6608546430976
6631430588032
6667949441032
6769946404864
6872014808065
6872242323712
7147230330946
7164013846564
7284834964480
7714302394384
8796093567880
8796126839410
8796370272280
8796636252172
8796705980944
8797301575714
8797435226626
8798250996292
8798458685440
8800388072722
8801227380736
8802539702338
8804720812288
8806830714889
8808986861572
8817769186372
8819195576320
8834857042048
8835018399745
8839061848576
8848169533828
8848721051650
8864976633856
8865886504708
8874480390160
8899174335688
8900279732224
8933531984206
8935142621203
8935736082448
8937155855368
8950746055936
8968030388257
8968227291712
9028021322248
9071244410944
9073118562448
9080098128130
9088152969376
9106002297856
9154859106304
9191297122321
9208479091714
9242794917892
9345850949671
9345924370690
9345932723872
9346117276753
9346251753604
9349138087936
9363599155216
9371622965440
9380213295376
9415122092041
9689756598784
9895607575552
9897794158600
9899920605313
9904465117330
9912809685328
9923589079072
9964896649504
9966472137217
10033211379904
10042715932672
10756745601088
10995219578944
10995250531585
10995397305472
11000019550240
11003991427144
11016593248264
11064104845318
11270031933451
11338730509312
11752104263776
12094627919920
12270722154496
13194211106836
13203291508864
13203937591300
13241384173624
13331586974752
13404865560832
13472775537184
13486465761292
13752585947137
14294727065665
14298617225218
14843411202568
15393165017872
15444886945792
15532749226117
17592187620016
17592190535104
17592219686977
17592232853506
17592526905856
17593260585232
17593964568577
17594409189508
17594601964234
17594954289169
17596482650182
17596499099689
17596510439440
17598897218560
17600784404584
17600927007361
17605276733440
17609400517651
17609688879112
17611043651590
17617956192400
17627218182274
17627620592896
17634204581920
17635136120896
17661073294888
17661241329682
17661447176449
17666274399232
17671643070499
17678153028160
17712722019328
17729634575368
17730849800512
17731806920704
17733953521954
17738492281216
17738751877156
17747073695749
17832704247820
17867080741060
17867131520032
17867466609922
17922902728960
17935783559512
18039936909826
18142076731684
18142747723264
18143296618564
18145196640280
18146303950960
18169860726784
18176326779016
18416824238593
18417432143872
18691836618760
18700858036738
18708878590732
18726065840146
18726142083076
18762569924608
18835311689728
18837730754641
18966618832960
18986037215233
19310189746432
19793893723138
19800940644352
19834193641480
19890010324996
19928715363604
19945966567426
20067166195744
20083804078720
20340998677312
21030332531200
21165867810832
21475373350945
21990240966160
21990677186560
21990924616708
21991310819338
21992417796256
22007547838528
22028954468353
22196392104064
22301618733076
22338695348224
22961029382152
23099424661504
23657015410816
24259317465601
25293062407240
26388346708099
26388631535872
26388816250912
26392708448392
26405601812992
26434185723904
26525722352128
26668525684741
26671797764128
27079785619456
27488059232260
27488969294848
28588921323784
28656055386256
29139339857920
30803505451297
30857209577536
31370441262082
35184374271520
35184407752963
35184507357640
35184642654733
35185481089120
35185781965825
35186024907778
35186520150034
35186520825985
35186545008688
35186823923776
35188868532226
35189206302856
35189740906504
35193003985168
35193834741760
35201552290888
35202089615905
35204909522944
35210158809352
35210276114566
35218883249152
35227322859556
35235947446288
35253663074305
35262824448514
35271076745488
35276782305280
35326374478978
35330402287642
35339428168192
35340073598980
35356247394304
35367998717953
35392678135312
35394884206600
35459906535424
35463546018832
35497921560640
35528003616898
35596697342752
35601118928896
35734127936824
35734145230849
35740570484812
35742944329792
35748623421472
35802984223744
35872121553028
35872909166848
36011958599683
36112085288992
36284421114118
36284977643776
36288189169762
36292474249792
36305358561301
36318446878849
36320392512520
36352611877504
36424009191424
36619436425216
36765188489284
36833916366856
36971179671568
37383403798684
37383697482760
37383730895488
37384469107012
37385007014416
37396552351744
37417755084883
37454396620864
37486491861760
37520853181504
37660488368164
37950398300161
38759026395136
39582430302208
39583022579890
39583492751377
39587133001729
39591176634400
39599682421252
39617860469320
39651238741312
39694356316288
39859586598016
39865888548868
40132845519616
40170863730688
40682199793666
43026982404352
43980878315776
43981002126340
43981589221888
43986941117473
44000078200960
44015965708576
44016972660742
44066372993056
44255477367361
44256419381272
45080127733804
45354922037248
46188615254017
47008417055104
47296179865090
48378511679680
48447231105034
49082888617984
52776558363394
52776844427344
52813166035456
52815750365200
52845277627525
52965536694496
53051436064810
53060094132481
53326347899008
53619462243328
53891102148736
53945863045168
55010343788548
55113020870665
55594066116610
57178908262660
57194468900872
59373644810272
61572660071488
61779547783168
62130996904468
70371462152516
70372233843104
70377887761475
70387048122500
70441959957008
70456799404289
70507122655344
70656792461328
70660869097736
70920119058561
71090298769920
71469464420496
71506927419906
71579924968448
72292923310080
72567868362764
72568044519459
72589242534464
72637560938624
73126247466000
74775448258056
75181255573760
75866604830756
79165013360661
79302344327208
81639276314688
84181359599616
88012604053520
88304546512898
90170693255424
96761354912256
105570568775712
105832301756417
109985527500800
114358874014848
115450872725760
123695127396360
