1008
3226
5397
10569
12486
17996
18597
20778
25107
363136
735232
852050
934656
1610112
2195491
2311296
2490396
3417344
3670116
4361472
4517888
4751416
5314048
5374033
6824576
122945536
160595968
209740800
218103846
316801024
369100416
411041833
419437056
472154112
562053760
587215872
616660992
637552896
707854336
815529984
838860852
939532672
1126727680
1149244160
1157638272
1174405217
1241534592
1358972160
1481179136
1627848704
1744830538
24847056896
27917287508
30064772480
40802189337
45097169152
47249227776
56413388800
60132229120
81839259648
88390762496
90194313223
105226717696
107377360896
111669149740
143881415680
148235091968
158914478080
164886478848
173947420672
180388626499
188978585728
208312467456
211275481088
214748369536
241734516736
289113374720
294205281280
296354119680
300647721472
311385948160
313532618880
326417514546
347389034496
347892375808
352187547648
416611827816
420912562176
429932937216
446676600576
551911719041
551938951232
551974604802
552037588996
552171880456
552440430864
552977564192
554063366148
554067624194
554084860040
554186063873
554319487040
554587784224
555126624272
558354206728
558366728224
558379434500
558413906064
558480000064
558616281345
558883160066
566944210960
566952988736
567003055112
567071998112
567204153346
567476748801
568010473732
584124219424
584134427144
584150163458
584182792512
584250296336
584652460036
585189360641
618492200961
618513040400
618544513028
618609771010
618744778784
619012227264
619549073416
687204205120
687211593744
687228588033
687261943840
687333179656
687463728132
688268640386
824644207618
824650760324
824667308320
824701362177
824902222352
825171642376
825711673408
1101668564994
1101675921924
1101692936224
1101726286081
1101928071312
1102198083592
1102732985408
1103827570689
1103840296976
1103874753540
1103940845698
1104077129760
1104343990848
1104880599304
1108114145552
1108118407232
1108168720392
1108236829216
1108370264066
1108638564481
1109177409540
1116700411912
1116708405536
1116729245828
1116760703504
1116825993280
1116960989185
1117228434434
1133881852096
1133888406544
1133904955393
1133939003424
1134005723144
1134139883524
1134949302786
1168239628292
1168248414210
1168264725000
1168367420417
1168499573056
1168772186144
1169305896976
1236959003680
1236968407176
1236986233090
1237021892672
1237084868624
1237487716356
1238024863745
1374398185985
1374424141888
1374456776706
1374524276996
1374662165512
1374926446608
1375463342240
2201181225220
2201187780610
2201204327432
2201305088513
2201439244352
2201708658848
2202248683536
2203327136769
2203355971904
2203387437058
2203452706820
2203587707400
2203855161360
2204392013856
2207621726272
2207630492176
2207646818305
2207680561440
2207749507080
2207881658500
2208687981570
2216211579424
2216224112648
2216236814338
2216271284288
2216337375504
2216740528132
2217277128833
2233392435216
2233399812160
2233450168456
2233521407008
2233651953922
2233921978369
2234456868868
2267755315330
2267759576068
2267776813088
2267809878017
2268011446288
2268279734536
2268818571840
2336470867976
2336481087520
2336496828420
2336529450000
2336596951232
2336734840833
2336999113218
2473918988545
2473936814224
2473972466180
2474035462146
2474169737248
2474438296640
2474975432712
3848290697304
4400206578184
4400210853920
4400228077572
4400261138448
4400329261376
4400462693377
4400731004930
4402349903936
4402359312400
4402377130497
4402412781728
4402475762696
4402610045188
4403415746562
4406645884929
4406670262464
4406703620610
4406774874116
4406905413640
4407175414800
4407710322720
4415235031298
4415245256708
4415260984352
4415293636609
4415499014160
4415763284104
4416300195904
4432423551105
4432439869712
4432473628676
4432542568450
4432674718240
4432947316800
4433481056264
4466776481824
4466783031304
4466799591426
4466833622080
4466900336784
4467303907844
4467843924225
4535493918852
4535506437122
4535519152136
4535619723265
4535756013632
4536022860064
4536559469072
4672933347344
4672941326912
4672993624328
4673058900000
4673193902210
4673461358593
4673998193668
6047321292800
7297149435904
8074538516480
8798248961040
8798261477568
8798308671496
8798374760480
8798511038978
8798777903105
8799314526212
8800397426976
8800404801544
8800421807106
8800455180352
8800526402064
8800926957700
8801461870593
8804691386370
8804700786692
8804718624800
8804754260993
8804951525392
8805220090376
8805757223232
8813283381249
8813306479168
8813340524674
8813407241220
8813541392648
8813810827280
8814350829600
8830461673988
8830469685250
8830490513416
8830587240705
8830722245696
8830989705248
8831526535312
8864821151808
8864831373584
8864847102081
8864879739424
8864947257352
8865085136900
8865886310402
8933548818945
8933566062608
8933599117572
8933667244034
8933800673440
8934068981824
8934607815688
9070979448968
9070988231712
9071004551172
9071038304272
9071107252288
9071239413761
9071511994626
10524817358848
11544874352640
12094627926528
14294339026944
15393162791296
17594342049824
17594350829832
17594367148162
17594400899648
17594469859344
17594874594308
17595408322561
17596489662608
17596499887168
17596548255752
17596615761952
17596753657858
17597017915649
17597554819588
17600793034753
17600809570320
17600843614212
17600910328066
17601044481056
17601313906752
17601853915272
17609374351364
17609383739906
17609401573384
17609500198913
17609634480320
17609903050784
17610440180752
17626558373889
17626579877952
17626612925442
17626681049220
17626814482440
17627082785296
17627621622048
17660914959368
17660922331296
17660939337988
17660972703760
17661043937344
17661174481409
17661444491266
17729633914882
17729641914372
17729662747168
17729694204033
17729894482192
17730161950728
17730698774592
17867072405824
17867084924944
17867097637889
17867132125216
17867198202376
17867334488068
17868137963522
19243072487424
20341149663232
22539988382208
23246510489600
24189260201984
26938034880581
28588174737408
30786328461312
35186538455041
35186554176016
35186586812548
35186654315522
35186792202528
35187056492608
35187593381896
35188675576322
35188684374020
35188700680224
35188734429185
35188935525392
35189208129544
35189741846720
35192970936480
35192978932744
35192999774210
35193031233600
35193096511504
35193498960132
35194035798529
35201564542016
35201568800912
35201586036993
35201619107872
35201687228424
35201820656132
35202627813378
35218740248840
35218749655072
35218767479812
35218803146768
35218866111040
35219000397825
35219268960386
35253100036097
35253125259328
35253159723266
35253225818116
35253362098312
35253628964880
35254165570592
35321821530128
35321828081984
35321878675976
35321945407520
35322079551490
35322348962817
35322888982532
35459259441156
35459266809858
35459283828744
35459388407937
35459518957632
35459788964384
35460323868944
36833991852032
37933151184896
38482909396992
40132175036416
40681930231296
44530220930176
45079981588480
48378620674048
53326315388928
53876069777792
55050743316480
57174604644366
61890478735360
70370900582464
70370908573712
70370929426433
70370960868384
70371026141320
70371161147396
70371965436162
70373049647112
70373056184864
70373072740356
70373106778384
70373173495872
70373307646081
70373577068546
70377342764036
70377352986754
70377368715528
70377468858369
70377606742592
70377871018016
70378407936016
70385940857857
70385957865488
70385991225348
70386062467074
70386193023008
70386463015232
70386997920264
70403112372226
70403124887812
70403137601696
70403172073985
70403374456848
70403641312264
70404177924160
70437472076304
70437481496640
70437534959624
70437597937952
70437732221954
70438000795649
70438537920644
70506191651073
70506216752192
70506250518530
70506319446532
70506451603464
70506724196496
70507257929760
70643634671648
70643638935560
70643656163842
70643689226432
70643757351952
70644159102980
70644697925633
72018011625728
73171210338304
73667279070336
75317821571072
75866302316642
76965815287808
79714597535744
80265724559360
81363860455435
83844204068864
88991722373120
89060443488256
92359270334464
96757023263744
106102872080433
106828721553408
107752818999296
110045652058112
114349209297664
123145308635136
