38580
86357
157089
206923
788067
1651904
2048036
4901952
6818086
7381888
8682048
9700110
11010253
11677713
12660780
100720653
117525248
182681600
184550738
187981824
206831641
234950691
285442076
325058601
369099418
419469504
441975360
472648704
553650616
622592640
637702720
676114432
687867405
834822144
839647253
3224735744
6447959296
7516213259
7834960256
11908677632
13505658899
14898170368
15032524856
15209332736
17560502528
18354277568
20401154304
22750117888
23634903061
26843546201
28068360192
30067393920
37581162112
37582536753
39728450588
39730807616
40811716608
44033900586
44325449728
45684361280
47250542592
51552717440
52613447687
53687091658
55570595840
60139242560
60800630836
343597535282
384869335040
481841643531
500374700032
687194882090
740882026496
755914246726
893353289856
893643915264
944892806912
962077393344
962659889152
1169204256768
1178968768512
1188632199212
1305673465861
1455993915712
1511828490913
1511996260380
1512164118528
1649686872102
1649911791616
1671817854976
1717986919640
1786711842816
1787511704832
1833951035401
1924145389587
1924156883520
1952364625920
2267756417024
2336462210412
2351494595264
2405349460352
2461016260626
2473901366528
2474723246912
2485712322582
2534030860288
2543266824192
2611347456048
2616708931584
2748792176666
2749785751552
2801576968192
2817498718528
2862601994240
2954938355712
3367255936512
3367589904433
3436301516800
3463421362176
3573415837696
3573630895232
3848290848780
4467877495300
4467915260936
4468108820576
4468377657473
4468955418754
4469450883344
4471078265858
4471337797633
4475391640577
4475423309984
4475490669064
4483964747848
4484017293314
4484080369921
4484215346192
4501150957856
4501194940944
4501662991364
4536580188192
4536626843792
4536701944322
4536827920648
4537098240068
4537658131460
4537667035201
4537702285600
4537768247432
4539797536897
4539818213634
4540318484496
4544209888272
4544620663041
4552707344392
4552733508097
4552935874690
4553202762784
4569879024160
4570122059856
4674133430560
4674535326224
4675139277825
4675206776836
4675344547906
4677261460512
4677357806081
4677489983760
4681531523330
4681552107536
4681589916164
4681783345281
4682052289544
4690138923076
4690171928840
4690246910096
4707303035012
4707418701896
4707829426178
4948918018320
4949146604033
4949970784520
4949984430112
4950017475074
4950218637456
4952168612880
4952231778306
4952366784584
4952642584708
4956409626704
4956528591108
4956933456416
4964999242244
4965057695840
4965520179458
4982179922945
4982197846082
4982296813728
4982434760708
5498649215236
5498665830401
5499172951042
5499724564482
5499776934020
5500251013192
5501878276624
5501887201416
5501922345025
5501988439044
5502390247712
5506182685186
5506290714656
5506416775236
5514755965088
5515010671112
5531986040840
5532056420624
5532188427296
5532455338497
6598161400328
6598179192992
6598210887746
6598278267905
6599251132676
6599353569360
6599494083104
6599758350337
6601385836612
6601432434720
6601903718914
6605727891728
6605798178946
6605930366984
6614283846160
6614786773128
6631446562832
6631467262984
6631505133697
6631698469122
8865905149953
8866020729376
8866155790596
8866431504464
8866977088528
8866997764168
8867035488513
8869125296264
8869143134496
8869242273857
8869380227600
8873427616258
8873436520592
8873471770692
8882026190852
8882269225120
8882533450753
8899239875616
8899314976776
8899711271042
8934647677057
8934673907808
8934744196104
8935143121154
8935700562050
8935714066704
8935948190209
8936218445832
8937845825616
8937898252289
8937961554180
8938096444418
8938372268576
8942155792450
8942258229408
8942398744580
8950787474448
8950980808776
8967927399428
8967959093384
8968026472976
9072065659152
9072079284232
9072112435713
9072313372802
9073143584800
9073187651728
9073253745154
9073655554116
9075303710852
9075341410376
9075803848961
9079632176130
9079695362049
9088289341536
9088421347844
9088688261136
9105348001858
9105607558145
9105871737352
9346939748424
9346998142978
9347191571472
9348038394372
9348134742032
9348266917984
9348533719169
9350161123332
9350177629185
9350280151560
9354456604960
9354506146320
9354711416968
9363047584770
9363100041476
9363298322433
9380242718984
9380343844932
9380745742368
9896714109456
9896745780228
9896951029825
9897769443848
9897888580609
9899920622624
9900042231938
9900168382472
9904236532744
9904262807681
9904465150210
9904731996256
9912809750596
9912853735456
9912919802120
9913321783810
9929981432065
9930002155522
9930233479300
9930502317072
10996259229960
10996325417104
10997281603649
10997398536480
10997536396292
10999453222928
10999479411204
10999948772360
11003723284612
11003744092417
11004244137986
11012330816544
11012363796610
11012438757889
11012564853008
11029495022112
11029547384912
11030021292292
13194153164835
13195011948588
17662000300098
17662046906372
17662518362632
17663087149600
17663122228226
17663188277249
17665217660960
17665276051600
17665469481224
17665738424388
17669514334480
17669566792193
17669765070978
17670040724512
17678127464513
17678223810696
17695282577537
17695299084546
17695401607264
17695542088196
17730716696833
17730734397442
17730971402372
17731789817872
17731806430216
17731908805124
17732049371394
17732313550944
17733940953608
17733954576544
17733987729474
17734062605313
17738283095044
17738485481537
17738752393352
17746838962436
17746940198992
17747342010369
17764060252192
17764522689026
17868154999816
17868171526240
17868274073729
17868414650384
17869282805768
17869480952864
17869756711425
17871384092932
17871428129312
17871896118274
17875796496450
17875922592264
17876192888836
17884261664770
17884279481360
17884311322756
17884516454657
17901465665672
17901491855425
17901562119172
17901961216288
18143040799264
18143150875650
18143552737540
18144107233412
18144125026561
18144224100424
18146375303456
18146507490308
18146774229520
18150569549892
18150607421704
18150800758816
18159156335112
18159189427201
18159390457922
18159660712096
18176320481288
18176372904066
18176436208129
18176571097360
18692788461712
18693040390658
18693309401120
18693913444880
18694115692680
18696026489348
18696128972816
18696533835905
18700305465416
18700422357249
18700560303120
18709012026400
18709422833936
18726082708482
18726091493456
18726126682372
19792354477088
19792417556488
19793373827586
19793394548880
19793432313924
19793894711560
19795539984456
19795571654913
19795639013508
19795776907266
19799824467969
19799833347074
19799934517792
19800336498768
19808406478944
19808525615362
19808666010632
19808930300420
19825603774468
19825837801632
19826108011521
21990235439160
21990853419008
25838523253632
26388282476736
26388285968384
26388291651392
26408378171392
30786459828246
30786644347904
30813169258496
35254190604420
35254199390465
35254702458882
35255256908034
35255274833936
35255511744641
35257428484616
35257454822401
35257524979716
35257657069634
35261698547777
35261950477316
35262219485712
35270292410912
35270339100752
35270414107650
35270810411268
35287522623752
35287585788048
35287720798240
35323021132048
35323161613344
35324093073440
35324228141124
35324503793808
35326140154896
35326175232132
35326643175496
35330422014212
35330435614721
35330468618784
35330940077058
35339008746504
35339058286850
35339125784705
35339263559696
35356309200962
35356441379336
35356708182020
35460342620674
35460395044932
35460869062920
35461414535304
35461435236640
35461666443792
35463562854496
35463612344336
35463679721730
35467865130000
35467874140232
35467975204996
35476463747585
35476566185992
35476970963074
35493630838785
35493644342274
35493878464772
35494148718672
35735219476496
35735237313544
35735269048449
35735336452612
35735474405634
35736292820000
35736552245256
35738565607504
35738691584544
35738961905665
35742759846048
35742786011202
35742856254465
35751332954369
35751341860866
35768525423120
35768563147780
35769025691784
36284999434306
36285095887008
36286098851841
36286173810948
36286299907074
36286570201632
36288197689608
36288250053122
36288448200848
36292490956930
36292507484432
36292750606849
36293014726664
36301101466628
36301332611360
36301601509441
36318261297668
36318279114881
36318310957152
36318378230792
37384544600592
37384738054280
37385007039492
37385610989728
37385681371656
37386080288834
37387707646465
37387724259458
37387826635808
37388231381264
37392020935172
37392052716552
37392257941600
37400594153616
37400709709892
37401120606240
37417780252744
37417824323586
37417890414849
39583156799808
39589941608448
39642900463616
44024488528256
48378511712280
51745776467968
52776558136083
52776558248640
52776994492416
57861809373184
61572651156650
61572659978240
62471373062144
70438605558274
70438807945360
70439645750276
70439678902408
70439753777680
70439879840032
70441777562116
70441829933152
70441893118984
70442304012546
70446189914114
70446330478664
70446594658436
70454681338128
70454912492033
70455181477896
70471841349712
70471890831361
70472096056322
70507290984968
70507326088193
70507392157700
70507794137248
70508398002256
70508465361922
70510520045636
70510546321672
70510748665888
70514790111240
70514810831904
70514848596098
70515042156816
70523384004673
70523505615136
70523631764484
70523901973008
70540561760514
70540614304260
70540812357761
70644731609348
70644830576720
70644968522272
70645786935553
70645803419650
70646310765584
70647951671824
70647984718852
70648185880641
70648456028296
70652280309792
70652350464264
70660827251208
70660836036768
70660871225410
70677998871584
70678057324816
70678250801160
70919608401985
70919641383200
70919716343944
70920672649282
70920716687364
70921184674312
70922812031248
70922832840712
70923063984258
70923332883488
70927108931713
70927359443460
70927635204112
70935748026512
70935818289666
70936217387076
70952893563012
70952996111376
70953400803585
71262105763877
71469348425824
71469400885264
71469464092930
71469599163400
71469874815492
71470441042433
71470478853152
71470941225090
71472568608769
71472685646368
71472823419140
71476879886340
71476914962952
71477382906881
71485452993552
71485469499464
71485572022404
71485712504834
71502636581000
71502650179872
71502758166593
72568858609666
72568874996752
72569118032129
72569382256712
72569933825032
72570049405057
72570184468496
72572087582880
72572197699650
72576378348048
72576425005121
72576500106244
72576896401696
72584965132548
72584982972417
72585014706720
72602169180674
72602265589792
72602397712452
72602664599696
74766790691975
74766801756160
74767739912192
74778601850176
75523074031616
79164837309952
79165139329058
83563101835264
86060407193600
87960930390057
88001732411430
93802090463232
94695439155200
98543729639472
105593482248192
109969416388658
111600430321664
114349557940224
118747256980224
123175371538432
123557619174464
125413045043228
140807315456136
140807417893892
140807822672160
140808374198432
140808489926722
140808624816648
140808900642820
140810638074128
140811039937025
140814818870280
140814832373856
140814865465602
140815066499088
140823423386114
140823522461728
140840609530896
140840635760772
140840838234369
140841104973896
140876018123778
140876038930512
140876270077953
140877142960130
140877213221121
140879239581984
140879499231368
140879763350532
140883535085712
140883552903432
140883652018244
140883789877762
140892126185476
140892178546848
140892652453954
140909312221697
140909422445600
140909824246032
141013508228112
141013710569544
141013977415812
141014534750724
141014548480129
141014656361480
141015052718338
141016680121345
141016795742368
141016930719748
141021092643344
141021233037600
141021497327681
141029563174992
141029621663745
141029815223298
141030084059680
141046761719840
141046793388546
141046998638736
141288389222920
141288863302657
141289429468162
141289660621060
141289929605200
141291557093890
141291574792336
141291606573124
141295868199425
141295903343648
141295969437704
141296371245186
141304441372808
141304457986336
141304560361537
141304700928528
141321624895584
141321671673872
141321746546946
141321872610312
141838098909192
141838107812896
141838143062146
141838209024513
141839183134788
141839214870792
141839282274448
141839420229664
141841336959233
141841433366600
141841832380418
141845607023136
141845665423440
141846127968516
141854200832258
141854247490052
141854448566401
141854718886920
141871494211588
141871629271106
141871904985248
142937606328449
142937619972354
142937728024672
142937854181892
142938124331024
142938684391696
142938693179400
142938728366593
142939196245024
142940882080770
142941075554384
142945172867076
142945371038721
142945646838280
142953733431428
142953759768648
142953829925904
142970888717316
142970905198657
142971007680648
145165599637518
145660594618368
148021752889365
150839251480576
153931627891312
153931632870528
153970282823680
155856444325888
158329791840308
158330373275648
158357591690752
162727720965376
162779267858432
169737141092864
175922263099264
177433701777408
180319907100800
184717957136402
184718775619584
184728690884645
196850162335744
197912663425033
211106242496832
214679645323306
219902325556505
219916284223488
219938843525120
228698418655250
228699290994816
246290604802054
246634386554880
257835476713664
