403247619
806495238
1612990476
3225980952
4307715585
6451961904
8615431170
12903923808
17230862340
25807847616
34365048901
34461724680
34630271289
42010165377
43503886337
51615695232
68730097802
68923449360
69260542578
84020330754
87007772674
103231390464
137460195604
137846898720
138143727689
138521085156
156767360257
168040661508
174015545348
206462780928
274920391208
275693797440
276287455378
277042170312
313534720514
336081323016
348031090696
412925561856
549764227395
549840782416
551387594880
552574910756
554084340624
627069441028
672162646032
696062181392
825851123712
835471867905
1099528454790
1099681564832
1100124000277
1102775189760
1105149821512
1108168681248
1246620549123
1254138882056
1344325292064
1392124362784
1443377596417
1649268229257
1651702247424
1670943735810
2199056909580
2199351459969
2199363129664
2200248000554
2205550379520
2210299643024
2216205688833
2216337362496
2493241098246
2508277764112
2688650584128
2784248725568
2886755192834
3298536458514
3303404494848
3341887471620
4398113819160
4398702919938
4398726259328
4400496001108
4411100759040
4420599286048
4432411377666
4432674724992
4467856773185
4986482196492
5016555528224
5377301168256
5568497451136
5773510385668
6597072917028
6606808989696
6683774943240
8796227638320
8797405839876
8797452518656
8800992002216
8822201518080
8841198572096
8864822755332
8865349449984
8935713546370
9092446290001
9483304569377
9972964392984
10033111056448
10754602336512
11098262602755
11136994902272
11547020771336
13194145834056
13202729599365
13213617979392
13367549886480
17592455276640
17594811679752
17594905037312
17601984004432
17644403036160
17682397144192
17729645510664
17730698899968
17871427092740
18160463937541
18184892580002
18966609138754
19804094208009
19945928785968
20066222112896
21509204673024
21990769509409
22196525205510
22273989804544
23094041542672
26388291668112
26405459198730
26427235958784
26735099772960
35184910553280
35188700872743
35189623359504
35189810074624
35201640054793
35203968008864
35288806072320
35364794288384
35390530617489
35459291021328
35461397799936
35742854185480
36320927875082
36369785160004
37659883864833
37933218277508
39584577095681
39608188416018
39891857571936
40132444225792
43018409346048
43981539018818
44393050411020
44547979609088
46188083085344
52776583336224
52810918397460
52854471917568
53470199545920
62672298057729
70369821106560
70377335439889
70377401745486
70379246719008
70379620149248
70403280109586
70407936017728
70577612144640
70643775177733
70729588576768
70781061234978
70918582042656
70922795599872
71485708370960
72641855750164
72739570320008
73669426577505
74908860162049
75319767729666
75866436555016
79169154191362
79216376832036
79783715143872
80264888451584
86036818692096
87963078037636
88029687972097
88786100822040
89095959218176
92376166170688
105553166672448
105621836794920
105708943835136
106940399091840
125344596115458
140737689979137
140739642213120
140754670879778
140754803490972
140758493438016
140759240298496
140806560219172
140815872035456
141012370469025
141155224289280
141287550355466
141360798629889
141459177153536
141562122469956
141837164085312
141845591199744
142971416741920
145283711500328
145479140640016
146286619656705
147338853155010
149817720324098
150639535459332
151732873110032
158331838791699
158338308382724
158432753664072
159567430287744
160529776903168
172073637384192
175926156075272
176059375944194
177572201644080
178191918436352
184752332341376
211106333344896
211243673589840
211417887670272
213880798183680
219903407751177
250689192230916
