275267584
872681472
1090654212
1342187584
1753235456
4329179136
4378935296
5368971297
6446653444
8628011008
9127985154
12884935176
17255890948
17449353352
18253677584
19327647746
25769822464
34379694080
34494087177
37044682752
42949682304
51539612224
68730232832
68988043792
70901579776
73014449408
77309935712
137438987300
137489293313
137575337984
138513219848
141734969424
274878169364
274891542528
275012689920
309506080802
343597451272
412316877440
549822957584
550309462336
618479484931
1099545215168
1099646896132
1099788517632
1101675889184
1383046578177
1670744375296
2199593681928
2201237848448
2473903390784
2894816346112
3333972557824
4398054901249
4398281392130
4398585479312
5225901457408
5497558151176
6597070880800
8796231434528
8797234921984
8798242606080
9345849229440
10102299951104
10995116302352
13203014680576
17592337302528
17592727112192
17594341916744
18141941878816
18691698196498
19791477768193
22093311770628
26680370397184
35184397256832
35184441294888
35195109511184
35734429892612
36283883865088
37383396131328
39737041616896
43980465176642
52776559190272
70368744243333
70368765149208
70368779830016
70386460925984
70918501565440
72567767439362
74766790967360
79203500294144
88098436415488
105622909517824
140737488371726
140737530298416
140737559659584
140909287311360
141287244243456
143022427734016
145135535030528
149533581905921
158339340173312
176201570189312
211108782669824
