127
25777
87316
98762
100877
110673
149080
164577
169030
175144
219232
288782
297172
303395
458924
606405
657810
668180
787788
852753
1058578
1196678
1257482
1315744
1377377
1577283
1581272
1583649
1737745
1906692
3194956
5032960
6291921
6293033
6294038
6464256
6766594
10487973
12583628
12585227
12763156
13676672
18883622
18884633
19536896
20007424
20054098
20977708
20981128
21336576
21528649
25168496
25174211
25396352
25755676
29753377
36044821
36241419
37751010
38830087
39192064
39858248
41983232
42025856
42770944
44247040
50336787
51437824
52757760
63455234
70395008
70813952
71893074
72224896
77598982
77873232
79700997
84213767
84296448
85098532
85983464
89401344
100672070
101217280
101810200
102763568
110116897
118032512
134397963
135417088
136433792
138424835
141164568
143917069
145097088
147095618
150999384
151783040
152633378
153387056
155271185
167772965
168057344
168689760
173539712
176162314
176173104
184647748
201330837
201867308
205556352
210309632
234891528
392298496
494977024
707952640
805307220
805315595
805355558
805869056
806027297
806642176
819987712
855638072
977272897
1342181992
1342369792
1342717971
1343356956
1355612160
1363148870
1377831680
1400906752
1482694784
1610817920
1611677808
1621098569
1637122048
1652555798
1811949056
1879133184
2147489066
2416287872
2445281408
2451570788
2487222297
2617252864
2684359217
2707423235
2722108544
2753561472
2756755456
2776629316
2785476608
3103793408
3221775104
3222405155
3222557696
3261366272
3368026152
3374465024
3456106576
3489662273
3758098712
3758108738
4481622528
4565042432
4608753664
4634718464
4706009123
4833431680
4857018368
4887478272
4905238564
5041553432
5100274912
5368719412
5369266218
5369794048
5400166416
5512560640
5586813312
5637538432
6444154948
6448753664
6492782666
6527156224
6711164933
6979914240
8589943466
8747223296
8858381380
8858420608
8859044352
8904512000
9010806784
9126807905
9227468813
9265840128
9395568706
9470746752
9675751424
9701425201
9839839360
10033053696
10221519488
10738729016
10762928128
10854863104
10941956096
11005857814
11274445824
11442061346
11811161636
11811749960
11886821376
12884903193
12885363712
12943622180
12985566848
13090570240
13153419304
13222543425
13421936712
13422559252
13959303424
15032394320
15042875520
16379805696
17448305065
17716747269
17985716296
18069064192
18253813248
18253955096
18306044032
18389925902
18421956608
18522055173
18828240896
19201527808
19327355714
19327504768
19328155682
19387252736
19469968000
19595952176
19864518721
21474839192
21475136640
21556101120
21577678848
21911044116
22012788754
22162980864
22549897472
25769951269
25771409504
25845301322
25855787028
26038534156
26039357568
26174555648
26306683142
26314276864
26843546832
26843646208
27917299721
28055699524
30064777250
52076724224
83351306240
93415538705
103079220672
103079870477
103080317440
103080460336
103091798054
103165199872
103230220416
103288930369
108280152064
112206020634
113011335424
122406568040
164819370024
171798696120
171799421952
171802889984
171813928960
171849449472
171884167168
171903557760
171935006804
174752268288
176630530115
186831077388
190320740480
206159052836
206326202393
209658576896
210990277248
212600887552
223606748160
225487159296
274877908359
309238802432
309296365577
309311045642
309313145216
312811192320
314070925312
314606366848
318902140928
326954387072
327491256370
337155997696
343597393420
343597728896
343702242560
343767253058
346282426368
353261067264
354603238016
361341386752
378096074752
412317264128
412317515850
412317941801
412327358976
412371386448
412386295808
412493168640
418490875908
421443670400
446676604934
455570620416
481187332864
536870944768
584115553038
584144916736
584292040704
588679528448
588947399936
594852973696
604517302272
618475302949
618519330856
618615804928
618634674194
628138967138
629762162688
636728902528
644245700608
652835424768
655250948099
687194773121
687194775702
687195883904
689611882496
694209740800
696931844096
708938039306
721554516040
721555816465
755952271360
755998130188
791884599296
824634130500
824634287232
824719712512
827854946317
829352312832
834566029312
842083860480
859094127104
861677813840
893353199761
893354262538
898797404160
962072756272
987842478145
1112397889536
1133871367778
1133871369244
1133871380768
1133877662336
1134009516032
1134089666560
1136129998848
1160727494656
1168231109385
1168231114834
1168231677976
1168232816896
1168310802432
1171452339328
1173868347392
1185679818752
1202591170628
1215475744801
1236950859849
1237086899328
1243552415744
1256277934087
1258425417840
1271310467090
1280438239232
1305670058402
1305723011072
1315333734420
1374418896384
1374465032244
1374561501196
1376806060032
1387895193600
1392106274841
1408749438208
1443109797891
1443152035840
1443914320128
1511828539904
1511830066176
1530182762496
1649267448388
1649267638339
1649268244864
1649415307264
1649418436649
1650276171776
1668900978688
1679332221056
1683698778112
1684969357348
1717988034048
1722818756614
1786706735104
1786781893888
1804423692288
1924145352978
1924156489728
2095960817792
2199024927360
2222932885504
2233382996611
2233383092246
2233538183264
2243583541316
2254857835264
2267742735433
2267742736526
2267742814243
2267778392448
2267914895360
2287606957312
2294587457536
2302103062784
2302113103872
2336463288320
2336463454213
2336487374890
2336663879680
2347468062753
2357937717248
2362416562176
2370821956132
2374043222016
2388607893504
2405187977264
2405325864960
2414308786176
2473901167312
2473902751764
2473994551296
2476585527424
2496449740872
2508260909378
2512824303633
2542621032472
2542641623040
2549063090212
2560270270464
2630680051712
2748779069924
2748779082776
2748789558784
2748821012561
2748879912960
2757637445888
2767569551363
2783139008640
2783139594280
2783178653700
2789782585344
2817569062912
2820770103296
2886219104322
2886239584256
3023658164736
3023728279585
3028488912896
3161232244744
3298535538726
3298608824320
3308198572544
3320588533760
3332894909440
3332895801416
3335310541184
3367254526080
3367355023456
3367390674949
3376137895936
3435973845265
3437722861568
3440537241088
3573412791464
3573448448000
3573564342272
3599182921728
3848458470016
3853660979200
3859028115466
3968549781520
4432676798593
4432679142416
4432683599904
4432692514880
4432708280322
4432741859588
4432809034248
4432946274320
4432947839108
4432951578626
4432960160288
4432976807937
4433010263048
4433077354816
4433482121504
4433484202498
4433489428616
4433496907780
4433514071104
4433547366401
4433614276624
4434555896384
4434558062624
4434562139140
4434570543248
4434587549960
4434621892610
4434688483329
4436703446018
4436706459905
4436709875776
4436718012424
4436734836896
4436768850448
4436835471364
4440998545412
4441000452104
4441004605953
4441013485826
4441029758992
4441063424192
4441131451424
4449588744200
4449590347840
4449594638608
4449602962433
4449620722180
4449653252128
4449720598658
4467036782912
4467038683680
4467042844804
4467051733008
4467067995144
4467101667330
4467169691649
4467305481248
4467307086082
4467311386632
4467319703556
4467337461952
4467369984513
4467437342736
4467841847300
4467844188168
4467848642817
4467857556482
4467873317392
4467906912320
4467974078624
4468915701776
4468918722564
4468922122754
4468930265376
4468947095553
4468981104776
4469047723072
4471064101384
4471065677888
4471069410320
4471077994625
4471094640900
4471128098848
4471195197442
4475358085250
4475360248833
4475364329536
4475372736520
4475389747232
4475424080144
4475490664964
4483947995137
4483950067856
4483955298336
4483962765888
4483979937794
4484013229060
4484080140552
4535756521986
4535758131201
4535762420800
4535770742920
4535788503328
4535821027344
4535888388100
4536024498433
4536026661392
4536030740640
4536039153728
4536056153090
4536090497028
4536157079560
4536562354240
4536563933216
4536567661060
4536576246032
4536592896008
4536626348162
4536693441537
4537635069960
4537637404864
4537641865232
4537650774529
4537666537476
4537700123680
4537767297282
4539782795296
4539784693762
4539788853512
4539797734404
4539814003264
4539847680001
4539915698320
4544077530128
4544079610116
4544084844546
4544092309536
4544109478017
4544142770696
4544209686592
4552667562116
4552670577672
4552673986561
4552682131458
4552698961936
4552732967232
4552799584800
4673196000260
4673197572360
4673201315841
4673209894914
4673226539152
4673259995712
4673327091744
4673463648392
4673465549888
4673469712400
4673478594561
4673494867972
4673528529184
4673596555778
4674000388609
4674003406864
4674006811680
4674014953664
4674031780098
4674065795076
4674132418568
4675074035714
4675076114433
4675081339200
4675088811016
4675105980960
4675139280912
4675206185092
4677221499152
4677223842308
4677228298370
4677237219360
4677252973569
4677286563848
4677353736256
4681516982336
4681518579872
4681522876420
4681531195920
4681548957704
4681581478914
4681648832769
4690106452000
4690108620802
4690112692744
4690121097476
4690138107968
4690172444801
4690239030288
4948072892424
4948074979392
4948080198160
4948087668993
4948104843268
4948138131616
4948205044738
4948341428288
4948344440864
4948347846916
4948355990544
4948372816392
4948406837250
4948473446529
4948878688400
4948880294916
4948884588546
4948892913696
4948910678017
4948943192328
4949010547264
4949952168961
4949954068752
4949958238240
4949967112256
4949983379586
4950017049092
4950085079048
4952099463172
4952101617800
4952105701377
4952114102786
4952131110928
4952165450816
4952232034592
4956394373664
4956396720130
4956401173512
4956410085508
4956425847104
4956459436033
4956526616592
4964985340162
4964986913281
4964990648512
4964999241736
4965015880736
4965049339920
4965116430340
5497828741136
5497830901764
5497834979586
5497843385376
5497860391425
5497894739976
5497961316544
5498097140228
5498099224584
5498104448001
5498111918210
5498129088784
5498162382912
5498229301280
5498634248194
5498636140673
5498640306240
5498649182728
5498665453600
5498699121680
5498767147268
5499708768416
5499710342146
5499714078728
5499722665988
5499739316288
5499772764417
5499839857168
5501855729665
5501857341456
5501861626400
5501869949248
5501887713282
5501920231556
5501987587080
5506150301960
5506153316928
5506156724368
5506164875265
5506181694468
5506215710752
5506282326018
5514740122688
5514742464800
5514746929156
5514755835920
5514771595400
5514805182978
5514872360961
5772436054912
6597340438560
6597343445122
6597346856968
6597354996228
6597371824192
6597405836289
6597472452880
6597608753154
6597611102209
6597615551040
6597624463624
6597640228896
6597673812112
6597740987396
6598145672200
6598147834176
6598151921680
6598160320513
6598177325188
6598211666464
6598278254594
6599219872004
6599221477896
6599225770113
6599234101250
6599251854352
6599284379712
6599351732256
6601366864064
6601368945696
6601374173188
6601381646352
6601398820872
6601432105218
6601499017729
6605662851073
6605664421904
6605668155680
6605676741696
6605693387266
6605726851076
6605793935496
6614251995664
6614253899780
6614258058242
6614266937504
6614283206913
6614316877832
6614384910400
8796093146624
8799314254464
8830723426368
8830726447136
8830729847300
8830737989904
8830754820104
8830788829314
8830855447553
8830991749152
8830994089986
8830998544648
8831007458308
8831023219264
8831056814081
8831123980432
8831528665220
8831530828808
8831534909441
8831543316482
8831560327184
8831594660160
8831661244960
8832602866704
8832604471556
8832608772098
8832617089056
8832634847361
8832667369992
8832734728256
8834749865992
8834751938752
8834757169168
8834764636673
8834781808644
8834815099936
8834882011394
8839045841410
8839047417857
8839051150400
8839059734664
8839076380960
8839109838864
8839176937476
8847634989313
8847636890128
8847641051296
8847649939520
8847666201602
8847699873796
8847767898120
8865084080272
8865085654020
8865089390594
8865097977888
8865114628097
8865148076296
8865215169088
8865351737348
8865353629832
8865357795329
8865366671874
8865382942736
8865416610880
8865484636448
8865888469250
8865891484161
8865894891712
8865903042568
8865919861792
8865953878032
8866020493316
8866962113056
8866964197378
8866969420808
8866976891012
8866994061632
8867027355649
8867094274064
8869109580801
8869111922960
8869116387360
8869125294144
8869141053570
8869174641156
8869241819144
8873405057032
8873406668864
8873410953744
8873419276545
8873437040644
8873469558944
8873536914434
8881994534976
8881996695584
8882000773380
8882009179152
8882026185224
8882060533762
8882127110273
8933802771464
8933804671296
8933808840720
8933817714689
8933833982084
8933867651616
8933935681538
8934071468224
8934073074720
8934077368324
8934085693456
8934103457800
8934135972098
8934203326977
8934607831568
8934610178052
8934614631426
8934623543456
8934639304961
8934672893960
8934740074560
8935681691649
8935684704272
8935688110368
8935696254016
8935713079810
8935747100676
8935813709960
8937830088964
8937831662088
8937835397249
8937843990530
8937860629520
8937894088768
8937961179168
8942124081184
8942126235778
8942130319368
8942138720772
8942155728960
8942190068737
8942256652560
8950713976834
8950716063745
8950721282624
8950728753416
8950745927712
8950779216016
8950846129156
9071241486338
9071243821185
9071248281664
9071257190920
9071272953888
9071306540048
9071373713668
9071510947841
9071512526864
9071516254752
9071524839744
9071541489666
9071574941828
9071642035208
9072046801984
9072048881952
9072054116356
9072061581328
9072078749832
9072112042498
9072178958337
9073120575752
9073122738752
9073126817936
9073135230977
9073152230404
9073186574368
9073253156866
9075268124832
9075271140354
9075274549256
9075282694148
9075299524672
9075333529857
9075400147472
9079563227152
9079565125636
9079569285378
9079578166304
9079594435073
9079628111880
9079696130240
9088153420292
9088155029512
9088159319041
9088167641218
9088185401616
9088217925696
9088285286432
9346119434753
9346121601040
9346125677600
9346134081728
9346151088386
9346185431044
9346252021768
9346387837200
9346389918212
9346395144322
9346402623520
9346419786753
9346453082120
9346519992384
9346924939296
9346926845954
9346930999816
9346939879684
9346956152896
9346989817985
9347057845264
9347999473728
9348001038496
9348004777988
9348013359632
9348030007304
9348063462402
9348130554113
9350146428930
9350148032513
9350152323392
9350160647176
9350178406944
9350210936848
9350278283396
9354440999940
9354444013832
9354447429633
9354455566338
9354472390800
9354506404416
9354573025312
9363030818952
9363033162816
9363037620240
9363046535169
9363062300676
9363095879968
9363163054594
9895875707168
9895877313026
9895881605256
9895889936388
9895907689536
9895940214785
9896007567376
9896143684610
9896145846529
9896149934144
9896158332936
9896175337632
9896209678864
9896276267012
9896681541640
9896683112512
9896686846224
9896695432193
9896712077828
9896745541664
9896812626050
9897754249220
9897756598280
9897761047041
9897769959682
9897785724944
9897819308224
9897886483488
9899901977152
9899903881248
9899908039684
9899916918928
9899933188360
9899966859266
9900034891777
9904196714625
9904198796304
9904204023840
9904211497024
9904228671490
9904261955844
9904328868360
9912786755600
9912789762180
9912793174018
9912801313312
9912818141185
9912852153352
9912918769984
10995386847236
10995388925960
10995394150657
10995401622530
10995418792464
10995452092480
10995518996640
10995655377416
10995658395712
10995661800464
10995669942401
10995686768900
10995720783904
10995787407362
10996192649217
10996194246800
10996198543392
10996206862912
10996224624642
10996257145860
10996324499720
10997266120834
10997268022273
10997272184896
10997281067016
10997297340448
10997331001616
10997399028228
10999413409808
10999415578628
10999419650562
10999428055328
10999445065729
10999479402632
10999545988160
11003708326208
11003710669344
11003715125380
11003724046352
11003739800584
11003773390850
11003840563201
11012299293728
11012300865794
11012304609288
11012313188356
11012329832640
11012363289089
11012430385168
13194139536522
13194139824256
13194140729409
13194187767809
13194231808640
13194282139748
13194294886400
13199508242514
13204071645193
13209172459520
13211588460544
13213466886172
13216151243008
13400501387264
13881334300707
15461882276352
16527053029376
17610978164736
17626816581634
17626818480129
17626822639936
17626831520776
17626847789600
17626881466384
17626949484676
17627085275649
17627086884880
17627091174432
17627099496640
17627117256962
17627149780996
17627217141768
17627621646400
17627623981216
17627628441604
17627637350928
17627653113864
17627686700034
17627753873665
17628695494792
17628698510400
17628701919248
17628710064129
17628726894596
17628760899872
17628827517442
17630843897888
17630845476866
17630849204744
17630857789700
17630874439744
17630907891841
17630974985232
17635137880336
17635140043268
17635144122498
17635152535584
17635169534977
17635203878920
17635270461504
17643727782916
17643729862920
17643735097345
17643742562306
17643759730832
17643793023552
17643859939360
17661176127496
17661178282176
17661182365712
17661190767105
17661207775236
17661242115104
17661308698882
17661444524096
17661446610976
17661451829764
17661459300624
17661476474888
17661509763202
17661576676353
17661981623312
17661983523076
17661987692546
17661996566560
17662012833921
17662046503432
17662114533440
17663056150785
17663057723920
17663061459104
17663070052416
17663086691330
17663120150532
17663187240968
17665203110020
17665204716552
17665209010177
17665217335298
17665235099664
17665267614016
17665334968864
17669497688096
17669500700674
17669504106760
17669512250372
17669529076288
17669563097089
17669629706384
17678087504386
17678089850881
17678094304320
17678103216264
17678118977824
17678152566800
17678219747332
17729895563424
17729897645058
17729902872584
17729910345732
17729927520320
17729960804609
17730027717136
17730164105218
17730167111809
17730170523712
17730178662920
17730195490848
17730229502992
17730296119556
17730701361416
17730702967360
17730707259536
17730715590657
17730733343748
17730765869088
17730833221634
17731774841348
17731776745480
17731780903937
17731789783170
17731806052624
17731839723584
17731907756064
17733922128960
17733924290848
17733928378372
17733936777232
17733953781896
17733988123138
17734054711297
17738217048065
17738219397136
17738223845920
17738232758592
17738248523778
17738282107012
17738349282312
17746808016912
17746809587716
17746813321474
17746821907488
17746838553089
17746872016904
17746939101376
17867335010320
17867336622084
17867340907010
17867349229856
17867366993921
17867399512200
17867466867776
17867602989060
17867605149704
17867609227521
17867617633282
17867634639376
17867668987968
17867735564448
17868140839042
17868142412801
17868146149440
17868154736648
17868171386912
17868204835088
17868271927812
17869213549600
17869215891714
17869220356104
17869229262852
17869245022400
17869278609921
17869345787920
17871361286145
17871363178640
17871367344160
17871376220736
17871392491522
17871426159620
17871494185224
17875656016392
17875658100800
17875663324176
17875670794369
17875687964932
17875721259040
17875788177410
17884246049088
17884249063968
17884252471428
17884260622352
17884277441544
17884311457794
17884378073089
18142212407556
18142214750728
18142219206785
18142228127746
18142243882000
18142277472320
18142344644640
18142481875976
18142483448128
18142487191568
18142495770625
18142512414852
18142545871392
18142612967426
18143017734145
18143019812880
18143025037600
18143032509504
18143049679362
18143082979332
18143149883528
18144091506690
18144093675521
18144097747520
18144106152200
18144123162656
18144157499536
18144224084996
18146239054352
18146242072580
18146245477378
18146253619360
18146270445825
18146304460808
18146371084352
18150534152384
18150536053792
18150540216324
18150549098512
18150565371912
18150599033090
18150667059713
18159124357152
18159125954690
18159130251272
18159138570756
18159156332608
18159188853761
18159256207632
18691968336897
18691971350800
18691974766624
18691982903360
18691999727746
18692033741316
18692100362248
18692236656784
18692239000580
18692243458050
18692252373024
18692268138497
18692301717768
18692368892480
18692773577248
18692775743490
18692779820040
18692788224132
18692805230912
18692839573505
18692906164240
18693847781440
18693849384992
18693853675780
18693861999632
18693879759368
18693912289282
18693979635841
18695994769666
18695996850689
18696002076864
18696009555976
18696026719264
18696060014608
18696126924804
18700290760708
18700292325512
18700296065025
18700304646658
18700321294352
18700354749504
18700421841184
18708879902728
18708881809472
18708885963280
18708894843137
18708911116292
18708944781472
18709012808706
19791480881728
19791482458144
19791486190596
19791494774928
19791511421192
19791544879106
19791611977729
19791748530464
19791750431234
19791754592392
19791763480580
19791779742784
19791813414913
19791881439248
19792285272068
19792288292872
19792291693057
19792299835650
19792316665872
19792350675136
19792417293344
19793358921744
19793360994436
19793366224898
19793373692448
19793390864385
19793424155656
19793491067200
19795506384904
19795508725824
19795513180432
19795522094081
19795537854980
19795571449888
19795638616194
19799801857026
19799803461889
19799807762496
19799816079368
19799833837728
19799866360336
19799933718532
19808391331969
19808393495568
19808397576224
19808405983296
19808422993922
19808457326852
19808523911688
21990232568132
21990234128398
21990243401728
21990268212736
21990283100160
21990404522002
21993722226688
21996138135585
21999518744576
22000969973827
22814866276456
23147726241792
23227271217152
23708219478144
24257976090624
26388279266048
26388279361562
26388298514432
26388396507170
26388482097152
26390871146496
26393916216320
26800596779008
26972394627712
27300959617024
27590907658240
27625229647916
27762668612608
30786325583920
30787131277312
31095563223045
33122787787136
35219002892292
35219004489864
35219008786433
35219017105922
35219034867728
35219067388992
35219134742816
35219270862856
35219273031744
35219277103632
35219285508353
35219302518788
35219336855712
35219403441154
35219808715777
35219810287888
35219814031392
35219822610496
35219839254658
35219872711172
35219939807240
35220881424642
35220883767809
35220888223936
35220897144840
35220912899104
35220946489360
35221013661700
35223029153936
35223031055364
35223035217922
35223044100128
35223060373505
35223094034696
35223162061376
35227323895872
35227325974560
35227331199236
35227338671120
35227355841032
35227389140994
35227456045185
35235913925152
35235916943362
35235920348168
35235928490116
35235945316672
35235979331585
35236045955088
35253362131970
35253364211969
35253369446464
35253376911368
35253394079904
35253427372560
35253494288388
35253630664833
35253633680400
35253637089312
35253645234240
35253662064642
35253696069892
35253762687496
35254167929408
35254169538592
35254173828100
35254182150288
35254199910664
35254232434690
35254299795457
35255241412616
35255243311168
35255247470864
35255256351745
35255272620548
35255306297376
35255374315650
35257388695840
35257390858754
35257394937992
35257403351044
35257420350528
35257454694401
35257521276944
35261683621904
35261685956740
35261690417154
35261699326496
35261715089409
35261748675592
35261815849280
35270274582532
35270276161544
35270279889409
35270288474370
35270305124368
35270338576576
35270405669920
35322081706256
35322084721156
35322088128642
35322096279584
35322113098753
35322147115016
35322213730368
35322350027780
35322352369928
35322356834305
35322365741058
35322381500560
35322415088192
35322482266144
35322886950914
35322889111553
35322893189440
35322901595144
35322918601248
35322952949776
35323019526276
35323961149472
35323962761218
35323967046152
35323975368964
35323993133120
35324025651329
35324093006864
35326108140033
35326110224400
35326115447840
35326122918080
35326140088578
35326173382660
35326240301064
35330404122760
35330405696576
35330409433104
35330418020353
35330434670596
35330468118816
35330535211522
35338993279040
35338995171488
35338999336964
35339008213520
35339024484360
35339058152450
35339126178049
35459520594112
35459522757664
35459526838276
35459535245328
35459552256008
35459586588930
35459653173761
35459789004832
35459791077506
35459796307976
35459803775492
35459820947520
35459854238721
35459921150224
35460326097156
35460327997960
35460332159105
35460341047298
35460357309456
35460390981696
35460459005984
35461400625680
35461402202116
35461405934594
35461414518944
35461431165185
35461464623112
35461531721792
35463547585544
35463549190464
35463553490960
35463561807873
35463579566212
35463612088864
35463679447042
35467842160642
35467845181441
35467848581696
35467856724232
35467873554464
35467907563664
35467974181892
35476431982593
35476434323472
35476438778144
35476447691840
35476463452674
35476497047556
35476564213896
35734399488032
35734401058818
35734404792584
35734413378564
35734430024256
35734463488001
35734530572432
35734667133442
35734669037569
35734673196096
35734682075272
35734698344736
35734732015632
35734800048132
35735203880968
35735206887616
35735210299408
35735218438657
35735235266564
35735269278752
35735335895298
35736277516420
35736279598088
35736284825601
35736292298754
35736309473296
35736342757696
35736409670176
35738424985664
35738427334688
35738431783428
35738440696080
35738456461320
35738490044546
35738557219841
35742720459009
35742722064912
35742726357152
35742734688320
35742752441346
35742784966660
35742852319240
35751309935632
35751312097540
35751316185090
35751324583968
35751341588609
35751375929864
35751442518080
36283884732416
36284154266120
36284156612672
36284161066000
36284169977985
36284185739524
36284219328544
36284286509058
36284423733568
36284425306656
36284429041796
36284437635088
36284454274056
36284487733250
36284554823681
36284959590416
36284961677316
36284966896130
36284974367008
36284991541249
36285024829576
36285091742784
36286033371137
36286035525776
36286039609376
36286048010816
36286065018882
36286099358724
36286165942536
36288180916228
36288183928840
36288187334913
36288195478530
36288212304400
36288246325312
36288312934560
36292476011552
36292477911298
36292482080776
36292490954756
36292507222208
36292540891649
36292608921616
36301066207362
36301067813889
36301072107584
36301080432648
36301098197024
36301130711312
36301198066180
37383666141185
37383668047888
37383672201760
37383681081664
37383697354754
37383731019908
37383799047176
37383934840848
37383936444420
37383940735234
37383949059104
37383966818817
37383999348744
37384066695360
37384471199904
37384473543682
37384478001160
37384486916100
37384502681664
37384536260865
37384603435536
37385545057344
37385548071200
37385551486980
37385559623696
37385576448136
37385610461698
37385677082625
37387693465602
37387695030401
37387698769984
37387707351560
37387723999264
37387757454352
37387824546052
37391987442180
37391989608456
37391993684993
37392002089090
37392019095824
37392053438528
37392120029216
37400577343752
37400579424832
37400584650896
37400592130049
37400609293316
37400642588704
37400709498882
39582418604582
39582418897664
39582522146816
39582565410816
39582636703810
39586176794624
39589204983808
39591547109376
39596377252864
39608477810688
41266045861888
41815801601024
42469978800128
43155831390276
43980466329600
43980508692480
43980517539852
43980553196544
43980605620258
43991202537856
43998181863936
44000935411712
44010672488448
44324062494742
44736379358208
45406662688768
46316927320152
46454366486528
48378511623697
48378511671336
48378679398656
49546744037376
52776558133660
52776558142025
52776558680320
52776558919717
52776559485952
52776650407953
52778508484608
52787564544000
52789482881024
52798301732864
53429394735104
54219736350720
55044300867200
55284961640448
55525337202738
57174604808272
57174605242496
57192900198400
61572651156832
61572651159683
61572664016896
61579630477328
61754113523712
70403375497480
70403377070656
70403380805776
70403389399041
70403406038020
70403439497248
70403506587650
70403643147328
70403645047072
70403649216516
70403658090512
70403674357896
70403708027394
70403776057345
70404179890192
70404182902788
70404186308866
70404194452512
70404211278337
70404245299208
70404311908544
70405253531649
70405255618576
70405260837408
70405268308288
70405285482498
70405318770820
70405385683976
70407400997380
70407403343880
70407407797249
70407416709250
70407432470800
70407466059840
70407533240352
70411696472224
70411698078722
70411702372360
70411710697476
70411728461888
70411760976129
70411828331024
70420285956098
70420288110721
70420292194368
70420300595720
70420317603872
70420351943696
70420418527492
70437734715393
70437736318992
70437740609824
70437748933696
70437766693378
70437799223300
70437866569864
70438002688528
70438004854788
70438008931330
70438017335456
70438034342145
70438068684808
70438135275584
70438540550176
70438542114946
70438545854472
70438554436100
70438571083840
70438604538881
70438671630608
70439613251776
70439615595552
70439620052996
70439628967952
70439644733448
70439678312706
70439745487361
70441760983042
70441762889729
70441767043648
70441775923464
70441792196640
70441825861776
70441893889028
70446055719172
70446057800200
70446063026305
70446070505474
70446087668752
70446120964160
70446187874336
70454645752840
70454648766784
70454652182544
70454660319233
70454677143684
70454711157280
70454777778178
70506453731332
70506455900168
70506459972097
70506468376834
70506485387280
70506519724224
70506586309664
70506722136072
70506724214848
70506729439504
70506736911361
70506754081284
70506787381280
70506854285442
70507259232385
70507261133840
70507265296416
70507274178624
70507290451970
70507324113156
70507392139784
70508333761538
70508335333633
70508339077184
70508347656200
70508364300448
70508397756944
70508464852996
70510480728080
70510482325636
70510486622210
70510494941728
70510512703489
70510545224712
70510612578624
70514775294528
70514778312736
70514781717508
70514789859472
70514806685960
70514840700930
70514907324417
70523365114144
70523367457282
70523371913352
70523380834308
70523396588608
70523430178817
70523497351184
70643892879904
70643894784002
70643898942472
70643907821700
70643924091200
70643957762049
70644025794576
70644161577218
70644163183105
70644167475392
70644175806472
70644193559584
70644226084880
70644293437444
70644697942024
70644700291136
70644704739856
70644713652481
70644729417732
70644763000992
70644830176258
70645771804676
70645774811272
70645778223105
70645786362370
70645803190288
70645837202496
70645903819040
70647920201792
70647921772576
70647925506308
70647934092304
70647950737928
70647984201730
70648051286145
70652214182913
70652216344848
70652220432416
70652228831296
70652245835906
70652280177156
70652346765320
70660804083856
70660806165508
70660811393026
70660818866208
70660836040705
70660869325064
70660936237632
70918770655362
70918773670913
70918777079872
70918785224712
70918802055200
70918836060432
70918902678020
70919038984193
70919041319056
70919045779488
70919054688832
70919070451714
70919104037892
70919171211528
70919575896384
70919578059296
70919582138500
70919590551568
70919607550984
70919641894914
70919708477441
70920650097160
70920651706432
70920655995920
70920664318081
70920682078468
70920714602528
70920781963266
70922797089824
70922799169794
70922804404232
70922811869188
70922829037760
70922862330369
70922929246224
70927093073936
70927094652932
70927098380802
70927106965792
70927123615745
70927157067912
70927224161344
70935682224132
70935684122632
70935688282369
70935697163266
70935713432080
70935747108928
70935815127200
71468526379072
71468528451744
71468533682180
71468541149712
71468558321672
71468591612930
71468658524417
71468794906656
71468797927426
71468801327624
71468809470212
71468826300480
71468860309633
71468926927888
71469332169732
71469333774600
71469338075137
71469346392066
71469364150416
71469396673088
71469464031264
71470405648656
71470407549444
71470411710594
71470420598816
71470436860929
71470470533128
71470538557504
71472552935560
71472555099200
71472559179792
71472567586817
71472584597508
71472618930464
71472685515266
71476847857666
71476850198529
71476854653248
71476863566856
71476879327776
71476912922640
71476980088964
71485438820865
71485440397328
71485444129824
71485452714176
71485469360386
71485502818308
71485569916936
72568037983248
72568040325380
72568044789762
72568053696544
72568069456001
72568103043592
72568170221632
72568307449988
72568309023752
72568312760321
72568321347586
72568337997840
72568371446080
72568438538784
72568843305474
72568845389825
72568850613312
72568858083464
72568875254048
72568908548112
72568975466500
72569917083680
72569919244290
72569923322120
72569931727876
72569948734016
72569983082497
72570049659024
72572064628993
72572067643920
72572071051424
72572079202368
72572096021506
72572130037764
72572196653064
72576359735304
72576361627840
72576365793296
72576374669825
72576390940676
72576424608800
72576492634370
72584949925952
72584951537696
72584955822596
72584964145424
72584981909512
72585014427778
72585081783297
74766790692176
74766791000081
74766801174578
74766870577152
74768132870528
74776455741440
74786287910912
74788535025664
75488483606528
75591424423936
76416116850688
77275052244992
79164837200564
79164887535104
79164981909504
79169400612992
79175037796352
79188459716608
79817672327168
80539226734689
80960401965056
81575387594752
81638739705856
83562883792902
83562885284608
83562984374344
83588653519872
83977884925952
87960930893872
87960931336276
87960931434880
87961014120960
87961035636736
87961077023488
87961083314241
87972204517376
87978646962274
87980526011520
87982405058573
87987975094272
88373247082515
89266601345024
89886686183424
90434831389952
92358983026816
92367835103268
92462055957504
95657511616536
96760265441280
99505877811200
105553116269603
105553116279008
105553118101522
105553123704832
105553319691520
105556069056524
105558485581824
105559558723072
105570564571217
105999793143808
106163538493440
107271103184968
107855290040320
107889622515712
108038828589056
109951162786058
109951162926208
109956013490176
110157321207813
114349209681929
114349209845828
114349361348608
115173880758272
117647744174336
123145470083112
123832497274880
124279173677062
140739099901952
140751446999047
140772118659600
140772120743940
140772125967362
140772133437600
140772150608129
140772183902216
140772250820672
140772387193092
140772390208008
140772393615489
140772401766402
140772418585616
140772452601920
140772519217184
140772924459010
140772926070785
140772930355776
140772938678536
140772956442656
140772988960912
140773056316420
140773997944864
140773999837314
140774004002824
140774012879364
140774029150272
140774062818305
140774130843920
140776145227777
140776147388432
140776151466272
140776159872064
140776176878082
140776211226628
140776277803144
140780440142856
140780442485056
140780446949392
140780455856129
140780471615620
140780505203232
140780572381186
140789031108800
140789032682528
140789036419076
140789045006352
140789061656584
140789095104770
140789162197505
140806478383136
140806480732162
140806485180936
140806494093572
140806509858880
140806543442049
140806610617360
140806747852802
140806749423617
140806753157440
140806761743368
140806778389024
140806811852816
140806878937220
140807283703944
140807285785664
140807291013136
140807298486273
140807315660804
140807348945184
140807415857666
140808357479428
140808359641352
140808363728897
140808372127746
140808389132432
140808423473728
140808490061856
140810505035840
140810508042400
140810511454212
140810519593488
140810536421384
140810570433538
140810637050113
140814800126465
140814802030608
140814806189088
140814815068352
140814831337730
140814865008644
140814933041160
140823390322960
140823391928836
140823396221058
140823404552224
140823422305281
140823454830600
140823522183232
140875198898177
140875200462992
140875204202528
140875212784192
140875229431810
140875262886916
140875329978632
140875466541072
140875468447748
140875472601602
140875481481504
140875497754625
140875531419784
140875599447104
140876003279904
140876006293762
140876009709576
140876017846276
140876034670784
140876068684289
140876135305232
140877076922688
140877079003680
140877084229764
140877091708944
140877108872200
140877142167554
140877209077761
140879224389762
140879226733569
140879231191104
140879240105992
140879255871520
140879289450768
140879356625412
140883519868932
140883521472520
140883525763329
140883534087170
140883551846928
140883584376896
140883651723424
140892109341192
140892111507520
140892115584016
140892123988097
140892140994820
140892175337504
140892241928194
141012636930056
141012639942720
141012643348752
141012651492353
141012668318212
141012702339104
141012768948354
141012905247296
141012907593760
141012912047108
141012920959120
141012936720648
141012970309634
141013037490177
141013442174992
141013444329604
141013448413186
141013456814624
141013473822721
141013508162568
141013574746432
141014516367489
141014517974032
141014522267680
141014530592832
141014548357122
141014580871428
141014648226312
141016663361540
141016665448456
141016670667265
141016678138114
141016695312400
141016728600768
141016795513888
141020959342880
141020960915970
141020964651144
141020973244420
141020989883456
141021023342593
141021090433040
141029548491778
141029550391553
141029554561088
141029563435016
141029579702432
141029613371920
141029681401860
141287515227200
141287516832032
141287521132548
141287529449488
141287547207816
141287579730434
141287647088641
141287783202976
141287785366530
141287789447176
141287797854212
141287814864960
141287849197825
141287915782672
141288321057284
141288322633736
141288326366209
141288334950530
141288351596816
141288385054784
141288452153376
141289393770512
141289396111364
141289400566018
141289409479712
141289425240577
141289458835464
141289526001856
141291541496072
141291543396928
141291547558032
141291556446209
141291572708356
141291606380576
141291674404866
141295836241922
141295838314625
141295843545152
141295851012616
141295868184608
141295901475856
141295968387332
141304426268673
141304429289488
141304432689696
141304440832320
141304457662466
141304491671684
141304558289928
141837270777988
141837272679432
141837276841985
141837285724162
141837301997584
141837335658816
141837403685408
141837539483656
141837541081280
141837545377808
141837553697281
141837571459076
141837603980320
141837671334146
141838075838721
141838078181904
141838082637984
141838091558976
141838107313154
141838140903428
141838208075784
141839149695490
141839152713729
141839156118592
141839164260488
141839181087008
141839215101968
141839281725444
141841298097168
141841299669252
141841303412738
141841311991840
141841328636033
141841362092552
141841429188672
141845592082496
141845594251296
141845598323204
141845606727952
141845623738376
141845658075266
141845724660737
141854181986336
141854184065026
141854189289736
141854196761604
141854213931584
141854247231489
141854314135696
142936782209282
142936784372225
142936788451520
142936796864520
142936813863968
142936848207888
142936914790404
142937050612737
142937052692752
142937057927200
142937065392192
142937082560642
142937115853316
142937182769160
142937587716160
142937589614624
142937593774340
142937602655248
142937618924040
142937652600834
142937720619137
142938662242312
142938663821376
142938667549200
142938676134145
142938692784132
142938726236320
142938793329666
142940809200160
142940810809346
142940815098888
142940823421060
142940841181504
142940873705473
142940941066256
142945103773840
142945106789380
142945110198274
142945118343200
142945135173633
142945169178888
142945235796544
142953693601796
142953695936648
142953700397057
142953709306370
142953725069328
142953758655552
142953825829152
145135534867256
145135534872769
145135534958848
145135535439938
145135536193572
145135559507968
145135685874688
145141977318784
145144661675520
145158221856768
145163452547072
145376094978048
146007413227520
146269406232587
146509925646336
147679766118400
148434279464960
149533581379878
149533581385869
149533581947136
149533650583571
149533728179328
149536535281664
149542439747696
149559456038912
150220803407872
150358215100160
150673358323712
151846421266432
153936241623040
154550103834624
155168578474496
158329674405028
158329674629154
158329674711680
158329675464729
158329689079904
158329758289152
158329814188032
158329911378048
158332090323712
158339625385984
158351149245952
158535832830022
161113618513920
161765648629760
163157486075904
167125918416916
167144021033025
168775035944960
175921862034944
175921885618944
175921910775905
175921929656832
175921937383424
175923471062272
175924689502208
175928303075328
175943872151620
176141172211712
176231098089516
176815213936640
177090246737920
177571127885845
178533200569344
180319907283016
180319944704640
180320712261650
184718154891264
185302069018690
193519415199872
193523173376000
193533373841418
211106232534597
211106232539162
211106232996096
211106233846912
211106438053936
211107960586240
211109455364096
211111333101568
211112721121280
211123758432256
211862146785536
212618067312640
212789859718144
214129889509382
214404767531008
215504279207948
215521995792512
216674926067712
217840741253216
219902326145064
219902361485312
220074125426688
220245922943104
228698444529664
229007656225280
237507396501760
246290605287424
255088039821824
268280838230016
