100804737
201609473
273713232
403218946
547426464
806437892
1094852928
1612875784
2189705856
2818573841
3225751568
3256352773
4297857536
4379411712
5637147681
6451503136
6512705546
8595715072
8758823424
11274295362
12903006272
13025411092
17191430144
17517646848
22548590724
25806012544
26050822184
34382860288
35035293696
45097181448
51612025088
52101644368
68765720576
68853956686
70070587392
84020363392
90194362896
103224050176
104203288736
137441052035
137531441152
137707913372
140141174784
168040726784
180388725792
189414785024
206448100352
208406577472
274882104070
275062882304
275165224996
275415826744
280282349568
283535491090
294213685504
313536939016
336081453568
360777451584
378829570048
412896200704
416813154944
549764208140
549919916160
550125764608
550330449992
550829876224
550831653488
560564699136
567070982180
588427371008
627073878032
672162907136
721554903168
757659140096
825792401408
833626309888
1099528416280
1099839832320
1100251529216
1100660899984
1101659752448
1101663306976
1104377053218
1121129398272
1134141964360
1176854742016
1186491006977
1245548913216
1254147756064
1344325814272
1443109806336
1515318280192
1649267638548
1651584802816
1667252619776
2199056832560
2199679664640
2200503058432
2201321799968
2203319504896
2203326613952
2208754106436
2216740593672
2242258796544
2267819279392
2268283928720
2353709484032
2372982013953
2491097826432
2508295512128
2688651628544
2886219612672
3030636560384
3298535277096
3303169605632
3334505239552
4398050787873
4398113665120
4399359329280
4401006116864
4402643599936
4406639009792
4406653227904
4417508212872
4433481187344
4484517593088
4535638558784
4536567857440
4707418968064
4745964027906
4982195652864
5016591024256
5377303257088
5534149509120
5772439225344
6061273120768
6597070554192
6606339211264
6669010479104
7147094020099
8796101575746
8796227330240
8798718658560
8802012233728
8805287199872
8805891051552
8813278019584
8813306455808
8835016425744
8865366165760
8866962374688
8969035186176
9071277117568
9073135714880
9208411258881
9367390781505
9414837936128
9491928055812
9964391305728
10033182048512
10754606514176
11029476049540
11068299018240
11544878450688
12122546241536
13194141108384
13194183573528
13212678422528
13338020958208
14294188040197
17592203151492
17592454660480
17597437317120
17604024467456
17609383870978
17610574399744
17611782103104
17626556039168
17626612911616
17670032851488
17695265271825
17730732331520
17733924749376
17938070372352
18142554235136
18146271429760
18281528297512
18416822517761
18734781563010
18829675872256
18983856111624
19799837245696
19928782611456
20066364097024
21509213028352
22058952099080
22136598036480
22266721075392
23089756901376
24245092483072
26388282216768
26388367147056
26425356845056
26676041916416
28588376080394
35184406302984
35184909320960
35192978833419
35194874634240
35208048934912
35218767741956
35219814025218
35221148799488
35223564206208
35253112078336
35253225823232
35322419220484
35340065702976
35390530543650
35461464663040
35467849498752
35876140744704
36285108470272
36292542859520
36563056595024
36833645035522
37385545072704
37469563126020
37659351744512
37967712223248
39586848841984
39599674491392
39857565222912
40132728194048
43018426056704
44117904198160
44273196072960
44533442150784
46179513802752
48490184966144
52776564433536
52776734294112
52850713690112
53352083832832
57176752160788
62672431744000
70368812605968
70369558265857
70369818641920
70385957666835
70389749268480
70403104440673
70416097869824
70437535483912
70439628050436
70442297598976
70447128412416
70506224156672
70506451646464
70644838440968
70680131405952
70781061087300
70922929326080
70935698997504
71468256874632
71752281489408
72570216940544
72585085719040
72710591873040
73126113190048
73667290071044
74771090145408
74792560495620
74939126252040
75318703489024
75935424446496
79173697683968
79199348982784
79715130445824
80265456388096
86036852113408
87961133744128
88235808396320
88546392145920
89066884301568
92359027605504
96980369932288
105553128867072
105553468588224
105701427380224
106446503019008
106704167665664
114353504321576
125344863488000
140737538757696
140737625211936
140738897642248
140739116531714
140739637283840
140771915333670
140779498536960
140806208881345
140832195739648
140875070967824
140879256100872
140884595197952
140894256824832
141012448313344
141012903292928
141289676881936
141330733858816
141360262811904
141562122174600
141845858652160
141871397995008
142936513749264
143504562978816
144311035365377
145140433881088
145170171438080
145341693984768
145421183746080
146252226380096
147334580142088
149542180290816
149585120991240
149878252504080
150637406978048
151870848892992
158333977772037
158347395367936
158398697965568
159430260891648
160530912776192
172073704226816
175922267488256
175939040575664
176471616792640
177092784291840
178133768603136
184718055211008
193960739864576
211106257734144
211106937176448
211402854760448
212893006038016
213408335331328
219904477241346
228707008643152
250689726976000
