5405
8883
243200
1146926
1366144
1507409
15417344
56627840
94381312
113246249
118325248
144703574
6947864576
9932111947
13690213504
16106242048
20401107328
22817013812
24188551168
27382251520
268703891456
927712940800
962072674405
1546188235904
1683628916736
1855426215936
2680059592730
2920621801472
3436196134912
4129074184192
4432676798593
4432960160288
4433514071104
4434621892610
4436835471364
4441000452104
4449594638608
4467051733008
4467307086082
4467974078624
4468947095553
4471064101384
4475364329536
4484013229060
4535788503328
4536157079560
4536567661060
4537637404864
4539847680001
4544077530128
4552682131458
4673259995712
4673494867972
4674003406864
4675088811016
4677228298370
4681648832769
4690106452000
4948205044738
4948341428288
4948943192328
4949958238240
4952131110928
4956410085508
4964986913281
5497830901764
5498104448001
5498634248194
5499839857168
5501869949248
5506215710752
5514771595400
6597346856968
6597673812112
6598160320513
6599219872004
6601368945696
6605693387266
6614384910400
8830754791426
8831123865920
8831535939720
8832604573728
8834815361552
8839045056516
8847649473537
8865216202753
8865351992352
8865953423424
8866968633858
8869141152004
8873419247624
8881996578960
8933808931904
8934137008132
8934622757136
8935681581064
8937831204866
8942155989121
8950846095904
9071244083464
9071516223504
9072046899713
9073252696196
9075283730464
9079627990018
9088184619072
9346184642720
9346419327496
9346926806020
9348013623360
9350152212481
9354573127696
9363031851266
9895875252240
9896158429314
9896711964704
9897819275521
9900034098184
9904199828032
9912793440260
10995401507332
10995657613313
10996324765698
10997298365456
10999413375168
11003714666784
11012363388936
17626881392900
17627116341249
17627623735810
17628710076560
17630849409088
17635270984736
17643728277512
17661207528456
17661576876048
17661988176129
17663058255876
17665267632160
17669497618562
17678102299200
17729897664513
17730170273952
17730701887552
17731906830594
17733937267716
17738282304008
17746838495248
17867349428226
17867605083200
17868271951880
17869245514272
17871361032464
17875662409732
17884311978113
18142219731472
18142546370562
18143032447008
18144091702273
18146241151112
18150565380416
18159255963652
18692100849856
18692236673540
18692838654992
18693853612040
18696027246594
18700304408577
18708881998112
19791479971872
19791763996936
19792316858500
19793423913024
19795638551041
19799803955216
19808397591554
35219134611976
35219271852048
35219872944129
35220887716868
35223060414624
35227339063554
35235915925568
35253362360640
35253645281284
35254198895120
35255306682504
35257520775170
35261685826561
35270280876064
35322146605072
35322381730818
35322889510944
35323976352257
35326114431240
35330535264320
35338993139844
35459526893569
35459854106912
35460340531392
35461399613442
35463549420036
35467874535432
35476564608016
35734430420996
35734799024257
35735210166274
35736279646480
35738491028544
35742719951392
35751324819464
36284168963104
36284424802312
36285092724996
36286064894016
36288181307393
36292482302096
36301130760706
37383669022850
37383941128768
37384471249928
37385677309984
37387707224080
37392052428804
37400608784641
65970697673216
70403376808976
70403649245186
70404179788064
70405386149889
70407415678984
70411761090752
70420318388740
70437740511364
70438067651073
70438555223042
70439613368336
70441763344448
70446087413792
70454777807112
70506454188546
70506736820288
70507290562568
70508397790240
70510613364880
70514777276676
70523371653121
70644024758304
70644161314952
70644763461636
70645779005760
70647950640129
70652228862480
70660806287362
70918785335553
70919042107424
70919708213824
70920681046146
70922797129732
70927098840072
70935747006480
71468592406536
71468826755344
71469333807233
71470420332548
71472559292960
71476979992578
71485437789248
72568069490752
72568438653956
72568849588240
72569919144456
72572129771778
72576360517633
72584964604064
96757023244408
109955189309440
140772125444128
140772452107272
140772938752004
140773997740608
140776148304129
140780471603216
140789162442882
140806543511554
140806779306176
140807286032392
140808372109600
140810511254544
140814932509188
140823389839361
140875212587144
140875468505616
140876135285761
140877108381700
140879224639520
140883526688770
140892174811456
141012637844484
141012920438785
141013473624322
141014581125136
141016795580480
141020960424096
141029554536968
141287516823616
141287789691140
141288320532624
141289526923272
141291555947010
141295901280257
141304457724960
141837302235649
141837671145504
141838082150464
141839152186370
141841362075780
141845592146184
141854197680144
142936914297104
142937050597378
142937653510688
142938667614337
142940840665096
142945118585920
142953695744004
166129335009280
211106232536960
224300372492288
263882790666247
281509622714432
281509878038660
281510544476176
281511517749512
281513633645570
281517934805505
281526583451680
281543968883232
281544241586184
281544772046852
281545977922624
281548008194177
281552354279696
281560910137346
281612818587652
281612954697985
281613556547714
281614572064784
281616744202816
281621022509088
281629600777224
281750156738704
281750526755330
281750937011232
281752006313985
281754216763400
281758447181888
281767051297028
282025003091976
282025286190096
282025840877569
282026947248644
282029162234144
282033326919682
282041920848064
282574765179138
282575092582464
282575579382280
282576638967968
282578787541008
282583111894020
282591802560513
283674336035841
283674570428448
283675078033728
283676164300802
283678304372740
283682724135048
283691182195216
334251727781888
373833954574336
398332446900224
448600817532928
461824948436992
