79434
206964
285076
303779
426330
4067334
7178256
8967488
9494550
13122176
18352354
22135552
26513448
29361701
100876295
100977216
195186688
201412664
392167464
402656070
475414528
588853248
713555982
739772032
844103699
864027328
872444672
1140852145
1187160064
1241874816
1275342853
1393036544
1625295936
1644302377
2013407360
15032387331
15041908736
19931335104
21474839657
21475234496
23631536128
28334620672
31225544704
36530495488
38654889996
39392903203
40819490841
45097431088
47412413632
52479463424
53692859456
53921996800
55840866356
60129656865
60132164480
70867062803
74423731776
75162074112
75189190662
80732160000
83215048704
87241523239
88046831132
88068083712
90207947008
94489681929
95193923632
103079215565
103079568512
104253620250
104845541376
105797550080
107679842304
412316863257
412338880526
440234315776
688443621376
824645256960
962072752512
962696052736
1052669640704
1237320015872
1331439863104
1435894808576
1511830216704
1649267445298
1649287364629
1769526571008
1833963618304
1924145578560
1924150067241
2336465879096
2449003773952
2474337415168
2521146261504
2611541445696
2748800733184
2886218023123
2905571590144
3023657271348
3103113873664
3298534989837
3298535312512
3298542223808
3435974037538
3512243060736
3575090593792
3594887626778
3986400740096
4535485638400
4535485874225
4537374474240
4617089843242
4672943611904
4688594337792
4784619782144
4947817005082
4948540628992
5085245999424
5085543268365
5223015778944
5587752665088
5602784840256
5636205105152
5772441620480
5909885485092
6048958121088
6075231240198
6597081530368
6790343297152
6873054970688
6957853835264
7146825669632
7184809197568
7696607084547
7696816275476
8935754990596
8935830521864
8936217641120
8936755306753
8937910833410
8938103785504
8938368073796
8938901766672
8942156523522
8942189559952
8943204171848
8950783281153
8950846619936
8950981334024
8967929495688
8968160739841
8968430688272
9002301915680
9002389873680
9002522017858
9003325982724
9073253683472
9073403888642
9073655841288
9074196480132
9075316262916
9075334062209
9075404571168
9075536494856
9076340179010
9079595073793
9079636427266
9080098800644
9088293421192
9088419768336
9088689897568
9089241321985
9105467016193
9105607495748
9105871741186
9106405525536
9139725271112
9139758044192
9140244119696
9348046667905
9348064608322
9348266856992
9349070652432
9350179463248
9350215123976
9350278551553
9350689095810
9354522920992
9354575102210
9354715603969
9354979967504
9363063046658
9363179832324
9363566690561
9364104579080
9380277846148
9380343849480
9380493820176
9381286772801
9414606065924
9414710984800
9414837403784
9897836028432
9897888710724
9898293203969
9899941564936
9900034950146
9900184961089
9900437274896
9904232349792
9904337225744
9904733560968
9905285169412
9912819253392
9912852217928
9913057182212
9913338185730
9913866912800
9929998476292
9930039902465
9930115387552
9931040358914
9964359845889
9964395692162
9964593619232
10997298430468
10997536399432
10998345897986
10999553859844
10999950230017
11000502026376
11003756549136
11003774402824
11003844690049
11003976878084
11004780487200
11012338122817
11012365362178
11012833546372
11013374099728
11029511930144
11029610889296
11029745516674
11030021342216
11063919657028
11064112841232
11064376854560
11064910676993
13196322800648
13196358385952
13196421767298
13196556535809
13196832292944
13198502265348
13198707134608
13198988157984
13202771673220
13202798678081
13203014697480
13203807437826
13211455783440
13211596357890
13212394201156
13228549668930
13228567692304
13228637702148
13229573542152
13262934517768
13263010267393
13263396934146
13263934865568
17593595957248
17732041450528
17732311581188
17732863004816
17733954177040
17733995528328
17734070968833
17734996066400
17738250588424
17738286268960
17738349740098
17738484547713
17738760455184
17746855232514
17746873032976
17746943541380
17747879150088
17764257382480
17764538450208
17765066901505
17798386425924
17798413698049
17798479747104
17799422542082
17869295354113
17869347815584
17869488392200
17870286234114
17871401124098
17871428129296
17871494316100
17871896380417
17875691643024
17875923108356
17876192888834
17876744537120
17884278441985
17884311584898
17884516454688
17885326016592
17901457801312
17901574948880
17901961613448
17902499545348
17935854798852
17935918178568
17936052945936
17936328704544
18144131318288
18144224871425
18144374620228
18144626741506
18145167296544
18146375303440
18146507490306
18147311100036
18150607421700
18150682820744
18151069720672
18151607697921
18159159607368
18159264344066
18159660712080
18176385499650
18176578683040
18176842695684
18210696003714
18210729230416
18211215116289
18211743470600
18693879496840
18693920657504
18694383142928
18696076788740
18696128972808
18696533835936
18697067434241
18700355250177
18700560303112
18701369753730
18708913201696
18709012288528
18709147287618
18709422833928
18726095165442
18726200082948
18727147937864
18760467497232
18760485437960
18760555593793
18760687685764
19793392451650
19793428218896
19793491560452
19793902051457
19795538879496
19795571917088
19795777161217
19796057948240
19799841245216
19799934517776
19800084455682
19800877174852
19808473061384
19808525615361
19808666010628
19808930300418
19809463992480
19825619501188
19825637261377
19825839604232
19826643567618
19859962860033
19860466958596
19861004625936
21992448213124
21992518455816
21992650834192
21993454436417
21994563207297
21994598834242
21994797072928
21995072788484
21998958814212
21999363571969
21999897544712
22007446569220
22007488184833
22007563436128
22024661633056
22024727593218
22024877511681
22025129697808
22058990044192
22059094769808
22059221010434
22059491065928
22060042584580
26388279069831
35324000600194
35324027797584
35324495939585
35325036725256
35326156357704
35326174299168
35326244456450
35330552103184
35330938962440
35331476848772
35339028664848
35339133584385
35339260002372
35339530141954
35340081440800
35356254929025
35356307112480
35356447613192
35357245575234
35390565155073
35390598160898
35390803214496
35391084172292
35461433393665
35461666979936
35461942804740
35463612860424
35463817602052
35464098742786
35464627097760
35467881907208
35467909144864
35467975458946
35468125210625
35468377329744
35476513768464
35476566185988
35476970963073
35477504786696
35493677924868
35493748211784
35493880397968
35528003567748
35528045101121
35529045378050
35736309995528
35736343052448
35736548147457
35738691846672
35738961905696
35739513422849
35742768177668
35742856254496
35742988632136
35743792236546
35751349731616
35751443071056
35751592988802
35751845176328
35768558954512
35768622645508
35769032905217
35802931331336
35802983702657
35803124238340
35803388461122
35803922432544
36286081598496
36286169628816
36286301743106
36287105470980
36288214466820
36288250053121
36288313434208
36288448200840
36292557570114
36292750606880
36293014980612
36293548450832
36301139091588
36301214843400
36302139441217
36318285660240
36318312666120
36318378854401
36318780915842
36319321424160
36352745804034
36352872416257
36353142194704
37385576915216
37385618342408
37385693827137
37386080781314
37387826889744
37387967201346
37388231381256
37388765120516
37392052978692
37392538943648
37393067671809
37400610930824
37400646778976
37400844706305
37401120606224
37417792848897
37418024048672
37418294059076
37418845667856
37452165416962
37452182982800
37452253364740
37453189120072
39584603865156
39584708954144
39585656619266
39586747651074
39586789097744
39586864627844
39587251748929
39587789414920
39591044204560
39591079968904
39591143309825
39591278022916
39599666694146
39599869035552
39600672997520
39616812949664
39617051230722
39617332021256
39617860600836
39651273360392
39651423297616
39651675603232
39652216018945
43980465397804
43980472496128
52858162511893
53601192267776
61572670554122
61573120918784
61628485869568
70508381208836
70508398776833
70508469157984
70508601163912
70510513816066
70510612857860
70511023489281
70514856961032
70514909644801
70515314135170
70515847872800
70523397087361
70523438514242
70523900954628
70524438971408
70540584817696
70540678201488
70540828215298
70541080526920
70541620814340
70575045247496
70575171571984
70575993192513
70645837209668
70646042264080
70646323222560
70646851716097
70647954804801
70648456282244
70649007579408
70652280309776
70652350464260
70653286350984
70660844028420
70660937229344
70661087199304
70661880154114
70678017484808
70678053142688
70678116569602
70678251569409
70712477892688
70712618393730
70712882758664
70920685233154
70920790085764
70921186476097
70921738125832
70922829070600
70922870465056
70922946216002
70923332883472
70927125708960
70927359443458
70927635204104
70935730259984
70935748280456
70935818289665
70935950401796
70936754131040
70952894349380
70952927495169
70953941926146
70987288680450
70987504698400
70987756929540
70988297437328
71470474627080
71470538096897
71470672905220
71470948811266
71472585639968
71472823419138
71473632936004
71476914962948
71476981010504
71477131214992
71477383169056
71485519692064
71485572022402
71485712504833
71485976748112
71502665908737
71502886142048
71503689828368
71537009492034
71537050846224
71537126287364
71537513218177
71538051383560
72569998868610
72570191773984
72570989969488
72572104360080
72572131737672
72572347617796
72572599805954
72573140403232
72576395379208
72576500106242
72576626344001
72576896401680
72584981909762
72585014968848
72585501213697
72602202933252
72602278183176
72602665222688
72603203014785
72636522595332
72636558221569
72636621914272
72636756461576
74768972268064
74769089201168
74769476100360
74770014078980
74771169560577
74771221975328
74771362743304
74772160577666
74775415292929
74775448518914
74775653263392
74775934402628
74776462758416
74784041866244
74784105433096
74784515883168
74801188307216
74801293041729
74801419419780
74801689412610
74835560501384
74835578355808
74835780829697
79166123278336
79246441581184
96757694644224
102392020336658
105553116728064
105554592661529
107064944756352
112287625261056
114349235506176
117692841328640
119572057292800
123145308078116
123145312886784
123232879378432
140737581498368
140877211112450
140877351878721
140877615890704
140879291492356
140879357804808
140879507555344
140879759675936
140880300228737
140883555124228
140883659858080
140883786237960
140884608025090
140892141846624
140892660957320
140893189312772
140909321142530
140909362676240
140909438074948
140909824975873
140943682699408
140943718092872
140943916286468
140944192112642
141014564208720
141014581969928
141014652168193
141015588274464
141016696898592
141016796004496
141016930719746
141017206497352
141021040087172
141021092643336
141021233037584
141022031020097
141029621663776
141029697192194
141030084313616
141046768009345
141046795468866
141047011222048
141047263528964
141047803941904
141081123521026
141081228608516
141081624711425
141082176276488
141289463218692
141289526411336
141289661145232
141289937044512
141291573871105
141291811799136
141292092801284
141292621531152
141295876051010
141295903343632
141295969437700
141296371761281
141296912048392
141304507932737
141304700928520
141305498846210
141321654502408
141321672069408
141321742450818
141321874458625
141355997734944
141356114645520
141357039616068
141839189428228
141839216803969
141839282766368
141839432683784
141840225468482
141841345290370
141841363124304
141842369348616
141845624062480
141845740930049
141846127968514
141846665762848
141854217863425
141854448828576
141854718886916
141871496044816
141871636579330
141871900803592
141872434774148
141905787126020
141905992222736
141906273370208
141906801598977
142938696847520
142938928185858
142939198326792
142939749622788
142940840919108
142940882080769
142940957706272
142941882450178
142945172867074
142945371292704
142945646838276
142953829925896
142953962016848
142954765813761
142970905987088
142970938990728
142971144044804
142971953496160
143005273161992
143005300359712
143005366362178
143005516333185
143005768500240
145137749989392
145138236064257
145138764513416
145139867650056
145139972456962
145140098801921
145144175165728
145144263475280
145144395399298
145152756687888
145152783958280
145152850006145
145153000212484
145153252163650
145153792803360
145169930260996
145170029413408
145170164219976
145204338361346
145204795416708
145205329199376
152419799457792
155306017426688
167125767422817
167127378034716
167203076911104
168775044825088
175921860600256
175922699419648
184719127872128
193515418025984
193556996165120
201210627883048
211106235426304
211107191980032
219902325784616
219902347051392
220022584639505
228698418616512
228739556311040
231310329118720
246290604623118
246320669671424
281614597768208
281614630912264
281614835783684
281615116804162
281615645344288
281616748388640
281616853241936
281616979853442
281617249633288
281621074018372
281621276140048
281622079869953
281629637740552
281629664743584
281629730931202
281629880762625
281646811185217
281646846772226
281647320678532
281681219061776
281681271521540
281681676468737
281682209939592
281752036247554
281752077861008
281752153113092
281753077944392
281754233536608
281754426442241
281754690668560
281758479159840
281758717313090
281758998462728
281759526692868
281767070171408
281767105798664
281767169491009
281767304036484
281767579751426
281784357093664
281784483333128
281785304907906
281818624435201
281818642268418
281818844891168
281819648492048
282027016456208
282027421139080
282027954831620
282029069501444
282029096960257
282029162774688
282029312714760
282030105432578
282033360242689
282033591484704
282034412994640
282041980045316
282042185286672
282042466075168
282042994655361
282059126345872
282059167793224
282059630446594
282060168111136
282093487669768
282093586777090
282093721489473
282093997269264
282576778437640
282576904814672
282577174806816
282577726605313
282578858936322
282579321233924
282579859210384
282583114187778
282583149580560
282583213146244
282583623598145
282591718543428
282591736398849
282591806687264
282592742482178
282608882745608
282608915972640
282609120714881
282609401857040
282643249791136
282643493093890
282643745216520
282644285768708
283676215617568
283676286124290
283676418049025
283678366269572
283678429741576
283678564548880
283682673918465
283682726248544
283682866729096
283691214046240
283691330838672
283691717771336
283692255937028
283708401656322
283708494976004
283708897132801
283709437773832
283742757257296
283742862067713
283743258542210
283743809966368
285875212652801
285875239944706
285875456049312
285875708363780
285877368783376
285877456733185
285877588738116
285878392490016
285881647243336
285881688671264
285881764157442
285882151108752
285890240856194
285890742069249
285891293676552
285907466854660
285907519537288
285907659851792
285907924029536
285908457767425
285941777434628
285941810397313
285942015361288
285942825091138
290272445747200
290296436883456
296318384087040
299067163028800
299067174289443
304840538324992
307863255991808
307863881777152
308861835673600
316660221214772
316713035890730
325455454928913
325541341528064
328204220893760
334251534844818
360639813911768
362976276119589
369435907264524
369437148449280
369487472230400
376595617415168
387028294471680
387103254905152
392525674184704
422212465068716
431008893632523
433482486513664
439804651282449
439894845424768
457407592923136
462207200722944
492581209272354
492581222875712
494369056489472
