1137
1442
2063
37696
43392
50440
131273
133296
279046
294979
529417
540868
557201
590116
1065098
1212936
1315968
2098246
2118272
2197512
2361536
2687504
3277856
4195201
4196450
4208644
4657152
5906432
6299936
8397330
8450048
8458257
8552580
10748944
11026433
13631632
16777498
17073156
17851392
17892096
19009544
23070736
25231394
25691392
33556769
33562952
34349057
34607107
35688464
37879848
38277184
48235008
50331717
50397328
67125289
67248140
68162052
68428032
69208577
71323650
76021856
79699969
100663944
100761601
101188612
101730304
134252564
134291461
134316672
134480456
135005186
136315011
136319012
138544640
138674193
146800898
151005186
151015680
151552064
154402816
167796768
168165380
177733632
201326674
206602240
268435920
268440594
268452369
268550146
268633089
269490240
270544897
272639040
278134792
285475073
286785538
301990496
306249984
320865280
335546112
336199808
377487362
423624736
537018371
537694208
537952289
539494432
540033028
541083904
545277056
545980416
553652752
554043392
554180616
570560768
570753056
571474952
574627842
603980037
604061712
608174240
612403200
672145536
805309444
805372040
939655232
1073746004
1073776144
1073815562
1073955072
1074300930
1074790438
1075846144
1076953089
1077969156
1082134688
1091698704
1098908168
1107460160
1111492736
1115751424
1140918276
1142972416
1157627907
1208233984
1275069472
1346633730
1375731724
1610614080
2147490056
2147495970
2147746116
2147811337
2154299394
2156396568
2158002432
2160328736
2164457476
2166366272
2168492032
2214723872
2215395328
2217738248
2239758464
2248155152
2281704576
2282295296
2282750465
2416189568
2417115136
2487222276
2684364801
2684388354
2688614912
3221226114
3221274656
3222798400
4294986272
4295393296
4297072776
4297719812
4299243521
4300214304
4303358017
4311810120
4328530436
4328593408
4328800384
4336910384
4345331968
4362272770
4362641408
4378853412
4580182144
4731174913
4832100616
4841275904
4968185856
5368841224
5370807040
5377114116
5390204928
5905584129
6442483724
6444548129
6580863040
7784628240
8589935148
8589973536
8590020612
8590139520
8590329088
8592073728
8594415616
8595177481
8596226180
8623490561
8623491096
8657174545
8657338376
8676442112
8724156560
8726251776
8858503170
8858894600
8859427328
9001009152
9168748548
9328132608
9672851456
9680455744
9699328032
9932128384
10200547346
10737682944
10741613584
10770972864
10871635974
11008016384
12885426306
12885953536
13426098176
17179893825
17180135448
17180164640
17180919360
17180919937
17182163008
17182245120
17183543296
17184112656
17188263938
17188659200
17190354984
17197170721
17198776448
17201889284
17213948162
17238605824
17247126016
17251172616
17347675136
17448337417
17448634368
17716740172
17716760608
17859346448
18253873157
18388353152
19075694592
19328466960
19335741956
19394494528
19596313600
21483225472
21544043520
21743280130
22548578400
24192745472
25786581506
25804537856
30064771092
34359805444
34359805970
34359876096
34360017952
34360262698
34361835788
34364080192
34366030849
34368684544
34369177632
34376566784
34394341508
34395463680
34493965568
34494021728
34494087192
34611396608
34628206880
34628960272
34645020672
34762392066
34896650256
34897920064
34909192200
34963850240
35031367680
35433480769
35702965248
36507222289
36507247104
36507748356
38654710848
38655770880
38722076673
39208353794
42958061648
42983243778
44027674624
45164269568
51606716464
51678021632
51808059396
53687091336
55835164672
68719479428
68719485122
68719496194
68719501336
68719542787
68719739664
68720526356
68720631808
68720918529
68728930368
68736254304
68736386176
68736782340
68755652616
68786595872
68786634880
68788944898
68853727272
68853893120
68887253504
68996305152
69256617988
69258575888
69261066241
69793546368
69793752064
69931646976
70128762944
70867484832
70883753985
70934135808
71135396360
73015232512
73119301632
73286025216
77309415434
77310460288
77311509056
77577846817
77863092224
85903548928
86201335824
86437265410
86973090048
94497734656
103087603717
103096254472
103347789824
105231941632
107508400256
137438970885
137439019036
137439023488
137439045632
137439093762
137439282240
137439479424
137440018480
137444261890
137448525824
137449447428
137455747648
137460056320
137472509200
137473851392
137489811456
137507110977
137510519296
137573318784
137573703696
137575269384
137581562368
137707389062
137774530576
137984213280
138246357504
138512704032
138525278272
139586570304
140693737472
141734052353
141736018000
141750710272
142941880322
146030460932
146037293064
146095997186
146179948544
146565767232
148176404481
150324117536
154623018016
155155857408
156783345664
158913792008
171799216448
171815469216
171832246281
172335566852
172872697856
197570592768
206158438657
206158561316
206158712832
206427455488
206728855680
208314302466
274877948000
274878038788
274878435376
274878514176
274878956192
274879219716
274880004117
274880145408
274882106624
274890555396
274894688385
274894815298
274911463938
274913558912
274919981057
274945018896
274945183744
275012143168
275013173520
275016319112
275079757825
275448381440
275565772804
276488782336
277025391184
277034828800
277293860864
279173140482
279177076752
279191764992
279441834496
280281219072
281320423552
283468955712
283478331392
283602190368
283753054224
284541591553
292057842184
292141670400
293133615106
309237679232
309258617344
309508177984
310311403528
311385522176
318364451072
326451073024
343597416466
343601840192
343622551552
344134255648
347892350985
412319514624
412719517696
412853731338
413407380480
414468554752
416687325184
420906797184
549755818529
549755881792
549755949186
549756355328
549757927496
549764336640
549772599936
549780983872
549791467524
549831573508
549890195457
549898502144
549906809872
549957140864
550024257556
550025330816
550057824256
550161088512
550360317954
550426906632
550569508865
550829556868
550830211104
550831947776
550837944592
550964824064
551905526272
551936917506
552441217280
552981241856
554050781443
554051044864
554051895300
554587654160
558346285056
558349975554
558362673152
558412922912
566935684106
566936240132
566969237664
567478845440
568009494528
569083185152
575794053184
584115568784
584120008960
584126038018
584451096584
601296478208
618475814992
618477389056
618479550472
618517241856
618560225280
620757254144
632433934336
653371900416
687195029522
687213641729
687295561728
687463204896
688805396480
727996956672
824633737250
824634056704
824635293704
825170591936
826781208580
846242775040
858993461249
1099511636489
1099511775252
1099511894304
1099512176642
1099512676456
1099513528320
1099515823116
1099515987968
1099516346640
1099520082112
1099520147466
1099528536608
1099532673024
1099545215106
1099545264136
1099579786242
1099580903424
1099780341824
1099782160408
1099981398016
1100048531972
1100321132544
1100652740624
1100719587585
1101122242568
1101659128192
1101692797952
1101793329200
1101927546883
1103806661664
1103832023040
1103941337096
1104075161856
1108101660688
1108102217792
1108109951744
1108151898112
1108235797504
1116691501188
1116699886593
1116729507840
1116827812352
1117228433664
1125348542464
1133889191937
1133938475076
1134173358080
1134410334336
1139240108032
1168231106577
1168231138368
1168233218080
1169305899008
1174673563648
1202590843138
1236953071616
1237034467336
1237118353472
1254399934464
1314264186880
1374396874752
1374523817986
1374657970212
1375463407744
1377074413568
1443176120832
1546188234752
1649267968128
1649271636033
1649275863072
1649284218886
1649535943168
1660004859912
1735166918656
1924178903056
2199023296518
2199023358976
2199023394896
2199023782976
2199024041996
2199024305409
2199025623552
2199027580933
2199059955776
2199092494368
2199157735584
2199159586832
2199308468740
2199425910792
2199560143368
2199627247616
2200096997432
2200097526016
2200130568193
2201170821184
2202395475968
2203318288656
2203452575744
2203595047936
2203855093892
2207613456448
2207629975808
2208150126593
2209769193472
2211975282688
2216203126820
2216203190402
2216279670784
2216337342784
2218350612481
2233384173570
2233416548880
2233454821376
2234456744064
2236335783936
2267742863624
2267744305664
2267746930816
2267761672192
2269361733632
2269923803136
2272037699618
2284922864640
2310692407296
2336462215184
2336462733315
2336663535620
2337016905728
2337804517376
2340761403392
2353675640832
2473901195777
2473902231552
2473951494176
2474236772352
2476048654344
2482491098116
2491081687040
2508403507200
2611340378368
2748779078688
2748783266304
2748795879432
2749852811330
2753108115456
2817498562564
2886226411648
3298535942144
3298547482624
3298568438020
3298601992321
3298803875840
3307126915074
3315731529744
3332894625800
3438121320960
3577707757632
3848827830272
4398046520449
4398046548104
4398046740512
4398046781480
4398047040002
4398047297920
4398048117760
4398050705968
4398051246088
4398054900772
4398055031104
4398063290628
4398063632384
4398080330752
4398082293762
4398115717392
4398122074624
4398130398272
4398180734977
4398187085824
4398315012164
4398317043872
4398348541952
4398583390976
4398583906324
4398585479233
4398919974912
4399389212673
4400196109312
4400211820576
4400231743489
4400336609280
4400730996744
4402341634048
4402342527042
4402358255633
4402475696416
4403482329216
4406636462176
4406637037568
4406665805824
4407844405256
4411199852544
4415226516480
4415230574784
4415361662976
4423816347904
4432406259776
4432407363592
4432423682048
4440996184704
4449586380802
4466770182150
4466799558912
4467168642048
4467839861248
4471597891584
4501127856128
4535552577568
4536156815360
4536560255232
4537632948368
4552674246656
4570117832704
4604204941384
4673201258496
4673998225424
4675071901954
4681615015936
4690641160192
4741643907072
4947803377680
4947936543236
4948926398464
4952105680904
4956929131520
4965049303041
5222684557312
5497568626688
5497592742400
5497709133952
5498095009826
5499705626688
5515811758080
5531917878288
5634997141504
5772436307969
6597069785216
6597075271680
6597078188048
6597136875530
6598145605636
6618544603648
6631429505057
7147094016256
8796093104288
8796093186306
8796093569024
8796093612098
8796094079044
8796095119410
8796095447044
8796097221128
8796097511552
8796109815820
8796110061648
8796119269376
8796126609444
8796143493120
8796161703952
8796227305736
8796369977856
8796428828704
8796638543874
8796646671361
8796797667328
8797168091136
8797435236352
8798240506952
8798241161217
8798274061056
8798777380992
8800421544962
8800522207760
8801461741568
8804682973456
8804683482144
8804691345537
8804754260032
8805221924872
8813272892560
8813273940256
8813340000262
8813810287104
8824010317824
8830452768771
8830519871616
8832600342528
8834751922180
8839177961472
8848706502656
8864879611905
8865617821696
8866962081792
8869107597376
8873436250112
8882143363072
8933535121536
8933666193441
8933800419336
8934073040912
8950711849024
8967900103680
9002251485696
9070970931240
9070973027840
9070979326208
9071243558913
9071508979712
9074259263488
9083855863808
9174050668544
9208443502592
9345849032720
9345849885186
9345861943296
9345915978752
9346922577929
9348281532416
9350145904640
9380242128960
9483287789828
9895604653312
9895604662288
9895606779905
9895747256324
9896712470528
9900503597056
9929964651008
9964324126856
10187662442496
10995116426240
10995116541953
10995133579392
10995158224896
10995254697984
10995653181504
10996190085632
10997263761428
10999412293640
11012566679552
13194142162944
13194340990976
13194407970832
13195217470464
13200582246400
13211352956936
13228499276032
13331595264002
13469017440388
13812614823968
17592186061122
17592186081285
17592186119184
17592186183713
17592186306612
17592186571272
17592187105288
17592190239300
17592195481860
17592202889217
17592219604000
17592263770112
17592320917760
17592328651840
17592455594016
17592458805264
17592723177601
17592725016578
17592823578688
17593266077704
17593276571652
17593293603072
17593930940416
17594400638978
17595415658497
17596481044640
17596481282112
17596749463560
17597018407936
17598628499968
17600776306690
17600784377856
17600792756360
17600810090496
17603460349952
17609365915728
17609399533572
17609500131362
17609701462016
17613677789184
17619029591040
17626545815624
17626554437632
17628710044672
17643725652736
17660905590848
17660955852802
17661174251520
17669562564612
17696339001360
17729625033728
17729629200512
17729660665856
17729918599168
17730766372864
17731772481576
17738214933008
17763984932864
17798479740928
17867064214536
17867869265920
17869379207168
17871358920960
17901423689734
17935783575552
18021682774017
18141943038016
18141944021120
18141946070016
18142495506464
18144089374736
18416828154368
18691764814080
18691832154112
18691966108800
18692235591696
18692771430912
18693847252996
18704582574081
18726061604896
18760426061824
19378892443648
19791209301506
19791209840672
19791217754120
19791242987520
19791477735489
19792284123136
19793360978176
19829866102784
20066087207056
20349689266176
21990274498688
21990773653504
21991306299424
21998825635840
22024659419136
22078279385088
22131966476292
22265110986816
22539988377602
24189272592384
26388284311552
26388297941248
26388312621073
26388346184192
26388413333504
26388548026372
26389352808640
26396869136384
26955215011840
35184372100608
35184372745232
35184373270784
35184374251778
35184374366208
35184376299556
35184380479624
35184381001734
35184388907009
35184393061378
35184405660736
35184405840384
35184439590976
35184440311936
35184447591424
35184506831392
35184531603456
35184644751872
35184724426752
35184774807568
35184908960322
35184925737344
35185211473920
35185445849104
35185462870048
35185714274560
35185987944448
35186519640096
35186523897984
35186569904136
35186796396608
35187056705552
35188668628993
35188868384768
35188935753732
35190814556162
35192962031664
35192962089992
35192964382721
35193133989888
35194035769856
35197256991040
35201551958035
35201551959300
35201686183944
35202726363136
35205846962176
35210142433280
35218732355712
35218734972944
35218773770496
35218798968834
35223026795016
35227338539012
35253092122880
35253126168608
35253695545352
35304631173184
35321817337856
35321819529216
35322884784257
35324092743936
35390547296272
35459250012417
35459251052546
35459254716416
35459518562312
35459786936320
35460457988096
35476430127232
35538706890752
35596688949316
35734127903016
35734128171008
35734145269760
35734199205904
35734664904708
35736275387393
35742727274496
35803115814914
35888746725888
36283883717264
36283883851777
36284428984320
36286032281600
36288214335488
36352603258884
36421322672130
36868133486592
37383399538760
37383429160962
37383663783968
37391985311872
37452249038849
37555194052608
38208031162368
38483980715008
39582437474816
39582452158468
39619999563776
39651146727424
39728447619072
39861591475200
40132174446656
40681997860864
41781441929216
43980465111557
43980465143832
43980599332866
43981549338624
43997649240064
44015361720352
44117904850944
44530220949504
45088835108864
46179555475712
52776558137616
52776559444480
52776692351108
52776828667904
52777632006146
52778706149376
52780865683456
53051503149088
53876086538304
54993298128896
57174604644361
61641370633216
70368744182022
70368744256000
70368744450064
70368746275338
70368748412936
70368748961920
70368749437440
70368752713760
70368752894208
70368761217154
70368761495568
70368811286676
70368811813120
70368845107200
70369013145632
70369014743044
70369281048601
70369282164736
70369302020160
70369817919880
70369818444292
70369822113825
70369834795008
70369954365440
70370933606400
70371025895432
70371428532260
70371965666304
70373040324736
70373045698560
70373048061952
70373173363716
70377334130689
70378139680768
70378476011520
70383793340416
70385924833344
70385928372226
70385959698433
70386125438976
70386192482944
70386460926976
70403103919112
70403108114448
70403129090048
70404748083200
70405251399746
70411694014464
70437463719984
70437472044544
70437736286208
70439611273216
70446188331008
70458938507264
70506183164096
70506183786504
70506216685602
70506451583232
70508331671552
70514773070848
70524436742160
70609329455104
70643622088776
70643622109312
70644228161536
70660803035136
70682276790304
70712375115780
70918500131072
70918501302304
70918533579264
70922862067776
70927092023312
70987219468417
71056077357056
71193646334976
71468255808064
71468258427904
71468390060032
71469606371328
71472550772754
71476845740192
71605694824449
71743150489856
72567767434016
72567767744512
72567775821892
72567805182976
72567851450368
72568036917264
72568438521858
72569917014144
72572062408705
72593537237000
72843719084032
74766790755330
74766800125953
74766824243280
74767075901448
74767864451072
74771085690880
74775380631556
75179107549696
75318694510592
78134045048832
79164837200193
79164837332996
79164853981216
79164912697352
79169400668160
79199199051776
79234630418434
79439849586688
80266500505600
87960930228352
87960932319328
87960938643458
87960997331969
87961081217536
87995291533312
88030186569984
88244402257920
88510686035980
89060475412480
92358977126400
99093485453312
105553116300320
105553251532864
105555330859520
105570312914944
105587744440321
105621837848576
105695387058176
105828002562064
106652628156424
109951166972160
114349242843264
123145302392832
140737488380164
140737488490592
140737488504840
140737489412113
140737492615248
140737496748044
140737500972032
140737505165360
140737506181312
140737521909782
140737521922176
140737530560576
140737555464738
140737556054024
140737572247552
140737622868224
140737627291652
140737756791848
140737763098624
140737765253120
140738052489216
140738293661954
140738564194448
140738633531392
140738830535168
140739635839109
140739636011008
140739637149698
140739653140992
140741785421826
140742051790912
140742320201760
140743930807552
140746079387648
140746145399936
140746212507713
140750373323264
140754668355856
140754668759040
140754685068288
140755272466432
140755743014920
140763262357504
140771848114177
140771852288130
140772938612992
140774131892224
140776151580672
140780438036488
140806208487426
140806417547264
140807281606657
140808892186688
140810502803472
140823389798404
140840601125888
140874927345666
140874927571080
140874929471520
140874931505153
140879222816768
140883819233280
140909288096256
141012366263299
141012366540816
141012375175296
141012433371456
141012500488704
141031693615136
141287244169752
141287282966528
141287512997888
141287781138432
141321603907620
141768280506368
141836999988736
141837135380480
141837570408449
141840221274112
141845590179844
141854179852354
141906004672512
141974447325200
142111877922824
142386757902336
142936511742592
142936513708041
142936520001792
142936528404482
142936679448576
142941880582144
142945102069776
142988051251200
143211930583040
143488482017280
145135534932225
145135537229824
145135568945184
145135602008068
145136616996866
145204255393792
146239345655808
147471997076480
149533581648896
149533582495744
149533684137984
149533984030848
149535191990276
149535737266176
149555056214017
149602305048832
150091927128064
152832116260896
153931627889216
158329674531844
158329676530176
158329695633408
158334037524480
158338264334624
158346854285440
158364571011072
158605626052608
158879430737921
160597417140224
162727855128592
167125767421962
175921863065664
175921868832801
175921894033408
175922531533824
175956220510208
175990579937792
176059366514688
176475911225472
178120884748292
180337355259904
184992848150528
211106232795649
211106235678976
211106366752800
211107306283072
211110561054728
211243688263684
211381110636544
211673176604672
212205811286016
215504815915136
219902326112256
228700834496512
246299194556418
281474976719012
281474976780328
281474976975106
281474977243712
281474977761808
281474979889154
281474981462048
281474981953856
281474993490976
281474997698688
281475001876500
281475010936832
281475018686472
281475043823808
281475052224768
281475112043520
281475127705609
281475245146186
281475245412864
281475254061056
281475262087168
281475379364100
281475513647110
281475518039040
281475782017072
281476050585601
281476059897856
281476218224656
281476587356288
281477124214800
281477124268288
281477160108032
281479271711745
281479282229248
281479338786840
281479808565312
281483566649601
281483566678084
281483575034882
281487995838464
281492158685200
281494438412288
281496452857856
281509336580480
281509338546720
281510410194946
281527053189121
281543708901376
281543729743936
281546917412868
281548007932416
281560943689728
281578056007680
281612415664904
281612424314881
281612453412868
281615167127552
281629595549698
281646909652992
281749872181248
281749888181248
281750928359712
281758444569088
281767042875456
281784282513408
281818842529920
281887293702160
282024732534792
282025873375744
282026880008288
282029300121600
282033322721408
282041929171200
282059092788224
282093452038144
282574488641536
282574488862725
282574492533250
282574589001760
282575580954624
282611003949056
282643878903808
282716222259328
282849366251520
283124245217280
283673999967368
283674268426240
283674538934528
283680442419200
283682590949408
283692257771520
283708376481856
284223755780113
284773511790592
285873024401412
285873094526976
285873568485376
285874097225792
285875170738688
285911711481856
285950332633104
286147903225864
286560218054656
288072181219328
290271069737988
290271070126088
290271153684480
290271206047808
290271372771328
290275365224704
290288249636864
290418172362752
292744970895362
294669116260353
299067162773508
299067163279378
299067301171200
299067699757568
299069311287424
299135884328961
299342040760320
300183854252040
301266253381632
303465209267456
307863264165920
316659348865089
316659366629376
316659418005508
316659483295744
316660423065608
316663643897888
316668475607040
316693712740352
316797056189440
318858380444160
321057395310722
334801324212224
351843720921360
351843721020480
351843788005378
351843863494784
351852344442880
351878080888836
351912441413640
351981161940992
352120746278913
356258947268640
361190106595328
369441275641856
422212465133696
422212800610305
422213003509760
422213538825216
422214616743944
422221057228800
422229678490112
422281184804896
422491637940228
422762355097602
426610528362496
431042917826576
439942090063936
458496348782848
494780232503296
562949953814562
562949954502736
562949957684224
562949961810185
562949962090496
562949971249160
562950020603968
562950037340672
562950221991940
562950490294402
562951564173312
562952100914180
562954248389312
562954248406032
562954252582922
562954315501824
562958548075008
562959081279488
562961764581632
562967414308864
562975857704960
562984350941184
562985462398976
563018807115844
563022976286720
563053032640544
563104639352960
563157187690496
563224831393825
563224898453508
563499743051784
563508299169797
563774587175168
564049467146560
564050018713600
564053760018436
565148985597952
565217763262480
565286415630432
565733092294656
567347999933960
567348134182914
569547593613312
571746052866048
580542140530689
580542142349312
580542340792328
580559319375872
581160614758400
593736279064576
598134325530632
598134327608448
599251017007136
600337660510208
606930418534464
633318697730576
633318865371392
633593576030210
642114791670784
669053899243520
703687458684929
703689589262352
703962589167616
704237197591616
704821313667072
844424930459664
844424963686529
844427094392834
844562369613824
849922756706304
853289742639104
862060065849344
