181580
206347
344498
428227
1860288
3260423
5772419
7678976
9123968
10289177
13814272
14680548
19403160
21496397
23130176
34799969
36702762
38567974
42996308
51552280
54532145
402656547
631242793
682409984
738200085
805412913
823660032
862126080
872562714
1140851929
1162873152
1214777984
1287757824
1476821012
1615855676
1713378048
1744988416
2512392320
2517991424
2570059824
2584219968
2684664320
2710659072
2720530451
2952795149
3288735784
3355445326
3355788800
4026532514
12885135936
21478512704
23957867264
25769808526
29030350848
30094132288
38654713368
42949828645
42972741654
43738726400
47244944512
51585744907
52960428032
58653151360
60129597696
68770680832
75564638208
77345590528
81604383028
81611718665
86369108012
90246742656
91805261824
103079216041
106837312832
107374266560
107385192482
113145549312
120260886528
146055626788
146699983936
150367920128
154618912796
154619237504
154661816704
158913953833
163208759057
171811803904
176093663303
176119283712
176535109632
180724171200
188978702912
206158433430
211326337025
240538096640
241659330560
824633829696
824677766272
826848313383
1374389541096
1651055263744
1924145397785
1962818404352
2473928428288
2749517268352
2902592585728
3023663693824
3487549620224
3576701125184
3594887782400
3685081939980
3848290703875
4398232110272
4950190981120
5433133630720
5497569150528
5587752452122
5712306610176
5772436046740
6047364284460
6049730084864
6073083759744
6598344835122
6694310510592
6874497812608
6923487286336
7146825639424
7146829250593
7696581675328
7698465161216
9148280342208
9347258129408
9560597200938
9621142503424
9810309283840
9926944489472
10170508025856
10170522402821
10445360858880
11270799835136
11544889395392
11819784601618
12094627906662
12094639636480
12097446477848
12236361830784
13335897047040
13469017440587
13469017669668
13743921565952
14293686337536
14465449852977
15393208926848
15496242405376
17871501591556
17871929479184
17872433971360
17873510629890
17875754812417
17875804889346
17876199180320
17877801914376
17884311996418
17884378595472
17884545819140
17885334409217
17901492932612
17901562234881
17901692715296
17901961618440
17903588212816
17935854796936
17935951216736
17936060518402
17936859277328
17937932091652
18004639482376
18004772421697
18005056569476
18005577303042
18146312343584
18146506318096
18146790736898
18147311157768
18150615746564
18150667075713
18150804685344
18152687797264
18159189491969
18159692218528
18160196551684
18161273415688
18176469631236
18176578453640
18176839010320
18177377566816
18178450198530
18210762031632
18210812465160
18210931934209
18211206602820
18211739287810
18279450026114
18279519289424
18280463206401
18281545105696
18696076558465
18696128036930
18696531616288
18697099954180
18698148774152
18700356829264
18700426052616
18700556576769
18700825792516
18701369802882
18709028800544
18709148107010
18709422818305
18709955609104
18711025614916
18726125306370
18726200029200
18726342755332
18728209105056
18760686649864
18760970862864
18761491451936
18762598196226
18829204849696
18829438877840
18830227152968
18831286341633
19795604996354
19795655279120
19795775062084
19796582212609
19797652408352
19799874740744
19799935619104
19800353013825
19800873763088
19801980305540
19808460505184
19808666060816
19808926576642
19809465024648
19810537964033
19825637326992
19825871048705
19826110169604
19826659592194
19859996427268
19860071416065
19860213997728
19860499466248
19928783529988
19928921014536
19929187255312
19930804142146
21994662531073
21994829546528
21995068604488
21996677169296
21998893928450
21999099330820
21999898362369
22000971030624
22007496320016
22007547756808
22007951525892
22008519983170
22024667856961
22024728626178
22025666568324
22026773463560
22059021500704
22059221123152
22059489984642
22061116311553
22127739176968
22127814246560
22127956787714
22128241942785
22128746319888
22129823450116
26392643372040
26392843010178
26393112020993
26393656197200
26394738307076
26397003874820
26397171056712
26397410074768
26397959537696
26399018846210
26405534695556
26405595258945
26405728555040
26406012617224
26407639990544
26422739478560
26423184195842
26423717007368
26424786846721
26457134072848
26457271207940
26458105970817
26459154481696
26525789340161
26525885829122
26526255677536
26526793924868
35463712999426
35464082375712
35464620933636
35465693560904
35467907696656
35468125159937
35468410421508
35468914757634
35476499079432
35476568343072
35476967915649
35477512258576
35478594160644
35493693686786
35493745017104
35493882626180
35494717038657
35495765741600
35528104226820
35528271594504
35528510570576
35530119069826
35596789645472
35596959551504
35597234217474
35597766903816
35598837219585
35738523542532
35738573930753
35738968262664
35740570914832
35742793597186
35742854160912
35742987452484
35744898893856
35751379091600
35751475576904
35751584608257
35751845429764
35752383678466
35768555833345
35768622514306
35769028714784
35769578180612
35770637485064
35802915078240
35803132856336
35803922178184
35804999188993
35871702388768
35871839519746
35872105840705
35872674283792
35873722794116
36288254247440
36288315019272
36288448431105
36289252958466
36292557549600
36293012751362
36293581210120
36294629556289
36301206323460
36301348864136
36301634021392
36302138392672
36303215529986
36318314889288
36318520297474
36318780919809
36319319326864
36320391995908
36352703873281
36352754221570
36353148715168
36353681196036
36421392140292
36421461090433
36421591761440
36421860622600
36423486948368
37387758207112
37387832926304
37387975659522
37388260770305
37389842006276
37392136537092
37392255846408
37392530558992
37393063346336
37394133352962
37400643440644
37400709974017
37400877465888
37402724925520
37417824305696
37418024051728
37418293264450
37418837278984
37452186134530
37452282658960
37453190926337
37454263387168
37520909927425
37521388013600
37521908596804
37523015348232
39586782806082
39586852111376
39586982594564
39587795714177
39588878090784
39591076709384
39591143309600
39591310532738
39591549863937
39592099119184
39599867986448
39600152133890
39600672870408
39601779573761
39616879267856
39616929343496
39617049002241
39617323631620
39651222093956
39651410726944
39651677110792
39653293957392
39720025342468
39720134639688
39720933401632
39722006218754
43984895377540
43985032716808
43985299308816
43985867444256
43989124317313
43989193474114
43990137186308
43991219437832
43997745775106
43997915530244
43998722949377
43999792996512
44014967718401
44015110094944
44015395291272
44016976594960
44049260122120
44049321035808
44049454137602
44049738245121
44050258870800
44051365888068
44117972230224
44118038873096
44118445264900
44118994845826
52778916904960
70647992680578
70648186556420
70648991352833
70650098098464
70652295938120
70652347417632
70652484716546
70652750999553
70653319331984
70654368154116
70660869853216
70661087297808
70661372412930
70662953648193
70678053134864
70678149664776
70678519349316
70679057924354
70712492818561
70712612127264
70712886837512
70714489635856
70781199483140
70781330006152
70781599221776
70782143234144
70922864427521
70922933383170
70923332911200
70924959236232
70927224932360
70927391949057
70927631008772
70928180576770
70935755424776
70935816192288
70935949607042
70936754135120
70937861033988
70952960409666
70953010758672
70953130272772
70953937731713
70987354800644
70987758567568
70988327027744
70989375375362
71056010381344
71056215786000
71056476406018
71057014820872
71058087486465
71472618940424
71472685580448
71473091969281
71473641558032
71474700387332
71477013520452
71477122699272
71477383168528
71478994288898
71485519577604
71485570977793
71485708313632
71485974904904
71502691074336
71502885093456
71503169200258
71503689827336
71504796846081
71537044557826
71537113712656
71537244504324
71538057421313
71539139674208
71605837628418
71606265204768
71606769680516
71607846502920
72572335063184
72572601387010
72573169827912
72574218342401
72576426705156
72576626344032
72576895352968
72578521638928
72585047974017
72585098362946
72585492693536
72586025502724
72587095343368
72602269794436
72602412646920
72603201974304
72604278981634
72636562669648
72636623234056
72636756527105
72637040594948
72705274577410
72705341263888
72705508443140
72706296922369
72707356229792
74771153305872
74771228295688
74771370876993
74771656343684
74772160513026
74775481352736
74775651419152
74776458567944
74777528762497
74784272566280
74784511692816
74785061109920
74786120147458
74801289101408
74801419423746
74801688363521
74802232690704
74803314753796
74835581502465
74835678068994
74836047570976
74836586020932
74837658963976
74904305152004
74904366024705
74904783422472
74906410713168
79169203535940
79169299956737
79169409255456
79171280830992
79173494776834
79173569806608
79174502187073
79175578849312
79182086309904
79182155612296
79182286094849
79182554996996
79183099219970
79199280959489
79199735972896
79200304267780
79201352818760
79233624850592
79233858678800
79234098004482
79234647263240
79302377079048
79302427157024
79302546817090
79302821445761
79304424179716
87964843507712
88184268525888
105555867732160
109401436323840
123146711678976
123201141604352
128093104635926
141016745378052
141016796504577
141016933990496
141017200230536
141018817120272
141021094875152
141021225190404
141022038458625
141023120523424
141029646860368
141029697143816
141029816928257
141030624075906
141046793650305
141046868639810
141047296688672
141047800858628
141081161245728
141081639520258
141082160267336
141083266813953
141149873508360
141150107222274
141150346347521
141150895768080
141151954804804
141291673894980
141291841392648
141292629665824
141293688848642
141295905415233
141296001942530
141296371634208
141296910205060
141297982669320
141304507961346
141304559437840
141304696733956
141305531351553
141306580172896
141321679536644
141321873409056
141322157621320
141323784954000
141356032870408
141356102090912
141356232614402
141356501827841
141357045846032
141424751019024
141424825737480
141424968466561
141425253582852
141841366270978
141841462755600
141841571782788
141842370854977
141845657616648
141845732540960
141845875392578
141846664717328
141847741728772
141854249189536
141854448832528
141854717837826
141855262017544
141856344121601
141871495250056
141871632384513
141871898706180
141872467152898
141905787650116
141905854333953
141906021517344
141906260537352
141907869303312
141974590001156
141974984327248
141975517135136
141976586977410
142940875796496
142940945057800
142941344629764
142941888971266
142945169967136
142945403666960
142945642643714
142947251143681
142953827828228
142953960972360
142954245390480
142954765812768
142970972046344
142971022475552
142971141947522
142971416619009
142971949301840
142973019623428
143005315039745
143005366374402
143006338392324
143007387091080
143074118598721
143074227425312
143074487976456
143076099162384
145139930630145
145140375159072
145140907806724
145141977850888
145144200331408
145144261247048
145144394354689
145144678457860
145145199085570
145152786301448
145152882520096
145152991691778
145153252163649
145154863284356
145169962770690
145170029412880
145170985387009
145172044220448
145204397213700
145204539588872
145204824785936
145205329265184
145206406086722
145273057722464
145273246459920
145273513054210
145274081181832
149537944011296
149538161624080
149538446778434
149538951151880
149540028285057
149542271995908
149542322341889
149542441853216
149542716834824
149550896251138
149551302330400
149551851896900
149552910897160
149568079537156
149568210208776
149568479072272
149570105393666
149602372288784
149602577694785
149602838315140
149603376727042
149671095896066
149671156662416
149671290077700
149672094609409
149673201501216
158329710682112
175921860849984
175981989986360
176145213423616
193514049635200
193515254448165
211106287060736
211256556391040
228724188807168
240041427206144
246290622971914
260587477008384
263882832615424
281754250265096
281754300616736
281754420126722
281754695106625
281755227586832
281758580885508
281758714298632
281759518827040
281760625721410
281767105922052
281767311327392
281767571949576
281769183031312
281784516380688
281784755441666
281785305006216
281786364002817
281818641760514
281818716832272
281818859372612
281819648902145
281820726036512
281887377467393
281887428903042
281887832670496
281888401133572
281889449477128
282029111509072
282029300140033
282029566529540
282030134820994
282033391698976
282033591484560
282033860388866
282034404606024
282035486986241
282042063396996
282042183057928
282042457686288
282044060419074
282059159908360
282059234936864
282059662820353
282060167315984
282061243973700
282093588578370
282094005666336
282094526400516
282095633105160
282162239652100
282162306253313
282162473476192
282162712805512
282578921980420
282579052298312
282579321241744
282579865568288
282580947634178
282583146562049
282583619403872
282584168825092
282585227862152
282591743713346
282591804589072
282592742736001
282593849279008
282608948805764
282608999088193
282609118875680
282610996216080
282643291964424
282643343089952
282643480576130
282643746818049
282645363707908
282711998631952
282712095197192
282712204181761
282712464696324
282713003147778
283678370465796
283678431379585
283678564483616
283678848590088
283680476234768
283682673803394
283682725199952
283682862542852
283683697264641
283691322707976
283691465081857
283691750277188
283692254757122
283708431270145
283708527485442
283708897132704
283710508255240
283742820241440
283742989992208
283743264769026
283743797412360
283744867459137
283811508191304
283811577349152
283811708143618
283812521058448
283813603312132
285877389500576
285877855715842
285878394292232
285879466754305
285881681051716
285881755771905
285881898502176
285882183618568
285883764851216
285890272317441
285890341537794
285890741273632
285891285287428
285907518361604
285907655656456
285907921936464
285908490273056
285909539094658
285941810923536
285941877457032
285942044951041
285942833229826
286010613432592
286010732740740
286011540242497
286012610252832
290275433123842
290275499452432
290275666821380
290277514297440
290279827701920
290279936524802
290280197079297
290280735641616
290281808266244
290288333553952
290288522494032
290289356907528
290290405607425
290305504986128
290305565819144
290305698963585
290305983383556
290306503802946
290339858424324
290339927691265
290340327260232
290341953503376
290408793919496
290409079177744
290409583511584
290410660372738
299067162755699
299067209293824
299067968067968
330175610880000
334251535209472
334346024126976
341948116238345
343597436108800
356791523218112
357616895131648
369435906960448
371265563000832
387028104552448
387239754334208
422212465123370
422324177207296
429084463595520
439807402575360
439963582726144
457396837367825
457397801844736
459320982504512
492581222350881
492581244895260
501927058415616
563229194486800
563229261168904
563229428351105
563229667371012
563230216831042
563233492582688
563233698095184
563233958920322
563234497168392
563242146725956
563242283864072
563242550182416
563243118626848
563244167135490
563259266828296
563259327389856
563259460682242
563259744747777
563261372122116
563293620142145
563294088794144
563294632968324
563295715074568
563362337980932
563362412908545
563362555757600
563364422090896
563504147071120
563504289448452
563505079128065
563506155947040
563508399964296
563508569722882
563508844495361
563509377140752
563510447186180
563516957270560
563517430300738
563517979885832
563519038718081
563534138245392
563534207402504
563534338195521
563535151113218
563568500281348
563568596494337
563568705667360
563568966140936
563570577260624
563637284635652
563637417740296
563637701849104
563638222471328
563639329489410
564053860941920
564054030682128
564054305312770
564055908041217
564058191560961
564058324500640
564058608650248
564060236091408
564066716289025
564066812706946
564067720769540
564068793582600
564083959564292
564084126785800
564084366115856
564084915372576
564118252167312
564118327197768
564118755082756
564119259580418
564186988019970
564187176648772
564188011332609
564189059885088
565153548485640
565153809104976
565154347516192
565155420184706
565157634281473
565157709350914
565158137046048
565158641418756
565159718551624
565166226015234
565166294966544
565166425636996
565168320827424
565183420309572
565183471748097
565183875518472
565185492320784
565217831158304
565217998176322
565218237235329
565218786804752
565219845801988
565286516312080
565286566658184
565286686171649
565286961152260
565287493636098
567352378855432
567352430184480
567352567791874
567353402204688
567354450903108
567356728344708
567357127917840
567357672263712
567358754161666
567365280497924
567365330928129
567365450399840
567365725069448
567367328073744
567382427436064
567382644899984
567382930163714
567383434494024
567384511361025
567416794923522
567416855760912
567416988902404
567417793741057
567485507305601
567485573636162
567485979984416
567487588483336
571750416916737
571750477791746
571750895190176
571751415940100
571752522483720
571754720526864
571754771656712
571754909139969
571755175379012
571763293962312
571763368952864
571763511535618
571763797004289
571764301168784
571780477517954
571780574085200
571780683075588
571781482039297
571782554976544
571814916931844
571815036715144
571815843864672
571816914063362
571883754389776
571884023333890
571884567659016
571885649723457
580542139560704
580542159798272
580662398550037
580756942356480
598134795273792
615726511556952
615884083167232
617375779168256
650910918770736
654209418528384
655583822741504
668503070149120
668649098575885
678123796431232
703688053620736
703690260578304
703690723819520
717156459223552
721279645127744
721328483074048
738871813917824
746190438137856
774057461026944
774077660790822
774262344540160
857155213197312
862017141342222
866966394896384
879609324245504
879609344688320
879610979942403
879660842115072
882083203383348
914793674315048
914793712173056
914819463512064
914899236552704
985235432932160
