62740
338516
430611
606449
629794
3150194
4211531
5638592
7431296
9060382
10672256
13635105
18169898
35168281
36929572
51381398
53248640
58920192
70259213
73402522
77136768
84803621
88624192
103096323
105058880
105168908
117441336
1010827313
1382686720
1900026368
2282063616
2550137958
2770395136
2818777112
2952792457
2966519808
3433039936
3489955896
3794798080
4441022464
4535092480
4859101632
4966154247
4966206976
5100806188
5521801268
5637145251
5905581145
6023610368
6493837376
6577471497
6752829461
6979596928
7516197134
25769804693
51539697677
54895050771
58273562624
60199799808
77309528384
79188459542
85899352135
86838870720
91536493824
96817119232
104824471552
111669305392
119185342656
120259286144
149603483648
154618825960
163284484096
168711708672
175020548096
180401215552
185488900864
188978971200
189021552688
214798696461
223338872868
223426384128
240535997056
240595763206
283513470976
283564580864
303332070464
313801515008
317827862912
317833871395
326436028416
326455266048
352187916298
357171200000
360804517376
363998822400
377957122668
417014487168
420907715584
420976001728
429501972494
447884559680
481036509952
1709397835776
2748805439488
3298534888587
3298535684352
3298589515776
4093238050816
4947876347904
4949547155498
5308579577881
5497602183936
6047314036288
6047314354188
6054839582720
6597069773488
6597084446764
6777458393114
7149107282368
7696581705761
8023074406400
9345848839443
9352291532800
9723819589632
9895605014720
9895717896226
9897081045005
10995116942016
11002095599666
12095433818112
12189117186088
13194231813248
13907104109056
14293721563136
14295261776192
15393162985493
15398799974400
15496242005760
18141941862620
18142034133003
19138374270997
19242310172672
19242661452800
19585051541504
20341636767744
20347676001792
20890739804736
21990232559118
21990233245056
21990233350194
22540034508928
22651676393472
23092113965056
24189261059136
24399172337664
26388279875072
26388303183889
26938137642048
26989574488102
27144193646592
27487790751754
28587315331072
28907411603456
30786325582121
30787275587584
35743003116548
35743288395784
35743858954256
35744867942560
35747021226498
35751509623809
35751609770242
35752398325792
35753463775300
35755603808264
35768623974402
35768757158032
35769091629572
35770668748801
35772786934816
35802985828356
35803124467713
35803385364768
35803923227656
35807176425552
35871709528200
35871902416992
35872121032706
35872641778177
35873718544400
35875864183044
36009173844512
36009551086608
36010083811394
36011220435208
36013317562497
36292624666656
36293012627728
36293581472770
36294622249480
36296835858497
36301231425540
36301334134913
36301609370144
36302141653256
36305375593488
36318378983681
36318528799234
36319384371360
36320393069572
36322546821128
36352939262212
36353156874376
36353678002192
36354755133536
36356900327426
36421524029968
36421624926216
36421863801857
36422413197380
36423478558978
36558898462792
36559031116832
36559365867522
36559843790849
36560942792848
36563060802052
37392153084033
37392256073794
37393063223840
37394199889924
37396297548040
37400713642064
37400852071432
37401113143297
37401651580932
37402739540098
37417956544520
37418057599008
37418296180994
37418845619201
37419911217680
37422051164228
37452250612226
37452400046096
37452685509636
37454264533249
37456418193568
37521107058820
37521373282824
37521941659920
37522982866976
37525196383234
37658415866116
37658608861697
37658827030624
37659348304008
37662570350608
39591209926914
39591310541328
39591550124100
39593164416001
39595304814624
39599749472776
39599871168544
39600137569282
39600706027585
39601747525904
39603960578180
39616920977504
39617332054032
39617853140994
39618930032776
39621075927553
39651274653840
39651407691848
39651742076929
39652220273156
39653319149570
39719992837124
39720142799105
39720427987104
39720998930440
39724161044496
39857435052033
39857573855362
39858372362528
39859461033988
39861625095176
43989191492100
43989325058049
43989659059232
43990137192520
43993354272912
43997787852802
43997980657680
43998198644996
43999796691457
44001942052960
44014992630800
44015095447816
44015370240129
44015903049732
44017039966274
44049335648321
44049457234946
44050292019232
44051333128324
44053546926600
44118043001120
44118442246224
44118979936386
44120068457480
44122232604673
44255645040708
44255884095496
44256434061840
44257498957856
44259639165186
52785286743048
52785425023264
52785686003842
52786223974401
52787312361552
52789476601860
52794007749124
52794342047816
52794820141200
52795919057952
52798037690370
52811069390980
52811190509633
52811457105952
52812025201160
52815279964432
52845478946848
52845818806800
52846368391426
52847434010632
52849573659649
52914164990018
52914268144656
52914542381060
52916211941505
52918308897312
53051571376144
53051721271304
53052006990081
53052577022980
53053585629698
70927232667649
70927425996802
70928164733984
70929241866756
70931387056200
70935815391248
70935965204616
70936250302977
70936820777220
70937829478402
70952998150408
70953136620064
70953397780546
70953935831169
70955024516112
70957188286468
70987387307010
70987490017552
70987765252228
70989434069057
70991531479072
71056208441348
71056543187976
71057021108304
71058120114464
71060238123138
71193528909892
71193650562049
71193916876832
71194485723144
71197740106256
71477047075844
71477147795713
71477386936480
71477936523272
71481141792784
71485587194114
71485708313104
71485974904900
71487584338945
71489797769248
71502758166672
71502951120968
71503169204225
71503690859012
71504767289346
71537111631873
71537245028482
71538057421088
71539156340740
71541274969096
71605830090848
71606265710608
71606835744770
71607844348040
71609998377473
71743410669572
71743671648520
71744209617936
71745298006560
71747462242370
72576508428816
72576630018056
72576896861185
72577464795204
72578505908482
72585115086880
72585492693264
72586025501698
72587162419720
72589259079745
72602412646660
72602697662600
72603268032528
72604276768864
72606431055874
72636629778504
72636822586400
72637040576514
72637561769985
72638638620816
72640783983108
72705407729921
72705508409858
72706297430176
72707362325508
72709502535688
72842781786242
72842915348560
72843249356804
72844826642433
72846944567584
74775516414088
74775665844320
74775951314946
74776521507329
74777530337296
74779683995908
74784273073156
74784511657992
74785061097488
74786126692512
74788266639874
74801286811652
74801419929601
74801754931488
74802232689672
74805449850960
74835648594464
74836048094224
74836586528834
74837674492168
74839838818433
74904372258818
74904565252240
74904783421956
74906381848577
74908526740512
75041836400912
75041939390984
75042213920833
75042746540164
75043883205634
79173565579330
79173704221712
79173965121540
79175591411841
79177756181024
79182153401352
79182286586144
79182621057154
79183099725825
79184198172752
79186316365828
79199348066336
79199735939600
79200304251138
79201345736712
79203559080961
79233758531600
79233858676744
79234098004225
79234647229444
79235712680450
79302444187780
79302546817089
79302821433376
79303354155528
79306587906320
79439850381825
79440000389122
79440856219744
79441865212164
79444018495624
87969790722180
87970065424904
87970598617360
87971734818848
87973832033282
87978248568961
87978386931778
87979186061856
87980274362372
87982438875400
87995491549698
87995592085520
87995831043076
87997445865729
87999585984672
88029785096452
88029935436289
88030220157024
88030790566024
88033953122320
88098520207368
88098642069536
88098908209410
88099476481025
88100517724688
88102731776068
88235951260704
88236362039440
88236882954242
88237959938120
88240105213953
105553188790272
105556874362917
105558619198016
141295985361026
141296106864720
141296373092356
141297982670849
141300196188448
141304591843400
141304694834208
141304969365506
141305501986817
141306638647440
141308736307716
141321739702304
141322174595344
141322744792066
141323753619976
141325907279937
141356106261008
141356299259912
141356517426177
141357038698564
141358115848450
141424884582404
141424985636993
141425224221216
141425773658376
141428979205136
141562258456833
141562391577090
141563204337824
141564303123460
141566421501960
141845728854529
141845866754050
141846665789536
141847754309892
141849918455944
141854316302352
141854449862664
141854783865089
141855262000132
141856361153026
141871510782984
141871632367904
141871899213954
141872467150849
141873508261968
141875722063876
141905920802882
141906021483536
141906260535300
141907875397761
141910015607328
141974709535236
141974984327240
141975517134992
141976654054432
141978750715906
142112013189252
142112163364929
142112448385056
142113018749448
142116181770512
142945237870600
142945371095200
142945705656834
142946183938305
142947283111952
142949400740868
142954027032644
142954245394440
142954766303760
142955843291168
142957988561154
142971039138308
142971141918721
142971416618016
142971949809736
142975183224976
143005382115616
143005770121296
143006338392194
143007379637256
143009593690113
143074089046018
143074227406864
143074489008388
143076114833921
143078279348320
143211591107600
143211691639048
143211930599553
143212480104452
143213545422914
145144292705312
145144670093456
145145202755586
145146339655752
145148436615169
145152853410052
145152991691265
145153252671584
145153790640264
145157043267600
145170095939713
145170196660290
145170985386528
145172051003396
145174190653704
145204539572356
145204825293320
145205395325200
145206403936288
145208557962242
145273125339216
145273246458888
145273513052161
145274081153028
145275122483330
145410555400200
145410748352544
145410966429954
145411488089089
145412564517392
145414709968964
149542306595088
149542456558088
149542741745729
149543312687236
149544320959490
149550962639392
149551302837264
149551851896898
149552917127432
149555057524865
149568210732036
149568545114120
149569023315984
149570122186912
149572240286210
149602439397512
149602578202720
149602838810626
149603376710145
149604465379344
149606629441796
149671162971137
149671356137730
149672095131680
149673172025412
149675317923848
149808627582978
149808729825424
149809004806660
149810674012161
149812771046432
158338407006276
158338599896065
158338818508832
158339339259912
158342561661456
158346989544450
158347139547408
158347424825476
158349004374081
158351157661728
158364172584976
158364311224456
158364572123649
158365109985540
158366198419458
158398561914881
158398664542210
158399471879200
158400608502276
158402705629256
158467249684640
158467717345296
158468196008450
158469294458888
158471412646145
158604825464836
158605091308552
158605659619408
158606701101344
158608914448514
168775034864512
175921902388928
176265564782592
211106232839296
211106256011264
218253175554048
246290604624409
246532464967680
258385232527366
282033490755844
282033593000449
282033867980896
282034400428168
282037634222096
282042050937346
282042189746192
282042450347012
282044076916993
282046240981152
282059293655120
282059394270216
282059633854465
282060182917124
282061248143490
282093587284097
282093737246786
282094593376800
282095601649668
282097755488520
282162322482208
282162710577296
282163279038466
282164320534600
282166533591041
282299946238084
282300164145672
282300685230352
282301762129952
282303908021250
282583347773508
282583682781192
282584160535056
282585259321376
282587377697026
282591810822209
282592003818498
282592743264288
282593820409988
282595965305352
282609015885826
282609118873616
282609393402116
282611062686209
282613160345696
282643359072772
282643480580097
282643746800672
282644315177032
282647569899664
282712065722376
282712204148896
282712465220098
282713003655425
282714091622416
282716255945732
282849567703328
282849907343440
282850456780930
282851522380808
282853662328833
283682732524546
283682925478160
283683143557252
283684741644353
283686887100448
283691315167496
283691465064992
283691750785090
283692320817281
283693329425424
283695483455492
283708498378912
283708897644560
283709435609602
283710524000264
283712688234753
283742887348240
283742990499976
283743264735745
283743797395716
283744934301698
283811575267396
283811708666881
283812042967072
283812521062408
283815738606096
283949029396481
283949150513154
283949985203232
283951026536964
283953239965768
285881751580688
285881890048008
285882151207169
285882689258500
285883777942018
285890339932192
285890807333392
285891285254402
285892384264200
285894502269953
285907655623172
285907921936456
285908490780816
285909531558944
285911745169410
285941944058888
285942044950816
285942283829378
285942833227777
285943898587216
285946039242756
286010630013441
286010732728322
286011540242528
286012676776196
286014774182024
286148036657218
286148186473488
286148471572484
286150050742401
286152204493344
290279861258241
290279961788546
290280750252320
290281815576580
290283955692552
290288400629904
290288522494024
290288788639745
290289356907012
290290398152706
290305572602376
290305765027872
290305983382530
290306504294465
290307581280528
290309726552196
290339925532930
290340058759696
290340393320516
290341970772993
290344088406048
290408794425348
290409079144712
290409649554448
290410658529824
290412812107842
290546086118404
290546224480513
290546486083744
290547023611912
290550276427792
299075887989280
299076323181584
299076893548610
299077902287112
299080056569985
299084543971332
299084644648961
299084883697952
299085433668616
299088638771280
299101658940417
299101792502018
299102604642336
299103703793732
299105821724680
299136159065092
299136420415496
299136958107664
299138046623904
299140210770434
299204744577296
299204937384456
299205155373121
299205676564612
299206753420290
299342208442504
299342311260256
299342586056706
299343118860801
299344255780880
299346352439556
316662302507008
316665065635840
316874097165696
332052554579968
337000313913393
387028112901184
387440410198016
393075406934144
422212492926976
422215954727744
422217162686490
422255470313472
433757337163840
436987152564224
457396837335080
457398581987456
492864677085236
563508500513288
563508601196576
563508840244226
563509390213185
563510455107856
563512595316868
563517161752580
563517428597000
563517996532752
563519037645344
563521251442754
563534211843076
563534404649217
563534622638240
563535143831560
563538366050320
563568565157984
563569032726544
563569510862850
563570610012296
563572727939585
563637283488002
563637433664016
563637718679620
563639297786881
563641452070944
563774726078608
563774863974472
563775125327873
563775663014404
563776751536130
564058223018064
564058325648392
564058600261633
564059132989444
564060269609090
564066783364128
564067182903440
564067720767490
564068809195592
564070973968385
564084126785668
564084366115336
564084915339536
564085980794912
564088120820738
564118319804424
564118469806112
564118755082498
564119325639681
564120334631440
564122487914564
564187055128705
564187177156674
564188011315744
564189052798980
564191266144520
564324485628418
564324678520848
564324897129476
564326494642433
564328640282784
565157843960324
565158104563784
565158642466960
565159731135520
565161895200770
565166293123585
565166426165250
565167238742112
565168337617156
565170455715976
565183487418434
565183609111568
565183875516420
565185485471873
565187698524704
565217897545860
565217998159937
565218237747232
565218786804232
565221992431888
565286583927816
565286686171424
565286961152130
565287493601281
565288630354000
565290727395332
565423989868576
565424425017872
565424995959042
565426004234248
565428158071809
567356740896772
567356862759041
567357128901152
567357697171720
567360952468496
567365347590274
567365450367056
567365725073412
567367394461697
567369491677472
567382495068688
567382645411848
567382930129921
567383500537924
567384509513986
567416862540033
567417054962178
567417794232480
567418871219204
567421016492040
567485640478752
567485979967760
567486529471490
567487594791432
567489734910017
567623147389188
567623481950344
567623960234000
567625059401824
567627177037826
571754778992800
571755190161424
571755711431170
571756788582408
571758933475585
571763362103364
571763511534593
571763797002272
571764367200264
571767529685520
571780544614401
571780683040770
571781482546208
571782570508804
571784734834760
571815036719108
571815311246344
571815843864656
571816980529440
571819078189186
571883621779472
571883754897544
571884089901569
571884567658756
571885666447362
572021075607816
572021197111840
572021463334978
572022031712385
572023072916496
572025286436868
580550866243586
580550998894608
580551333642500
580552910569985
580555028578400
580559462074376
580559655403680
580559873016322
580560394141953
580561471279120
580563616465924
580576667042080
580577044987984
580577577271426
580578713805832
580580811212801
580611009954832
580611131605256
580611397918849
580611966765060
580613007540290
580679716839940
580679855312897
580680116470816
580680654520392
580683906973840
580817218732097
580817319625730
580818107904032
580819173261444
580821313913352
598134326109504
598615361847346
626721627835520
633533453303808
643764085325824
654089159442432
668507633664000
668820897269248
703687441779110
703688381306112
727876697677824
738871814330368
738871825399818
752618125131776
774056265646400
774142085963776
792754862948352
844424969985024
844424999100416
879609323192348
879734393143296
914795285135360
914819444113419
915139821830144
945579999887936
985454476268160
1126458388939792
1126458522337544
1126458856636545
1126459334731780
1126460433645634
1126466985148704
1126467396182096
1126467917840514
1126468994270216
1126471139723265
1126484293451844
1126484567691272
1126485100347920
1126486237251616
1126488334205186
1126518533654536
1126518654771360
1126518921363970
1126519489462529
1126520530800656
1126522744226820
1126587240284225
1126587378566146
1126588177518624
1126589265903748
1126591430140424
1126724741902338
1126724842620944
1126725081760004
1126726696960513
1126728836612192
1127008143804418
1127008294142096
1127008578863620
1127010158252033
1127012311827488
1127016799928456
1127016900460640
1127017139425282
1127017688924673
1127018754246672
1127020894363908
1127033914532384
1127034382320656
1127034860601410
1127035959771400
1127038077403265
1127068276424976
1127068414788104
1127068676390977
1127069213917316
1127070302217218
1127137000558596
1127137192978433
1127137411334432
1127137932248072
1127141154504784
1127274464166913
1127274566942978
1127275374839840
1127276511035460
1127278608257032
1128107721883744
1128108061362192
1128108610588674
1128109676036232
1128111816065537
1128116261094404
1128116383121665
1128116648968352
1128117217282056
1128120472113168
1128133432510465
1128133625397378
1128134364758304
1128135441526788
1128137587164168
1128167919093764
1128168253563144
1128168732230672
1128169830679072
1128171948867650
1128236504326288
1128236654329928
1128236939612161
1128237510164996
1128238519158786
1128373946450440
1128374085095456
1128374345991170
1128374883852353
1128375972282640
1128378137051268
1130306878967812
1130307096953864
1130307618144336
1130308694999328
1130310840361090
1130315268526081
1130315418699778
1130316274082848
1130317282820612
1130319437103176
1130332452029442
1130332589924624
1130332851273860
1130334477484097
1130336641634336
1130366840610884
1130366943429633
1130367218223136
1130367751032840
1130370984608272
1130435528753416
1130435662316064
1130435996319810
1130436474454145
1130437573608464
1130439691536388
1130572982321312
1130573370757136
1130573938688514
1130574979803144
1130577193599233
1134704757641224
1134704860350496
1134705135583490
1134705667867649
1134706804400656
1134708901806148
1134713456623748
1134713717785096
1134714255835408
1134715344523296
1134717508289538
1134730560962820
1134730661855745
1134730900734048
1134731450130568
1134734656145424
1134764854871072
1134765289783440
1134765860259842
1134766868955208
1134769022709761
1134833589830146
1134833711484944
1134833977795588
1134835587416321
1134837801025696
1134971020509264
1134971213841416
1134971431454721
1134971952582660
1134973029712002
1143500833825025
1143500955517442
1143501790380192
1143502831879172
1143505044932616
1143509441053200
1143509543301128
1143509818278913
1143510350725188
1143511487480066
1143526587908168
1143526737871904
1143527023060994
1143527594004481
1143528602271888
1143530756112900
1143560955003010
1143561148170320
1143561366081540
1143562964060161
1143565109952800
1143629833847044
1143630073430152
1143630622492688
1143631687721056
1143633828122626
1143767107373060
1143767240409217
1143767574790688
1143768052990216
1143771269964816
1161087768597632
1164932576968704
1188028219392000
1196268671993728
1196270186135552
1210012546916352
1231453100785664
1231813800364160
1266637395874112
1266714704616960
1301821767909396
1301821852223744
1301822170226688
1302249116532736
1337006139572259
1337006176080000
1337066940006400
1407469373136896
1407806259331072
1442559255646758
1452454860496896
1477743641362450
1477748459575552
1548112371909901
1548115165315072
1638272326172672
1688849907253248
1688855030792192
1724034284781601
1724036916709952
1747149746339840
1759218604552704
1759218604720149
1829590709305344
1829965305790464
1831236616060984
1970329266160832
1977471662718976
2040865463730176
