344120
925762
1122504
2114059
2141188
13108740
16909340
34085896
39061632
85196833
100663728
117458432
157294600
206176512
268567938
340792320
421005312
541163904
543163457
603979918
604033040
1090593040
1216430208
1342317057
1346371684
2153250825
2189443077
2215665666
2248347648
2819752960
4297130082
4303499280
4303667456
4331671553
4362603010
4597023240
6182404098
6442975680
8589952070
8606894080
8725201425
8793622528
9128378528
9151971337
9160626432
9672196356
11811172384
17179935045
17247371780
17284759560
17448829584
17721982994
18790484001
19465830912
21610364992
23890756612
25937715200
34359748192
34359854081
34362000000
34372517920
34498185218
34570502148
34963718913
35702472960
36792439296
37648073744
38654969873
44058034176
45105807424
51547998728
51624083456
51675942912
68719493924
68726849568
68753035906
68987913257
69805805576
69843681312
70950846532
71404388864
73022833217
73618686976
79456962561
86201352256
86436294656
103146330144
103767081088
111937585172
137441247249
137443148376
137447381056
137590018080
137841885186
137984475156
138513776645
139586454664
140660441856
141767606340
142407107072
146029412626
155693096968
157353508864
167516307456
171801839872
171803160576
214765151232
274878959668
274879217930
274882107905
274894686370
275022643201
275180322816
277029848096
277042299137
277061566466
279173472257
279177084940
284563079168
292059398144
301184582208
343622877184
343731611712
348160790784
379030863875
412358811680
412585821248
420973907976
549775212832
549823062056
549894230160
550028533760
550041026641
550830084672
551911691266
554068639746
555124524289
564788331008
567070425094
584149143556
584652439586
618476095488
618542432385
627207831584
687463203084
790274048512
824635885576
825976946816
833223925764
910537392128
1099516362882
1099532894720
1099545190932
1099645879488
1099788519680
1100585392132
1100596903952
1100623183873
1102208573440
1104276357136
1108106936384
1108177616896
1133873463333
1155346202882
1168248410128
1202590883848
1236967375168
1245811048576
1254130456064
1391577792644
1649871487040
1653566605344
1786841669632
1926292865040
2199025615236
2199358833216
2199560193060
2201171824768
2201976045592
2202253395968
2203322580993
2204475850760
2207617386760
2207621599744
2216207327392
2233517474824
2267743782208
2284941476352
2336495797250
2346125951040
2405190205568
2473901687336
2474508288000
2474975040512
2508294520848
2628520249344
2748780251140
2751062868032
2765967425536
2821827076096
2886754897921
3317929345025
3368596799488
3891257147392
4398047135776
4398064353424
4398084269312
4398138790144
4398214283306
4400228598336
4402341745184
4402344099864
4403416465408
4407710482560
4409052905472
4415262097536
4415499272193
4416308511808
4432473374792
4466766122496
4466900467984
4467103629314
4535485522432
4539780432003
4552665465120
4677789812736
4707284684928
4810382245892
4947805733888
4948741881856
4999341940752
5087455873024
5499168751880
5772436111874
6597078155313
6597623414850
6605760364548
7696587689984
8796093842448
8796095123624
8796109867584
8796126724360
8796227249155
8796261941248
8800447234048
8800924893256
8805488459776
8805756700168
8813558104074
8814352924928
8815420506192
8830453088386
8830555529216
8864812634117
8869111726096
8933600133760
9002251714656
9070979318544
9070987751424
9074729025540
9105599121408
9354472325312
9367390785536
9895873617952
9896141521041
9981505046528
10445369245696
10995116871936
10995118376978
10995150094849
10997280555040
11132693643268
13194139797516
13194747707424
13195246833680
13202738905090
14297946145792
17592186110625
17592212390400
17592238735376
17592253521920
17592320330768
17592323408002
17592457236480
17592731304288
17593293350914
17595411513344
17596497794112
17596615254048
17600776373249
17603057680396
17626546864208
17629232300032
17631113379968
17674866262016
17729713078274
17747074416640
17867131191488
17901423691012
18073222397968
18141942391936
18144391331872
18150599950592
18177509687296
18210661335114
18691766879240
18691873837056
19791360327936
19791779741824
19809462910996
20895017467904
22007412461570
22059489951745
22265378906120
22544291725316
26388280397824
26389428305921
26457401197056
26526255417344
35184372361504
35184372826624
35184378511366
35184380510252
35184405972032
35184409858080
35184506309252
35184648930320
35184690864256
35184925737520
35184984590336
35185177919493
35185445830866
35185582146592
35186519867395
35186654322704
35192972582912
35197391245312
35201556678720
35201594949888
35218731962688
35218748882948
35223564722176
35253125154832
35253226848264
35392680103936
35738424983680
35742986274818
35751844643848
35872665763840
36294621136128
36302137491456
37383412124673
37383596736514
37525397700640
38757784903680
39582418669577
39588882022400
39652211826692
39865886572560
41231720120320
43980736692288
44135083950081
44324130127872
50611894648832
52810926784514
52862457741440
53053584574464
55525341397504
57312177815616
62672162848772
70368744202625
70368745245728
70368751321088
70368761512068
70368779436048
70368853229634
70368887054848
70369818181705
70370105245696
70371428534530
70373044388608
70376428142592
70377401287808
70377603629064
70378009411584
70385941087488
70386200875040
70390756016256
70403103920154
70411694385152
70438036176900
70506183204870
70508603375616
70523497250832
70541616611488
70579197577224
70643622170688
70644762970112
70944271892481
71193923682304
71470404599812
71502917534720
71537042538496
71743267930400
72018011619976
72606432624640
72636621651969
74766792819008
74766924911620
75317624438786
76966082381952
79164837331490
79714593030164
81364935254016
88029658121216
89077621727296
90159953674248
92367583445024
97031938899968
105553187569681
105699178709504
105832289141762
114351365161088
123146912927744
140737489576192
140737524009504
140738192998480
140738564296704
140738595652740
140739646325000
140739837198368
140741854634048
140746095068032
140754677268481
140780505268226
140806210199553
140806216222726
140847010037760
140874927319184
140876538068992
141012500676612
141012640989200
141287253622848
141289928786048
141295838331904
141839415902274
141841313955840
141862769852432
141871494464000
142111878939649
142936533696512
142936914276352
142937585352994
142970871349441
143486335057936
144036560144384
145135539191944
145135669102593
145170164088864
145212844281920
149533648489728
149534806376448
149542173933572
149568486379520
150495654051842
153933775446016
158330009960452
158331821887505
158501506646024
158608847307264
158896626862080
159497909698816
175926155411732
175939040322050
176059301232640
176196755128392
177021439185024
211106232932352
211157776334852
211176025752080
211656021967104
213590871113728
216741238013952
219906888957953
281474976989888
281474979334273
281475027044612
281475136094226
281475253665864
281475513608200
281475784376352
281476055040016
281476092428800
281476185723136
281477124849700
281492156778498
281492173389920
281502155800576
281510410256396
281526517367936
281543705108736
281543717175297
281614563156033
281616711176192
281758452943872
282024749568008
282044059894016
282162171479088
282338265137216
282574756810753
282587910111236
282643344195584
282712028217344
283674306674688
283680442744832
283682589941776
284773511725824
285873224556672
285873308500992
285915977089536
286148974886944
286972534851664
288209486479368
290271073931330
290279659667745
290341970248704
290442885332992
299067168006148
299067699627522
299088637591561
299342175666176
300168838643840
308413013721088
316661563392520
316693876310017
317071665660288
317758861475874
325460810532864
351843730391041
351921030561794
352118601031680
365055040815104
369436175368464
389227116232772
422212465623050
422216768422048
422504556400640
422762220880389
424411490436096
492581830000640
562949953568865
562949956648964
562949962076289
562949962399824
562950021066756
562950087639874
562950223175696
562950322522113
562950490834176
562950528172544
562951566139520
562954281959442
562954399383557
562967133296912
562967158480896
562977870708866
562984332035074
562984850032708
563018740072712
563040148258848
563087393558530
563087560671360
563088470313984
563226039287832
563231349276672
563267781034016
563499726209152
563499988156928
563517996662784
564050605900320
564324343613440
564667940340740
565149048258560
565153271645824
565200784850944
566248496693258
567348004159508
567451121090560
568456101502977
570371656909056
571754720264208
571887780372736
572038104286208
572330161995785
576144229400576
580542139500680
580542139727910
580550733664256
580560057532416
580613006565376
598137815236608
598138620870664
598684081365056
599405635829776
600411195047936
615726513651969
633320847179824
633387421270208
634422504292352
635517771190272
650945243398656
703687978713091
703700327729152
703756446498816
703842062696512
725678748598272
738871960666112
774056185963528
844424997405696
844433555718152
844768528564736
848825661001728
853221291589764
915343564343296
985196778488064
1125899907371043
1125899908964432
1125899909007104
1125900041196040
1125900175376402
1125900577939716
1125900712153280
1125900997362182
1125902054328424
1125904755539968
1125908500971653
1125912791752714
1125917120267281
1125917153839232
1125994396156160
1126002987499520
1126043789295632
1126107340341248
1126174793285634
1126175892046144
1126176932242048
1126449797201921
1126459863203856
1126466843574816
1126484030783872
1126587141455872
1126999418735618
1126999469850632
1127017137831936
1127308727418880
1128099005604864
1128099199598593
1128107522261024
1128169801252866
1130297954416640
1130301176676353
1130470288917504
1131397733548036
1134697074262144
1134698483154944
1134730493820976
1134833447272456
1139712538443776
1143492634214408
1143496387987712
1143526469410817
1143560846508032
1144729043501088
1147890206507536
1161084364947456
1161376739360768
1163283302453264
1169880942379010
1196268680382464
1196273013096484
1196818406966336
1200666731364352
1206172845608960
1231453023633672
1266637395492932
1266639559984128
1266646295511040
1266981529452576
1273255939801088
1275433492431360
1301856127092736
1407374894043140
1407374952235072
1407379316933632
1407443603030168
1407512590944768
1460160031637504
1477780134985728
1549212957286400
1688850406604800
1688858450985472
1688889588715520
1689951653609472
1717437162586176
1728432278864032
1759630921302017
2251799814735939
2251799817946122
2251799822114946
2251799948296352
2251800082452484
2251800251990272
2251800887714816
2251801525485568
2251801962283296
2251802034569344
2251805182427184
2251808405722128
2251812765712385
2251816996831240
2251818084077696
2251834177634576
2251838469047296
2251851890458624
2251868533391424
2251872829177988
2251937286277120
2251971889201153
2252075362684930
2252091938578688
2252349569534720
2252349611442200
2252350127341572
2252899326099713
2252899350479904
2252900131668480
2252905767768072
2253251546185728
2253998836949005
2254273727430720
2256197910560769
2256234367418374
2256404023345152
2256747616161792
2258398091411968
2260595911043072
2260613120131108
2260664636686336
2260744083111936
2261730851815488
2263344954213376
2269392001827396
2269392017047560
2270491511488530
2282586139263360
2286986870145088
2287027135447176
2287052922028290
2287121691837444
2287808819494945
2322170705348097
2322477813334016
2324384761004034
2326567141310480
2330964852211720
2340447938936832
2358452443678720
2392537377604096
2392538644219912
2392623335605248
2410138614898688
2429920731070464
2462906046742624
2533274924662788
2533279102149120
2533413305188354
2533833136734208
2553100426543104
2572857217646592
2682808372822032
2814751931631616
2814784261136384
2814887742930984
2816948793016320
2819152377020480
2832341987755008
2858730232222208
2955762133385344
3097341439508480
3377699721054228
3377708461457472
3377978895761408
3380998255476864
3395311242313728
3412885171601408
3448137452625920
3518574647841024
3659175234240513
3941199496871938
