127
11602
22805
58002
98762
99636
100877
110673
120992
164577
169030
175144
198803
203584
214104
279729
297172
397874
406785
458924
563226
567681
606405
657702
787788
811106
823333
852753
1098892
1189957
1257482
1313354
1577283
1581272
1582880
1737745
2715904
5032960
5537848
6291921
6293033
6294038
6464256
6504482
7443456
10360832
10486626
10486938
10487973
12583628
12585227
12588144
12763156
12873856
18879045
18880898
18883622
18884633
19447856
20007424
20054098
20977708
20981128
21528649
25174211
25176836
25396352
25755676
29753377
36044821
37751010
38830087
39206976
39858248
41945681
41983232
42025856
42598504
50336787
51437824
52757760
63455234
71893074
76090880
76759041
77598988
77873232
78684288
79700997
83887457
83917824
84213767
84296448
85098532
88089136
100672070
102763568
104337920
104861844
113344520
118753408
134397963
139479424
141164568
143917069
145097088
147095618
147329792
150999384
151537280
153399296
155271185
157289536
167776673
168057344
168895616
169345076
184647776
195035656
202194952
203423976
205718784
227155968
377487395
392298496
413253632
420937728
478155904
707952640
805307220
805315595
805355558
805734656
805869056
806027297
806642176
819987712
855638072
977272897
1342181992
1342369792
1343356956
1363148870
1377831680
1400906752
1482694784
1545109504
1610817920
1611546628
1611677808
1621098569
1637122048
1646269568
1652555798
1681922304
1697185792
1761607717
1811949056
1879133184
2416287872
2445281408
2451570788
2487222297
2707423235
2722106880
2753561472
2756755456
2776629316
2785476608
2829064192
3103793408
3221232260
3222405155
3222557696
3261366272
3368026152
3374465024
3456106576
3758108738
3758194712
4295649792
4608753664
4630524672
4699717646
4833431680
4887478272
4905238564
5041553432
5100274912
5125586944
5368719412
5369794048
5537202176
5586813312
5637538432
5905580810
6443106388
6443729152
6488596736
6492782666
6527156224
6710886706
6711164933
9076473876
9235869696
9265840128
9395568706
9664016896
9675751424
9701425201
9839839360
10033053696
10221519488
10737714944
10738513920
10762928128
11005854346
11274289301
11274291528
11274445824
11442061346
11811749924
11886821376
12885363712
12885999649
12943622180
12985566848
13023327232
13153339780
13222543425
13422559280
13958647815
15032394336
16379805696
17857527808
17986294016
18324258816
18442358784
18522055173
18792065024
19328991872
19387252736
19400763392
19595984902
19864518721
20401097738
21474841240
21577678848
21613248547
21743278146
21743322368
22011710469
22012788754
22548594764
22561947648
25769808676
25770729600
25845301322
26038534156
26039420416
26048725040
26359103552
26843546832
26843646208
28055699524
52076724224
53561262080
58269368320
68719479608
83351306240
93415538705
103079220624
103079870477
103080460336
103080567808
103091798054
103115669504
103133741136
103165199872
103230220416
103288930369
108280152064
112206020634
113011335424
122406568040
164819370024
167939932160
171799421952
171813928960
171834352000
171849449472
171884167168
171932913408
171935006804
174752268288
177167745024
186831077388
206159659520
206204568704
206230650880
206250704936
209658576896
210990277248
212600887552
223606748160
309311373312
309313145216
309382358016
313046073344
313801048152
314070925312
314606366848
318142152704
318902140928
326954387072
327491256370
337155997696
343597760768
343702242048
343767253058
346282426368
353261067264
354603237409
356483923968
377957130769
412371396608
412493168640
412534968832
418490875908
430111195136
431912649472
446676604934
446710153257
481036338784
481036880000
549757485090
584212025344
584292040704
588947399936
589752696865
594852973696
604517302272
618475300036
618475967488
618544726016
618615799813
618634675456
618711236608
628138967138
629762162688
636192030772
636728902528
648540071936
652835424768
687194772162
694209740800
696323276800
696931844096
704643072026
721554516040
721554559232
721555816465
755914522630
755914801232
824634151040
827854946317
829352312832
834566029312
842083860480
848256046080
858993606721
858994053632
898797404160
962072756272
1099511638158
1133877662336
1134019346432
1136129998848
1151051249920
1159909605379
1171540410368
1173868347392
1185679818752
1188095329536
1202590845985
1202591170628
1240171816064
1243552415744
1245808962048
1271310467090
1271331291141
1305670058402
1315333734420
1374390648857
1374418896384
1374465032244
1374561501196
1376806060032
1381368858752
1393180344320
1404538191872
1408768147466
1443109023784
1443109797891
1443261087744
1511828783176
1511830066176
1649268244864
1649268819456
1650276171776
1654637346816
1660004859960
1668900978688
1683627180812
1693441851392
1717987973248
1718255353929
1786807648256
1842540970112
1924145352978
1924145400320
1924156489728
2199023261897
2199024631905
2233383354386
2240500727808
2246536495104
2277138513920
2287539847168
2294611443712
2302103062784
2302103535682
2302144418304
2336462214186
2354984257664
2360084676608
2370821956132
2370823131264
2405181688323
2405187977264
2405325864960
2473993486336
2474001825818
2474086498304
2477122398464
2488944033792
2491886338065
2508260905312
2508260982796
2542621032528
2542641614976
2547452477474
2611340214912
2611340403712
2748779072540
2748925880320
2752805601792
2759633928192
2767032991744
2783139594280
2783178654720
2783340134406
2817518731264
2886218186757
2886238995200
3023658164736
3023698919492
3023728279585
3298536325126
3298608824320
3316788499968
3317862236197
3320588533760
3332978704384
3333699928448
3367254409240
3367355023456
3380139262720
3436112576512
3438390837248
3573448448000
3746293612544
3848291263488
3848458470016
4432676798593
4432679142416
4432683599904
4432692514880
4432708280322
4432741859588
4432809034248
4432946274320
4432947839108
4432951578626
4432960160288
4432976807937
4433010263048
4433077354816
4433482121504
4433484202498
4433489428616
4433496907780
4433514071104
4433547366401
4433614276624
4434555896384
4434558062624
4434562139140
4434570543248
4434587549960
4434621892610
4434688483329
4436703446018
4436706459905
4436709875776
4436718012424
4436734836896
4436768850448
4436835471364
4440998545412
4441000452104
4441004605953
4441013485826
4441029758992
4441063424192
4441131451424
4449588744200
4449590347840
4449594638608
4449602962433
4449620722180
4449653252128
4449720598658
4467036782912
4467038683680
4467042844804
4467051733008
4467067995144
4467101667330
4467169691649
4467305481248
4467307086082
4467311386632
4467319703556
4467337461952
4467369984513
4467437342736
4467841847300
4467844188168
4467848642817
4467857556482
4467873317392
4467906912320
4467974078624
4468915701776
4468918722564
4468922122754
4468930265376
4468947095553
4468981104776
4469047723072
4471064101384
4471065677888
4471069410320
4471077994625
4471094640900
4471128098848
4471195197442
4475358085250
4475360248833
4475364329536
4475372736520
4475389747232
4475424080144
4475490664964
4483947995137
4483950067856
4483955298336
4483962765888
4483979937794
4484013229060
4484080140552
4535756521986
4535762420800
4535770742920
4535788503328
4535821027344
4535888388100
4536024498433
4536026661392
4536030740640
4536039153728
4536056153090
4536090497028
4536157079560
4536562354240
4536563933216
4536567661060
4536576246032
4536592896008
4536626348162
4536693441537
4537635069960
4537637404864
4537641865232
4537650774529
4537666537476
4537700123680
4537767297282
4539782795296
4539784693762
4539788853512
4539797734404
4539814003264
4539847680001
4539915698320
4544077530128
4544079610116
4544084844546
4544092309536
4544109478017
4544142770696
4544209686592
4552667562116
4552670577672
4552682131458
4552698961936
4552732967232
4552799584800
4673196000260
4673197572360
4673201315841
4673209894914
4673226539152
4673259995712
4673327091744
4673463648392
4673465549888
4673469712400
4673478594561
4673494867972
4673528529184
4673596555778
4674000388609
4674003406864
4674006811680
4674014953664
4674031780098
4674065795076
4674132418568
4675074035714
4675076114433
4675081339200
4675088811016
4675105980960
4675139280912
4675206185092
4677221499152
4677223842308
4677228298370
4677237219360
4677252973569
4677286563848
4677353736256
4681516982336
4681518579872
4681522876420
4681531195920
4681548957704
4681581478914
4681648832769
4690106452000
4690108620802
4690112692744
4690121097476
4690138107968
4690172444801
4690239030288
4948072892424
4948074979392
4948080198160
4948087668993
4948104843268
4948138131616
4948205044738
4948341428288
4948344440864
4948347846916
4948355990544
4948372816392
4948406837250
4948473446529
4948878688400
4948880294916
4948884588546
4948892913696
4948910678017
4948943192328
4949010547264
4949952168961
4949954068752
4949958238240
4949967112256
4949983379586
4950017049092
4950085079048
4952099463172
4952101617800
4952105701377
4952114102786
4952131110928
4952165450816
4952232034592
4956394373664
4956396720130
4956401173512
4956410085508
4956425847104
4956459436033
4956526616592
4964985340162
4964986913281
4964990648512
4964999241736
4965015880736
4965049339920
4965116430340
5189931106304
5497828741136
5497830901764
5497834979586
5497843385376
5497860391425
5497894739976
5497961316544
5498097140228
5498099224584
5498104448001
5498111918210
5498129088784
5498162382912
5498229301280
5498634248194
5498636140673
5498640306240
5498649182728
5498665453600
5498699121680
5498767147268
5499708768416
5499710342146
5499714078728
5499722665988
5499739316288
5499772764417
5499839857168
5501855729665
5501857341456
5501861626400
5501869949248
5501887713282
5501920231556
5501987587080
5506150301960
5506153316928
5506156724368
5506164875265
5506181694468
5506215710752
5506282326018
5514740122688
5514742464800
5514746929156
5514755835920
5514771595400
5514805182978
5514872360961
5772436054912
5978594672640
6597340438560
6597343445122
6597346856968
6597354996228
6597405836289
6597472452880
6597608753154
6597611102209
6597615551040
6597624463624
6597640228896
6597673812112
6597740987396
6598145672200
6598147834176
6598151921680
6598160320513
6598177325188
6598211666464
6598278254594
6599219872004
6599221477896
6599225770113
6599234101250
6599251854352
6599284379712
6599351732256
6601366864064
6601368945696
6601374173188
6601381646352
6601398820872
6601432105218
6601499017729
6605662851073
6605664421904
6605668155680
6605676741696
6605693387266
6605726851076
6605793935496
6614253899780
6614258058242
6614266937504
6614283206913
6614316877832
6614384910400
8830723426368
8830726447136
8830729847300
8830737989904
8830754820104
8830788829314
8830855447553
8830991749152
8830994089986
8830998544648
8831007458308
8831023219264
8831056814081
8831123980432
8831528665220
8831530828808
8831534909441
8831560327184
8831594660160
8831661244960
8832602866704
8832604471556
8832608772098
8832617089056
8832634847361
8832667369992
8832734728256
8834749865992
8834751938752
8834757169168
8834764636673
8834781808644
8834815099936
8834882011394
8839045841410
8839047417857
8839051150400
8839059734664
8839076380960
8839109838864
8839176937476
8847634989313
8847636890128
8847641051296
8847649939520
8847666201602
8847699873796
8847767898120
8865084080272
8865085654020
8865089390594
8865097977888
8865114628097
8865148076296
8865215169088
8865351737348
8865353629832
8865357795329
8865366671874
8865382942736
8865416610880
8865484636448
8865888469250
8865891484161
8865894891712
8865903042568
8865919861792
8865953878032
8866020493316
8866962113056
8866964197378
8866969420808
8866976891012
8866994061632
8867027355649
8867094274064
8869109580801
8869111922960
8869116387360
8869125294144
8869141053570
8869174641156
8869241819144
8873405057032
8873406668864
8873410953744
8873419276545
8873437040644
8873469558944
8873536914434
8881994534976
8881996695584
8882000773380
8882009179152
8882026185224
8882060533762
8882127110273
8933802771464
8933804671296
8933808840720
8933817714689
8933833982084
8933867651616
8933935681538
8934071468224
8934073074720
8934077368324
8934085693456
8934103457800
8934135972098
8934203326977
8934607831568
8934610178052
8934614631426
8934623543456
8934639304961
8934740074560
8935681691649
8935684704272
8935688110368
8935696254016
8935713079810
8935747100676
8935813709960
8937830088964
8937831662088
8937835397249
8937843990530
8937860629520
8937894088768
8937961179168
8942124081184
8942126235778
8942130319368
8942138720772
8942155728960
8942190068737
8942256652560
8950713976834
8950716063745
8950721282624
8950728753416
8950745927712
8950779216016
9071241486338
9071243821185
9071248281664
9071257190920
9071272953888
9071306540048
9071373713668
9071510947841
9071512526864
9071516254752
9071524839744
9071541489666
9071574941828
9071642035208
9072046801984
9072048881952
9072054116356
9072061581328
9072078749832
9072112042498
9072178958337
9073120575752
9073122738752
9073126817936
9073135230977
9073152230404
9073186574368
9073253156866
9075268124832
9075271140354
9075282694148
9075299524672
9075333529857
9075400147472
9079563227152
9079565125636
9079569285378
9079578166304
9079594435073
9079628111880
9079696130240
9088153420292
9088155029512
9088159319041
9088167641218
9088185401616
9088217925696
9088285286432
9346119434753
9346121601040
9346125677600
9346134081728
9346151088386
9346185431044
9346252021768
9346387837200
9346389918212
9346395144322
9346402623520
9346419786753
9346453082120
9346519992384
9346924939296
9346926845954
9346930999816
9346939879684
9346956152896
9346989817985
9347057845264
9347999473728
9348001038496
9348004777988
9348013359632
9348030007304
9348063462402
9348130554113
9350146428930
9350148032513
9350152323392
9350160647176
9350178406944
9350210936848
9350278283396
9354440999940
9354444013832
9354447429633
9354455566338
9354472390800
9354506404416
9354573025312
9363030818952
9363033162816
9363037620240
9363046535169
9363062300676
9363095879968
9363163054594
9895875707168
9895877313026
9895881605256
9895889936388
9895907689536
9895940214785
9896007567376
9896143684610
9896145846529
9896149934144
9896158332936
9896175337632
9896209678864
9896276267012
9896681541640
9896683112512
9896686846224
9896695432193
9896712077828
9896745541664
9896812626050
9897754249220
9897756598280
9897761047041
9897769959682
9897785724944
9897819308224
9897886483488
9899901977152
9899903881248
9899908039684
9899916918928
9899933188360
9899966859266
9900034891777
9904196714625
9904198796304
9904204023840
9904211497024
9904228671490
9904261955844
9904328868360
9912786755600
9912789762180
9912793174018
9912801313312
9912818141185
9912852153352
9912918769984
10823321780224
10995386847236
10995388925960
10995394150657
10995401622530
10995418792464
10995452092480
10995518996640
10995655377416
10995658395712
10995661800464
10995669942401
10995686768900
10995720783904
10995787407362
10996192649217
10996194246800
10996198543392
10996206862912
10996224624642
10996257145860
10996324499720
10997266120834
10997268022273
10997272184896
10997281067016
10997297340448
10997331001616
10997399028228
10999413409808
10999415578628
10999419650562
10999428055328
10999445065729
10999479402632
10999545988160
11003708326208
11003710669344
11003715125380
11003724046352
11003739800584
11003773390850
11003840563201
11012299293728
11012300865794
11012304609288
11012313188356
11012329832640
11012363289089
11012430385168
13194140012544
13194187767809
13194231808640
13194282139748
13194294886400
13197093502976
13204071645193
13211588460544
13213466886172
13400501387264
15590731284480
17042430230562
17592187360128
17626816581634
17626818480129
17626822639936
17626831520776
17626847789600
17626881466384
17626949484676
17627085275649
17627086884880
17627091174432
17627099496640
17627117256962
17627149780996
17627217141768
17627621646400
17627623981216
17627628441604
17627637350928
17627653113864
17627686700034
17627753873665
17628695494792
17628698510400
17628701919248
17628710064129
17628726894596
17628760899872
17628827517442
17630843897888
17630845476866
17630849204744
17630857789700
17630874439744
17630907891841
17630974985232
17635137880336
17635140043268
17635144122498
17635152535584
17635169534977
17635203878920
17635270461504
17643727782916
17643729862920
17643735097345
17643742562306
17643759730832
17643793023552
17643859939360
17661176127496
17661178282176
17661182365712
17661190767105
17661207775236
17661242115104
17661308698882
17661444524096
17661446610976
17661451829764
17661459300624
17661476474888
17661509763202
17661576676353
17661981623312
17661983523076
17661987692546
17661996566560
17662012833921
17662046503432
17662114533440
17663056150785
17663057723920
17663061459104
17663070052416
17663086691330
17663120150532
17663187240968
17665203110020
17665204716552
17665209010177
17665217335298
17665235099664
17665267614016
17665334968864
17669497688096
17669500700674
17669504106760
17669512250372
17669529076288
17669563097089
17669629706384
17678087504386
17678089850881
17678094304320
17678103216264
17678118977824
17678152566800
17678219747332
17729895563424
17729897645058
17729902872584
17729910345732
17729927520320
17729960804609
17730027717136
17730164105218
17730167111809
17730170523712
17730178662920
17730195490848
17730229502992
17730296119556
17730701361416
17730702967360
17730707259536
17730715590657
17730733343748
17730765869088
17730833221634
17731774841348
17731776745480
17731780903937
17731789783170
17731806052624
17731839723584
17731907756064
17733922128960
17733924290848
17733928378372
17733936777232
17733953781896
17733988123138
17734054711297
17738217048065
17738219397136
17738223845920
17738232758592
17738248523778
17738282107012
17738349282312
17746808016912
17746809587716
17746813321474
17746821907488
17746838553089
17746872016904
17746939101376
17867336622084
17867340907010
17867349229856
17867366993921
17867399512200
17867466867776
17867602989060
17867605149704
17867609227521
17867617633282
17867634639376
17867668987968
17867735564448
17868140839042
17868142412801
17868146149440
17868154736648
17868171386912
17868204835088
17868271927812
17869213549600
17869215891714
17869220356104
17869229262852
17869245022400
17869278609921
17869345787920
17871361286145
17871363178640
17871367344160
17871376220736
17871392491522
17871426159620
17871494185224
17875656016392
17875658100800
17875663324176
17875670794369
17875687964932
17875721259040
17875788177410
17884246049088
17884249063968
17884252471428
17884260622352
17884277441544
17884311457794
17884378073089
18142212407556
18142214750728
18142219206785
18142228127746
18142243882000
18142277472320
18142344644640
18142481875976
18142483448128
18142487191568
18142495770625
18142512414852
18142545871392
18142612967426
18143017734145
18143019812880
18143025037600
18143032509504
18143049679362
18143082979332
18143149883528
18144091506690
18144093675521
18144097747520
18144106152200
18144123162656
18144157499536
18144224084996
18146239054352
18146242072580
18146245477378
18146253619360
18146270445825
18146304460808
18150534152384
18150536053792
18150540216324
18150549098512
18150565371912
18150599033090
18150667059713
18159124357152
18159125954690
18159130251272
18159138570756
18159156332608
18159188853761
18159256207632
18691968336897
18691971350800
18691974766624
18691982903360
18692033741316
18692100362248
18692236656784
18692239000580
18692243458050
18692252373024
18692268138497
18692301717768
18692368892480
18692773577248
18692775743490
18692779820040
18692788224132
18692805230912
18692839573505
18692906164240
18693847781440
18693849384992
18693853675780
18693861999632
18693879759368
18693912289282
18693979635841
18695994769666
18695996850689
18696002076864
18696009555976
18696026719264
18696060014608
18696126924804
18700290760708
18700292325512
18700296065025
18700304646658
18700321294352
18700354749504
18700421841184
18708879902728
18708881809472
18708885963280
18708894843137
18708911116292
18708944781472
18709012808706
19791480881728
19791482458144
19791486190596
19791494774928
19791511421192
19791544879106
19791611977729
19791748530464
19791750431234
19791754592392
19791763480580
19791779742784
19791813414913
19791881439248
19792285272068
19792288292872
19792291693057
19792299835650
19792316665872
19792350675136
19792417293344
19793358921744
19793360994436
19793366224898
19793373692448
19793390864385
19793424155656
19793491067200
19795506384904
19795508725824
19795513180432
19795522094081
19795537854980
19795571449888
19795638616194
19799801857026
19799803461889
19799807762496
19799816079368
19799833837728
19799866360336
19799933718532
19808393495568
19808397576224
19808405983296
19808422993922
19808457326852
19808523911688
21724481454080
21990234275842
21990267518976
21990303864320
21990404522002
21996138184704
21996675007872
21999518744576
22000969973827
22010902347776
24257975287822
24326694777088
24773371363408
26388396511488
26390871146496
26397745610752
26405995806818
26406533808128
26409754329088
26416196356608
26800596779008
26972394627712
27075501096960
27625229647916
27762668612608
28798829461504
30786325583920
31095563223045
35184473456640
35219002892292
35219004489864
35219008786433
35219017105922
35219034867728
35219067388992
35219134742816
35219270862856
35219273031744
35219277103632
35219285508353
35219302518788
35219336855712
35219403441154
35219810287888
35219814031392
35219822610496
35219839254658
35219872711172
35219939807240
35220881424642
35220883767809
35220888223936
35220897144840
35220912899104
35220946489360
35221013661700
35223029153936
35223031055364
35223035217922
35223044100128
35223060373505
35223094034696
35223162061376
35227323895872
35227325974560
35227331199236
35227338671120
35227355841032
35227389140994
35227456045185
35235913925152
35235916943362
35235920348168
35235928490116
35235945316672
35235979331585
35236045955088
35253362131970
35253364211969
35253369446464
35253376911368
35253394079904
35253427372560
35253494288388
35253630664833
35253633680400
35253637089312
35253645234240
35253662064642
35253696069892
35253762687496
35254167929408
35254169538592
35254173828100
35254182150288
35254199910664
35254299795457
35255241412616
35255243311168
35255247470864
35255256351745
35255272620548
35255306297376
35255374315650
35257388695840
35257390858754
35257394937992
35257403351044
35257420350528
35257454694401
35257521276944
35261683621904
35261685956740
35261690417154
35261699326496
35261715089409
35261748675592
35261815849280
35270274582532
35270276161544
35270279889409
35270288474370
35270305124368
35270338576576
35270405669920
35322081706256
35322084721156
35322088128642
35322096279584
35322113098753
35322147115016
35322213730368
35322350027780
35322352369928
35322356834305
35322365741058
35322381500560
35322415088192
35322482266144
35322886950914
35322889111553
35322893189440
35322901595144
35322918601248
35322952949776
35323019526276
35323961149472
35323962761218
35323975368964
35323993133120
35324025651329
35324093006864
35326108140033
35326110224400
35326115447840
35326122918080
35326140088578
35326173382660
35326240301064
35330404122760
35330405696576
35330409433104
35330418020353
35330434670596
35330468118816
35330535211522
35338993279040
35338995171488
35338999336964
35339008213520
35339024484360
35339058152450
35339126178049
35459520594112
35459522757664
35459526838276
35459535245328
35459552256008
35459586588930
35459653173761
35459789004832
35459791077506
35459796307976
35459803775492
35459820947520
35459854238721
35459921150224
35460326097156
35460327997960
35460332159105
35460341047298
35460357309456
35460390981696
35460459005984
35461400625680
35461402202116
35461405934594
35461414518944
35461431165185
35461464623112
35461531721792
35463547585544
35463549190464
35463553490960
35463561807873
35463579566212
35463612088864
35463679447042
35467842160642
35467845181441
35467848581696
35467856724232
35467873554464
35467907563664
35476431982593
35476434323472
35476438778144
35476447691840
35476463452674
35476497047556
35476564213896
35734399488032
35734401058818
35734404792584
35734413378564
35734430024256
35734463488001
35734530572432
35734667133442
35734669037569
35734673196096
35734682075272
35734698344736
35734732015632
35734800048132
35735203880968
35735206887616
35735210299408
35735235266564
35735269278752
35735335895298
35736277516420
35736279598088
35736284825601
35736292298754
35736309473296
35736342757696
35736409670176
35738424985664
35738427334688
35738431783428
35738440696080
35738456461320
35738490044546
35738557219841
35742720459009
35742722064912
35742726357152
35742734688320
35742752441346
35742784966660
35742852319240
35751309935632
35751312097540
35751316185090
35751324583968
35751341588609
35751375929864
35751442518080
36284154266120
36284156612672
36284161066000
36284169977985
36284185739524
36284219328544
36284286509058
36284423733568
36284425306656
36284429041796
36284437635088
36284454274056
36284487733250
36284554823681
36284959590416
36284961677316
36284966896130
36284974367008
36284991541249
36285091742784
36286033371137
36286035525776
36286039609376
36286048010816
36286065018882
36286099358724
36286165942536
36288180916228
36288183928840
36288187334913
36288195478530
36288212304400
36288246325312
36288312934560
36292476011552
36292477911298
36292482080776
36292490954756
36292507222208
36292540891649
36292608921616
36301066207362
36301067813889
36301072107584
36301080432648
36301098197024
36301130711312
36301198066180
37383666141185
37383668047888
37383672201760
37383681081664
37383697354754
37383731019908
37383799047176
37383934840848
37383936444420
37383940735234
37383949059104
37383966818817
37383999348744
37384066695360
37384471199904
37384473543682
37384478001160
37384486916100
37384502681664
37384536260865
37384603435536
37385545057344
37385548071200
37385551486980
37385559623696
37385576448136
37385610461698
37385677082625
37387693465602
37387695030401
37387698769984
37387707351560
37387723999264
37387757454352
37387824546052
37391987442180
37391989608456
37391993684993
37392002089090
37392019095824
37392053438528
37392120029216
37400577343752
37400579424832
37400584650896
37400592130049
37400609293316
37400642588704
37400709498882
39582418608421
39582670259200
39589204983808
39592619148544
39595303501866
39604430962688
39608477810688
39960400887808
40544492355584
41815801601024
41850162151424
43980538512512
43980637086208
43991202537856
44002084651008
44324062494742
44736379358208
45120242057216
45217415697152
46316927320152
46491141931008
48378511623697
52776558141980
52776650407953
52789482881024
52795449278464
52798301405193
52982871752704
53200686153728
53429393244160
55044300867200
57174604647170
57174605242496
61572651159683
61572651812096
61572652466244
61572852580352
70368745564416
70403375497480
70403377070656
70403380805776
70403389399041
70403406038020
70403439497248
70403506587650
70403643147328
70403645047072
70403649216516
70403658090512
70403674357896
70403708027394
70403776057345
70404179890192
70404182902788
70404194452512
70404211278337
70404245299208
70404311908544
70405253531649
70405255618576
70405260837408
70405268308288
70405285482498
70405318770820
70405385683976
70407400997380
70407403343880
70407407797249
70407416709250
70407432470800
70407466059840
70407533240352
70411696472224
70411698078722
70411702372360
70411710697476
70411728461888
70411760976129
70411828331024
70420285956098
70420288110721
70420292194368
70420300595720
70420317603872
70420351943696
70420418527492
70437734715393
70437736318992
70437740609824
70437748933696
70437766693378
70437799223300
70437866569864
70438002688528
70438004854788
70438008931330
70438017335456
70438034342145
70438068684808
70438135275584
70438540550176
70438542114946
70438545854472
70438554436100
70438571083840
70438604538881
70438671630608
70439613251776
70439615595552
70439620052996
70439628967952
70439644733448
70439678312706
70439745487361
70441760983042
70441762889729
70441767043648
70441775923464
70441792196640
70441825861776
70441893889028
70446055719172
70446057800200
70446063026305
70446070505474
70446087668752
70446120964160
70446187874336
70454645752840
70454648766784
70454652182544
70454660319233
70454677143684
70454711157280
70454777778178
70506453731332
70506455900168
70506459972097
70506468376834
70506485387280
70506519724224
70506586309664
70506722136072
70506724214848
70506729439504
70506736911361
70506754081284
70506787381280
70506854285442
70507259232385
70507261133840
70507265296416
70507274178624
70507290451970
70507324113156
70507392139784
70508333761538
70508335333633
70508339077184
70508347656200
70508364300448
70508397756944
70508464852996
70510480728080
70510482325636
70510486622210
70510494941728
70510512703489
70510545224712
70510612578624
70514775294528
70514778312736
70514781717508
70514789859472
70514806685960
70514840700930
70514907324417
70523365114144
70523367457282
70523371913352
70523380834308
70523396588608
70523430178817
70523497351184
70643892879904
70643894784002
70643898942472
70643907821700
70643924091200
70643957762049
70644025794576
70644161577218
70644163183105
70644167475392
70644175806472
70644193559584
70644226084880
70644293437444
70644697942024
70644700291136
70644704739856
70644713652481
70644729417732
70644763000992
70644830176258
70645771804676
70645774811272
70645778223105
70645786362370
70645803190288
70645837202496
70645903819040
70647920201792
70647921772576
70647925506308
70647934092304
70647950737928
70647984201730
70648051286145
70652214182913
70652216344848
70652220432416
70652228831296
70652245835906
70652280177156
70652346765320
70660804083856
70660806165508
70660811393026
70660818866208
70660836040705
70660869325064
70660936237632
70918770655362
70918773670913
70918777079872
70918785224712
70918802055200
70918836060432
70918902678020
70919038984193
70919041319056
70919045779488
70919054688832
70919070451714
70919104037892
70919171211528
70919575896384
70919578059296
70919582138500
70919590551568
70919607550984
70919641894914
70919708477441
70920650097160
70920651706432
70920655995920
70920664318081
70920682078468
70920714602528
70920781963266
70922797089824
70922799169794
70922804404232
70922811869188
70922829037760
70922862330369
70922929246224
70927093073936
70927094652932
70927098380802
70927106965792
70927123615745
70927157067912
70927224161344
70935682224132
70935684122632
70935688282369
70935697163266
70935713432080
70935747108928
70935815127200
71468526379072
71468528451744
71468533682180
71468541149712
71468558321672
71468591612930
71468658524417
71468794906656
71468797927426
71468801327624
71468809470212
71468826300480
71468860309633
71468926927888
71469332169732
71469333774600
71469338075137
71469346392066
71469364150416
71469396673088
71469464031264
71470405648656
71470407549444
71470411710594
71470420598816
71470436860929
71470470533128
71470538557504
71472552935560
71472555099200
71472559179792
71472567586817
71472584597508
71472618930464
71472685515266
71476847857666
71476850198529
71476854653248
71476863566856
71476879327776
71476912922640
71476980088964
71485438820865
71485440397328
71485444129824
71485452714176
71485469360386
71485502818308
71485569916936
72568037983248
72568040325380
72568044789762
72568053696544
72568069456001
72568103043592
72568170221632
72568307449988
72568309023752
72568312760321
72568321347586
72568337997840
72568371446080
72568438538784
72568843305474
72568845389825
72568850613312
72568858083464
72568875254048
72568908548112
72568975466500
72569917083680
72569919244290
72569923322120
72569931727876
72569948734016
72569983082497
72570049659024
72572064628993
72572067643920
72572071051424
72572079202368
72572096021506
72572130037764
72572196653064
72576359735304
72576361627840
72576365793296
72576374669825
72576390940676
72576424608800
72576492634370
72584949925952
72584951537696
72584955822596
72584964145424
72584981909512
72585014427778
72585081783297
74780480905216
74785581170691
74786287910912
75041882505216
75591424423936
76416116850688
77275052244992
79182583300096
79183090820352
79186580471844
80413062070272
80539226734689
81398373285888
81638739705856
83562883714054
83562884776704
83562984374344
87960930230704
87968515620864
87971936632832
88373247082515
89197882130432
89644557407232
92358976733833
92358976815140
92358988005376
92728343920640
96757024829440
96757029535754
99505802510336
105553118101522
105563048382592
105572712054864
106163538493440
106996225280256
107855290040320
107889622515712
109951181750272
110157321207874
114349209291456
114349285179392
114521009094656
115173843550208
118750481219584
123145302364672
123145303490600
123145314896896
123145438625857
123150134149126
140737488364361
140737488369699
140737490464384
140772118659600
140772120743940
140772125967362
140772133437600
140772150608129
140772183902216
140772250820672
140772387193092
140772390208008
140772393615489
140772401766402
140772418585616
140772452601920
140772519217184
140772924459010
140772926070785
140772930355776
140772938678536
140772956442656
140772988960912
140773056316420
140773997944864
140773999837314
140774004002824
140774012879364
140774029150272
140774062818305
140774130843920
140776145227777
140776147388432
140776151466272
140776159872064
140776176878082
140776211226628
140776277803144
140780440142856
140780442485056
140780446949392
140780455856129
140780471615620
140780505203232
140780572381186
140789031108800
140789032682528
140789036419076
140789045006352
140789061656584
140789095104770
140789162197505
140806478383136
140806480732162
140806485180936
140806494093572
140806509858880
140806543442049
140806610617360
140806747852802
140806749423617
140806753157440
140806761743368
140806778389024
140806811852816
140806878937220
140807283703944
140807285785664
140807291013136
140807298486273
140807315660804
140807348945184
140807415857666
140808357479428
140808359641352
140808363728897
140808372127746
140808389132432
140808423473728
140808490061856
140810505035840
140810508042400
140810511454212
140810519593488
140810536421384
140810570433538
140810637050113
140814800126465
140814802030608
140814806189088
140814815068352
140814831337730
140814865008644
140814933041160
140823390322960
140823391928836
140823396221058
140823404552224
140823422305281
140823454830600
140823522183232
140875198898177
140875200462992
140875204202528
140875212784192
140875229431810
140875262886916
140875329978632
140875466541072
140875468447748
140875472601602
140875481481504
140875497754625
140875531419784
140875599447104
140876003279904
140876006293762
140876009709576
140876034670784
140876068684289
140876135305232
140877076922688
140877079003680
140877084229764
140877091708944
140877108872200
140877142167554
140877209077761
140879224389762
140879226733569
140879231191104
140879240105992
140879255871520
140879289450768
140879356625412
140883519868932
140883521472520
140883525763329
140883534087170
140883551846928
140883584376896
140883651723424
140892109341192
140892111507520
140892115584016
140892123988097
140892140994820
140892175337504
140892241928194
141012636930056
141012639942720
141012643348752
141012651492353
141012668318212
141012702339104
141012768948354
141012905247296
141012907593760
141012912047108
141012920959120
141012936720648
141012970309634
141013037490177
141013442174992
141013444329604
141013448413186
141013456814624
141013473822721
141013508162568
141013574746432
141014516367489
141014517974032
141014522267680
141014530592832
141014548357122
141014580871428
141014648226312
141016663361540
141016665448456
141016670667265
141016678138114
141016695312400
141016728600768
141016795513888
141020959342880
141020960915970
141020964651144
141020973244420
141020989883456
141021023342593
141021090433040
141029548491778
141029550391553
141029554561088
141029563435016
141029579702432
141029613371920
141029681401860
141287515227200
141287516832032
141287521132548
141287529449488
141287547207816
141287579730434
141287647088641
141287783202976
141287785366530
141287789447176
141287797854212
141287814864960
141287849197825
141287915782672
141288321057284
141288322633736
141288326366209
141288334950530
141288351596816
141288385054784
141288452153376
141289393770512
141289396111364
141289400566018
141289409479712
141289425240577
141289458835464
141289526001856
141291541496072
141291543396928
141291547558032
141291572708356
141291606380576
141291674404866
141295836241922
141295838314625
141295843545152
141295851012616
141295868184608
141295901475856
141295968387332
141304426268673
141304429289488
141304432689696
141304440832320
141304457662466
141304491671684
141304558289928
141837270777988
141837272679432
141837276841985
141837285724162
141837301997584
141837335658816
141837403685408
141837539483656
141837541081280
141837545377808
141837553697281
141837571459076
141837603980320
141837671334146
141838075838721
141838078181904
141838082637984
141838091558976
141838107313154
141838140903428
141838208075784
141839149695490
141839152713729
141839156118592
141839164260488
141839181087008
141839215101968
141839281725444
141841298097168
141841299669252
141841303412738
141841311991840
141841328636033
141841362092552
141841429188672
141845592082496
141845594251296
141845598323204
141845606727952
141845623738376
141845658075266
141845724660737
141854181986336
141854184065026
141854189289736
141854196761604
141854213931584
141854247231489
141854314135696
142936782209282
142936784372225
142936788451520
142936796864520
142936813863968
142936848207888
142936914790404
142937050612737
142937052692752
142937057927200
142937065392192
142937082560642
142937115853316
142937182769160
142937587716160
142937589614624
142937593774340
142937602655248
142937618924040
142937652600834
142937720619137
142938662242312
142938663821376
142938667549200
142938676134145
142938692784132
142938726236320
142938793329666
142940809200160
142940810809346
142940815098888
142940823421060
142940841181504
142940873705473
142940941066256
142945103773840
142945106789380
142945110198274
142945118343200
142945135173633
142945169178888
142945235796544
142953693601796
142953695936648
142953700397057
142953709306370
142953725069328
142953758655552
142953825829152
145135559507968
145161842851840
146784802308117
147679497682944
148434214453248
149533650583571
149553177166976
149560626249728
150358215100160
151320288165888
153931627893258
153931628544065
153931699200256
153936241623040
154550104293376
155065499256960
158329674405028
158329674678298
158329911377924
158339625385984
159016869167201
159223077928960
159584610156544
160642514288640
162727733690368
162727804796962
162730405275648
164102111002624
167125768503305
167125788393492
168294074023936
175921860568064
175921931747342
175927498129408
175951925215252
177090093252608
177330609995776
178670639526016
180319907103104
180319907283016
180319948898352
184718105526272
184724395917345
185130370990080
185302069018690
193514056982784
211106283077632
211106326906880
211118043693074
211125559898624
211930866253862
212618067312640
215504279115008
215504430039052
215510721888256
217840741302272
219902325563525
219902326145064
219902363310080
220005404934144
228698419691600
228698490175488
228870359875584
237507396501760
246290605178948
246293490302976
246359324098585
268830861426688
281475211602176
281476050944064
281509607048224
281509609210114
281509613297672
281509621696516
281509638701248
281509673042433
281509739630608
281509875449986
281509877531649
281509882759232
281509890232328
281509907406880
281509940691216
281510007603716
281510412550664
281510418613264
281510427492481
281510443761924
281510477432864
281510545465346
281511487082500
281511488653320
281511492387073
281511500973058
281511551082560
281511618166944
281513634038080
281513635643936
281513639936132
281513648267280
281513666020360
281513698545666
281517928620033
281517931626640
281517935038496
281517943177792
281517960005634
281517994017796
281518060634376
281526518433808
281526520782852
281526525231618
281526534144288
281526549909505
281526583492744
281526650668096
281543966851588
281543969869832
281543973274625
281543998243088
281544032258112
281544098881568
281544235172104
281544237515328
281544241971344
281544250892289
281544266646532
281544300236832
281544367409154
281544772093953
281544774262800
281544778334752
281544803749890
281544838086788
281544904672264
281545846300674
281545847898241
281545852194880
281545860514312
281545878276128
281545910797328
281545978151172
281547993288720
281547995367428
281548000592130
281548008064032
281548025233921
281548058533896
281548125438144
281552289268800
281552290840864
281552294584324
281552303163408
281552319807624
281552353264130
281552420360193
281560878416032
281560880317442
281560884480008
281560893362180
281560909635648
281560943296769
281561011323408
281612686217280
281612688558112
281612693012740
281612701926416
281612717687304
281612751282178
281612818448513
281612955681312
281612957257730
281612960990216
281612969574532
281612986220864
281613019678721
281613086777360
281613493616776
281613498847233
281613506314754
281613523486736
281613623689504
281614565310608
281614567474180
281614571554818
281614579961888
281614596972545
281614631305480
281614697890368
281616712861704
281616715882560
281616719282704
281616727425281
281616744255492
281616778264736
281616844882946
281621007958274
281621009859073
281621014020288
281621022908424
281621039170592
281621072842768
281621140867076
281629598155777
281629599760656
281629604061216
281629630136450
281629730017288
281750125183233
281750127264272
281750132490400
281750139969600
281750157132802
281750190428164
281750257338376
281750393717776
281750396731652
281750400147458
281750408284192
281750425108609
281750459122184
281750525743168
281750930984992
281750932588546
281750936879368
281750945203204
281750962963008
281750995492865
281751062839440
281752004462656
281752006369312
281752010523140
281752019403024
281752035676168
281752069341314
281752137368577
281754151748098
281754153914369
281754157990976
281754166395016
281754183401760
281754217744400
281754284335108
281758446665860
281758449009672
281758453467137
281758462382082
281758478147600
281758511726912
281758578901536
281767037640712
281767039205568
281767042945040
281767051526657
281767068174340
281767101629472
281767168721154
282025003327504
282025005219972
282025009385474
282025018262048
282025034532865
282025068200968
282025136226624
282025273630728
282025277915649
282025286238466
282025304002576
282025336520896
282025403876384
282025808380930
282025810723073
282025815187520
282025824094216
282025839853728
282025873441296
282025940619268
282026882236704
282026885251586
282026896809988
282026913629248
282026947645441
282027014260752
282029030637697
282029032211472
282029035948064
282029044535360
282029061185538
282029094633732
282029161726472
282033324625928
282033326786624
282033330864400
282033339270145
282033356276228
282033390624800
282033457201282
282041914524224
282041916608544
282041921831940
282041929302160
282041946472712
282041979766786
282042046685185
282574759921666
282574761500673
282574765228608
282574773813512
282574790463520
282574823915664
282574891009028
282575027572737
282575029471248
282575033631008
282575042511936
282575058780674
282575092457476
282575160475784
282575567324192
282575570733060
282575578877968
282575595708424
282575629713666
282575696331265
282576637953032
282576640033088
282576645267472
282576652732417
282576669900932
282576703193632
282576770109442
282578785427488
282578787762306
282578792222728
282578801132036
282578816895040
282578850481153
282578917654800
282583080894992
282583082504196
282583086793730
282583095115936
282583112876289
282583145400328
282583212761152
282591670370564
282591672533512
282591676612737
282591685025794
282591702025232
282591736369216
282591802951712
283674271023240
283674272629824
283674276923408
283674285248513
283674303012868
283674335527200
283674402882050
283674539008064
283674541162656
283674545246212
283674553647632
283674570655752
283674604995586
283674671579393
283675076854032
283675078427140
283675082162306
283675090755616
283675107394561
283675140853768
283675207944256
283676149563905
283676151910416
283676156363808
283676165275840
283676181037314
283676214626308
283676281806856
283678297293828
283678299193608
283678303363073
283678312237058
283678328504464
283678362174016
283678430203936
283682592032800
283682594119682
283682599338504
283682606809348
283682623983680
283682657271937
283682724185104
283691182067714
283691185080321
283691188486464
283691196630024
283691213455904
283691247476752
283691314086020
285899866914816
286697759703040
287522290666752
288487047692288
290271069737412
290271287836738
290297376412672
291251396018176
292607611633664
292813690372105
293019848808960
295259674247168
299067303002112
299074142076968
299076021134464
299410774818816
300785149968384
302503137247232
303465209668096
303465251213440
303469772668948
307863255778081
307863256057984
307863291428944
307983783297024
316659348800166
316672770654208
316677602410593
317793220175360
320232962916352
321057395359824
321076722667776
325455443042304
325455462795520
325455483764748
334251534845002
334251535040517
334251604056064
335076168565120
336484968169472
348553775939584
351846136814592
351862314237952
351865195727616
351871638175753
352737879392256
354077103882275
355142255771724
356241767399706
356241767565440
356241768972293
356241788649472
356413566095872
357621525643264
360639883125248
360639957073920
361808045016192
369435932098656
369436074706432
369446107742208
369642065373184
387028131315712
387032656674816
387715371630592
422212465213540
422212582506505
422227497455744
422230762717184
422234627768320
422624781926428
422899831799808
423380696170578
424445849665536
424548927276416
425236122370048
426610511585448
426610511872006
426610512123904
426610714083328
426613732804096
431008583266304
431013928108032
431017416458274
439804651113489
439804651278592
439807068094464
439830421504000
457396838269696
457396843839488
457398447769728
457637355323424
492581210030720
492581345558576
492890446897408
538777877479424
562949953507843
562949953554068
562949954498596
562949954601353
562949957386496
562949961823752
562949979652168
562949989122113
562950024727169
562950025293824
562950091837578
562950091841812
562950096194048
562950121196553
562950138101766
562950154754116
562950154895408
562951027166624
562951127826476
562951296188426
562951565218304
562952369504328
562952505656832
562952637781025
562953175188224
562954785368064
562955322425378
562955343101976
562958543896598
562958543950976
562958811792664
562958818088960
562959080505353
562959349743744
562959755902976
562960727146496
562962838475008
562962857205888
562967368466432
562967401734306
562969293357074
562969364664448
562970355597316
562971697020944
562975723421761
562975760974208
562975875792896
563019763450176
563053033194112
563071292538880
563088533488704
563121753194506
563130610483296
563156111949857
563259192183808
563268519198720
563298114210304
563362270937154
563368784035840
563430990815488
563500248729604
563534068975138
563534068977797
563534138179608
563568429572096
563568470654986
563637148344448
563637149302852
563774594498560
563774729748497
563775124013160
564083875120256
564083961692160
564085168275456
564090267287552
564118222356480
564127185502208
564186914491392
564187071787008
564188515172352
564324343054342
564335080378880
564393131638912
564599220871760
564599239737377
565183347048448
565184947028036
565202663777280
565217697202197
565220917575680
565235412899840
565287239811072
565299301842944
565320876034048
565423892496384
565446537379840
565698733544704
565705174941761
565973610399874
566248488308912
566248489093632
566248563810560
566251172659210
567353637082112
576144093003816
577333798895616
580551266280192
584940192268356
589338368805120
589339843100689
589681830019072
602532372023448
602532373464064
602532515168256
603907566862336
606930454183970
606931844595712
607033497759744
615726511564896
615726530707456
615729197023232
617375850299392
620300651724800
633323262705664
637716760887377
637716781868032
637726407789056
638300859957248
639984486842752
642114801106964
642117206540291
642119622460928
650910883644677
650910992711680
650915178616960
651220142260224
651617405763584
668503069893120
668503094857984
668503209181184
668586821550080
668915386549376
669636941053988
703687443169408
703695503228928
703825971251204
705886687330304
706462259085312
708085489377792
708188567502851
712483534799216
721279628738592
721485786255872
722413499187272
738871814029330
738874229786880
741208276664320
743278519517184
774073903235072
775775246614528
844493666402434
848822976647266
848822995518208
848823052468224
852155875459072
853221023547416
853221058297856
853232834314304
857619338110976
862017116733443
862035369799680
862601232908288
864491017338916
879609453215784
880846252802065
884625824022532
914796358672512
914802583011328
985163223793669
985525343223808
993958513704960
1020346824135680
1055531175247880
1125899906994700
1125899933581696
1125899941527570
1125899942643840
1125899943116804
1125899974344777
1125899982639616
1125900046368840
1125900058116164
1125900058433536
1125900108177553
1125900109479970
1125900175280001
1125902054768672
1125902323421312
1125902592770054
1125904471041024
1125904471326788
1125905294426208
1125905380409346
1125906349305865
1125906485936128
1125908524045312
1125908700203520
1125909033658528
1125909033812048
1125909570528268
1125910108504065
1125912813371392
1125917090913408
1125917431185408
1125917623591192
1125918161010754
1125919234197040
1125919234984192
1125919255265280
1125920844824704
1125921383252008
1125925689238016
1125925777309701
1125929971892226
1125934438596608
1125947688358400
1125968627502336
1126037618462721
1126038486714376
1126071747477570
1126108212756549
1126175055808528
1126209245156352
1126243646833280
1126299338801156
1126312760578432
1126380947374090
1126484072728832
1126518382137889
1126527276154880
1126587238465536
1126587638841344
1126726956482626
1126742425075712
1127004250308675
1127033778299008
1127033849511976
1127036194127892
1127068138487844
1127068144247808
1127068339278080
1127069748562432
1127078876676096
1127136857425414
1127136858603616
1127136893075480
1127824052192392
1128133289838152
1128133432442928
1128167649747072
1128172225560576
1128236369838100
1128236520046601
1128245533605888
1128305088614400
1128399577810176
1128648685912484
1128648696397827
1128685194248192
1129198462697490
1129205958443008
1130297953684096
1130452580827137
1132497278664768
1134730376417282
1134850752970756
1134975181391872
1139094046638162
1139099415093760
1139104784334848
1144041982959680
1144591906504834
1147890191835136
1148714773397504
1152906661199896
1154762156277760
1161119715558400
1161223873757704
1161367881023492
1161635125281280
1162184931672192
1162767906275328
1165485009797216
1168780861390848
1169880384618496
1169880422285377
1169898357391360
1178676466059392
1178676633141248
1178677807153188
1180050854510672
1196268651029034
1196269733413122
1197368163631104
1198055357423872
1200666703825152
1203436951437312
1205064744189969
1209875124191232
1213861642371144
1213878235037696
1213963916280576
1233928534884352
1235851136729108
1240249116136456
1266659943780608
1271035543158784
1271037190733824
1271044300082176
1275433488222284
1275433488515456
1275433499885568
1275608508137472
1277701398724608
1284229581326592
1301821767288098
1301832504901632
1302096645200384
1302445074415616
1304055150280709
1337006139473923
1337031909179488
1337349737824256
1354598325560320
1372190532436096
1407374883565590
1407374883635241
1407409276977680
1407410321231936
1407529519155264
1407926795501696
1411772930171136
1411772967813156
1411773066380416
1411773819256832
1411991973396480
1416170976584800
1416170996236288
1416175540174848
1424967069930496
1424967141048320
1424972580913152
1425413746229248
1442568115585024
1442580730486912
1447232180060163
1477743628272896
1477761345650688
1504134054281220
1548112372563978
1551410906802176
1583296819494976
1688849860318224
1688849860667394
1688849860854368
1688849861313730
1688849871011880
1688849885462533
1688849915052544
1688849944150282
1688850533449746
1688851210829904
1688852377894912
1688854692102284
1688856319495168
1688867648307264
1689090512912384
1689124738173249
1689124757241856
1689193491202096
1689434781138944
1690378868637696
1690512012673024
1691066065486464
1691324029874176
1691598707097600
1697645995237504
1702078359536896
1710840227037217
1724103018956800
1728450532540416
1732834620899328
1780109325402112
1834672589897736
1838392585224192
1847196714532870
1899960423415808
1970462345134084
1979395946315776
1987917023021576
2251799813951012
2251799814230608
2251799835508864
2251799835840768
2251799850450984
2251799857735682
2251799882942720
2251799889739782
2251799964682290
2251800034934785
2251800619005956
2251801156157457
2251802279940608
2251804378202115
2251804415393792
2251804646113352
2251804729412096
2251805192884736
2251806257201176
2251808809156608
2251808951173120
2251809478443080
2251812698595601
2251816993554838
2251817129874688
2251817261992225
2251817568174090
2251819141578755
2251821288531458
2251821289703552
2251821355630704
2251825583652898
2251825852014592
2251838602872833
2251937253466624
2251937253770496
2251954499633668
2251971612378305
2251971681583138
2252006072778769
2252024226316288
2252109052411924
2252143478177868
2252212155711568
2252221257400320
2252263808565248
2252383929249840
2252401377542212
2252424999993344
2252452659200128
2252487058784268
2252624466288896
2252624648735744
2252899367567360
2252928318439424
2252933685608544
2252968044790405
2253036764268868
2253036965756928
2253037838008331
2253105502633984
2253174204284962
2253191651528832
2253208563090688
2253586532663328
2253998837597056
2253998868398084
2254033273487360
2254067589981440
2254067694977024
2254136359788672
2254139497119840
2254273714852869
2254316664523264
2254548592885834
2254548601749504
2254562551398528
2254703748449280
2255098348588160
2255167606030336
2257400618811392
2258396885811728
2264993955053600
2265011669966976
2265337550606592
2271608202920065
2273790046241128
2278188105335168
2279838702370816
2280421475794944
2291382232449036
2291382232573952
2291382303588417
2295780278992992
2295793432134144
2295798532413440
2304576415334400
2326577342906368
2327185079666176
2330964789297232
2330965491843072
2330971093346304
2330974315216896
2331548766437385
2339760762782848
2339763428266240
2339778997518360
2342239208472576
2357352930033674
2357353072566400
2357374455119872
2361201220648976
2392537302796288
2392550266634240
2396936153858066
2396953602162724
2401333395072024
2401336079499264
2403669857271814
2410129639080704
2410541806125056
2413428060717056
2427721674920192
2427739123515392
2430195575291944
2433358818705408
2445322986979329
2462906046220680
2462906215301120
2462911414927425
2463121063018496
2533275866275844
2534374304252096
2537672837968896
2537672849492480
2537672887894016
2537674179084672
2537674984390705
2537681963712580
2542070883567104
2542090311434240
2550866976981004
2550867781844992
2550877734830080
2555952217718786
2568459162489353
2568459163042944
2568459332370432
2568464531193874
2568802761179136
2603643534901268
2603749835014144
2604193291485184
2674012421357571
2675696442802176
2676280090689536
2814749771302720
2814749776281665
2814749780811776
2814749783884004
2814749800669729
2814749836452864
2814749838688258
2814749851090960
2814750069164160
2814750480138496
2814751650349088
2814752988594312
2814758893915138
2814766949072909
2814767501017088
2814785200591106
2814821170937936
2814887206584376
2814923713413632
2815059005300736
2815163193360384
2815368263370752
2815917998478336
2816401183604736
2817056164544520
2817498682523648
2819154256068614
2819285252577281
2823545935628296
2827119289696256
2845536092750336
2849935214002177
2858730366436356
2890616069570560
2902779416805410
2959885327139840
2964283348619392
2973633492295680
3096229508546560
3131434894098432
3175527019970816
3377699720604673
3377699720683840
3377699720823818
3377699721846916
3377699754083412
3377699789803648
3377699793404928
3377699837984800
3377699856973860
3377699864203264
3377700258480896
3377700794288134
3377702681706497
3377706167173760
3377708316753986
3377769933176832
3377811389775872
3377876082622720
3377979967307776
3378249514287104
3378252697568512
3378386915297424
3379434887315458
3379951390687232
3381007113781280
3395313920376832
3396425803104256
3399699683868672
3426627990061056
3430476282867712
3452466511777792
3483390275747873
3518986981998593
3523144493039680
3536029394960432
3598701557711360
3659183287179520
3667972400873480
3676766884331585
3729818361266176
3800049624825856
3940660545593344
3940684037881873
3941474307670532
3942848697532672
4011035866432512
