26424
47560
120882
341156
412001
414346
600583
689060
722250
838668
3304576
3375145
3478336
7342364
11194432
12927001
13372096
13632929
18396672
21197056
23070290
26217002
27131924
27269265
40157568
42996812
43362304
46284838
52469812
78193024
88086628
92441856
101712338
105317888
109608971
120080896
403199360
403283992
446695744
457179149
721425088
873467456
882901014
939851811
1415582336
1427111985
1476577792
1744831825
1774747648
1847590952
1879845120
2550139956
2797605120
2818736142
2952790921
3489665378
4647608320
5100507264
5502928524
5503582258
5541730304
5905629221
5982265344
6577201984
6635585536
6748636352
7113820288
7530872835
8725141504
8872550400
9734750208
9932251180
9932456128
10200550034
10872176681
10882127360
11274650880
11308892181
11963203968
13153342021
13290700810
13422446080
13509853208
51591168000
51646562321
61337501703
99365158912
103131649280
110863843352
111803370688
175154438144
188978563657
188979363858
191421743104
206232002560
219177664512
223338303892
223423561728
235150114816
240518242353
292057899648
309262352384
312458874624
331249352746
343597384419
360777523213
361788080128
377957677056
412317287616
418541207552
423591155776
429533429766
446676811788
455446888448
549756248083
601304865024
601379309184
610691055616
633507676198
635655162906
635693957696
652914720780
657818910720
689846616064
704374666304
704395608099
755914545664
824633726215
834968510464
841814179892
841922920448
865436598272
896660406272
897916602752
966501859353
3917010903040
5875515260950
6600023130112
7332582916096
7696590836352
12098054651904
12524124636672
13898514399232
14293688912640
14299019960320
15393263452197
15393565843456
15479062140992
18698409410560
18705119445440
20890790140160
20900384604185
21234377031680
21990232563233
21990233350186
22001026596864
22643067928576
23089744855045
23089823875120
23385560055808
27487790696620
27487813009408
28587303125760
28587317198848
28592939466758
28701655826432
30796123472448
37393436508160
38482906973362
38497939360256
39342303084544
40681931019328
40682047807488
40909831929856
41781471215936
43994423760128
45079977197952
45079986176007
45089390854144
46179488423945
46179539748992
46184455012352
48380122234908
48385024327680
53876080533504
54494545053440
54977192427520
55147452432384
57174605269120
59375909601283
61572726654144
62053687492618
71485720953860
71486006233096
71486576791568
71487585779872
71489734852865
71494034031106
71502817395713
71502917542146
71503706097696
71504771547204
71506912674320
71511206547464
71537111615490
71537244799120
71537579270660
71539156389889
71541287288904
71545569543200
71605833207812
71605971847169
71606232744224
71606770607112
71610056966274
71614318772304
71743276384392
71743469273184
71743687888898
71744208634369
71745285400592
71751726006532
72018162745616
72018284773896
72018550620225
72019118932100
72020160414722
72022314987552
72585098317856
72585486278928
72586055123970
72587095900680
72589250920580
72593604476993
72602295011332
72602397720705
72602672955936
72603205239048
72606423220290
72610734146576
72636622438657
72636772254210
72637627826336
72638636524548
72640786599952
72645085243400
72705542455556
72705760067720
72706281195536
72707358326880
72709534917121
72713798488066
72842846700048
72842947596296
72843186471937
72843735867460
72844801229058
72846942537760
73117661667458
73117800136784
73118061301764
73119688034305
73121885340680
73126146769184
74784138363009
74784241352770
74785048502816
74786185168900
74788266705936
74792577794312
74801288855632
74801427285000
74801688356865
74802226794500
74803314753666
74805512765728
74835711627272
74835812681760
74836051263746
74836600701953
74837666300432
74844101214276
74904365433346
74904514867216
74904800330756
74906379354369
74908528871432
74912827981984
75041941356676
75042207580680
75042775957776
75043817164832
75045972475969
75050325648386
75316682884128
75317151006864
75317628766210
75318727549000
75320858280452
75325140897793
79182218461442
79182319075856
79182558658628
79184172950529
79186314170376
79190608316448
79199347941896
79199469637664
79199736038402
79200304496705
79201345995024
79207854014596
79233699315808
79234110392336
79234631479298
79235708371080
79237885329668
79242149233153
79302412730512
79302545768520
79302880153601
79303358349828
79304457226242
79306588423200
79439850390532
79440000352513
79440285540512
79440856483848
79444014531074
79448313565200
79714863556612
79715138535688
79715670983696
79716807737888
79718889095297
79723199742018
87978246537732
87978380103681
87978714104864
87979192238152
87982421846018
87986704285840
87995432833026
87995625637904
87995843625220
87997441671681
87999619006600
88003882000480
88029817480208
88029920297224
88030195089537
88030727899140
88031864815682
88033945731616
88098520236097
88098641822722
88099476607008
88100517716100
88102672564496
88107026481672
88235947065632
88236346310736
88236884000898
88237972521992
88240170274820
88244431636481
88510821337096
88510971510944
88511256527362
88511826895105
88512835637264
88519284884484
105570434810888
105570573091104
105570834071682
105571372042241
105572460429392
105578919636996
105587745751556
105588080050248
105588558143632
105589657060384
105591787884545
105596070660098
105621987262596
105622108381249
105622374977568
105622943072776
105626139165698
105630492803344
105690756556832
105691096416784
105691646001410
105692711620616
105694852300868
105699146236929
105828162076738
105828265231376
105828539467780
105830209028225
105832290197768
105836600951328
106103014703617
106103207661570
106103947395168
106105023824132
106107200866320
106111464243336
141854322593793
141854515922946
141855254660128
141856331792900
141858508382352
141862771949640
141871495251984
141871645065352
141871930163713
141872500637956
141873509339138
141875659407456
141905857880328
141905996349984
141906257510466
141906795561089
141907884246032
141914342983684
141974606775298
141974709485840
141974984720516
141976653537345
141978734985736
141983045914656
142112147386372
142112482133000
142112960053328
142114059059488
142116189702145
142120472035458
142386957156512
142387296931856
142387846324738
142388911687688
142391052993540
142395347304705
142953892815876
142953993535745
142954232676512
142954782263304
142957988561410
142962282500112
142971022868738
142971143987728
142971410579524
142973020013569
142975174774792
142979528411168
143005373710480
143005566664776
143005784748033
143006306402820
143007382833154
143009559872544
143074086914049
143074220310658
143075032703264
143076131622916
143078262440016
143082545218568
143211524849760
143211960469520
143212530503682
143213539106952
143215688712452
143219988103681
143486435328520
143486538485792
143486812718082
143487345377345
143488482279696
143494874202244
145152865796624
145152987385864
145153254228993
145153822163012
145154863276290
145157018126368
145170062389280
145170439995664
145170972804098
145172109722120
145174190637188
145178501349441
145204539818244
145204824834184
145205395204112
145206403940448
145208553636353
145212853194754
145273116688456
145273309496352
145273527486466
145274048679937
145275125530768
145281565860356
145410614116609
145410714796546
145411503816864
145412568712196
145414710104080
145419003889672
145685429618692
145685567512705
145685828862496
145686366552328
145689652822082
145693914186768
149550897037448
149551046467680
149551331938306
149551902130689
149552910960656
149559359586564
149568243631108
149568482215944
149569031655440
149570097250464
149572238188801
149576532165122
149602437238788
149602570356737
149602905358624
149603383116808
149606612631682
149610895245392
149671158759968
149671558259728
149672096694338
149673184657672
149675382671364
149679643951233
149808601901058
149808794894480
149809013064196
149810611490817
149812787822664
149817051350048
150083488449537
150083609952514
150084444555296
150085485756484
150087641072144
150091994247176
158346992713794
158347131356176
158347392256004
158349018546305
158351216476424
158355478282784
158364170470408
158364303655200
158364638126210
158365116794881
158366215241808
158372628402180
158398545004576
158398932877840
158399501189378
158400542674952
158402697240644
158407050986497
158467315208208
158467415353352
158467654680833
158468203906052
158469269357058
158471410483360
158604720341124
158604822970433
158605097586720
158605630308872
158608848847874
158613159026960
158879765774852
158879984386120
158880505135248
158881581900832
158883758772225
158888022509570
175939310878852
175939585581576
175940118774032
175941254975520
175943336591425
175947647157250
175956358660225
175956497023042
175957296153120
175958384453636
175960582292496
175964843933960
175990781510146
175990882045968
175991121003524
175992735826177
175994877511688
175999170912416
176059434795268
176059585135105
176059869855840
176060440264840
176063598571522
176067897788432
176196889382920
176197011245088
176197277384962
176197845656577
176198886900240
176205395918916
176471752581200
176471885808648
176472220370945
176472698654724
176473797820546
176475928019232
211109207343104
211965225996864
282591819464834
282591940968528
282592207196164
282593816774657
282595972088840
282600325259552
282609015881800
282609118872608
282609393403906
282609926025217
282611062685840
282617455313412
282643343609888
282643778502928
282644348699650
282645357527560
282647507042436
282651806154817
282712069906960
282712262905864
282712481072129
282713002344516
282714079494402
282716255832096
282849567705092
282849668759681
282849907343904
282850456781064
282853663318082
282857957295120
283124521009412
283124782080136
283125320517648
283126408478816
283128606491137
283132867776514
283691318772225
283691456671746
283692255707232
283693344227588
283695541979152
283699803340936
283708496154640
283708629714952
283708963717377
283709441852420
283710541005314
283712671457440
283742870504456
283742992089376
283743258935426
283743826872321
283744867983440
283751376752644
283811640262722
283811740943376
283811979995140
283813594857601
283815736246536
283820030034464
283949148471812
283949423263816
283949956071568
283951092991008
283953173909505
283957484619778
284223898650656
284224309445136
284224830636290
284225907494920
284228084826180
284232347821057
285890339416072
285890472640672
285890807202306
285891285483777
285892384657424
285898797253636
285907718512708
285907936874504
285908457783824
285909534771232
285911711548417
285915975008514
285941910487556
285942013267969
285942287967264
285942821158984
285946038978562
285950349541520
286010613203232
286011001208912
286011569479810
286012610724872
286014765666308
286019119745025
286148039610370
286148177971216
286148439572740
286150065398273
286152263237768
286156524879968
286422914433089
286423064773634
286423919906848
286424928878724
286427078205712
286431377424904
290288417506336
290288794894480
290289327556610
290290464456776
290292545626628
290296856383489
290305568145668
290305706426881
290305967407200
290306505375880
290309792075778
290314052970512
290339990544513
290340091265090
290340879991328
290341945608196
290344086291472
290348380225800
290408793915524
290409079636488
290409649668368
290410658279456
290412807880769
290417107272706
290546099159120
290546220278792
290546486872065
290547054972932
290548096303234
290550251061536
290820961894914
290821095297040
290821429593092
290823006601473
290825137424392
290829420200096
299084477907216
299084627870216
299084913057857
299085483999364
299086492271618
299088642052128
299101723886112
299102064083984
299102613143618
299103678374152
299105819592708
299110113738881
299136151847940
299136486230024
299136964431888
299138063302816
299140194500865
299144476369410
299204740251784
299204879056992
299205139664898
299205677564417
299206766233616
299213225263364
299342183302145
299342376468738
299343115462688
299344192356420
299346369315344
299350633222152
299617069576196
299617191266305
299617457668384
299618026128392
299621221941378
299625575645264
316676671340612
316676864230401
316677082843168
316677603594248
316680857223426
316685120963088
316693843813378
316693993816336
316694279094404
316695858643009
316698007716360
316702306897952
316728206723088
316728345362568
316728606261761
316729144123652
316730232557570
316732430483552
316796955791361
316797058418690
316797865755680
316799002378756
316801084293264
316805394473032
316934363037856
316934830698512
316935309361666
316936407812104
316938538714116
316942820966657
317209306464520
317209406612000
317209645940802
317210195165313
317211260617744
317217695614980
368336395304970
422212537532416
479387112701952
492581209440278
492581309913216
492770187805952
564066813214980
564066915459585
564067190440032
564067722887304
564070941003778
564075251648528
564083963331074
564084102139920
564084362740740
564085989310721
564088186873864
564092448342176
564118385918032
564118486533128
564118726117377
564119275180036
564120340406402
564122481623328
564187039285377
564187189248066
564188045378080
564189053650948
564191203427344
564195502457096
564324493960224
564324882055312
564325450516482
564326492012616
564328646328836
564333000036353
564599357444104
564599490480160
564599824859394
564600303059969
564601401934352
564607815000132
565166426046532
565166761054216
565167238808080
565168337594400
565170468324353
565174750937346
565183479029825
565183672026114
565184411471904
565185488617604
565187664953616
565191928480264
565217863962626
565217966950416
565218241478916
565219910763009
565221992300680
565226303389792
565286566887940
565286688395265
565286954615840
565287522992200
565290719512578
565295072682128
565423993014280
565424131440800
565424392512002
565424930947329
565426018914320
565432478204932
565698868282384
565699017711880
565699303178369
565699873376260
565700882202690
565703031718432
567365322425346
567365515378960
567365733458052
567367331545153
567369508585992
567373771968544
567382495002888
567382644900384
567382930620482
567383500652673
567384509260816
567390958258180
567416858083488
567417257349136
567417795314178
567418883704840
567421082010628
567425342906625
567485606791184
567485709942920
567485984178689
567486516838660
567487653744642
567489734910048
567623014187076
567623147586561
567623481886752
567623959982088
567627189715202
567631472493072
567898057805828
567898296943624
567898846527568
567899912143136
567902052829185
567906346762370
571763364737040
571763503204360
571763764363521
571764302414852
571765391098370
571767588405408
571780543023136
571781010424336
571781488345346
571782587355144
571784717992004
571789000328193
571815038583300
571815304896584
571815873740944
571816914519072
571819069542401
571823423096834
571883686757384
571883787649312
571884026527874
571884575926273
571885641285712
571892076908548
572021092188673
572021194903554
572022002417760
572023138951428
572025220401168
572029531324552
572295944994948
572296138326081
572296355942432
572296877064712
572300130788354
572304394354960
580559520925697
580559621456002
580560409919776
580561475244036
580563616923728
580567910327304
580576650231952
580576772096072
580577038241793
580577606509060
580578647754754
580580802692128
580611002073608
580611194499104
580611412853762
580611933765697
580613010751760
580619450990724
580679714742530
580679847969296
580680182530116
580681759982593
580683890184200
580688172582944
580817303111684
580817587831048
580818158240784
580819167216160
580821316542593
580825615761474
581092063068256
581092440549392
581092973744130
581094109937800
581096191557892
581100502123009
598151640678944
598152075871248
598152646238274
598153654976776
598155804674052
598160104226945
598168886595588
598168987273217
598169226322208
598169776292872
598172982575234
598177276362832
598203181433857
598203314995458
598204127135776
598205226287172
598207356740112
598211639185416
598272041296900
598272302647304
598272840339472
598273928855712
598276126605569
598280387969538
598409346285840
598409539093000
598409757081665
598410278273156
598411355128834
598413532467232
598684232386562
598684353970320
598684620816900
598686229868545
598688384712776
598692738630688
633322455700608
703687441776861
711393284194304
734473767358848
774056186285120
774058467811328
811439621144576
898306502819840
914793674580864
914793725689880
914808782192640
915377789861925
985162504470562
985167250890752
997050887962624
1127016799683080
1127016900366368
1127017139414018
1127017689382977
1127018754277648
1127025189453956
1127034050856964
1127034317701384
1127034885637136
1127035926749728
1127038081597569
1127042435514434
1127068280816644
1127068473622785
1127068691611808
1127069212805128
1127072466993666
1127076729991184
1127136993869920
1127137461438480
1127137939574786
1127139038724232
1127141169176836
1127145451618817
1127274431676674
1127274581852688
1127274866868292
1127276445975553
1127278595674120
1127282895226912
1127549342066689
1127549444882562
1127550252482848
1127551389405188
1127553470316624
1127557781029896
1128116278001744
1128116380632072
1128116655245313
1128117187973124
1128118324592770
1128120406507808
1128133428282400
1128133827821712
1128134365685762
1128135454113864
1128137652044292
1128141913853953
1128167951573124
1128168190902792
1128168740126992
1128169805582368
1128171946704961
1128176240575490
1128236504330248
1128236654331936
1128236939608322
1128237510165505
1128238519157264
1128244967407684
1128373959131265
1128374081159234
1128374915318304
1128375956801540
1128378111370256
1128382465114376
1128648822243588
1128648955429377
1128649289900128
1128649768566920
1128652997922818
1128657280174096
1130315410571780
1130315671175240
1130316209078416
1130317297746976
1130319495311361
1130323756779522
1130332449669633
1130332582711298
1130333395288160
1130334494163204
1130336625362960
1130340907229320
1130366823833666
1130366945526800
1130367211931652
1130368821887105
1130370976203016
1130375329907232
1130435593699460
1130435694313537
1130435933900832
1130436482957832
1130439689405442
1130443983552784
1130572999558152
1130573101801760
1130573376782466
1130573909231617
1130575045984336
1130581437992964
1130847851810832
1130848044976136
1130848262881537
1130848783967236
1130849860862466
1130852037820576
1134713330763780
1134713452626049
1134713718768160
1134714287038728
1134717483221058
1134721837302800
1134730527391874
1134730630168656
1134730904875012
1134732574263297
1134734655882248
1134738966446368
1134764854739472
1134765005082632
1134765289800705
1134765860208708
1134766869184770
1134769018513440
1134833581949185
1134833774371330
1134834513641632
1134835590628356
1134837767409680
1134842030868488
1134971079364640
1134971418853648
1134971968357378
1134973033677320
1134975175360644
1134979468763201
1135245894156360
1135246032520224
1135246294124546
1135246831652865
1135247919947920
1135254379430404
1143509415370912
1143509826539536
1143510347809282
1143511424960520
1143513601295364
1143517864820993
1143526588416068
1143526737847297
1143527023314976
1143527593512968
1143530751852802
1143535050965520
1143560950796289
1143561089222658
1143561888728096
1143562976690692
1143565174702224
1143569435983944
1143629802639364
1143630077166600
1143630609784912
1143631746449696
1143633827989505
1143638139076738
1143767107176464
1143767240294536
1143767575298561
1143768053055748
1143769151844354
1143771282571360
1144042050159618
1144042151215376
1144042389799044
1144044004835393
1144046145774088
1144050439753760
1161101595643906
1161101728294928
1161102063042820
1161103639970305
1161105770610824
1161110052946016
1161118781409288
1161118974738592
1161119192351234
1161119713476865
1161120790614032
1161127230768132
1161153166246176
1161153544192080
1161154076475522
1161155213009928
1161157294460932
1161161605384193
1161221868897296
1161221990547720
1161222256861313
1161222825707524
1161223866482754
1161226021503520
1161359295259140
1161359433732097
1161359694890016
1161360232939592
1161363518932994
1161367780360336
1161634320089156
1161634605191176
1161635175662096
1161636184360992
1161638334432257
1161642633076994
1238050093088768
1267599468208128
1315342324334592
1337006139805952
1337006207533100
1337011661176832
1408130809331712
1477743628279825
1499743255527424
1548124183068720
1548696541986816
1584396255627584
1689571414770112
1698745576062976
1729531790491689
1759218693177344
1759228268224512
1759630921302066
1780160864976896
1803199069559296
1829589227667466
1970324836977798
1970410736631808
1970636893192192
2252916641530896
2252916774928648
2252917109227649
2252917587322884
2252918686236738
2252920817058336
2252933827674400
2252934238707792
2252934760366210
2252935836795912
2252938013839364
2252942277216257
2252968315846724
2252968590086152
2252969122742800
2252970259646496
2252972340814849
2252976651567362
2253036915787784
2253037036904608
2253037303497218
2253037871595777
2253038912933904
2253045421327364
2253174341894209
2253174480176130
2253175279128608
2253176367513732
2253178565820688
2253182826717704
2253449216459268
2253449366360065
2253449652077600
2253450222108744
2253453380323330
2253457679712400
2254016152209410
2254016302547088
2254016587268612
2254018166657025
2254020315979848
2254024615199776
2254033398268040
2254033498800224
2254033737764866
2254034287264257
2254035352586256
2254041787670788
2254067692741152
2254068160529424
2254068638810178
2254069737980168
2254071868180484
2254076150579329
2254136414372112
2254136552735240
2254136814338113
2254137351864452
2254138440164354
2254140638007328
2254273857982468
2254274050402305
2254274268758304
2254274789671944
2254278043435138
2254282306895952
2254548865647620
2254549131790344
2254549700063248
2254550741303456
2254552896241921
2254557250322946
2256215241916512
2256215581394960
2256216130621442
2256217196069000
2256219337195780
2256223631065601
2256232371061764
2256232493089025
2256232758935712
2256233327249416
2256236523299330
2256240877047824
2256266722347009
2256266915233922
2256267654594848
2256268731363332
2256270908227664
2256275171968008
2256335568668676
2256335903138056
2256336381805584
2256337480253984
2256339611156609
2256343893409858
2256472873377936
2256473023381576
2256473308663809
2256473879216644
2256474888210434
2256477037282336
2256747784044802
2256747886674448
2256748161286212
2256749830636545
2256751912554504
2256756222732320
2260613422256132
2260613640242184
2260614161432656
2260615238287648
2260617415624705
2260621678616706
2260630401748993
2260630551922690
2260631407305760
2260632416043524
2260634565738640
2260638865293384
2260664765121538
2260664903016720
2260665164365956
2260666790576193
2260668988326408
2260673249693728
2260733513441348
2260733616260097
2260733891053600
2260734423863304
2260737641693442
2260741952406032
2260870921060616
2260871054623264
2260871388627010
2260871866761345
2260872965915664
2260879378810884
2261145863866384
2261145964544136
2261146203595265
2261146753564932
2261147818463234
2261149959848032
2269409347440648
2269409450149920
2269409725382914
2269410257667073
2269411394200080
2269417786572868
2269426636357764
2269426897519112
2269427435569424
2269428524257312
2269430721560641
2269434982990850
2269460920566020
2269461021458945
2269461260337248
2269461809733768
2269465016406018
2269469310715920
2269529574212640
2269530009125008
2269530579601410
2269531588296776
2269533738369540
2269538037018625
2269667028648450
2269667150303248
2269667416613892
2269669026234625
2269671181256712
2269675534811296
2269941892382849
2269942025035842
2269942837707296
2269943936714756
2269946067354640
2269950349689096
2287001516646657
2287001638339074
2287002473201824
2287003514700804
2287005669019664
2287010022721544
2287018713809424
2287018816057352
2287019091035137
2287019623481412
2287020760236290
2287022841595936
2287053040533576
2287053190497312
2287053475686402
2287054046629889
2287055054897296
2287061503705604
2287121767366786
2287121960534096
2287122178445316
2287123776423937
2287125953381384
2287130217283872
2287259365687556
2287259605270664
2287260154333200
2287261219561568
2287263360778753
2287267654930434
2287534080135200
2287534479540496
2287535017444354
2287536106111496
2287538303672452
2287542565142593
2328765627633024
2392657561747456
2392844526419968
2454109953196081
2463318440673280
2533652849229824
2561484135596032
2603643534576240
2603645020405760
2603646219845632
2603729456988160
2674021137122944
2885118511285771
2943117749649408
2955487255511872
2955487269093394
3035756167692288
3096224769589248
3096234982113280
3096654240686080
3116015953122368
3378060497782080
3404088000290816
3448068465299648
3448068523425825
3448774449954816
3518437215181824
3518437244289024
3542832623124480
3659174777200640
3659179529081600
3659226236846108
3705356601524224
3940649674407941
3940649693872768
3940657190144064
3941277141827584
