1366048
1073874130
71945445376
270582939649
274951307540
549781570052
554084345880
1116962293248
4398191218691
17626629709888
35322351198208
67070213488648
70371931848704
79173429297312
141845657686016
142971416608816
145273007473664
149539236347904
158349001754630
176540470214784
211106232550209
281612684623914
281767169818688
282580939210880
285941759609088
292470093258757
299626045391872
316694815838720
562958598144002
563018749445128
564051075729409
567382628122756
572435388698688
580546568782368
668520250114064
1125936414523400
1127137008435216
1130866029887520
1134765256245762
1143492128014465
1161093145692224
1198471973442560
2251817547206792
2252968078344292
2254823739260928
2256208598663696
2260630401190912
2269530521075968
2286988547932162
4503609425297420
4505283255599362
4505936156691072
4508002506506304
4512412942352384
4521260801396752
4539061041628192
8866461768482816
