26424
47560
116417
120882
207444
341156
412001
414346
435219
689060
722250
838668
1662983
3304576
3375145
3478336
5813760
7086122
7342364
11194432
12927001
13372096
13632929
21197056
23070290
26217002
27131924
27269265
40157568
42996812
43362304
46284838
52469812
53037568
78193024
88086628
92441856
101712786
105317888
109608971
233848832
403199360
403283992
446695744
457179149
672020480
721425088
846856192
873467456
882901014
889511936
939851811
1415582336
1427111985
1476577792
1640595456
1744831825
1847590952
2550139956
2797605120
2818736142
2952790921
3274704128
3322568704
3355773312
3489665378
4170194944
5100507264
5439782912
5502928524
5503582258
5541730304
5905629221
6576955968
6635585536
6732906688
7530872835
9932251180
9932980288
10200550064
10872176681
10882127360
11018862592
11274396928
11308892181
12987663552
13153342033
13290700810
13422446080
13509853208
31406951680
51591168000
51646562321
56908783616
61337501703
66648539136
92342435840
95086968832
110863843352
120259085668
168175108096
188978563657
188979363858
191547572224
206212959360
206232002560
221190815782
223338304148
223423561728
240518242353
240529703104
326438486912
331249352746
353932345344
360777293837
360778171520
360786696448
365546176512
377957673024
378043110400
418541207552
429533429766
441307889856
446676811788
455446888448
610691194880
635655162906
635693957696
652835332736
652914720780
704374666304
704395608099
721554512134
758599008256
841814179892
841922920448
859000872960
862349459456
893353198019
904359053824
966501859353
1154809336320
1207556901888
1212276539392
1254140936248
1254168797184
1271310321314
1271427760448
1305670358272
1314662670336
1393985323027
1408774438949
1664299831680
1666516518656
1683628097545
1684969359552
1791551864832
1924145353320
1928440504320
4380866641920
6604318310400
6607110930432
7009386628928
7215545786368
7730941509632
7971515924480
11006524786752
11407433965568
13572096655382
13929652682752
14448269986176
15119224406016
15393162791977
15393172230784
21035810291712
23295902613515
24189255815476
24189328433152
27092653932544
27556613980160
28587302649870
28587340073728
29171445137408
30787533627392
41781445001235
46179568058416
46184186126336
48378512246848
48378596556812
50666655449088
54168127540288
54975581816960
54984356921344
55078660608576
57174605447936
57174619521024
57180241788934
57495116578816
61582314831897
81363861127185
81363977969664
83562913071424
83564494749696
83569460379653
89404039569408
90173106864128
92358977298465
92359011338432
93003356045312
96757024035904
96759707598898
105565132947456
107271103184917
107752139527320
107752150294528
109951231990016
110140146581504
114830245625896
114933324844544
123145394586240
123150268956672
142953976759300
142954262038536
142954832597008
142955841585312
142957990658305
142962289836546
142971073201153
142971173347586
142971961903136
142973027352644
142975168479760
142979462352904
143005367420930
143005500604560
143005835076100
143007412195329
143009543094344
143013825348640
143074089013252
143074227652609
143074488549664
143075026412552
143078312771714
143082574577744
143211532189832
143211725078624
143211943694338
143212464439809
143213541206032
143219981811972
143486418551056
143486540579336
143486806425665
143487374737540
143488416220162
143490570792992
144036191273504
144036568515600
144037101240386
144038237864200
144040319780868
144044629958785
145152865751072
145153253712144
145153822557186
145154863333896
145157018353796
145161371910209
145170062444548
145170165153921
145170440389152
145170972672264
145174190653506
145178501579792
145204389871873
145204539687426
145205395259552
145206403957764
145208554033168
145212852676616
145273309888772
145273527500936
145274048628752
145275125760096
145277302350337
145281565921282
145410614133264
145410715029512
145410953905153
145411503300676
145412568662274
145414709970976
145685429100674
145685567570000
145685828734980
145687455467521
145689652773896
145693914202400
146235183333448
146235315987488
146235650738178
146236128661505
146237227663504
146243640640004
149550929051777
149551032041538
149551839191584
149552975857668
149555057394704
149559368483080
149568079544400
149568217973768
149568479045633
149569017483268
149570105442434
149572303454496
149602502316040
149602603370528
149602841952514
149603391390721
149604456989200
149610891903044
149671156122114
149671305555984
149671591019524
149673170043137
149675319560200
149679618670752
149808732045444
149808998269448
149809566646544
149810607853600
149812763164737
149817116337154
150083473572896
150083941695632
150084419454978
150085518237768
150087648969220
150091931586561
150633235620100
150633428615681
150633646784608
150634168057992
150637421547522
150641685071888
158347055661314
158347156275728
158347395858500
158349010150401
158351151370248
158355445516320
158364185141768
158364306837536
158364573238274
158365141696577
158366183194896
158372691214468
158398536515680
158398947592208
158399468679170
158400545570952
158402722529540
158406986433025
158467249930384
158467382968392
158467717353473
158468195549700
158469294426114
158471425623072
158604687590404
158604837552385
158605122740384
158605693683720
158608851730946
158613150765072
158879700756484
158879975735560
158880508183568
158881644937760
158883726295169
158888036941890
159429324572673
159429463376002
159430261883168
159431350554628
159433548111952
159437809583112
175939176759812
175939310325761
175939644326944
175940122460232
175943352068098
175947634507920
175956363055106
175956555859984
175956773847300
175958371893761
175960549228680
175964812222560
175990747702288
175990850519304
175991125311617
175991658121220
175992795037762
175994875953696
176059450458177
176059572044802
176060406829088
176061447938180
176063602786576
176067956703752
176196877287712
176197276532816
176197814222978
176198902744072
176201100496900
176205361858561
176471751559176
176471901733024
176472186749442
176472757117185
176473765859344
176480215106564
177021674094660
177021913149448
177022463115792
177023528011808
177025669399553
177029963186434
211123551077384
211123689357600
211123950338178
211124488308737
211125576695888
211132035903492
211140862018052
211141196316744
211141674410128
211142773326880
211144904151041
211149186926594
211175103529092
211175224647745
211175491244064
211176059339272
211179255432194
211183609069840
211243872823328
211244212683280
211244762267906
211245827887112
211247968567364
211252262503425
211381278343234
211381381497872
211381655734276
211383325294721
211385406464264
211389717217824
211656130970113
211656323928066
211657063661664
211658140090628
211660317132816
211664580509832
212205879496720
212206029391880
212206315110657
212206885143556
212207893750274
212210043355296
281474976710910
283691322576897
283691515906050
283692254643232
283693331776004
283695508365456
283699771932744
283708495235088
283708645048456
283708930146817
283709500621060
283710509322242
283712659390560
283742857863432
283742996333088
283743257493570
283743795544193
283744884229136
283751342966788
283811606758402
283811709468944
283811984703620
283813653520449
283815734968840
283820045897760
283949147369476
283949482116104
283949960036432
283951059042592
283953189685249
283957472018562
284223957139616
284224296914960
284224846307842
284225911670792
284228052976644
284232347287809
284773662605380
284773784257537
284774050572320
284774619418632
284777815212290
284782168769040
285890404426756
285890505146625
285890744287392
285891293874184
285894500172290
285898794110992
285907534479618
285907655598608
285907922190404
285909531624449
285911686385672
285916040022048
285941885321360
285942078275656
285942296358913
285942818013700
285943894444034
285946071483424
286010598524929
286010731921538
286011544314144
286012643233796
286014774050896
286019056829448
286148036460640
286148472080400
286149042114562
286150050717832
286152200323332
286156499714561
286422946939400
286423050096672
286423324328962
286423856988225
286424993890576
286431385813124
286972811806724
286973072785672
286973610755088
286974699143712
286976897450113
286981158346818
290288400663056
290288522252296
290288789095425
290289357029444
290290398142722
290292552992800
290305597255712
290305974862096
290306507670530
290307644588552
290309725503620
290314036215873
290340074684676
290340359700616
290340930070544
290341938806880
290344088502785
290348388061186
290408651554888
290408844362784
290409062352898
290409583546369
290410660397200
290417100726788
290546148983041
290546249662978
290547038683296
290548103578628
290550244970512
290554538756104
290820964485124
290821102379137
290821363728928
290821901418760
290825187688514
290829449053200
291370717806722
291370851369040
291371185377284
291372762662913
291374893114376
291379175555360
299084478414984
299084627845216
299084913315842
299085483508225
299086492338192
299092940964100
299101825008644
299102063593480
299102613032976
299103678628000
299105819566337
299110113542658
299136018616324
299136151734273
299136486736160
299136964494344
299140194009218
299144476622928
299204740137504
299205139637264
299205678071874
299206766035208
299208964048900
299213225328769
299342183278594
299342376272016
299342594441732
299344192868353
299346369200200
299350632727584
299617069827073
299617191330050
299618025932832
299619067134020
299621222449680
299625575624712
300166842188048
300166945178120
300167219707969
300167752327300
300168888992770
300170970533920
316676667113538
316676805755920
316677066655748
316678692946049
316680890876168
316685152682528
316693844870152
316693978054944
316694312525954
316694791194625
316695889641552
316702302801924
316728219404320
316728607277584
316729175589122
316730217074696
316732371640388
316736725386241
316796989607952
316797089753096
316797329080577
316797878305796
316798943756802
316801084883104
316934394740868
316934497370177
316934771986464
316935304708616
316938523247618
316942833426704
317209440174596
317209658785864
317210179534992
317211256300576
317213433171969
317217696909314
317758995702273
317759145709570
317760001540192
317761010532612
317763159607312
317767458783368
351861171323012
351861446025736
351861979218192
351863115419680
351865197035585
351869507601410
351878219104385
351878357467202
351879156597280
351880244897796
351882442736656
351886704378120
351912641954306
351912742490128
351912981447684
351914596270337
351916737955848
351921031356576
351981295239428
351981445579265
351981730300000
351982300709000
351985459015682
351989758232592
352118749827080
352118871689248
352119137829122
352119706100737
352120747344400
352127256363076
352393613025360
352393746252808
352394080815105
352394559098884
352395658264706
352397788463392
352943375647776
352943786426512
352944307341314
352945384325192
352947561103876
352951824568321
423634367676416
466192930652160
565166307803266
565166429306960
565166695534596
565168305113089
565170460427272
565174813597984
565183504220232
565183607211040
565183881742338
565184414363649
565185551024272
565191943651844
565217831948320
565218266841360
565218837038082
565219845865992
565221995380868
565226294493249
565286558245392
565286751244296
565286969410561
565287490682948
565288567832834
565290744170528
565424056043524
565424157098113
565424395682336
565424945119496
565428151656514
565432445633552
565699009347844
565699270418568
565699808856080
565700896817248
565703094829569
565707356114946
566248624685313
566248757805570
566249570566304
566250669351940
566252800086032
566257082697736
567365318738433
567365456637954
567366255673440
567367344193796
567369541945360
567373803307144
567382496120848
567382629681160
567382963683585
567383441818628
567384540971522
567386671423648
567416870470664
567416992055584
567417258901634
567417826838529
567418867949648
567425376718852
567485640228930
567485740909584
567485979961348
567487594823809
567489736212744
567494030000672
567623148438020
567623423230024
567623956037776
567625092957216
567627173875713
567631484585986
567897898616864
567898309411344
567898830602498
567899907461128
567902084792388
567906347787265
568447646859396
568447797035073
568448082055200
568448652419592
568451810853890
568456110407952
571763362637832
571763495862432
571763830424066
571764308705537
571765407879184
571771820475396
571780741734468
571780960096264
571781481005584
571782557992992
571784734770177
571788998230274
571814933709316
571815036489729
571815311189024
571815844380744
571819062200322
571823372763280
571883636424992
571884024430672
571884592701570
571885633946632
571887788888068
571892142966785
572021062832130
572021201192976
572021462794500
572023088620033
572025286459528
572029548101728
572295937654849
572296087995394
572296943128608
572297952100484
572300101427472
572304400646664
572845759661072
572845860192520
572846099153025
572846648657924
572847713976386
572849855660576
580559487239200
580559864627344
580560397289474
580561534189640
580563615359492
580567926116353
580576637878532
580576776159745
580577037140064
580577575108744
580580861808642
580585122703376
580611060277377
580611160997954
580611949724192
580613015341060
580615156024336
580619449958664
580679863648388
580680149369352
580680719401232
580681728012320
580683877613633
580688177005570
580817168891984
580817290011656
580817556604929
580818124705796
580819166036098
580821320794400
581092031627778
581092165029904
581092499325956
581094076334337
581096207157256
581100489932960
581641793720328
581641986672672
581642204750082
581642726409217
581643802837520
581650243256388
598151640662288
598151790625288
598152075812929
598152646754436
598153655026690
598155804807200
598168886641184
598169226839056
598169775898690
598170841129224
598172982347780
598177276493953
598203314603012
598203648985096
598204127186960
598205226057888
598207357255937
598211639124482
598271903006856
598272041812064
598272302419970
598272840319489
598273928988688
598280388018436
598409346057217
598409539223810
598410278217760
598411355111492
598413532070416
598417795977224
598684232331268
598684354021377
598684620423456
598685188883464
598688384696450
598692738400336
599234005436418
599234107678864
599234382660100
599236051865601
599238133219400
599242443867168
633336020140100
633336213029889
633336431642656
633336952393736
633340206022914
633344469762576
633353192612866
633353342615824
633353627893892
633355207442497
633357356515848
633361655697440
633387555522576
633387694162056
633387955061249
633388492923140
633389581357058
633391779283040
633456304590849
633456407218178
633457214555168
633458351178244
633460433092752
633464743272520
633593711837344
633594179498000
633594658161154
633595756611592
633597887513604
633602169766145
633868655264008
633868755411488
633868994740290
633869543964801
633870609417232
633877044414468
634418482384900
634418748228616
634419316539472
634420358021408
634422512592897
634426866335874
705611672059904
958774182412288
985162418491673
985162431619072
985173761982464
985815253516322
1040292618698752
1128116278264068
1128116380508673
1128116655489120
1128117187936392
1128120406052866
1128124716697616
1128133428380162
1128133567189008
1128133827789828
1128135454359809
1128137651922952
1128141913391264
1128167850967120
1128167951582216
1128168191166465
1128168740229124
1128169805455490
1128171946672416
1128236504334465
1128236654297154
1128237510427168
1128238518700036
1128240668476432
1128244967506184
1128373959009312
1128374347104400
1128374915565570
1128375957061704
1128378111377924
1128382465085441
1128648822493192
1128648955529248
1128649289908482
1128649768109057
1128650866983440
1128657280049220
1129198777532548
1129198995440136
1129199516524816
1129200593424416
1129202770378817
1129207034283010
1130315402723396
1130315737731080
1130316215484944
1130317314271264
1130319445001217
1130323727614210
1130332455706689
1130332648702978
1130333388148768
1130334465294468
1130336641630480
1130340905157128
1130366840639490
1130366943627280
1130367218155780
1130368887439873
1130370968977544
1130375280066656
1130435543564804
1130435665072129
1130435931292704
1130436499669064
1130439696189442
1130444049358992
1130572969691144
1130573108117664
1130573369188866
1130573907624193
1130574995591184
1130581454881796
1130847844959248
1130847994388744
1130848279855233
1130848850053124
1130849858879554
1130852008395296
1131397666439456
1131398006079568
1131398555517058
1131399621116936
1131401762058244
1131406056032257
1134713322357762
1134713515311376
1134713733390468
1134715331477569
1134717508518408
1134721771900960
1134730494935304
1134730644832800
1134730930552898
1134731500585089
1134732509193232
1134738958190596
1134764858015904
1134765257281552
1134765795246594
1134766883637256
1134769081943044
1134773342839041
1134833606723600
1134833709875336
1134833984111105
1134834516771076
1134835653677058
1134837734842464
1134971014119492
1134971147518977
1134971481819168
1134971959914504
1134975189647618
1134979472425488
1135246057738244
1135246296876040
1135246846459984
1135247912075552
1135250052761601
1135254346694786
1135795663015937
1135795784132610
1135796618822688
1135797660156420
1135799814914192
1135804168552520
1143509411180560
1143509549647880
1143509810807041
1143510348858372
1143511437541890
1143513634848928
1143526589466656
1143527056867856
1143527534788866
1143528633798664
1143530764435524
1143535046771713
1143561085026820
1143561351340104
1143561920184464
1143562960962592
1143565115985921
1143569469540354
1143629733200904
1143629834092832
1143630072971394
1143630622369793
1143631687729232
1143638123352068
1143767138632193
1143767241347074
1143768048861280
1143769185394948
1143771266844688
1143775577768072
1144041991438468
1144042184769601
1144042402385952
1144042923508232
1144046177231874
1144050440798480
1144591740043330
1144591889859600
1144592174958596
1144593754128513
1144595904200968
1144600202846752
1161101660391425
1161101760921730
1161102549385504
1161103614709764
1161105756389456
1161110049793032
1161118789697680
1161118911561800
1161119177707521
1161119745974788
1161120787220482
1161122942157856
1161153141539336
1161153333964832
1161153552319490
1161154073231425
1161155150217488
1161161590456452
1161221854208258
1161221987435024
1161222321995844
1161223899448321
1161226029649928
1161230312048672
1161359442577412
1161359727296776
1161360297706512
1161361306681888
1161363456008321
1161367755227202
1161634202533984
1161634580015120
1161635113209858
1161636249403528
1161638331023620
1161642641588737
1162183929037828
1162184067399937
1162184329003168
1162184866531336
1162188152668674
1162192414314512
1196285966189088
1196286401381392
1196286971748418
1196287980486920
1196290130184196
1196294429737089
1196303212105732
1196303312783361
1196303551832352
1196304101803016
1196307308085378
1196311601872976
1196337506944001
1196337640505602
1196338452645920
1196339551797316
1196341682250256
1196345964695560
1196406366807044
1196406628157448
1196407165849616
1196408254365856
1196410452115713
1196414713479682
1196543671795984
1196543864603144
1196544082591809
1196544603783300
1196545680638978
1196547857977376
1196818557896706
1196818679480464
1196818946327044
1196820555378689
1196822710222920
1196827064140832
1197368330428552
1197368433246304
1197368708042754
1197369240846849
1197370377766928
1197376769392900
1548112372182080
1548112391831557
1548115861667840
1548318639390720
1548954185502848
1631675255619594
1786757934743552
1829587348799508
1829587419922880
1836197437505536
1970324837697664
1970329937248268
1971836665741312
2009907255580160
2254016218153480
2254016318836768
2254016557884418
2254017107853377
2254018172748048
2254024607924356
2254033469327364
2254033736171784
2254034304107536
2254035345220128
2254037500067969
2254041853984834
2254067699287044
2254067892093185
2254068110082208
2254068631275528
2254071885464066
2254076148461584
2254136412340320
2254136879908880
2254137358045186
2254138457194632
2254140587647236
2254144870089217
2254273850147074
2254274000323088
2254274285338692
2254275864445953
2254278014144520
2254282313697312
2254548760537089
2254548863352962
2254549670953248
2254550807875588
2254552888787024
2254557199500296
2255098487505040
2255098625400904
2255098886754305
2255099424440836
2255100512962562
2255102710711328
2256215208099920
2256215310730248
2256215585343489
2256216118071300
2256217254690946
2256219336605984
2256232358380576
2256232757919888
2256233295783938
2256234384212040
2256236582142468
2256240843952129
2256266881671300
2256267121000968
2256267670225168
2256268735680544
2256270876803137
2256275170673666
2256335434428424
2256335584430112
2256335869706498
2256336440263681
2256337449255440
2256343897505860
2256472889229441
2256473011257410
2256473845416480
2256474886899716
2256477041468432
2256481395212552
2256747752341764
2256747885527553
2256748219998304
2256748698665096
2256751928020994
2256756210272272
2257297514496514
2257297707388944
2257297925997572
2257299523510529
2257301700380680
2257305964118176
2260613363925508
2260613624528968
2260614162432144
2260615251100704
2260617448665089
2260621710133250
2260630403023361
2260630536065026
2260631348641888
2260632447516932
2260634578716688
2260638860583048
2260664777187394
2260664898880528
2260665165285380
2260666775240833
2260668929556744
2260673283260960
2260733547053188
2260733647667265
2260733887254560
2260734436311560
2260737642759170
2260741936906512
2260870952911880
2260871055155488
2260871330136194
2260871862585345
2260872999338064
2260879391346692
2261145805164560
2261145998329864
2261146216235265
2261146737320964
2261147814216194
2261149991174304
2261695553620000
2261695988769296
2261696559710466
2261697567985672
2261699717759044
2261704016790529
2269409330628612
2269409452490881
2269409718632992
2269410286903560
2269413483085890
2269417837167632
2269426527256706
2269426630033488
2269426904739844
2269428574128129
2269430655747080
2269434966311200
2269460854604304
2269461004947464
2269461289665537
2269461860073540
2269462869049602
2269465018378272
2269529581814017
2269529774236162
2269530513506464
2269531590493188
2269533767274512
2269538030733320
2269667079229472
2269667418718480
2269667968222210
2269669033542152
2269671175225476
2269675468628033
2269941894021192
2269942032385056
2269942293989378
2269942831517697
2269943919812752
2269950379295236
2270491780907268
2270492115468424
2270492593752080
2270493692919904
2270495823118849
2270500105523202
2287001508257952
2287001919426576
2287002440696322
2287003517847560
2287005694182404
2287009957708033
2287018681303108
2287018830734337
2287019116202016
2287019686400008
2287022844739842
2287027143852560
2287053043683329
2287053182109698
2287053981615136
2287055069577732
2287057267589264
2287061528870984
2287121895526404
2287122170053640
2287122702671952
2287123839336736
2287125920876545
2287130231963778
2287259200063504
2287259333181576
2287259668185601
2287260145942788
2287261244731394
2287263375458400
2287534143046658
2287534244102416
2287534482686084
2287536097722433
2287538238661128
2287542532640800
2288083848659208
2288083970163232
2288084236386370
2288084804763777
2288085845967888
2288092354455556
2322185874575362
2322186007226384
2322186341974276
2322187918901761
2322190049542280
2322194331877472
2322203060340744
2322203253670048
2322203471282690
2322203992408321
2322205069545488
2322211509699588
2322237445177632
2322237823123536
2322238355406978
2322239491941384
2322241573392388
2322245884315649
2322306147828752
2322306269479176
2322306535792769
2322307104638980
2322308145414210
2322310300434976
2322443574190596
2322443712663553
2322443973821472
2322444511871048
2322447797864450
2322452059291792
2322718599020612
2322718884122632
2322719454593552
2322720463292448
2322722613363713
2322726912008450
2323268270850113
2323268371743746
2323269160022048
2323270225379460
2323272366686480
2323276660998664
2505512121794560
2674013218277504
2674184078131200
2876322418263424
2955487255864064
2955487294259203
2955493966353408
3096224761645376
3096224844595200
3096234675929106
3518442040811520
3518849525743666
3519571094929408
3606398139111936
3659174768541737
3659185569013760
3683365563662336
3940649732669464
3941508667409472
3941817905618944
4013217511636992
4505815966843920
4505816100241672
4505816434540673
4505816912635908
4505818011549762
4505820142371360
4505833152987424
4505833564020816
4505834085679234
4505835162108936
4505837339152388
4505841602529281
4505867641159748
4505867915399176
4505868448055824
4505869584959520
4505871666127873
4505875976880386
4505936241100808
4505936362217632
4505936628810242
4505937196908801
4505938238246928
4505944746640388
4506073667207233
4506073805489154
4506074604441632
4506075692826756
4506077891133712
4506082152030728
4506348541772292
4506348691673089
4506348977390624
4506349547421768
4506352705636354
4506357005025424
4506898363592706
4506898464311312
4506898703450372
4506900318650881
4506902459334792
4506906753269856
4508014989150210
4508015139487888
4508015424209412
4508017003597825
4508019152920648
4508023452140576
4508032235208840
4508032335741024
4508032574705666
4508033124205057
4508034189527056
4508040624611588
4508066529681952
4508066997470224
4508067475750978
4508068574920968
4508070705121284
4508074987520129
4508135251312912
4508135389676040
4508135651278913
4508136188805252
4508137277105154
4508139474948128
4508272694923268
4508272887343105
4508273105699104
4508273626612744
4508276880375938
4508281143836752
4508547702588420
4508547968731144
4508548537004048
4508549578244256
4508551733182721
4508556087263746
4509097353298945
4509097456075010
4509098263971872
4509099400167492
4509101481787920
4509105792356360
4512413102112864
4512413441591312
4512413990817794
4512415056265352
4512417197392132
4512421491261953
4512430231258116
4512430353285377
4512430619132064
4512431187445768
4512434383495682
4512438737244176
4512464582543361
4512464775430274
4512465514791200
4512466591559684
4512468768424016
4512473032164360
4512533428865028
4512533763334408
4512534242001936
4512535340450336
4512537471352961
4512541753606210
4512670733574288
4512670883577928
4512671168860161
4512671739412996
4512672748406786
4512674897478688
4512945644241154
4512945746870800
4512946021482564
4512947690832897
4512949772750856
4512954082928672
4513495370465800
4513495509110816
4513495770006530
4513496307867713
4513497396298000
4513503856033924
4521209328963588
4521209546949640
4521210068140112
4521211144995104
4521213322332161
4521217585324162
4521226308456449
4521226458630146
4521227314013216
4521228322750980
4521230472446096
4521234772000840
4521260671828994
4521260809724176
4521261071073412
4521262697283649
4521264895033864
4521269156401184
4521329420148804
4521329522967553
4521329797761056
4521330330570760
4521333548400898
4521337859113488
4521466827768072
4521466961330720
4521467295334466
4521467773468801
4521468872623120
4521475285518340
4521741770573840
4521741871251592
4521742110302721
4521742660272388
4521743725170690
4521745866555488
4522291476103328
4522291864539152
4522292432470530
4522293473585160
4522295628432388
4522299982348545
4538801347170312
4538801449879584
4538801725112578
4538802257396737
4538803393929744
4538809786302532
4538818636087428
4538818897248776
4538819435299088
4538820523986976
4538822721290305
4538826982720514
4538852920295684
4538853021188609
4538853260066912
4538853809463432
4538857016135682
4538861310445584
4538921573942304
4538922008854672
4538922579331074
4538923588026440
4538925738099204
4538930036748289
4539059028378114
4539059150032912
4539059416343556
4539061025964289
4539063180986376
4539067534540960
4539333892112513
4539334024765506
4539334837436960
4539335936444420
4539338067084304
4539342349418760
4539883653824592
4539883847156744
4539884064770049
4539884585897988
4539885663027330
4539887839617312
4573985702420737
4573985824113154
4573986658975904
4573987700474884
4573989854793744
4573994208495624
4574002899583504
4574003001831432
4574003276809217
4574003809255492
4574004946010370
4574007027370016
4574037226307656
4574037376271392
4574037661460482
4574038232403969
4574039240671376
4574045689479684
4574105953140866
4574106146308176
4574106364219396
4574107962198017
4574110139155464
4574114403057952
4574243551461636
4574243791044744
4574244340107280
4574245405335648
4574247546552833
4574251840704514
4574518265909280
4574518665314576
4574519203218434
4574520291885576
4574522489446532
4574526750916673
4575068019755012
4575068152791169
4575068487172640
4575068965372168
4575072195444802
4575076477314064
4644337115731463
4925821915496448
4926980323541824
5066554412636928
5207338608757888
5295249878417408
5348024576712704
5348599009378304
5374412836569125
5424990371447168
5770237057974272
5770325740486656
5772023728963596
5816416510939392
5910974524555282
5963751069114368
6192459191156736
6896136930005184
6896137005957156
6897528499109888
6926923305320448
7037252409491456
7038523685215232
7080868304650240
7318349483212800
7319631442214912
7357931813077034
7881299348357125
7881299365725824
7881305119260736
