1122632
2114571
12583555
13110276
16910364
44173440
85196833
100664112
157294600
201330881
206176768
268485024
268569346
277610760
340793344
543164481
604033040
671678600
1090593296
1216430336
1342317569
1476395108
2147549588
2189443077
2215665666
2248347648
2819753984
3221356682
3225468992
4297130082
4303499280
4303667712
4331671553
4597023752
6182404098
6442976064
6713024512
6979322017
8589953094
8640331906
8725201937
9128378656
9151971337
9160626688
11811172384
17179880544
17179985921
17182130448
17192648736
17196925060
17390632964
17783850497
18522604032
19612570624
20468205584
26878164992
27925938240
30199054848
34359756324
34367111200
34393298178
34531967104
34628175913
35435118594
35446067208
35483942944
36591108164
36785094784
37044651008
39258949632
51542229184
52227473664
60397977620
68721868936
68723672152
68736779393
68789223456
68870541344
69122408450
69264998420
69794299909
70866979080
73048129604
73687630848
77309936146
77327247360
85903814656
137440006196
137440264714
137472508297
137583689729
137741369344
137975834768
139590895648
139603345921
139622612994
141734518785
141738131468
146031002240
147124125696
155694924800
171824185344
176362099200
206427392064
214815477768
225620000896
274878170258
274945155112
275016323344
275150626816
275163119697
275952178240
276020854916
279190732802
280246618625
289910424576
292091367428
292594663458
309304787201
309774647824
317970186272
343865819660
395137057792
413660086528
420907065348
549760549122
549777081344
549789377556
549890066752
550562186240
550841090064
550867369985
552452759552
554051051904
554520543248
558351122496
558421803008
566936801408
566937780261
584132857872
601295462408
618492084800
618609639433
627335758080
653371900034
824635830274
825237766208
964220190736
1099513987844
1099645993104
1099847205952
1100048566308
1101660197120
1102464417816
1103806599302
1103810953217
1103890481416
1108109972480
1116825978888
1118306304128
1168264693762
1177894846528
1202599362816
1236951106600
1237557706752
1238024460288
1254164070416
1376673333312
1413077803008
1443645886465
1649300996320
1684969619456
1949931929600
2199024829060
2199041098000
2199061015040
2199115534848
2199191027754
2199568516480
2201205343296
2203318490144
2203320844312
2204460253184
2208687227136
2210029649920
2216270250056
2233720635394
2267742790656
2272037699843
2353642606848
2405200560132
2473904572416
2474840719360
2478204583940
2750389682696
2886218089474
3298535809024
3298543271985
3299088531522
3307225481220
4398047332368
4398048612648
4398054908100
4398067485056
4398080213512
4398180739075
4398215430144
4402400722944
4402878382152
4407441948672
4407710190600
4415226708226
4415329148928
4415771645952
4432406384645
4436705476624
4466834146560
4501125988448
4535493854736
4535502286848
4539243560964
4681547907392
4947802358278
4948071292960
4948339196177
4949951906944
5222689013760
5497558733312
5497591956481
5499722416160
5566416027652
6597677940768
6605669138434
7151120566272
8796093027976
8796093089057
8796097740976
8796119368704
8796127133761
8796145713168
8796160499712
8796364214272
8796630057092
8796638282336
8800404772928
8800522231840
8806964658188
8815959408640
8817840488704
8844413501440
8864900579330
8868033987072
8933599215936
8950711847428
9036611207184
9070971463936
9073420402720
9079629021696
9089358888960
9105330667594
9345918044168
9346025000960
9620726759553
9895755678208
9896175091968
9904463020035
10449657004032
11030013935617
11132832063488
12096775391360
13194140864512
13195288772609
13228901925888
17592186782720
17592187128960
17592192466950
17592194465836
17592219928640
17592223813664
17592462886928
17592504819968
17592739693616
17592991875077
17593259786578
17593396627456
17594333822979
17600786538496
17609366049344
17614198808576
17626681065480
17697414844416
17871361032448
17936882335744
18142214488200
18152679279104
18691740664320
18691899064322
18764980551712
19378892464128
19791209369609
19797672722432
19826642788356
19937238319120
20615877099520
21990504136768
22162098880512
22265244680832
25305947340800
26392674697344
26405467848706
27762672796672
28656156016704
30786325585944
35184372128288
35184375768064
35184399352128
35184642687105
35184675127302
35185446371345
35185513205762
35185580089472
35186522079232
35186536448008
35188676495368
35193501024258
35195147255824
35197542465536
35201586298912
35223161143298
35253096824960
35253099955234
35253963988992
35287484858881
35339527913480
35459254452800
35459367452672
35527970160640
35596823170048
35734128109568
35734128427084
35770635125024
35945655042048
36303211078144
36455682441220
37666863186056
38482913267712
39582699651072
39582973297152
39603893437444
39625368297472
39858370314272
41918880809025
43980465193474
43997646028880
44049184592132
52776559313153
52785215176800
52828101937152
52914005479552
53326985297920
54975849825792
70368744190721
70368751321088
70368761512196
70368779436048
70368853229634
70368887055360
70369314644000
70369818181705
70370105245696
70373044389376
70376428142592
70377401288960
70377603629064
70378009411584
70381629079760
70385924050970
70437463728134
70439883898880
70455717265696
70506183217216
70506451567748
70645786353792
70781606821888
70920648785924
70935981852672
70952926986240
71056073163296
71193377899784
71489741127680
71502750285825
71537042391680
72567769563712
72567901657092
72584947433601
72741713608712
72843723276290
75041668612116
75867377115136
79199205361664
80264349024264
81372467167264
83700360413184
87995290026144
88038273188864
88102664144898
88253055369216
92361132605696
96758633861120
105690555482384
105862354964480
106102888857603
110019884353536
114351424405504
140737489576448
140737513554064
140737522458752
140738192998480
140738564296704
140738595653892
140739646325256
140739837198368
140741854634048
140746095068928
140763325399042
140771850461185
140795470430208
140807818592256
140810502867072
140875061723140
140875202035728
141012375715904
141015050879232
141020960425984
141289660088386
141291558141952
141295834447872
141304558781440
141424684173313
141837022068736
141837402648576
141838073725474
141854179852609
142111945523216
142936515936520
142936645845505
142953960964128
142979461288000
143074017935488
145136759865344
145144127422468
145616571203586
146269406232712
147336705679360
149533916938244
149535728865297
149619514277896
149675315332096
150117701124608
153931628021792
158333969367572
158339338076289
158398395711488
158467130130504
158879497326848
175921860576448
175921877229604
175926692810752
178120883701778
185817473744896
211141666014224
211381144060416
213923739467776
215508842446849
263882790715392
281474976990528
281475784376352
281476055040016
281476092429312
281476185723392
281477124849700
281477283577858
281483566780800
281492425023618
281493230387212
281509345370624
281509357436929
281545843679297
281612482773011
281749871661064
281750426091648
281818574096432
281908768407616
282025000996865
282038154297348
282059228643328
282093552926720
282574795046912
282580931117056
282583078314000
283124244284928
283674201301248
283674285246464
283712654704768
283812512677920
284842232119304
285873027420226
285873090412672
285881613156897
285909564000256
285958939475968
290271074983940
290271606606850
290408643690496
290821916066048
294943996280832
299067703918592
299069377348616
299084510396417
299273321186048
299616919617570
316659348870160
316659349063685
316663712973312
316695319150656
317226292887552
318033738334466
327654498762752
351843730391041
351886670823426
351981162078208
358440791180288
360640082346512
370535418560580
387028097171496
422212465623050
422216768422176
423311978809344
440114157191168
457474280783872
492581830000640
562949953454617
562949953880704
562950490292494
562951580846080
562952105103876
562952134729736
562952503558401
562955322916868
562958543455236
562958811800128
562962871879712
562967187816512
562984313167922
562992903749640
563018815506944
563040214876160
563087392407746
563087727984672
563087929524225
563121754212608
563224850727424
563224865013763
563499744935936
563500246241312
563509507129346
563570576785408
564049758650372
564066645967874
564324343250976
564599225059344
565149044312065
565151132712960
565286555090944
566282848124928
567348134690880
567349375668224
567623414719488
569615742664848
571747121233960
571754644766992
572914279653376
574512005644288
576150535405570
580543280333312
580817018486800
581641651618176
584948780367872
598134461825044
598134904389632
598135403447552
598160095318017
603631950888960
606964795048064
633318706004104
633318766810112
633387954995264
637768283718144
650911034769408
670706387918848
703687458574338
703687710477312
703705703784448
703721903226880
703756165447713
703966748868616
723479190044672
775301726470144
844425064350880
844429493682176
844435670695936
844442647396368
844699887730688
849510171410440
862017116190720
993958511575104
1125899906990177
1125899910070276
1125899915821136
1125899974488068
1125900041061954
1125900176597008
1125900444256768
1125900481594368
1125900998410432
1125901519560960
1125902087914112
1125904201813264
1125904352804869
1125908899432576
1125917105588226
1125934333755912
1125968627503106
1125968794616064
1126003271303168
1126038553755672
1126043863744512
1126063115632672
1126174801723648
1126175063671808
1126450803508256
1126587102265472
1126758900303876
1126999418545280
1126999490052096
1127549182672906
1128098934325268
1128150511648768
1128657275854849
1129610758586880
1130300106604544
1130306627174416
1130370967806464
1130590011129865
1132497113055232
1134696000127014
1134704594063360
1134732507226112
1143495582613504
1143496388247560
1143766970835008
1144127748046864
1144635091058688
1145691116159106
1152288188006913
1161084547387400
1161101525909888
1161221722087426
1162183925825568
1163352021991424
1196270800601136
1196303014953280
1196822701899776
1197368212983808
1200667234664576
1205081923929088
1266637932134403
1266708262159364
1266912273109152
1277633585741824
1284229728043008
1306769603166208
1337006139385864
1407374919204936
1407374950828032
1407546683294720
1409576591167488
1411773198500100
1416239704440960
1460151458988032
1548129552040448
1688854161522816
1689202047598592
1689399617127168
1691048900297736
1697646691483648
1706579518816260
1724036379838528
1759218873401346
1971425422344193
2251799814213667
2251799815807056
2251799815851520
2251799948071936
2251800082219026
2251800484782596
2251800618996032
2251800896077984
2251800904205318
2251804662382592
2251808407814405
2251812698595338
2251834173446272
2251851354734592
2251874976661520
2251904167968768
2251937261174786
2251938359935552
2251939400131840
2252074826137601
2252079255519360
2252091879850752
2252143450914816
2252349620879368
2252504259624960
2252899400820736
2252907917475872
2252935836729346
2253175276978184
2253998841200832
2254002060263425
2254093863092224
2254548861321220
2256198934593792
2256200343224832
2256215174283312
2256266588127240
2258706137874432
2260596448034824
2260613103362049
2260630300065796
2261214382030880
2262794997072912
2269392085745664
2269460719345792
2270491511623696
2271591022987552
2273790616666114
2286988514328832
2287130215776256
2287533941588624
2289183352160256
2295781620975616
2304853397209092
2322172919939108
2322443435903040
2324367614951424
2327124950126592
2339760744432136
2358452978451456
2392537302335556
2392537439404288
2392539466827776
2392546202353664
2392709637603360
2396935352763392
2427721741238281
2471702139240578
2533274800885764
2533274859077696
2533279223777280
2533309150134552
2534511757754496
2559671659413504
2603662861959168
2814749771866112
2814767217508360
2814788430201856
2814818503622912
2819147814668292
2823958176993280
2832891708964929
3098423767073282
3377699741499936
3377700266868736
3377708311249920
3377722269110272
3378251758059520
3391993371689024
3448274623135745
4081387162435600
4503599631632394
4503599635800322
4503599761981728
4503599896137732
4503599979823232
4503600065675776
4503600701401088
4503601339170816
4503601775968800
4503601848254720
4503601909604368
4503604996112432
4503608219408400
4503608489935904
4503612579397633
4503616811450896
4503621102864384
4503633987338304
4503634534481920
4503638283124996
4503685803540481
4503737737416706
4503874547220504
4503875063119876
4504149383971329
4504149408352288
4504155825639432
4504329805365248
4504699139006477
4504707730243712
4504836590534720
4505798652731552
4505817977978886
4505901734559744
4506073528684544
4506899370214400
4508077130809344
4508565683306560
4509372331853824
4512395722490948
4512395737710600
4512534233153664
4512945476337682
4518992790160128
4521217583218952
4521226189931010
4521260600002564
4521604130275361
4538784033026112
4538818359460872
4539952247341072
4541532779610112
4543182046494850
4547580230893569
4573968375779456
4573970519034881
4574123008196608
4576167931740176
4578366619385864
4583112356921344
4644337191289856
4644341444509698
4653142335561728
4663030961012736
4679813547687936
4714705860427872
4785074604083904
4785074738348036
4785078915834880
4785144399396866
4785358072512512
4794987455709184
4804865822031872
4820398831042560
4930210139996176
5066549590757376
5066549648162896
5066755739354112
5066862039662592
5067653924258304
5070947644145665
5092938128326656
5207836824961156
5418393335234816
5629509206409216
5629533893951633
5629568790560808
5630599048495104
5631703120871488
5638295661840384
5651489766773760
5735052650480132
5770374461538560
6755408181985344
6755416654480512
6757048708563200
6759939223584768
6772992706084864
6825802813415424
6896205648892416
7036874954768385
7353533766582304
7881574292914178
