4064
503812
66584576
8522825728
137589950471
541165879304
618550796305
1116964193281
8805757878401
105003360452608
141845657554976
142971416741888
145277268821008
149533866598920
158349004112128
175990747758720
211382188392512
282576644243592
283691315109952
285942833479712
290546016913408
299076323132416
316698007704064
351981428932864
563517963405312
564324880089602
565161878421760
567382630219904
571885666439232
580542278008880
668503137846276
1128100005942280
1130315234017792
1134765260439808
1143771266293888
1161093145952320
1196305158307874
2252972341985344
2254274016870432
2256208601819136
2260630401451008
2269530520879616
2287533941604618
2322169111515280
4504426425484288
4504734606041344
4505936161144960
4507998211342408
4512417203634208
4521260802379778
4573977097830912
8866461766385665
9009469145481732
9011872321769728
9024825884442688
9042521604759584
9077572327702537
10134198674278416
