3896
14979
51428
1966091
4610304
5308530
6596096
9524736
10004736
11141296
117440662
503351808
620770560
1379074048
1422655488
1744830666
1895825457
2248147049
2310275072
2706046976
3623903488
81613225984
90202177536
111669149837
158913851392
192250118144
232867758080
349603627008
395137000192
416611827758
429496729809
455272038400
11547757772800
15324443312128
15393162826496
20890723876864
22539988369479
23091036028928
24189269573632
28587302349824
40684916572160
42331197669528
44530235670528
47278999994403
54425825624576
55040005898240
70922811801857
70927627337856
70936754683906
70952897479688
70987294967824
71056073297952
71193646604352
71474699306016
71476879426050
71485704177792
71503160803648
71537113726980
71605762400257
71744209555464
72572133707904
72576627933185
72584989261856
72603200987140
72636504736320
72707354132738
72843182343184
74771228270594
74776454629408
74784511623681
74801419915280
74837657731080
74904248517760
75041702674692
79169400750084
79173495292168
79184165081152
79199331418752
79234095652896
79302309806096
79439736080386
87965762355208
87969545326596
87978246406416
87997437577217
88029918659586
88099447128128
88235875303968
105558485500432
105561840485440
105570313052168
105587545227266
105621869563905
105691093141508
105830150078592
141292084396576
141295851144194
141304562458752
141323752456256
141356232151044
141425758963713
141562189742088
141841332715521
141847739498880
141854255353858
141871376564744
141906794258448
141974707666976
142112012240960
142941076064258
142945168793632
142955839030273
142971013988368
143005772153096
143073984643712
143211408408580
145140903673984
145144259547137
145152732561696
145169965910020
145204296287296
145273510838274
145412560519696
149537945551888
149542443942464
149550795065352
149569015382274
149602317795329
149673176211460
149808997208192
158333986676800
158338801272848
158347928142340
158364069793824
158398461264000
158467248620552
158604829131009
175926289891588
175931532525576
175939579314240
175956488750208
175992727930912
176059320373264
176196771979266
282030101365824
282033457725968
282041929697284
282059159634208
282093487685760
282162708422664
282301762113537
282579052265736
282583145463812
282593815855120
282608984392705
282643744950274
282711961899072
282849391419424
283678328758288
283684745775168
283691249041928
283708376616962
283743793725441
283811711550468
283949012156800
285877857161220
285881634160648
285890337587264
285909530976384
285942011265568
286011544305936
286147969287170
290277512249858
290279693747232
290288519094273
290305970552848
290339931820040
290408575928448
290547021676548
299071596136480
299076828536834
299084887884928
299101791027264
299138030764292
299204618748417
299342074363912
316663661609088
316668475736321
316677602480160
316693750481412
316728139587648
316796922527746
316934497241104
563506151950464
563508341121025
563517159638048
563534606008324
563568563454272
563637219492354
563775660965904
564053778923522
564058596053024
564067718922497
564083858868240
564118251766792
564187046625408
564324612440580
565153405993473
565158641403008
565166693949442
565183605129224
565219845738512
565286432475168
565423892365376
567352362549280
567356858368258
567365213491328
567383435510336
567416736456708
567487587450881
567623423100936
571751419355144
571754772695044
571763251479056
571780473360385
571814800539650
571884022531136
572023071965472
580546468054020
580552877408776
580559387494464
580576520176000
580611941105696
580679846993936
580817151856642
598138897305664
598142982848528
598153657073668
598168820523040
598203581923968
598271800115464
598409220719617
1055531162664997
1126453991706626
1126460400173088
1126466909782017
1126484041277456
1126519456137736
1126587371094400
1126724683170820
1127004250448000
1127008026232833
1127016733082144
1127035925958660
1127068408496192
1127137931232258
1127274367680784
1128104300904736
1128107658461186
1128116127039616
1128133357470784
1128167683262468
1128236914315265
1128375956545544
1130302517019649
1130306618786432
1130317282805762
1130332447441160
1130367210258448
1130435430064160
1130572848107584
1134700430131264
1134705663676432
1134713716670724
1134730636429344
1134766871020672
1134833456136200
1134970913423873
1143498543742992
1143500716638528
1143509545390088
1143526990545410
1143560946655233
1143629601079300
1143768045062272
1161088641075208
1161093137833988
1161101493404688
1161119716638721
1161153023574274
1161223865500224
1161359693987872
1477743627770880
2252353932632068
2252358428002312
2252366782988864
2252385011372160
2252418309963808
2252489156461584
2252624986374402
2252903754567696
2252908989546560
2252917043118088
2252933957689346
2252970200662529
2253036781175044
2253174237037696
2254003157074952
2254007964008964
2254017094748176
2254033231282433
2254067623624706
2254136412217408
2254273983811616
2256204306841920
2256206485798928
2256215316922372
2256232756872224
2256266714941568
2256335366524936
2256473811984385
2260600739072001
2260604513493120
2260613220926466
2260632416059400
2260664894882064
2260734420451872
2260870860128320
2269396565230208
2269400660968449
2269411327352864
2269426494226436
2269461256212544
2269529480628226
2269666895495184
2286988514459680
2286994924244994
2287001433276800
2287018562553920
2287053981090820
2287121893244929
2287259202093576
2885121011089408
3588805953085952
4222124659638272
4504153814482952
4504159051055364
4504167100190736
4504184011883009
4504220250284034
4504286847336512
4504424295696416
4504703501337152
4504708005757968
4504716354527236
4504734572625952
4504767875780736
4504838729631752
4504974553874433
4505805093634052
4505807274184712
4505816099062080
4505833549334656
4505867504583712
4505936157753360
4506074610663938
4508001985759248
4508006801743936
4508015928017928
4508032067469314
4508066462564609
4508135247118852
4508272824434816
4512400057303424
4512406458089473
4512412971597856
4512430097957892
4512465513678912
4512533429882882
4512670733049872
4521197183176705
4521200537731200
4521209010143234
4521226248658952
4521260570640912
4521329789763872
4521468840903744
4538788835492866
4538792608268832
4538801321936897
4538820506747152
4538852988452872
4538922512425088
4539058944610308
5137163138105344
5699868999811072
5910974510923868
6353527941103616
6891738882899968
7177964093440000
7318349394527488
9007753578184720
9007757669699648
9007768346296584
9007783504578562
9007818267952129
9007886483341316
9008023905370752
9008304143468548
9008307490791432
9008315967210560
9008333194297472
9008367519465760
9008436744290832
9008575792300034
9009403109916736
9009406885232912
9009415593136132
9009434789413408
9009467274305664
9009536790855688
9009673223276545
9011601630822920
9011608038802436
9011614548303888
9011631686172673
9011667098669058
9011735009167424
9011872315506720
9015999659773984
9016004482990082
9016013603487872
9016029741195328
9016064134873604
9016132925128961
9016270494172168
9024795802992898
9024800300220448
9024808654766081
9024826874528784
9024860179138568
9024931027292288
9025066859765764
9042390071386113
9042392254515328
9042401075397122
9042418523967496
9042452480671760
9042521141281824
9042659579527488
10555315384745984
10766718506893312
11614691080011776
11962686510202906
13721905116282880
14355223818665984
16888498602639521
