21802
22805
25417
98762
99636
110673
164577
169030
175144
198803
203584
214104
279729
297172
397874
406785
458924
563226
567681
606405
657702
787788
811106
823333
852753
857218
1098892
1189957
1257482
1313354
1577283
1581272
1582880
1591337
1737745
2371200
2715904
3473505
5537848
5581056
5964416
6291921
6294038
6464256
6504482
7443456
10059810
10360832
10486626
10486938
10487973
12583628
12588144
12763156
12873856
18879045
18880898
18883622
18884633
19447856
20007424
20054098
20977708
20981128
25176836
25396352
25755676
29753377
36044821
36241419
37751010
38830087
39206976
39858248
41945681
42025856
42598504
42770944
44247040
50336787
50475648
51437824
52757760
76090880
76759041
77598988
78684288
79700997
83888481
83917824
84213767
84296448
85098532
88089136
100672070
101367936
102763568
104337920
104861844
113344520
118753408
134219143
141164568
143917069
145097088
147095618
150999384
151537280
153399296
155271185
157289536
159385650
168057344
168895616
169345076
169873697
184647748
195035656
202194952
203423976
203456531
205523585
205718784
227155968
234891528
377487395
392298496
413253632
420937728
536874322
707952640
805315595
805355558
805734656
805869056
806027297
806642176
819987712
855638072
977272897
1342181992
1342369792
1342717971
1343356956
1355612160
1363148870
1377831680
1400906752
1482694784
1545109504
1610817920
1611546628
1611677808
1621098569
1637122048
1646269568
1652555798
1681922304
1697185792
1761607717
1811949056
1879133184
2416287872
2416578944
2445281408
2451570788
2487222297
2685927438
2707423235
2722106880
2753561472
2756755456
2776629316
2785476608
2829064192
3103793408
3221232260
3221799680
3222405155
3222557696
3261366272
3368026152
3374465024
3489662273
3758108738
4295147531
4608753664
4699717646
4833431680
4887478272
4905238564
5041553432
5100274912
5368719412
5369794048
5400166416
5586813312
5637538432
5905580810
6443106388
6443729152
6488596736
6492782666
6527156224
6710886706
6711164933
6711421952
8591065110
9076473876
9235869696
9265840128
9395568706
9664016896
9675751424
9701425201
9839839360
10033053696
10221519488
10738513920
10754201344
10762928128
10941956096
11005854346
11274289301
11274445824
11442061346
11811749924
11886821376
12884903193
12885363712
12943622180
12985566848
13020479488
13023327232
13153339780
13153419304
13222543425
13422559280
13958647815
15032394336
16379805696
17857527808
17985716296
17986294016
18069064192
18324258816
18442358784
18522055173
18792065024
19387252736
19400763392
19469968000
19595984902
19864518721
20401097738
21474841240
21556101120
21577678848
21613248547
21743278146
22011710469
22012788754
22548643916
22549369088
25770729600
25845301322
26038534156
26039420416
26048725040
26306683142
26843546832
26843646208
28055699524
47781517824
52076724224
53561262080
58269368320
93415538705
103079220624
103079870477
103080460336
103080567808
103091798054
103115669504
103133741136
103165199872
103230220416
103288930369
108280152064
112206020634
113011335424
122406568040
164819370024
167939932160
171813928960
171834352000
171849449472
171884167168
171932913408
171935006804
172037767200
174752268288
176630530115
177167745024
186831077388
206159659520
206204568704
206230650880
206250704936
206326202393
209658576896
210990277248
212600887552
223606748160
225487159296
274877909816
309311373312
309313145216
309382358016
313046073344
313801048152
314070925312
314606366848
318142152704
318902140928
326954387072
327491256370
337155997696
343597760768
343702242048
343767253058
346282426368
353261067264
354603237409
356483923968
377957130769
412371396608
412534968832
418490875908
421443670400
430111195136
431912649472
446676598953
481036337477
481036338698
481036880000
536870944768
584212025344
584292040704
588947399936
589752696865
594852973696
618475300036
618475967488
618615799813
618634675456
618711236608
628138967138
629762162688
636192030772
636728902528
648540071936
652835424768
687194772162
694209740800
696323276800
696931844096
721554516040
721554559232
721555816465
755914522636
755914801232
824634151040
824719712512
827854946317
829352312832
834566029312
842083860480
848256046080
858994053632
898797404160
962072756272
1099511638158
1099721348224
1133877662336
1134019231744
1136129998848
1151051249920
1159909605379
1171540410368
1173868347392
1185679818752
1202590845985
1202591170628
1240171816064
1243552415744
1245808962048
1258425417840
1262720958464
1271310467090
1271331291141
1305670058402
1315333734420
1374390648857
1374418896384
1374465032244
1374561501196
1376806060032
1381368858752
1393180344320
1404538191872
1408749438208
1408768147466
1443109023784
1443109797891
1443152035840
1511828783176
1511830066176
1649268244864
1649268819456
1654637346816
1668900978688
1683627180812
1693441851392
1717987973248
1718255353929
1724429369350
1786807059712
1924145352978
1924145400320
1924156489728
2233383354386
2240500727808
2243583541316
2246536495104
2287539847168
2302103062784
2302103535682
2302144418304
2347317067776
2354984257664
2360084676608
2370821956132
2370823131264
2405187977264
2405325864960
2414308573184
2473993486336
2474001825818
2474086498304
2488944033792
2491886338065
2508260905312
2508260982796
2542621032528
2542641614976
2547452477474
2611340214912
2611340403712
2748779072540
2748925880320
2752805601792
2767032991744
2783139594280
2804614758400
2817498554627
2817518731264
2886218186757
2886218356736
2886238995200
3023658164736
3023698919492
3023728279585
3298536325126
3298608824320
3317862236197
3320588533760
3332895146065
3332978704384
3367254409240
3367355023456
3380139262720
3435973840907
3435974920448
3573412791490
3573448448000
3746293612544
3848291263488
3848458470016
4432676798593
4432679142416
4432683599904
4432692514880
4432708280322
4432809034248
4432946274320
4432947839108
4432951578626
4432960160288
4432976807937
4433010263048
4433077354816
4433482121504
4433484202498
4433489428616
4433496907780
4433547366401
4433614276624
4434555896384
4434558062624
4434562139140
4434570543248
4434587549960
4434621892610
4434688483329
4436703446018
4436706459905
4436709875776
4436718012424
4436734836896
4436768850448
4440998545412
4441000452104
4441013485826
4441029758992
4441131451424
4449588744200
4449590347840
4449602962433
4449620722180
4449653252128
4449720598658
4467036782912
4467038683680
4467042844804
4467051733008
4467067995144
4467101667330
4467169691649
4467305481248
4467307086082
4467311386632
4467319703556
4467337461952
4467369984513
4467437342736
4467841847300
4467844188168
4467848642817
4467857556482
4467873317392
4467906912320
4468915701776
4468918722564
4468922122754
4468930265376
4468947095553
4468981104776
4469047723072
4471064101384
4471065677888
4471069410320
4471077994625
4471094640900
4471128098848
4471195197442
4475358085250
4475360248833
4475364329536
4475389747232
4475424080144
4475490664964
4483947995137
4483950067856
4483955298336
4483962765888
4483979937794
4484013229060
4484080140552
4535756521986
4535758131201
4535762420800
4535770742920
4535788503328
4535821027344
4536024498433
4536030740640
4536039153728
4536056153090
4536090497028
4536157079560
4536562354240
4536563933216
4536567661060
4536576246032
4536592896008
4536626348162
4537635069960
4537637404864
4537641865232
4537650774529
4537666537476
4537700123680
4537767297282
4539782795296
4539784693762
4539788853512
4539797734404
4539847680001
4539915698320
4544077530128
4544079610116
4544084844546
4544092309536
4544109478017
4544142770696
4544209686592
4552667562116
4552670577672
4552673986561
4552682131458
4552698961936
4552799584800
4673196000260
4673197572360
4673226539152
4673259995712
4673327091744
4673463648392
4673465549888
4673478594561
4673494867972
4673528529184
4674000388609
4674003406864
4674006811680
4674014953664
4674031780098
4674065795076
4674132418568
4675081339200
4675088811016
4675105980960
4675139280912
4675206185092
4677221499152
4677223842308
4677228298370
4677237219360
4677252973569
4677286563848
4677353736256
4681516982336
4681518579872
4681522876420
4681531195920
4681548957704
4681581478914
4681648832769
4690106452000
4690108620802
4690112692744
4690121097476
4690138107968
4690172444801
4690239030288
4948072892424
4948074979392
4948080198160
4948087668993
4948104843268
4948138131616
4948205044738
4948341428288
4948344440864
4948347846916
4948355990544
4948372816392
4948406837250
4948473446529
4948878688400
4948880294916
4948884588546
4948892913696
4949952168961
4949954068752
4949958238240
4949967112256
4949983379586
4950017049092
4950085079048
4952099463172
4952101617800
4952105701377
4952114102786
4952131110928
4952165450816
4952232034592
4956394373664
4956396720130
4956401173512
4956410085508
4956425847104
4956459436033
4956526616592
4964985340162
4964986913281
4964990648512
4964999241736
4965015880736
4965049339920
4965116430340
5189931106304
5497828741136
5497830901764
5497834979586
5497843385376
5497894739976
5497961316544
5498097140228
5498099224584
5498104448001
5498111918210
5498129088784
5498162382912
5498229301280
5498634248194
5498636140673
5498640306240
5498649182728
5498665453600
5498699121680
5498767147268
5499708768416
5499710342146
5499714078728
5499722665988
5499772764417
5499839857168
5501855729665
5501857341456
5501861626400
5501869949248
5501887713282
5501920231556
5506150301960
5506153316928
5506156724368
5506164875265
5506181694468
5506215710752
5506282326018
5514740122688
5514742464800
5514746929156
5514755835920
5514771595400
5514805182978
5514872360961
5978594672640
6597340438560
6597343445122
6597346856968
6597354996228
6597371824192
6597405836289
6597472452880
6597608753154
6597611102209
6597615551040
6597624463624
6597673812112
6597740987396
6598145672200
6598147834176
6598151921680
6598160320513
6598211666464
6598278254594
6599219872004
6599221477896
6599225770113
6599234101250
6599251854352
6599284379712
6599351732256
6601366864064
6601368945696
6601381646352
6601398820872
6601432105218
6601499017729
6605662851073
6605664421904
6605668155680
6605676741696
6605693387266
6605726851076
6605793935496
6614251995664
6614253899780
6614258058242
6614266937504
6614283206913
6614316877832
6614384910400
8830726447136
8830729847300
8830737989904
8830754820104
8830788829314
8830855447553
8830994089986
8830998544648
8831007458308
8831056814081
8831123980432
8831528665220
8831530828808
8831534909441
8831543316482
8831560327184
8831594660160
8831661244960
8832602866704
8832604471556
8832608772098
8832617089056
8832634847361
8832667369992
8832734728256
8834749865992
8834751938752
8834757169168
8834764636673
8834781808644
8834815099936
8839045841410
8839047417857
8839051150400
8839059734664
8839076380960
8839109838864
8839176937476
8847634989313
8847636890128
8847641051296
8847649939520
8847666201602
8847699873796
8847767898120
8865084080272
8865085654020
8865089390594
8865097977888
8865114628097
8865148076296
8865215169088
8865351737348
8865353629832
8865357795329
8865366671874
8865382942736
8865484636448
8865888469250
8865891484161
8865894891712
8865903042568
8865919861792
8865953878032
8866020493316
8866962113056
8866964197378
8866969420808
8866976891012
8866994061632
8867027355649
8867094274064
8869109580801
8869111922960
8869116387360
8869125294144
8869141053570
8869174641156
8869241819144
8873405057032
8873406668864
8873410953744
8873419276545
8873437040644
8873469558944
8873536914434
8881994534976
8881996695584
8882000773380
8882009179152
8882026185224
8882060533762
8882127110273
8933802771464
8933804671296
8933808840720
8933817714689
8933833982084
8933867651616
8933935681538
8934073074720
8934077368324
8934103457800
8934203326977
8934607831568
8934610178052
8934614631426
8934623543456
8934639304961
8934672893960
8934740074560
8935681691649
8935684704272
8935688110368
8935696254016
8935713079810
8935747100676
8935813709960
8937830088964
8937831662088
8937835397249
8937860629520
8937894088768
8937961179168
8942124081184
8942126235778
8942130319368
8942138720772
8942155728960
8942190068737
8942256652560
8950716063745
8950721282624
8950728753416
8950745927712
8950779216016
8950846129156
9071241486338
9071243821185
9071248281664
9071257190920
9071272953888
9071306540048
9071373713668
9071510947841
9071512526864
9071516254752
9071524839744
9071541489666
9071574941828
9071642035208
9072048881952
9072054116356
9072061581328
9072078749832
9072112042498
9072178958337
9073120575752
9073122738752
9073126817936
9073135230977
9073152230404
9073186574368
9075268124832
9075271140354
9075274549256
9075282694148
9075299524672
9075333529857
9079563227152
9079565125636
9079569285378
9079578166304
9079594435073
9079696130240
9088153420292
9088155029512
9088159319041
9088167641218
9088217925696
9088285286432
9346119434753
9346121601040
9346134081728
9346151088386
9346185431044
9346252021768
9346387837200
9346389918212
9346395144322
9346402623520
9346419786753
9346453082120
9346519992384
9346924939296
9346926845954
9346930999816
9346956152896
9346989817985
9347999473728
9348001038496
9348004777988
9348013359632
9348030007304
9348063462402
9348130554113
9350146428930
9350148032513
9350152323392
9350160647176
9350178406944
9350210936848
9354444013832
9354447429633
9354455566338
9354472390800
9354506404416
9354573025312
9363030818952
9363033162816
9363037620240
9363046535169
9363062300676
9363163054594
9895875707168
9895877313026
9895881605256
9895889936388
9895907689536
9895940214785
9896007567376
9896143684610
9896145846529
9896149934144
9896158332936
9896175337632
9896209678864
9896276267012
9896681541640
9896683112512
9896686846224
9896695432193
9896812626050
9897754249220
9897756598280
9897761047041
9897769959682
9897785724944
9897819308224
9897886483488
9899901977152
9899903881248
9899908039684
9899916918928
9899933188360
9899966859266
9900034891777
9904196714625
9904198796304
9904204023840
9904211497024
9904228671490
9904328868360
9912786755600
9912793174018
9912801313312
9912818141185
9912852153352
9912918769984
10823321780224
10995388925960
10995394150657
10995418792464
10995655377416
10995658395712
10995661800464
10995686768900
10995720783904
10995787407362
10996192649217
10996194246800
10996198543392
10996257145860
10996324499720
10997266120834
10997268022273
10997272184896
10997297340448
10997331001616
10997399028228
10999413409808
10999419650562
10999428055328
10999445065729
10999479402632
10999545988160
11003710669344
11003724046352
11003739800584
11003773390850
11003840563201
11012299293728
11012300865794
11012304609288
11012313188356
11012329832640
11012363289089
13194139579520
13194140012544
13194187767809
13194231808640
13194282139748
13194294886400
13197093502976
13199508242514
13204071645193
13209172459520
13211856275840
13213466886172
13400501387264
13881334300707
14328012734464
15461882276352
15590731284480
16217796510976
17592187360128
17592249499648
17626816581634
17626818480129
17626822639936
17626847789600
17626881466384
17626949484676
17627085275649
17627086884880
17627099496640
17627117256962
17627149780996
17627217141768
17627621646400
17627623981216
17627628441604
17627637350928
17627653113864
17627686700034
17627753873665
17628695494792
17628698510400
17628701919248
17628710064129
17628726894596
17628760899872
17628827517442
17630843897888
17630845476866
17630849204744
17630857789700
17630874439744
17630907891841
17630974985232
17635140043268
17635144122498
17635152535584
17635169534977
17635203878920
17635270461504
17643727782916
17643729862920
17643735097345
17643742562306
17643793023552
17643859939360
17661178282176
17661182365712
17661190767105
17661207775236
17661242115104
17661308698882
17661444524096
17661446610976
17661451829764
17661459300624
17661476474888
17661509763202
17661576676353
17661981623312
17661983523076
17661987692546
17661996566560
17662012833921
17662046503432
17662114533440
17663061459104
17663070052416
17663086691330
17663120150532
17663187240968
17665203110020
17665204716552
17665209010177
17665217335298
17665235099664
17665267614016
17665334968864
17669497688096
17669500700674
17669504106760
17669512250372
17669529076288
17669563097089
17669629706384
17678087504386
17678089850881
17678094304320
17678103216264
17678118977824
17678152566800
17678219747332
17729895563424
17729897645058
17729902872584
17729910345732
17729927520320
17729960804609
17730027717136
17730164105218
17730167111809
17730170523712
17730178662920
17730195490848
17730229502992
17730296119556
17730701361416
17730702967360
17730707259536
17730715590657
17730733343748
17730765869088
17730833221634
17731774841348
17731776745480
17731780903937
17731789783170
17731806052624
17731839723584
17731907756064
17733922128960
17733924290848
17733928378372
17733936777232
17733953781896
17733988123138
17734054711297
17738217048065
17738223845920
17738248523778
17738349282312
17746808016912
17746809587716
17746813321474
17746838553089
17746872016904
17746939101376
17867335010320
17867336622084
17867349229856
17867366993921
17867399512200
17867605149704
17867609227521
17867617633282
17867668987968
17867735564448
17868140839042
17868142412801
17868146149440
17868171386912
17868204835088
17869213549600
17869215891714
17869220356104
17869229262852
17869245022400
17869278609921
17869345787920
17871361286145
17871363178640
17871367344160
17871376220736
17871392491522
17871426159620
17875658100800
17875663324176
17875670794369
17875687964932
17875721259040
17884249063968
17884252471428
17884260622352
17884277441544
17884311457794
17884378073089
18142212407556
18142214750728
18142219206785
18142228127746
18142243882000
18142277472320
18142344644640
18142481875976
18142483448128
18142487191568
18142495770625
18142512414852
18142612967426
18143017734145
18143019812880
18143025037600
18143032509504
18143049679362
18143082979332
18143149883528
18144091506690
18144093675521
18144097747520
18144106152200
18144123162656
18144157499536
18144224084996
18146239054352
18146245477378
18146253619360
18146270445825
18146304460808
18150534152384
18150536053792
18150540216324
18150549098512
18150565371912
18150599033090
18150667059713
18159124357152
18159125954690
18159130251272
18159138570756
18159156332608
18159188853761
18159256207632
18691971350800
18691974766624
18692033741316
18692100362248
18692236656784
18692239000580
18692243458050
18692252373024
18692301717768
18692368892480
18692773577248
18692775743490
18692779820040
18692788224132
18692839573505
18692906164240
18693847781440
18693849384992
18693861999632
18693879759368
18693912289282
18693979635841
18695994769666
18695996850689
18696002076864
18696009555976
18696026719264
18696060014608
18696126924804
18700290760708
18700292325512
18700296065025
18700304646658
18700354749504
18700421841184
18708879902728
18708881809472
18708885963280
18708894843137
18708911116292
18709012808706
19791480881728
19791482458144
19791486190596
19791494774928
19791511421192
19791544879106
19791611977729
19791750431234
19791754592392
19791779742784
19791813414913
19791881439248
19792285272068
19792288292872
19792291693057
19792299835650
19792316665872
19792350675136
19792417293344
19793358921744
19793360994436
19793366224898
19793373692448
19793390864385
19793424155656
19795506384904
19795508725824
19795513180432
19795522094081
19795537854980
19795571449888
19795638616194
19799801857026
19799803461889
19799807762496
19799816079368
19799833837728
19799866360336
19799933718532
19808391331969
19808393495568
19808397576224
19808405983296
19808422993922
19808457326852
19808523911688
21724481454080
21990234275842
21990404522002
21996138184704
21996675007872
22000969973827
22010902085664
24257975287822
24326694777088
24773572689920
26388396511488
26390871146496
26393916216320
26397745610752
26406533808128
26409754329088
26416196356608
26800596779008
26972394627712
27075501096960
27625229647916
27762668612608
28621662633984
30786325583920
31095563223045
35219002892292
35219004489864
35219008786433
35219017105922
35219034867728
35219067388992
35219134742816
35219270862856
35219273031744
35219285508353
35219302518788
35219336855712
35219403441154
35219808715777
35219814031392
35219822610496
35219839254658
35219939807240
35220881424642
35220888223936
35220897144840
35220912899104
35221013661700
35223029153936
35223031055364
35223035217922
35223044100128
35223060373505
35223094034696
35223162061376
35227323895872
35227338671120
35227355841032
35227389140994
35227456045185
35235916943362
35235928490116
35235945316672
35235979331585
35236045955088
35253362131970
35253364211969
35253369446464
35253376911368
35253427372560
35253494288388
35253630664833
35253633680400
35253637089312
35253645234240
35253662064642
35253696069892
35253762687496
35254167929408
35254169538592
35254173828100
35254182150288
35254199910664
35254232434690
35254299795457
35255241412616
35255243311168
35255247470864
35255256351745
35255306297376
35255374315650
35257388695840
35257390858754
35257394937992
35257403351044
35257420350528
35257454694401
35257521276944
35261683621904
35261685956740
35261690417154
35261699326496
35261715089409
35261748675592
35261815849280
35270274582532
35270276161544
35270279889409
35270305124368
35270338576576
35322081706256
35322084721156
35322088128642
35322096279584
35322113098753
35322147115016
35322213730368
35322350027780
35322352369928
35322356834305
35322365741058
35322381500560
35322415088192
35322482266144
35322886950914
35322889111553
35322893189440
35322901595144
35322918601248
35322952949776
35323019526276
35323961149472
35323967046152
35323993133120
35324025651329
35326108140033
35326110224400
35326115447840
35326122918080
35326140088578
35326173382660
35326240301064
35330404122760
35330405696576
35330409433104
35330418020353
35330468118816
35330535211522
35338993279040
35338995171488
35339008213520
35339024484360
35339058152450
35339126178049
35459520594112
35459526838276
35459535245328
35459552256008
35459586588930
35459653173761
35459789004832
35459791077506
35459796307976
35459803775492
35459820947520
35459854238721
35459921150224
35460341047298
35460357309456
35460390981696
35460459005984
35461400625680
35461402202116
35461405934594
35461414518944
35461531721792
35463549190464
35463553490960
35463579566212
35463612088864
35463679447042
35467842160642
35467845181441
35467848581696
35467856724232
35467873554464
35467907563664
35467974181892
35476431982593
35476434323472
35476438778144
35476447691840
35476463452674
35476497047556
35476564213896
35734399488032
35734401058818
35734404792584
35734413378564
35734430024256
35734463488001
35734530572432
35734667133442
35734669037569
35734673196096
35734682075272
35734698344736
35734732015632
35734800048132
35735203880968
35735206887616
35735210299408
35735218438657
35735235266564
35735269278752
35735335895298
35736279598088
35736284825601
35736292298754
35736309473296
35736342757696
35736409670176
35738424985664
35738427334688
35738440696080
35738456461320
35738490044546
35742720459009
35742722064912
35742726357152
35742752441346
35742784966660
35742852319240
35751309935632
35751312097540
35751324583968
35751341588609
35751442518080
36284154266120
36284156612672
36284169977985
36284185739524
36284219328544
36284286509058
36284423733568
36284425306656
36284429041796
36284437635088
36284487733250
36284554823681
36284959590416
36284961677316
36284966896130
36284974367008
36284991541249
36285091742784
36286033371137
36286035525776
36286039609376
36286048010816
36286065018882
36286099358724
36286165942536
36288180916228
36288183928840
36288187334913
36288195478530
36288212304400
36288312934560
36292476011552
36292477911298
36292482080776
36292490954756
36292507222208
36292540891649
36301066207362
36301067813889
36301072107584
36301098197024
36301130711312
36301198066180
37383666141185
37383668047888
37383672201760
37383681081664
37383697354754
37383731019908
37383934840848
37383940735234
37383949059104
37383966818817
37383999348744
37384066695360
37384471199904
37384473543682
37384486916100
37384502681664
37384536260865
37384603435536
37385545057344
37385551486980
37385559623696
37385610461698
37385677082625
37387693465602
37387695030401
37387698769984
37387707351560
37387723999264
37387757454352
37387824546052
37391987442180
37391989608456
37391993684993
37392002089090
37392019095824
37392053438528
37392120029216
37400577343752
37400592130049
37400609293316
37400642588704
37400709498882
39582670259200
39589204983808
39592619148544
39600135352832
39960400887808
40544492355584
40819369181254
41815801601024
41850162151424
43980637086208
44002084651008
44324062494742
44736379358208
45120242057216
45217415697152
46491141931008
48378511671336
52776558141980
52776650407953
52789482881024
52795449278464
52795886288896
52798301405193
52982871752704
53200686153728
53429393244160
55044300867200
55525337202738
57174604808272
57174605242496
61572651159683
61572651812096
61572652466244
61572852580352
70368744860160
70403375497480
70403377070656
70403380805776
70403389399041
70403406038020
70403439497248
70403643147328
70403645047072
70403649216516
70403658090512
70403674357896
70403708027394
70403776057345
70404179890192
70404182902788
70404186308866
70404194452512
70404211278337
70404245299208
70404311908544
70405253531649
70405255618576
70405268308288
70405285482498
70405318770820
70405385683976
70407400997380
70407407797249
70407416709250
70407466059840
70407533240352
70411696472224
70411702372360
70411728461888
70411760976129
70411828331024
70420285956098
70420288110721
70420292194368
70420300595720
70420317603872
70420351943696
70420418527492
70437736318992
70437740609824
70437748933696
70437766693378
70437799223300
70437866569864
70438002688528
70438004854788
70438008931330
70438034342145
70438135275584
70438540550176
70438542114946
70438545854472
70438554436100
70438571083840
70438604538881
70438671630608
70439613251776
70439615595552
70439620052996
70439628967952
70439678312706
70439745487361
70441760983042
70441762889729
70441767043648
70441775923464
70441792196640
70441825861776
70441893889028
70446055719172
70446057800200
70446070505474
70446087668752
70446120964160
70446187874336
70454645752840
70454648766784
70454652182544
70454660319233
70454677143684
70454711157280
70506453731332
70506459972097
70506468376834
70506485387280
70506519724224
70506586309664
70506722136072
70506724214848
70506736911361
70506754081284
70506787381280
70506854285442
70507259232385
70507265296416
70507274178624
70507290451970
70507324113156
70507392139784
70508333761538
70508335333633
70508339077184
70508347656200
70508364300448
70508397756944
70508464852996
70510480728080
70510482325636
70510486622210
70510494941728
70510512703489
70510545224712
70510612578624
70514775294528
70514778312736
70514781717508
70514806685960
70514840700930
70514907324417
70523365114144
70523367457282
70523371913352
70523380834308
70523396588608
70523497351184
70643892879904
70643894784002
70643898942472
70643907821700
70643924091200
70644025794576
70644161577218
70644163183105
70644167475392
70644175806472
70644193559584
70644226084880
70644697942024
70644700291136
70644704739856
70644729417732
70644763000992
70644830176258
70645771804676
70645774811272
70645786362370
70645803190288
70645837202496
70645903819040
70647920201792
70647921772576
70647934092304
70647950737928
70647984201730
70648051286145
70652216344848
70652220432416
70652228831296
70652245835906
70652280177156
70652346765320
70660804083856
70660806165508
70660811393026
70660818866208
70660869325064
70660936237632
70918770655362
70918773670913
70918785224712
70918802055200
70918836060432
70918902678020
70919038984193
70919041319056
70919045779488
70919054688832
70919070451714
70919104037892
70919171211528
70919575896384
70919582138500
70919590551568
70919607550984
70919641894914
70919708477441
70920650097160
70920651706432
70920655995920
70920664318081
70920682078468
70920714602528
70920781963266
70922797089824
70922799169794
70922804404232
70922811869188
70922829037760
70922862330369
70922929246224
70927093073936
70927094652932
70927098380802
70927106965792
70927123615745
70927157067912
70927224161344
70935684122632
70935688282369
70935697163266
70935713432080
70935815127200
71468256821248
71468528451744
71468541149712
71468558321672
71468591612930
71468658524417
71468794906656
71468797927426
71468801327624
71468809470212
71468860309633
71468926927888
71469338075137
71469346392066
71469364150416
71469396673088
71469464031264
71470407549444
71470411710594
71470436860929
71470470533128
71470538557504
71472552935560
71472567586817
71472584597508
71472618930464
71472685515266
71476847857666
71476850198529
71476854653248
71476863566856
71476912922640
71476980088964
71485438820865
71485440397328
71485444129824
71485452714176
71485469360386
71485502818308
72568037983248
72568040325380
72568044789762
72568053696544
72568069456001
72568170221632
72568307449988
72568309023752
72568321347586
72568371446080
72568438538784
72568845389825
72568850613312
72568858083464
72568875254048
72568908548112
72568975466500
72569917083680
72569919244290
72569923322120
72569931727876
72569948734016
72569983082497
72572064628993
72572067643920
72572071051424
72572096021506
72572130037764
72576359735304
72576361627840
72576365793296
72576374669825
72576390940676
72576424608800
72584949925952
72584951537696
72584955822596
72584964145424
72585014427778
72585081783297
74780480905216
74785581170691
74786287910912
75041882505216
75591424423936
75971797450752
76416116850688
77275052244992
79164866560010
79183090820352
79186580471844
80413062070272
80539226734689
81398373285888
81575387594752
81638739705856
83562883714054
83562984374344
87960930230704
87968515620864
87980794450048
88373247082515
89644557407232
92358976733833
92358976815140
92358988005376
92728343920640
96757024829440
99505802510336
105553118101522
105563048382592
105572712054864
106163538493440
106996225280256
107855290040320
107889622515712
109951162786912
109951181750272
114349285179392
114521009094656
115173843550208
118750481219584
123145303490600
123145314896896
123145438625857
123150134149126
140737488369699
140772118659600
140772120743940
140772125967362
140772183902216
140772250820672
140772387193092
140772390208008
140772393615489
140772418585616
140772452601920
140772519217184
140772924459010
140772926070785
140772930355776
140772938678536
140772956442656
140772988960912
140773056316420
140773997944864
140773999837314
140774004002824
140774012879364
140774029150272
140774130843920
140776145227777
140776147388432
140776151466272
140776159872064
140780440142856
140780442485056
140780446949392
140780455856129
140780471615620
140780505203232
140780572381186
140789031108800
140789032682528
140789036419076
140789045006352
140789061656584
140789095104770
140789162197505
140806480732162
140806485180936
140806509858880
140806543442049
140806610617360
140806747852802
140806753157440
140806761743368
140806778389024
140806811852816
140806878937220
140807283703944
140807285785664
140807291013136
140807298486273
140807315660804
140807415857666
140808357479428
140808359641352
140808363728897
140808372127746
140808389132432
140808423473728
140808490061856
140810505035840
140810508042400
140810511454212
140810536421384
140810570433538
140810637050113
140814800126465
140814802030608
140814815068352
140814831337730
140814933041160
140823390322960
140823391928836
140823396221058
140823404552224
140823422305281
140823454830600
140823522183232
140875198898177
140875204202528
140875212784192
140875229431810
140875262886916
140875329978632
140875468447748
140875472601602
140875481481504
140875531419784
140876003279904
140876006293762
140876009709576
140876017846276
140876034670784
140876135305232
140877076922688
140877079003680
140877084229764
140877091708944
140877108872200
140877142167554
140877209077761
140879224389762
140879226733569
140879240105992
140879255871520
140879289450768
140879356625412
140883519868932
140883521472520
140883525763329
140883534087170
140883551846928
140883584376896
140883651723424
140892109341192
140892111507520
140892115584016
140892123988097
140892140994820
140892175337504
140892241928194
141012636930056
141012639942720
141012643348752
141012651492353
141012668318212
141012702339104
141012768948354
141012905247296
141012907593760
141012912047108
141012920959120
141012936720648
141012970309634
141013037490177
141013444329604
141013448413186
141013456814624
141013473822721
141013508162568
141013574746432
141014516367489
141014517974032
141014522267680
141014530592832
141014548357122
141014580871428
141014648226312
141016663361540
141016678138114
141016695312400
141020964651144
141020973244420
141020989883456
141021023342593
141021090433040
141029548491778
141029550391553
141029554561088
141029563435016
141029579702432
141029613371920
141029681401860
141287515227200
141287516832032
141287521132548
141287529449488
141287547207816
141287579730434
141287647088641
141287783202976
141287789447176
141287797854212
141287814864960
141287849197825
141287915782672
141288321057284
141288326366209
141288334950530
141288351596816
141288452153376
141289393770512
141289396111364
141289400566018
141289425240577
141289458835464
141289526001856
141291543396928
141291547558032
141291556446209
141291572708356
141291606380576
141291674404866
141295836241922
141295838314625
141295843545152
141295851012616
141295868184608
141295901475856
141295968387332
141304429289488
141304432689696
141304440832320
141304457662466
141304491671684
141304558289928
141837270777988
141837272679432
141837276841985
141837285724162
141837301997584
141837403685408
141837541081280
141837545377808
141837553697281
141837571459076
141837603980320
141837671334146
141838075838721
141838078181904
141838082637984
141838091558976
141838107313154
141838140903428
141838208075784
141839149695490
141839152713729
141839156118592
141839164260488
141839181087008
141841298097168
141841299669252
141841303412738
141841311991840
141841328636033
141841362092552
141845592082496
141845594251296
141845598323204
141845606727952
141845623738376
141845658075266
141845724660737
141854181986336
141854184065026
141854189289736
141854196761604
141854314135696
142936782209282
142936784372225
142936788451520
142936796864520
142936813863968
142936848207888
142936914790404
142937050612737
142937052692752
142937057927200
142937065392192
142937082560642
142937115853316
142937182769160
142937587716160
142937589614624
142937593774340
142937602655248
142937618924040
142937652600834
142937720619137
142938662242312
142938667549200
142938676134145
142938726236320
142938793329666
142940809200160
142940810809346
142940815098888
142940823421060
142940841181504
142940873705473
142940941066256
142945103773840
142945106789380
142945110198274
142945118343200
142945135173633
142945169178888
142945235796544
142953693601796
142953700397057
142953709306370
142953725069328
142953758655552
142953825829152
145135559507968
145161842851840
146007413227520
146784802308117
147679497682944
148434214453248
149553177166976
149560626249728
151320288165888
153931628544065
153931699200256
153936241623040
154550104293376
158329674405028
158329674678298
158329911377924
159223077928960
159584610156544
160642514288640
160666136608865
162727733690368
162727804796962
162730405275648
164102111002624
167125768503305
167125788393492
168294074023936
175921860568064
175921996764672
175951925215252
177090093252608
177330609995776
178670639526016
180319907103104
180319907283016
184717954263040
184718105526272
184724395917345
184727080468480
185302069018690
193514056982784
193519415199872
211106232534595
211106234109056
211106283077632
211114916839424
211118043693074
211930866253862
212618067312640
212824219460096
215504279115008
215504430039052
215510721888256
217840741302272
219902326145064
219902363310080
219904204603456
220005404934144
228698419691600
228698490175488
228870359875584
231172319742464
237507396501760
246290605178948
246293490302976
246324964360217
258402412396544
268830861426688
281474977910016
281475048281600
281492156579927
281509609210114
281509613297672
281509621696516
281509638701248
281509739630608
281509875449986
281509890232328
281509907406880
281509940691216
281510007603716
281510412550664
281510414454848
281510427492481
281510443761924
281510545465346
281511487082500
281511492387073
281511517618704
281511551082560
281511618166944
281513634038080
281513635643936
281513648267280
281513666020360
281513698545666
281517928620033
281517943177792
281517960005634
281517994017796
281518060634376
281526520782852
281526534144288
281526583492744
281526650668096
281543966851588
281543973274625
281543981416578
281544032258112
281544098881568
281544241971344
281544266646532
281544367409154
281544774262800
281544778334752
281544786739520
281544838086788
281544904672264
281545847898241
281545852194880
281545860514312
281545910797328
281547995367428
281548000592130
281548008064032
281548025233921
281548058533896
281548125438144
281552289268800
281552290840864
281552294584324
281552303163408
281552319807624
281552353264130
281552420360193
281560878416032
281560884480008
281612688558112
281612693012740
281612751282178
281612955681312
281612969574532
281612986220864
281613019678721
281613491544068
281613493616776
281613506314754
281613523486736
281613623689504
281614565310608
281614567474180
281614579961888
281614596972545
281614631305480
281616712861704
281616715882560
281616719282704
281616727425281
281616744255492
281616844882946
281621007958274
281621009859073
281621014020288
281621022908424
281621039170592
281621072842768
281629598155777
281629599760656
281629604061216
281629612378176
281629630136450
281750127264272
281750132490400
281750139969600
281750157132802
281750396731652
281750400147458
281750525743168
281750932588546
281750936879368
281750945203204
281750962963008
281750995492865
281751062839440
281752004462656
281752006369312
281752010523140
281752019403024
281752137368577
281754151748098
281754153914369
281754166395016
281754217744400
281758446665860
281758453467137
281758462382082
281758511726912
281758578901536
281767039205568
281767042945040
281767051526657
281767068174340
281767101629472
281767168721154
282025003327504
282025005219972
282025009385474
282025018262048
282025034532865
282025068200968
282025136226624
282025272018948
282025273630728
282025277915649
282025286238466
282025304002576
282025336520896
282025403876384
282025808380930
282025810723073
282025815187520
282025824094216
282025873441296
282025940619268
282026885251586
282026888659080
282026896809988
282026913629248
282027014260752
282029030637697
282029032211472
282029044535360
282029094633732
282029161726472
282033356276228
282033390624800
282041914524224
282041921831940
282041979766786
282299646083112
282574761500673
282574765228608
282574773813512
282574790463520
282574823915664
282574891009028
282575027572737
282575029471248
282575033631008
282575042511936
282575092457476
282575570733060
282575578877968
282575595708424
282575629713666
282576637953032
282576640033088
282576645267472
282576652732417
282576770109442
282578785427488
282578850481153
282578917654800
282583082504196
282583095115936
282583112876289
282583212761152
282591670370564
282591672533512
282591685025794
282591702025232
282591736369216
282591802951712
283674271023240
283674272629824
283674276923408
283674303012868
283674402882050
283674541162656
283674545246212
283674553647632
283674570655752
283674604995586
283675076854032
283675078427140
283675082162306
283675090755616
283675107394561
283675140853768
283675207944256
283676156363808
283676165275840
283676214626308
283676281806856
283678299193608
283678303363073
283678312237058
283678328504464
283678430203936
283682592032800
283682594119682
283682599338504
283682724185104
283691182067714
283691188486464
283691196630024
283691213455904
283691247476752
283691314086020
285899866914816
288487047692288
290271069737412
290271070650378
290271287836738
290297376412672
291251396018176
291576790122496
292607611633664
292813690372105
294670894628864
299067303002112
299076021134464
299410774818816
300785149968384
302503137247232
303465209668096
303465251213440
303469772668948
307863255778081
307863256057984
307863291428944
307866477002758
307983783297024
316659348800166
316670893621248
317793220175360
319422086512640
320232962916352
321057395314953
321057396622464
321058737498112
321062227804160
321695197954048
325455442149424
325455443042304
325455462795520
325455483764748
334251534845002
334251535040517
334251604056064
335076168565120
336484968169472
348553775939584
351843720901652
351865195727616
351871638175753
352393477865472
352737879392256
354077103882275
356241767464986
356241767565440
356241768972293
356241788649472
356413566095872
357621525643264
360639814058001
360639883125248
360639957073920
361230371913728
369435932098656
369436074706176
369446107742208
369642065373184
387028131315712
387715371630592
422212465213540
422212582506505
422227497455744
422230762717184
422234627768320
422624781926428
424548927276416
426095115503616
426610511585448
426610511872006
426610512123904
426610714083328
426613732804096
427297744093184
431008564428800
431008583266304
431013928108032
431017416458274
439804651113489
439804651278592
439807068094464
439830421504000
457396856422400
457396979761155
457637355323424
492581345558576
492890446897408
494848952303616
562949953507843
562949953554068
562949954498596
562949954601353
562949957386496
562949961823752
562949974753792
562949979652168
562949989122113
562950004348928
562950025293824
562950091837578
562950091841812
562950096194048
562950154754116
562950154895408
562951027166624
562951127826476
562951565218304
562952369504328
562952637781025
562954785368064
562958015397888
562958812382464
562958818088960
562959080505353
562959349743744
562959755902976
562960692150352
562960727146496
562962838475008
562962857205888
562967368466432
562967401734306
562968207589396
562969293357074
562971697020944
562975760974208
562975875792896
563053033194112
563071292538880
563087665528976
563121753194506
563130610483296
563156111949857
563225384994848
563225907695648
563226039304708
563227012386824
563259192183808
563268519198720
563298114210304
563362270937154
563362284175360
563534068975138
563534068977797
563534138179608
563568429572096
563568470654986
563637148344448
563637149302852
563774729748497
564050543018248
564066653323393
564083875120256
564083961692160
564090267287552
564118222356480
564127185502208
564186914491392
564187071787008
564324343054342
564393131638912
565153274004484
565183345213440
565183504187464
565202663777280
565217697202197
565220917575680
565235412899840
565287239811072
565299300532242
565423892496384
565429223292993
565698733031430
566248488308912
566248489093632
566248563810560
567350151628801
567383433937984
567425309380616
567485707591684
567489767408192
571746323285024
571883552522498
572020991598600
572038105268496
572297011266560
572854148268292
573945338171396
573953668546688
577333798895616
580542743478816
580544295469316
580550863691778
580696775066656
580817051189776
580817420026944
584940192268356
589338368805120
589339843100689
598134896067592
598151507608096
598169222136336
598203347501088
598288952758272
599251033849864
600350532845632
602532372414467
602532515168256
603907566862336
606930418534552
606931844595712
607033497759744
615729197023232
617375850299392
633323026153744
633323262705664
633336011710472
633355214258688
633361664114692
633457210360848
633602167538689
634315163566080
634418746167360
635517722984962
635518257864720
637716760887377
637726407789056
639984486842752
642114801106964
642114958393347
642119622460928
650910937120768
653145608814592
668503069688101
668503070032000
668503209181184
668515954589768
703689656895504
703691871028256
703721818316802
703757302366464
703764751321092
704402553831424
704787492380680
704804167352384
705886687330304
705903645163656
708085489377792
708103005798400
708497805150464
712483534831728
712483570451072
721279628738592
721485786255872
741208276664320
774056286626816
774399784402944
844425484836865
844426006102208
844433528587266
844459625415169
844510963696144
844991866339592
845525012185602
845526589767812
845533098821632
845663223939072
848822976647266
848822978749696
848823052468224
853221058297856
853231760670720
853770778974720
862017267220480
862035369799680
862601232908288
864491017338916
879615912443904
914793686896896
985166721845312
1020348405383168
1125899906994700
1125899928998144
1125899934635008
1125899940400265
1125899943559192
1125899974344777
1125899976100096
1125899983652096
1125900046368840
1125900561170434
1125901250085248
1125902054768672
1125902423431168
1125903128166424
1125904471326788
1125906349296131
1125906356174848
1125908765217297
1125908770078720
1125909570528268
1125910108504065
1125917088038915
1125917493561600
1125919234197040
1125920846905348
1125921381687744
1125921382236200
1125925745856640
1125938695831810
1125942861758608
1126037748580481
1126038487171585
1126046070999044
1126054660149256
1126106065862662
1126174785668608
1126209296564224
1126243505537060
1126312242577504
1126450741121032
1126466910683656
1126484022403094
1126484072728832
1126518403153920
1126527276154880
1126587907014656
1126724540891146
1126724546857088
1126727224918096
1127033778299008
1127036462563337
1127068137947781
1127068138508544
1127068144247808
1127068339273738
1127136857432344
1127138606448640
1127738154942464
1128099469140032
1128099471198212
1128133359042565
1128167649580097
1128167649747072
1128172225560576
1128236369054754
1128238784970772
1128373808005894
1128648711077897
1128648787165184
1128666134216800
1129198462697490
1129201664524288
1130303426920448
1130349493092624
1130574978781186
1130985148130816
1131399646027840
1131401894429696
1132497547038752
1134697090908420
1134730361720864
1134973159999488
1135812696604676
1137582218952704
1143500682821748
1143557591138304
1143562960896257
1143766972960772
1144046277926912
1144591906504834
1146172219588608
1147899291369472
1149024010766848
1152288198492544
1152906661199896
1161135826928648
1161223869603840
1161360234840576
1161638338101764
1161642641530880
1162184864563336
1162188153159744
1165482325721108
1165482337107968
1165508095246370
1165688483876992
1169880408162304
1169881177260037
1169898625570816
1178676466051072
1196307310182408
1196414696701968
1196560709328897
1196818683922432
1196921487622144
1197370312491024
1197376752615968
1200666697834752
1203426214019072
1205064744091714
1205090514173952
1205408341430784
1213860837213312
1213860946117120
1213860988649472
1231453039889024
1231453165727744
1231454633885696
1231457586513152
1233102290550787
1266673969660928
1266706123097120
1266913348952080
1266916577509377
1267187692208130
1267737175392576
1267739188559876
1271035441709776
1271044300082176
1271054769143808
1271138520924163
1275433490317388
1275433530441728
1275436172579072
1284234413408256
1297562233470976
1301821796646976
1301823277236224
1302183081410560
1337011508625408
1337023587680266
1407374884090370
1407375962539040
1407409260332034
1407426456719361
1407444207075360
1407447900098576
1407481183995904
1407512624497160
1407529569501188
1407924647772432
1407941836144768
1408478723737600
1409574192091136
1411772930097201
1411775163531264
1416170976585824
1416170976658944
1416308952399890
1424967205913216
1426360786485248
1442559356313728
1442559406637096
1442868493287492
1477743663382534
1477756713959424
1478155945771008
1548112910385152
1688849860318224
1688849860526482
1688849860854368
1688849869770880
1688849871011880
1688849877444608
1688849898799105
1688849929471042
1688850011259649
1688850036425732
1688850397668480
1688851202443344
1688852278288896
1688854708879372
1688859574304768
1688869187651712
1688933612127232
1689090386821136
1689159098450176
1689401781387296
1689542423740672
1689975678566416
1689983731761188
1691117739327488
1691332351373312
1693797663277056
1718536674213952
1737228371951872
1741635277029376
1761417627764737
1764853668642816
1776879509962786
1831511493968896
1847196714532869
1970325910716427
1970883186917440
1972661299478528
1975066514423808
1979125493399680
2040696265523200
2111062325526544
2251799813965318
2251799814230608
2251799840424320
2251799952146816
2251800015012644
2251802229609484
2251803269791760
2251804378202115
2251804415393792
2251806256144521
2251808554614795
2251808809156608
2251809477410888
2251817530818584
2251819141206528
2251819678434560
2251821289703552
2251825583498273
2251825604657152
2251832026202114
2251835251884304
2251842767570976
2251869072146696
2251937538901008
2251937794232322
2251954499686401
2252079020376352
2252079121309700
2252109151998976
2252212167311360
2252218644299776
2252351719211296
2252353872922656
2252372659142656
2252383929794563
2252383946014820
2252418288980513
2252420705976320
2252452659200128
2252487008453012
2252487021035585
2252909559545856
2252933756354632
2252951939743744
2252968045330468
2252968181107200
2253036965756928
2253183061590084
2253449081128104
2253449081208898
2254000986538497
2254001018011906
2254033196681858
2254033196691480
2254067606752256
2254094400487424
2254140570867200
2254239623544833
2254273733722132
2254557451129088
2254892324421632
2255099690745890
2255169752408064
2255235825532928
2256198145673218
2256232555544580
2256266714022048
2256336507125761
2256473410241024
2256748756861192
2260595906713673
2260597015054338
2260597047599136
2260733348282560
2260737657413634
2261150091968640
2261154254554116
2262794934296580
2262795265769536
2262795483627648
2265012225703936
2268292488200192
2269396429963528
2269426904859648
2269538028888080
2270491544952833
2273790887198720
2278205809492002
2286985261875460
2286986400401416
2286988483363848
2287020697453056
2287123789053956
2287259336311840
2287260145811585
2288092422606848
2289183242649736
2291382301491233
2291384916639762
2293065859596288
2293877608284160
2295780291461120
2295793432134144
2304576539983872
2308974435107584
2322168828436544
2322169229215748
2322169637897728
2322203320270850
2322237831020576
2322443704338433
2322735560794112
2324384795594752
2326566612764944
2326567679361024
2326978921235584
2330964789297232
2330973240830080
2357352929960202
2357359373467648
2366149039756288
2392537872486401
2392576024911872
2392606026237953
2392610333262352
2392675279964176
2392820770406914
2396935348564036
2396935449217536
2396937902882816
2401333537672192
2401676992446848
2403532418318355
2410129488169216
2410129530028098
2410131098697740
2427721674293282
2427742075232256
2462906054611584
2462927521153024
2463112204648520
2533274924974081
2533274953973764
2533275461509136
2533276946286594
2533309688055872
2533360723304512
2533412766286856
2533553963287616
2533826761330688
2537681963712548
2537690285212288
2537775916171264
2540421615976528
2542380121260032
2543720150868224
2550866976999936
2550867047743491
2568871479357440
2603646755799424
2603648376897536
2603652443275264
2606942069456908
2674013621583872
2814749768287328
2814749771311680
2814749784031237
2814749788078370
2814749802766354
2814749835362320
2814749843128329
2814750303977670
2814750842167424
2814751914922240
2814751941885952
2814755406364672
2814758902301440
2814767083291776
2814767257356288
2814795938004993
2814820667621892
2814904923865088
2815094438232088
2815300244340736
2815574468214784
2815917998216194
2815986717688337
2816411919974400
2819152118022148
2819422691598337
2832342221718018
2832616831064192
2834540993716224
2841309849059328
2854332223459328
2858730769383424
2889516826230824
2956038085052416
2962119221837824
2990671895986241
3044549844795392
3096224777371809
3096499890192640
3098428129280000
3113825521893384
3131409115909124
3166593488781376
3377699720593705
3377699720629312
3377699720794336
3377699721191472
3377699721650692
3377699771908161
3377699804415108
3377699926319104
3377700827836672
3377701331143200
3377702446825600
3377704019689493
3377704166496256
3377708478316544
3377710459125768
3377716940242976
3377717974270018
3377734906544128
3377768448851968
3377802799743808
3377846093348864
3377978088357888
3377988020240384
3378043317921794
3378386932858880
3379009686601728
3379074252669184
3380173622214728
3380483933078528
3380998255560704
3400514586804256
3404088069849088
3423947928371232
3461263141634048
3500999641661440
3528375763206144
3663572743885824
3678966443409664
3694359069868033
3800530660884484
3940789394604096
4011568176041984
4081387166515208
4503599628456468
4503599638005248
4503599652544706
4503599699263506
4503599795702784
4503599830007842
4503599895814444
4503606606774274
4503608823676928
4503610364791112
4503612512829506
4503616807242340
4503617076756513
4503617381859338
4503621102257408
4503625497837573
4503625533489920
4503635128092704
4503651175891458
4503668413956188
4503668620529672
4503668648902928
4503669422753793
4503670496960514
4503670628811012
4503738207437888
4503875109782024
4503876686446849
4503878804463624
4503909003433984
4504150490513568
4504157975285768
4504183743119425
4504186158854144
4504286958993408
4504304270442520
4504424287371264
4504699811135624
4504744236548096
4504767871057937
4504836620484608
4504939724279808
4505042887393280
4505248896385120
4505661211680772
4505800802570256
4505807257469188
4505833112109056
4505851263975433
4505867370250273
4505876132003840
4505936089587857
4505936090693672
4505936158788096
4506073530122256
4506348412731458
4506353322164224
4506898162283008
4506923932060672
4508040623587841
4508135654031376
4508547564175936
4508548504494081
4512533713063936
4512675027485200
4512962723250208
4514595146301600
4514596908433416
4521197182844928
4521337909477504
4521467765329928
4522291593610241
4523390839030048
4525594307985408
4526208335218944
4530194064867394
4534385953998336
4538784276808720
4539338184459265
4541000212021376
4543199515246592
4544281558728704
4547580098774144
4547992510005248
4556376219071488
4556385312309281
4559681162838016
4560946030706696
4573968371553480
4573968447051777
4573985685671938
4574011325416450
4574247552811268
4575070047445024
4576588570034176
4578366455816320
4578950533611568
4582764464702336
4582774163898368
4591697997873152
4591869795336192
4609152793968660
4609158112354816
4644337386276896
4644371777978369
4644616288862400
4644620584616224
4645453874601984
4648739994075145
4648745941598208
4653133208757272
4653133347487744
4653305007442048
4654510819508224
4663063173136390
4679521487820880
4679522293121792
4679523636641792
4681170790907904
4681995388977157
4714723577298944
4785075145163777
4785108965983264
4785113259051009
4785143358162976
4785160520208388
4785214191043136
4785349817794564
4785350052479104
4785358071963664
4785628688424962
4786174120165506
4786178428502528
4789472675761152
4789691693924352
4790624238698496
4796104080097300
4802666790666252
4802677548515328
4802684179709952
4820258976456960
4820258976731264
4829056142934081
4858192127329792
4925812226664960
4952750664187904
5066549581062689
5066549581858946
5066549597569562
5066549614350598
5066549653143617
5066549717139492
5066549850034176
5066550700671488
5066551812165760
5066552533583876
5066554414727248
5066568102969600
5066573204160520
5066583962157056
5066687019746317
5066687022301184
5066755757048064
5066893186564192
5067382804447872
5067649092421440
5067654461134848
5068749275660289
5069298359959808
5079752847130626
5084141767132288
5084141777321987
5084184716509456
5088539914141696
5101768388116484
5110532193533952
5136918484615168
5146848289357832
5155060266836032
5207296732905472
5207940038393856
5224883822788608
5348027778727984
5357095547305984
5385476672323586
5559130790068225
5629499534270469
5629499534443010
5629499534482436
5629499534737571
5629499534813192
5629499541815808
5629499551318096
5629499601326384
5629501757734912
5629501951247360
5629503996952672
5629504911312000
5629511479595008
5629516749209856
5629516865086464
5629525316632576
5629533904439360
5629577380497536
5629672675082242
5629774615674880
5629911855269120
5630084186914816
5630257596071936
5630686018928672
5630745074729025
5630908317040656
5631698609897600
5634172735463424
5636100899997696
5644342941188224
5664752659350016
5673480000372746
5704266325033028
5717461269741584
5779033199509504
5787831356096552
5842839149744128
5910974781456641
5915373631963136
5919770641825792
5946180357914624
6194648846434312
6227633863919648
6333324985368576
6755399441122945
6755399441744136
6755399442121028
6755399451553824
6755399463110656
6755399474921488
6755399476709388
6755399512510464
6755399558569984
6755399776603392
6755399852097608
6755400514801810
6755400515347456
6755401588548368
6755401589328000
6755402129604704
6755406957281284
6755417157836928
6755420941058049
6755438095761450
6755579848556544
6755881014525952
6756275614384384
6756498952880148
6757048783995392
6757599554830912
6757753083133958
6764195535519745
6764230464242176
6768593714811136
6777389674135569
6784261629673472
6808246060843008
6835251473055744
6865359194030080
6896688849486848
6901771926503456
6966780719267840
7037432763648000
7054466604929024
7072058794049560
7177611975327808
7318375164284992
7321647932506112
7353538061533568
7388719816376320
7467882976378884
7881849238978576
7885766130663432
7890112889241600
7917583768486912
8725758637776896
9007199255038979
9007199259073664
9007199276269633
9007200060059792
9007201939694080
9007204623745120
9007207844678157
9007207844733568
9007210011033640
9007216712122368
9007217508356257
9007234178629632
9007234696643600
9007235766683656
9007242213068832
9007269081780226
9007270155296776
9007281532305408
9007285158347778
9007338975659024
9007371053438982
9007474669518956
9007474671748112
9007476347371650
9007749010686009
9007753307881736
9007757735231618
9007766324715521
9008058382565376
9008230048993280
9008299974361601
9008303070253064
9008307358925328
9008333126205480
9008367504883712
9008395403133056
9008402013356288
9008436277739520
9008573781901312
9009398278006352
9009398613557536
9009398681699336
9009406935302273
9009415463110657
9009466997475496
9009467075067906
9009537328119808
9009707515684864
9009810733268994
9009948033893504
9010498326500608
9011052108840976
9011598408548421
9011636090212352
9011751987183936
9012971690787712
9015995347771946
9017094893076996
9018194387928066
9018211685126144
9024791726016576
9024795740999684
9024800064407568
9024860430868480
9025908199522336
9026990598324544
9030976193708032
9033594513129480
9033931132370944
9042400823738626
9042420201164816
9042452480541728
9042529689280516
9042662816483329
9046781673539072
9046781674916096
9046781715284016
9051179791155296
9060001583759360
9077568269979649
9077568271687688
9077569090486529
9077845032960001
9078667788419076
9078671809709120
9079767089349128
9079771333943296
9081966114783232
9086364092039173
9086366507862272
9088013560709120
9095160185356354
9098527439323137
9130344557072640
9147971388178464
9147975431356930
9148074719970368
9148503681009664
9149104974200914
9152334957969408
9152336475717632
9165528929142536
9168277709783040
9183121116299300
9185322323673088
9218331257077856
9231774504714256
9288712894546052
9288743492255808
9288760130928897
9288811679846401
9288816033005600
9288966290284552
9289232594011136
9289241171345440
9290881878724608
9293081137446912
9295340171689984
9306267797422080
9306713094095872
9323861824847872
9325095554123904
9359042975637697
9360176847536128
9394227348013064
9429411720594048
9429420846614784
9464613540204544
9570149208428572
9570149213423104
9570149275992068
9570149292049680
9570149317214400
9570149610883200
9570149745098802
9570149813192712
9570151355654151
9570151674675200
9570154577011712
9570162094112801
9570169206734848
9570170683541504
9570217957007360
9570235375943748
9570427308376064
9570698997539584
9571248870785120
9571390990843904
9571816729214978
9572354673869440
9572691829326848
9573035434573856
9573490696912896
9574547390988297
9579530222043136
9592242520195072
9631721867706880
9649451484319872
9675702326536192
9746079658542208
9851624191688706
9851761623842896
9939589410127872
10133099161739522
10133099165786276
10133099169988705
10133099170005006
10133099237091344
10133099841847296
10133100371641600
10133101578027074
10133102407975424
10133103758737408
10133105605353472
10133108288390658
10133109970305280
10133134091780160
10133167881148416
10133169760108552
10133236703559680
10133258096345088
10133374207266944
10133425914642432
10133648964583424
10134483214811136
10134748429029444
10135332678795312
10141895255687936
10142067053953024
10144107162763268
10150691347640329
10150708528021648
10171032313135104
10190276047929344
10212264049115168
10277272623776256
10291463202013184
10344755149930880
10414574156120084
10419556300357640
10424469753430016
10487160159338496
10696667657404417
10731645803954184
10845582830608384
11258999068715016
11258999069475504
11258999069528066
11258999076921600
11258999079043140
11258999091757184
11258999119282182
11258999170269440
11258999672406097
11259001484492816
11259003715715080
11259008744685570
11259016249147424
11259108590157824
11259170909061128
11259213816792320
11259274016096256
11259687605379072
11259834473119744
11260133210326016
11261203460393216
11261748384366602
11263706352582722
11267814564298752
11268207478311424
11276591522906149
11276600381816832
11276867357114368
11281006480854016
11297482000564224
11307377580048516
11311779921535040
11331569118085120
11334384338599936
11364552990064640
11400840497610752
11426124836114432
11540534174679056
11575658452877824
11610842789320736
11681211533501442
11821983398367744
11830746188677184
11857133595262978
11892326356123648
11962755231776800
12384985008865280
12389297022042625
12455267719447576
13510798882128280
13510798899167268
13510798916780098
13510798949221123
13510799150874633
13510799175717120
13510799419247120
13510800161374212
13510803177079830
13510805324566593
13510807473882112
13510807614849024
13510808562575360
13510816103948288
13510818226339840
13510833308968064
13510837806317568
13511073760024096
13511092015726656
13511185429168132
13511348705069120
13511350787506308
13511486127210497
13511898400033024
13512517405966336
13513088099942400
13513171851542784
13514097417125960
13515196929290240
13519603833503824
13523993030328320
13530590628290564
13532789114667232
13545983341232128
13545988098621440
13581172055476232
13581236346847360
13585567014978560
13616489437331490
13651948687491072
13686721816821768
13721905135616512
13792412237299712
13801069952434432
13862644851146752
14074848615636992
14084743985367040
14108950387490833
14359621858755076
14636699327004704
14637527718166528
14935765951711234
16045448062042113
16890697630154752
18014398509598880
18014398514512896
18014398559815264
18014398579474512
18014398580801550
18014398656811520
18014399314788948
18014399356878848
18014400791183473
18014404021911552
18014416277110784
18014416846979096
18014419984328194
18014424304457728
18014429111189632
18014434010104324
18014467833070656
18014475828330625
18014536218988608
18014677682421797
18014810994163712
18014949343363616
18015094562619398
18015223144267841
18015498021150820
18015499097474052
18015553856339968
18015635535839232
18015783636443392
18015790347325568
18016599685464352
18016744636678144
18016874157572096
18017147326305280
18017302444253184
18018839572906112
18019071970805776
18019896369611265
18020995613065348
18023229230811200
18023349221361666
18023470554186816
18025531064713304
18031990695528715
18031990981264392
18032061566681616
18032136741192000
18032274165498368
18033091314712640
18034258439405568
18049625832292612
18049857760100360
18050132645797890
18050682393203736
18051782986958856
18053981068591360
18061127822868480
18062777022152721
18067175067945472
18084905238921232
18085334191702020
18085871060273168
18085901162807296
18086975001067778
18087309907861504
18093563413790770
18094731577787520
18102370445623296
18155136067272704
18155143245627392
18155170492317832
18155204717325568
18157335025819712
18157337168711684
18163932090867845
18166165473854208
18229902792720417
18295873486922752
18295874897575968
18295878049607936
18295882076128144
18296156958229512
18296251443580928
18296431976644608
18296973000968194
18296975145566752
18298072509454465
18300271532705868
18313500031975480
18366260018413568
18367891497943104
18542172680765440
18577349805375489
18577357321281560
18577367790845953
18577417182543890
18577554721998848
18578482342658114
18578516695318536
18578997749219329
18579547500904448
18580374267365376
18581746517813376
18582021538316290
18587245141303808
18594949775756288
18595215527067648
18604290792751108
18612532893712640
18612534982475818
18612704633947136
18647723670503424
18665309393650432
18683521128202240
18718086237519876
18718090246504960
18726899769409536
18770862643609616
18872155018231808
18876484345135169
18929226677749760
19140298504472576
19140298554220544
19140298685031488
19140298986758161
19140299490723968
19140300563874116
19140300702221440
19140332777117184
19140367320481792
19140573294240392
19140753682923520
19140849447206976
19140873941943552
19141952515604512
19142497439863040
19142531799449610
19143871829147649
19149118165221376
19157890603810832
19175482788545569
19202145962164224
19210667161585672
19219463528251392
19232661688029184
19281046642884608
19423976711258688
19426171452129282
19430569620537348
19458126264664064
19703249175056386
19703252740243456
19707664670916608
19738432743932036
20266198329491465
20266198462758914
20266198878921216
20266199128475784
20266199933878274
20266267042721920
20266284507726080
20266748079276800
20267297902438400
20267470170358016
20267572729872384
20267916343640080
20268401641996288
20268405972009024
20268416673775760
20268534936371232
20270604961218560
20296984648753160
20301399875125832
20318974881349636
20336567075733511
20345364234387456
20354228174192640
20424837503647744
20442120250982528
20547673333436426
20547673368052224
20556472077254657
20565408293584896
20692808851587072
20829148276852784
20829148410871820
20831347299845377
21392115410407428
21462503481409568
21532840015429888
22517998153760944
22517998157836289
22518002566041732
22518002969217280
22518003555909632
22518006727049235
22518007272046604
22518008069489152
22518015853613088
22518032497967232
22518066856335874
22518135613554756
22518135718420736
22518307458383936
22518547927138304
22518568302149632
22518616683446400
22518723986326016
22519647404326922
22520207897575424
22520232325153792
22521297745478016
22522396219052032
22526794263429161
22553184958414976
22557581629194276
22562073091244032
22588384329345024
22592833647558656
22623551253319680
22658735626403848
22661003393105920
22663150851588162
22746696557527168
22799475261048066
22799507481853952
22941310114070544
23080948159504384
23081360407138320
23082064920182784
23648298774561280
23661627669250048
23785185287866369
24769797993530368
24774200560582656
27021597798303104
27021597898451010
27021597915288576
27021598202527760
27021598309550081
27021599912888832
27021600448856192
27021602193801217
27021615212610048
27021632123962441
27021666500476963
27021718561226752
27021735203373152
27021735203700757
27021735213662848
27021872642394372
27022149935957024
27022181946949888
27022972791291904
27024097435320320
27024415262769668
27024896299442176
27026008695635978
27039189950333062
27039209279717632
27043588068605952
27056782157430784
27065578766213376
27076711053000704
27110383328165896
27162335265161240
27162339614654532
27166905097789440
27171131346141186
27179937102299137
27232704031621120
27311868839198848
27320665463853568
27338257188520960
27584861252354048
27588945764204800
28147506546212992
28160760530075712
28182683116896274
28569985014038560
29273397582106944
29273741183696896
29274500310761480
29282197965930512
30979839657771008
31525334830566400
31551620164616192
31806741089878024
33777005862322208
