5481
18971
26852
37766
960000
1376397
2513152
4915256
5330432
9545984
11141127
11796592
385885440
756416512
822083637
872415434
973129728
1642135552
2382364833
2452815872
2496397312
3254779990
3305146880
3892327424
94489280690
107382046720
176102506496
227633277952
250467057664
298919657472
313532612654
317827619840
377957147392
418323103744
438088499200
446676598993
14358075670528
28518582845440
32985348852736
40681943990272
45081520242688
46729244180549
48378514571264
56075093029120
57726558273536
82463959285760
84112639525016
90709710929920
93458488361058
107202383757824
112510963286016
141291555979521
141296371515520
141305498861570
141321641657352
141356039145488
141424817475616
141562390782016
141843443483680
141845623603714
141854448355456
141871904981312
141905857904644
141974506577921
142112953733128
142940842231872
142947253231632
142953758852100
142970888683552
143006304960896
143074227388936
143211524800513
145139901141120
145144395366401
145152756695072
145170968420356
145204272169536
145275121565954
145410949776400
149538018959362
149543245318176
149551302312449
149568210604048
149604448419848
149671039206528
149808493363460
158334237949956
158338332492040
158349002281024
158364168618624
158398932852768
158467147005968
158604573280258
175926692577288
175930475548676
175939176628496
175958367799297
175990848881666
176060377350208
176196805526048
211111601766928
211114956751936
211123429318664
211140661493762
211174985830401
211244209408004
211383266345088
282029572751904
282033339499522
282042050814080
282061240811584
282093720506372
282163247319041
282299678097416
282578821070849
282585227854208
282591743709186
282608864920072
282644282613776
282712196022304
282849500596288
283680442552328
283682624536580
283691448811536
283708896845825
283742855758338
283811506094400
283949955810336
285877587675138
285881680404512
285892350641153
285907525599248
285942283763976
286010496254592
286147920019460
290276438540416
290279794413569
290288267428128
290305500776452
290339831153728
290409045704706
290548095386128
299071526929424
299076025320000
299084376442888
299102596759810
299135899172865
299206757588996
299342578585728
316663661076544
316668475672592
316677602542084
316693744193568
316728135663744
316796923020296
316934503530753
351848150335748
351853392969736
351861439758400
351878349194368
351914588375072
351981180817424
352118632423426
563505078076480
563508434436624
563516906407940
563534136344864
563568464396416
563637685133320
563776738824193
564054028976392
564058122174468
564068792565776
564083961103361
564118721660930
564186938609728
564324368130080
565153347174401
565157835313280
565166194295042
565184411207688
565217712997392
565288565227552
565424391979584
567352328724496
567358745741376
567365249008136
567382376583170
567417793691649
567485711516676
567623012123008
571750880382980
571754657382408
571763360809024
571782554198144
571815034487328
571884567527696
572020992508930
580548581982722
580550763480096
580559588827137
580577040285712
580611001552904
580679645661312
580818091409412
598138758891552
598143991291906
598152050640000
598168953782336
598205193519364
598271781503489
598409237118984
633323010408576
633327824535809
633336951279648
633353099280900
633387488387136
633456271327234
633593846040592
1126456105371776
1126458294542337
1126467113059360
1126484559429636
1126518516875584
1126587172913666
1126725614387216
1127003732344834
1127008549474336
1127017672343809
1127033812289552
1127068205188104
1127137000046720
1127274565861892
1128103762985232
1128107536957504
1128116244283400
1128135445709826
1128167922206721
1128237443321860
1128373877219456
1130302382670337
1130307618079872
1130315670626306
1130332581806088
1130368822415376
1130435409152032
1130572869042240
1134700362481696
1134704858300674
1134713213423744
1134731435442752
1134764736389124
1134835587383297
1134971423033352
1143497465798664
1143500819138564
1143509297922576
1143526519803905
1143560846983170
1143630068974656
1143769118408992
1161088607519748
1161095016874504
1161101526960192
1161118659641728
1161154080571424
1161221986459664
1161359291322370
1196273222815808
1196277308358672
1196287982583812
1196303146033184
1196337907434112
1196406125625608
1196543546229761
2111062325329955
2252353898549250
2252360307015712
2252366816624641
2252383948120080
2252419362980360
2252487277937024
2252624590013444
2252904157290624
2252907933075457
2252916639924768
2252935832801284
2252968315338816
2253037838074882
2253174274523408
2254003152880132
2254007965844488
2254017098948672
2254033230315648
2254067624579104
2254136410376208
2254273983447042
2256203231002912
2256206588559362
2256215057137792
2256232287568960
2256266613360644
2256335844413441
2256474886643720
2260600470373377
2260604572140160
2260615236159490
2260630400794888
2260665163612176
2260733383417888
2260870801461312
2269396429996096
2269401663541264
2269409716535556
2269426636294176
2269462870885504
2269529456001032
2269666913288705
2286990636630032
2286992809525568
2287001638277128
2287019083432450
2287053039542273
2287121693966340
2287260137949312
2322172920006664
2322177416765444
2322185772336144
2322203995570177
2322237302505730
2322308144431680
2322443972919328
3087428650795008
4504153746317316
4504158241687560
4504166596674112
4504184825057408
4504218123649056
4504288970146832
4504424800059650
4504703568252944
4504708803231808
4504716856803336
4504733771374594
4504770014347777
4504836594860292
4504974050722944
4505804019613698
4505807383167264
4505815849373697
4505833077604880
4505867404189704
4505936630677632
4506075676084228
4508001994015752
4508006800949764
4508015931688976
4508032068223233
4508066460565506
4508135249158208
4508272820752416
4512402167038272
4512404345995280
4512413177118724
4512430617068576
4512464575137920
4512533226721288
4512671672180737
4521196645779457
4521200420200576
4521209127633922
4521228322766856
4521260801589520
4521330327159328
4521466766835776
4538788564959872
4538792660698113
4538803327082528
4538818493956100
4538853255942208
4538921480357890
4539058895224848
4573972700233760
4573979110019074
4573985619050880
4574002748328000
4574038166864900
4574106079019009
4574243387867656
5919220848132096
7177611912675328
8444249301319828
9007753441853448
9007758678425860
9007766727561232
9007783639253505
9007819877654530
9007886474707008
9008023923066912
9008303128707648
9008307633128464
9008315981897732
9008334199996448
9008367503151232
9008438357002248
9008574181244929
9009402841473056
9009406935566338
9009417606398592
9009432776151104
9009467542749188
9009535750636545
9009673172943112
9011603744260100
9011605924810760
9011614749688128
9011632199960704
9011666155209760
9011734808379408
9011873261289986
9015999659640848
9016004475625536
9016013601899528
9016029741350914
9016064136446209
9016132921000452
9016270498316416
9024795777696128
9024802178482177
9024808691990560
9024825818350596
9024861234071616
9024929150275586
9025066453442576
9042388996591617
9042392351146112
9042400823558146
9042418062073864
9042452384055824
9042521603178784
9042660654318656
9077572834952194
9077576607728160
9077585321396225
9077604506206480
9077636987912200
9077706511884416
9077842944069636
9710886696568064
11399736556796416
11821950280138752
12666373961940992
14355344071327744
14777439028772864
18014952832925712
18014956924440640
18014967601037576
18014982759319554
18015017522693121
18015085738082308
18015223160111744
18015503398209540
18015506745532424
18015515221951552
18015532449038464
18015566774206752
18015635999031824
18015775047041026
18016601962448000
18016607196480001
18016615249610784
18016632163008772
18016668399992896
18016734989524994
18016872452591632
18018801387913280
18018805163229456
18018813871132676
18018833067409952
18018865552302208
18018935068852232
18019071501273089
18023198932075016
18023205340054532
18023211849555984
18023228987424769
18023264399921154
18023332310419520
18023469616758816
18031995007537184
18031999830753282
18032008951251072
18032025088958528
18032059482636804
18032128272892161
18032265841935368
18049587243778306
18049591741005856
18049600095551489
18049618315314192
18049651619923976
18049722468077696
18049858300551172
18084773698215937
18084775881345152
18084784702226946
18084802150797320
18084836107501584
18084904768111648
18085043206357312
19421773393039104
21110626206089216
21533024696926208
22799473113624576
23221685580333056
23644254525980672
27443810229288988
28710447629008896
33776997205278787
