821
431105
33554890
33908736
111673345
53452210176
84288733185
21715354648577
49065739943936
70506452091906
70644700037184
71485437805056
72636503752708
74801284646928
79166985863200
87969528549504
105557478350856
140876068225536
141012904183812
141287521026064
141905753018400
142970871881856
145152719061000
149542305546242
158333971726400
175924024706304
281612969320480
281750257401984
282025808367624
282608856727554
283691246945344
285941743763712
290275368897024
299069343825924
316667939323920
563104580634880
563293617946626
563534070087744
564051616735248
565157600297472
567352295428100
571746331918344
580543347426336
598134864494720
1126106067501072
1126209161269760
1126466976751620
1127008009454600
1128103233470496
1130300168208512
1134697074163968
1143492634017794
1161084547369025
2251971612393481
2252091872247840
2252418293171328
2252903754563840
2254000986523650
2256206466940992
2260596510691344
2269392269222400
2286985268035588
4503739348029504
4503883097317632
4504153695059970
4504699474558980
4505799725678608
4507998219142656
4512412900327553
4521260533417992
4538818363424800
9007345288085508
9007478461170704
9007751158579712
9008299856889984
9009398949117960
9011597571850272
9016064075636800
9024825867763968
9042400807751682
10062730417405953
18014540244484224
18014675543326728
18014956922341408
18015498558636096
18016597805371648
18018797629743107
18023228964340740
18032007892189200
18049651735527936
25966066635112448
