2244936
4228107
25166467
26217476
33818652
68171784
88344704
94376192
136319128
170393633
201327408
314589192
402661569
412353024
536969632
537135874
555221256
681584640
842010624
1086326849
1111502976
1208066064
1343357064
2181186064
2432860416
2684634113
2952790116
3223982080
4295098772
4378886149
4431331330
4496695296
5639505920
6442713226
8594260066
8606998544
8607334912
8663343105
8725206018
9194046472
10880041024
12364808194
12885951296
13426049024
17179904070
17213788160
17280663682
17450402833
17587245056
18256757024
18303942665
18321252864
23622344736
34359757920
34359969793
34385297440
34636632066
34781265924
35567699457
37045207552
39225140224
40936409104
42950201361
53756329984
55851876416
60398109184
68719511076
68722755586
68734222368
68786595074
69256349737
70866965376
70892134408
70967885856
73182216260
73570189440
74089300992
78517897216
86033581184
90194448385
103084458176
104454947072
120795955220
137443737736
137447343192
137455808576
137473557633
137578446880
137741082656
138244816898
138529996820
139588599813
141733955848
146096259140
147375260672
154618826916
154619871762
154654492672
171804987904
171807629312
274880012340
274880528906
274886308865
274911465762
274945016201
275167379457
275482738688
275951667344
279181789216
279206691329
279245225986
283469037569
283476262924
292062003840
294248251392
311389848576
343648370688
343865839680
352724197888
412854782016
429630955528
451240001664
549756339346
549890310184
550032646416
550301253632
550326239313
550834012688
551904355392
552041709700
558381465602
560493234689
579820848128
584182734852
585189326882
618476900352
618609574145
635940372512
687731638796
790274114560
824638050312
827320172800
841814130692
893361848448
1099521097986
1099554161664
1099578754068
1099780131136
1100065411584
1101124371456
1101659156484
1101682180112
1101734739969
1104905519104
1108102103424
1109041086480
1116702244928
1116709388416
1133873602688
1133875560485
1138166599936
1168265715728
1202590924808
1236984169024
1237219278857
1254671515904
1306743799938
1649271660546
1650475532352
1657865768992
1928440381456
2199027974916
2199291986064
2199564451969
2199694410816
2200097130532
2203320393984
2204928835608
2205483536384
2207613198470
2207621906433
2207780962568
2216211517960
2216219943936
2233651955720
2236612608128
2336529385474
2355789692992
2405198725376
2473902212136
2475115413504
2476048918528
2508328140816
2748781432836
2753346666560
2826155606016
2887291772929
3298601992416
3369939238912
3899863859200
4398047760416
4398049657476
4398082195728
4398122027520
4398231069184
4398382055466
4399137031552
4402410685504
4406636979232
4406641688600
4417374454016
4420059299840
4432540500040
4466766257152
4467034948112
4467441270786
4535485580288
4544075399427
4682655207424
4707285213440
4810401120260
4947809142784
4949681438720
4956409167876
5089670467584
5500779364872
5772436177922
6597071618048
6597086543921
6598177062978
6614450962436
8796094662672
8796097225000
8796109816004
8796134967680
8796160426504
8796361476099
8796430860288
8804685316256
8804801445888
8805756764232
8814883897344
8815420378120
8830453416194
8830658297856
8831543289856
8864812769285
8873410953232
8933668291840
9002251976800
9070987707920
9071004573696
9078487121924
9105867575296
9895604716038
9896142585888
9896678392081
9899903812736
10445378027520
10995117466112
10995120476178
10995183911937
10999444832288
11132832055300
13194140061708
13195355881504
13211338276866
14302241130496
17592186054280
17592186176801
17592195481776
17592238736384
17592254267457
17592291426320
17592320999424
17592454617104
17592723443904
17592728428544
17593260114052
17593276564064
17594400657410
17600809543744
17601044463648
17609366702081
17613929316364
17631918817280
17635680977152
17688827002880
17729801158658
17736067973632
17867198431552
17901423692292
18073222414352
18141942925568
18146840805408
18159258042880
18178717777920
18210661335114
18691836086280
18692050001920
19241453518977
19791511355904
19792350183680
20899314008064
21990245175296
22060027871233
22265664126976
24193550780544
26388281729024
26390577545217
26457803850752
26526792814592
35184372634144
35184373564416
35184374254720
35184384933894
35184388931628
35184406200452
35184439855168
35184447627296
35184640529668
35184925771792
35185009639680
35185479386160
35185597091840
35185983750149
35186519572818
35186793252864
35188667645955
35201573076992
35218732098112
35228397617152
35253158744080
35253362130952
35394829688832
35742722064640
35751844655104
35873764671488
36284428976264
36305358555648
37383428904961
37383798128642
37529961103392
38757784928256
39582418739209
39595345444864
39653285576708
39874476638224
41231754199040
43981008273472
44324197761024
44530489361024
50611894681600
52785349394560
52810935697410
53055733108736
55525345592320
57312312033344
61572651171864
70368744253984
70368751535104
70368798703936
70368886919172
70369281314864
70369350254598
70370892742673
70371026411522
70371160178816
70373044158464
70373072896008
70377352988680
70382702821505
70387002048514
70390294511632
70395084931072
70403172597792
70446322286594
70506193649792
70506199909410
70507927977984
70574969717249
70679055826952
70918508905024
70918516789249
70918734905344
71055940321280
71193646337024
71468256217088
71468256854092
71891310084096
72569986220040
72576357404736
72606422155776
72911364882436
74803331469312
75333726371976
75939316760608
79165399302144
79165946593792
79169400614912
79182017118464
79207786873860
79716740628512
83837761617985
87960930386434
87995292057680
88098369184004
89077621724160
105553118626049
105570430353504
105656203872256
105828010958976
106653970595840
109951699650048
140737488413185
140737490491424
140737502642176
140737523024132
140737558872080
140737706459202
140737774109696
140738629287968
140739636363337
140740210491392
140742857069058
140746088777216
140752856285184
140754802575616
140755207258120
140756018823168
140763258159312
140771848101914
140789029031936
140874927456262
140879767797760
140911434531104
141012903134340
141014648033280
141291572707456
141322275520512
141563213643776
141841297571844
141905853972480
142112146326048
142386755798280
142979482255360
143005500571649
143074084782720
145135539126848
145135803312132
145169894867073
145687446552578
147335094997248
149533615064128
150083337224212
151734754230272
158398410721280
160528698048520
162744934334496
167400720826368
175922003050513
175990580052128
176076546376704
176205328287746
184722265211136
193517267722240
211381110964496
211724709928960
212205777715203
220039768705024
228702848811008
281474979152384
281475044917376
281475048018976
281476385996880
281477128593408
281477191305476
281479292649992
281479674396704
281484649832448
281492190136064
281509370069136
281526650798082
281543700922369
281543712968710
281590940860416
281612415684880
281615637184512
281621005731968
281750123446276
281750404071440
282024751431744
282030101758208
282041920849920
282579320176706
282583116283904
282591668895744
282609117561856
282849368344577
283674044137472
283674805297152
283676147450402
283708359704897
284223891046416
284774585405440
285873031872776
285907921928224
285958922575936
286148035870848
290271203956800
290273519730688
290288254844932
291233142407170
292538812465288
294673411358720
299067833876484
299071457730577
299239028555784
299350630663168
300235402248704
316667938734612
316678676152449
316796791422976
316934260260936
317758994653440
351843721151680
351843754459172
351912977367296
352118599848448
356241767401490
371634947489792
422212465864704
422283332027408
422762288120320
427847478935552
431017684893697
527765581430784
562949953979712
562949958668545
562950054089220
562951027216392
562951568752672
562952110080016
562952184857600
562952371446272
562954249699364
562954567155714
562967133561216
562984850047106
562986460774412
563018690740736
563018714873857
563091687358529
563224965545991
563242027980800
563499743322120
563500852183168
563637148190768
563817536815168
564050001993729
564076308594692
564118457286656
564187105853440
565149590093824
565161862234112
565166156627984
566248488568320
567348402602240
567348570490880
567425309409408
567625025355808
568447511564368
569684464238600
571746054840386
571746180825216
571763226313249
571819127998464
571917878951936
580542149967876
580543213210626
580817287380992
581643832131840
589887992561664
598135407837184
598138754696200
598169020792833
598546642371328
599233839235106
606941155954688
633318697739280
633327425946112
633390638301248
634452585775104
636067476668674
655308997525504
703687460782081
703773341646850
703962324156416
721280164692496
741070837121092
774056194342952
844424931246090
844429233492096
844433536844064
846623957616640
849372732457985
914948561567744
985163660001280
1125899906908697
1125899907760768
1125900980584718
1125902058786880
1125903161690112
1125904201847824
1125904210207236
1125904269459464
1125905007116545
1125908496920832
1125910645833732
1125917086909444
1125917623599680
1125925743757344
1125934375632960
1125968626335794
1125970245324800
1125985807499272
1126037631011328
1126080429752320
1126174784815298
1126175455969312
1126175859048449
1126243508422912
1126449730027523
1126484022401152
1126999489871872
1126999586263040
1127000492482592
1127019014258690
1127141153570816
1128099517300740
1128133291934722
1128648686501920
1129198450116624
1130298088622081
1130302265425920
1130573110181888
1132565696249856
1134696269381696
1134698751336448
1135246829437952
1139231485329552
1143494242467880
1143509289533712
1145828559306752
1149024011288576
1152301070811138
1161086560666112
1161634036973584
1163283303235968
1169897560735744
1196268923650068
1196269808779264
1196270806893824
1196320190636033
1207263901777920
1213929590096000
1231590462066696
1266637412008072
1266637533619200
1266775909990464
1275536567435776
1284229581246469
1301822069538816
1341412775837696
1407374917148674
1407375420951552
1407411407568896
1407443806453760
1407512330895393
1407933497737224
1446958380089344
1550603452940288
1688850128700576
1688858987364352
1688871341391872
1688885294792720
1689399775461376
1699020342820872
1724034232379392
1987917023150144
2251799813980257
2251799820140548
2251799831642192
2251799948976132
2251800082122306
2251800353194000
2251800551886849
2251800888510976
2251800963187712
2251801996820672
2251803039121664
2251804175827584
2251808403623184
2251808705609733
2251817798862976
2251834211174402
2251835247169604
2251868667511304
2251937255006210
2251937589231872
2251939408517120
2252006542606336
2252077107511320
2252087727489024
2252126231265312
2252349603447040
2252350127342592
2252901607015456
2253174203752512
2253517800605700
2253998837093376
2253998980104192
2255098365345802
2256197868650516
2256301023297536
2257314551709697
2259221517173248
2260600213209088
2260613254348816
2260666773700610
2260741935612416
2261180022259721
2264994226110464
2269391999799560
2269392000253990
2269409188126720
2269465014452224
2286991165227008
2286992776495112
2287533941669952
2288255496093712
2289270182117376
2291382232289410
2304576376013313
2322169094774792
2322203051819392
2322443444174850
2324367851651104
2326704043982848
2392541601202224
2392606029906240
2393645403799552
2394736425967616
2401334469329024
2410163847857152
2533275864268803
2533300562300928
2533416524317700
2533824546218144
2555267171483648
2568459456086016
2613539206332416
2674012278769672
2814749901654016
2814767014084680
2815093366588416
2819153182334976
2823546396999940
2832479408881792
2920302917976064
2956037279715328
3096259104080384
3377708323045504
3378404095197184
3378799234253568
3382097800594440
3386495830331424
3395293382967296
3413159037632516
3448072759674944
3518437746802690
3942850844688385
4503599628427299
4503599631614032
4503599631699456
4503599896142848
4503600164438034
4503600969564676
4503601237991744
4503601792155808
4503601808409606
4503603922341992
4503609324765184
4503616815628549
4503625397190666
4503668346890368
4503702709469184
4503749953323024
4503808335937536
4503874522349570
4503876719870528
4503878800262400
4504149652275201
4504151530766344
4504158511038592
4504183759700736
4504286901829632
4504699139528706
4504699241758728
4505008519249920
4505798801639424
4505815834951712
4505833011445764
4505871673458690
4507997676007424
4507997682401472
4508004120526849
4508187726184448
4509097722642436
4512395720462465
4512397869187328
4512400686449152
4512430348566576
4512533176254472
4517412275748864
4521192896069640
4521200403616256
4521226206724097
4521260600131588
4522428764061728
4525589994144784
4538784171491328
4538921438691456
4540983023247376
4543182045972768
4547581233332226
4573977028657408
4574260431552512
4575067883176592
4578366704320512
4591563241949184
4609706794418180
4644337166061584
4644345839878180
4644886871803968
4648735229902848
4654249900253184
4679521488863752
4716905956901888
4785074604671044
4785074878808320
4785078933653504
4785092404707328
4785419275206688
4793870705525760
4820293336043520
4855443482476553
4943404278481026
5066549601771524
5066549718155328
5066558447552512
5066618300268824
5066687556621312
5069023515508864
5119343318827008
5207325723918336
5629499543732224
5629534435016712
5629576860402688
5629637007245568
5631698893017088
5638295629334532
5647916353986560
5665783417929793
6196847534146050
6755399482999328
6755400533737472
6755416622498816
6755444538220544
6756503516119040
6783986743377984
6825836908908544
6896549246271489
8162774324871184
9007199256842307
9007199271600386
9007199523963168
9007199792275460
9007199959646336
9007200131351040
9007201402800128
9007202678341632
9007203551937056
9007203696509184
9007203819208720
9007208129892480
9007209992224816
9007216438814736
9007216979870752
9007225158795265
9007233622901264
9007242205726720
9007267974676544
9007269068963840
9007276566249732
9007336760971264
9007371607080961
9007475474833410
9007749010626048
9007749094440984
9007750126239748
9008298767942145
9008298816702496
9008311651278856
9008659610730496
9009398278012941
9009415460487296
9009673181069376
9011597305462944
9011635955957766
9011803469119488
9011872179226632
9012147057369088
9013798740427776
9015995356434432
9016154261618688
9017131366613056
9018744663705600
9024791444980804
9024791475421192
9025068466307200
9025890952675346
9037985580319488
9042435166437640
9042452379861506
9042521200003076
9043208260550689
9077568066052160
9077569072666880
9077636718920712
9078667646926848
9079904494682128
9086364092989570
9095160461787137
9147936751558784
9147941038066689
9148246016393216
9152335863480336
9156733238771720
9166224713842688
9184220631011328
9288674307473410
9288674382578688
9288676915810312
9306284671123456
9326061922025472
9359627095375872
9429411720855648
9570149208165056
9570149476696068
9570157831668736
9570217927651360
9570288798793730
9570716145025024
9589974911418368
9609731644063744
9640797662085120
9860420279992336
10133099181514752
10133099296325712
10133511478707200
10133724079325184
10135307848516096
10141895292354561
10185876256653312
10415673649922180
10836786670469376
11259003397476352
11259018412818432
11259067787903121
11259137581121576
11261198096990208
11263406241742912
11276591323678720
11302979533546496
11470105300959748
11540748923076864
13510816363970624
13510833308959872
13514097417126144
13519878443499520
13545985412169728
13651605626830848
13792411297784320
14073749909536769
14707067533164576
15763148585828354
18014398509613637
18014398643701922
18014398644487172
18014398719262728
18014399593709586
18014399851663393
18014402806030464
18014403081405440
18014407370473536
18014409246934144
18014411394390020
18014416025174016
18014432886002696
18014433038172160
18014433141891072
18014467832971328
18014468302856192
18014538096984072
18014541417807872
18014561743405056
18014673390632960
18014691641001024
18014948534779910
18015085704249792
18015541037891586
18015635460074496
18015772915794180
18016597541142816
18016666289964032
18017009850126336
18017701473550337
18018796627427584
18018797101776897
18018798720256064
18018933995209248
18019380671561744
18019896369610880
18023195172929546
18023196762571264
18023198897733712
18023753082478592
18024362835709952
18032128673579008
18034191866265620
18036388742111234
18040838328156288
18049582891012160
18050133711128584
18050684541009920
18051781923701248
18058516413579265
18067243787616512
18084767295873024
18084767522095880
18084836124131344
18086983457835008
18089166373945348
18102634321805344
18155136031918592
18155136551493664
18155145661776128
18155273705291792
18155483890188296
18155702937714689
18173827695525952
18225504809128064
18295873504280577
18295875096806016
18295890666061880
18314015461609472
18331057858298882
18366248674918400
18436645342674948
18577348463300610
18577348496523360
18577368461344768
18577382824741120
18577902513717760
18594949238882313
18612532839186576
18731280091840512
18859098384637952
19140298418438273
19140298437820418
19140298484483584
19140581917720592
19142497439588424
19175521443119136
19212316964814848
19430569486123264
19703454528176132
20266198323180048
20266198373548032
20266219798003970
20266275633627168
20266750294097920
20268432243294208
20275269294229504
20336567067411457
22517998203963409
22517998271107328
22518084036264448
22518547894764576
22519098727464960
22553458192154624
22806078773264384
23151316834992128
23784637679665152
24769797950537868
27021597770776584
27021599911715073
27021633198292992
27021872776364544
27030393924354084
27127159470555136
27164534275866626
27303141728847872
28151912897449984
29837447051345920
31542793889382400
