26424
47560
116417
120882
207444
341156
412001
414346
435219
689060
722250
838668
1662983
3304576
3375145
3478336
5813760
7086122
7342364
11194432
12927001
13372096
13632929
21197056
23070290
26217002
27131924
27269265
40157568
42996812
43362304
46284838
52469812
53037568
78193024
88086628
92441856
101712786
105317888
109608971
233848832
403199360
403283992
446695744
457179149
672020480
721425088
846856192
873467456
882901014
889511936
939851811
1415582336
1427111985
1476577792
1640595456
1744831825
1847590952
2550139956
2797605120
2818736142
2952790921
3274704128
3322568704
3355773312
3489665378
4170194944
5100507264
5439782912
5502928524
5503582258
5541730304
5905629221
6576955968
6635585536
6732906688
7530872835
9932251180
9932980288
10200550064
10872176681
10882127360
11018862592
11274396928
11308892181
12987663552
13153342033
13290700810
13422446080
13509853208
31406951680
51591168000
51646562321
56908783616
61337501703
66648539136
92342435840
95086968832
110863843352
120259085668
168175108096
188978563657
188979363858
191547572224
206212959360
206232002560
221190815782
223338304148
223423561728
240518242353
240529703104
326438486912
331249352746
353932345344
360777293837
360778171520
360786696448
365546176512
377957673024
378043110400
418541207552
429533429766
441307889856
446676811788
455446888448
610691194880
635655162906
635693957696
652835332736
652914720780
704374666304
704395608099
721554512134
758599008256
841814179892
841922920448
859000872960
862349459456
893353198019
904359053824
966501859353
1154809336320
1207556901888
1212276539392
1254140936248
1254168797184
1271310321314
1271427760448
1305670358272
1314662670336
1393985323027
1408774438949
1664299831680
1666516518656
1683628097545
1684969359552
1791551864832
1924145353320
1928440504320
4380866641920
6604318310400
6607110930432
7009386628928
7215545786368
7730941509632
7971515924480
11006524786752
11407433965568
13572096655382
13929652682752
14448269986176
15119224406016
15393162791977
15393172230784
21035810291712
23295902613515
24189255815476
24189328433152
27092653932544
27556613980160
28587302649870
28587302993937
28587340073728
28589181371520
29171445137408
30786325976128
30787533627392
41781445001235
46179568058416
46184186126336
48378512246848
48378596556812
50666655449088
54168127540288
54975581816960
54984356921344
55078660608576
57174605447936
57174619521024
57180241788934
57495116578816
81363977969664
83562913071424
83569460379653
89404039569408
90173106864128
92358977298465
92359011338432
93003356045312
96759707598898
105565132947456
107271103184917
107752139527320
107752150294528
109951231990016
110140146581504
114830245625896
114933324844544
123145394586240
123150268956672
153931672715264
162727806894114
162730942139904
167140800339968
167538106302464
178120883784960
178120884486181
178131084247050
178808181227520
180319907110921
180324336140736
181213285318656
184720369391744
186384401047552
193738190094336
194098162040888
213305294585896
213306463752960
215504279502896
215513692110848
216706869891200
217995360616448
219905547091968
222273147502595
228698429063181
283691465114628
283691750393864
283692320952336
283693329940640
283695479013633
283699778191874
283708561556481
283708661702914
283709450258464
283710515707972
283712656835088
283716950708232
283742855776258
283742988959888
283743323431428
283744900550657
283747031449672
283751313703968
283811577368580
283811716007937
283811976904992
283812514767880
283815801127042
283820062933072
283949020545160
283949213433952
283949432049666
283949952795137
283951029561360
283957470167300
284223906906384
284224028934664
284224294780993
284224863092868
284225904575490
284228059148320
284773679628832
284774056870928
284774589595714
284775726219528
284777808136196
284782118314113
285890354106400
285890742067472
285891310912514
285892351689224
285894506709124
285898860265537
285907550799876
285907653509249
285907928744480
285908461027592
285911679008834
285915989935120
285941878227201
285942028042754
285942883614880
285943892313092
285946042388496
285950341031944
286010798244100
286011015856264
286011536984080
286012614115424
286014790705665
286019054276610
286148102488592
286148203384840
286148442260481
286148991656004
286150057017602
286152198326304
286422917456002
286423055925328
286423317090308
286424943822849
286427141129224
286431402557728
286972671688776
286972804342816
286973139093506
286973617016833
286974716018832
286981128995332
290288417407105
290288520396866
290289327546912
290290464212996
290292545750032
290296856838408
290305567899728
290305706329096
290305967400961
290306505838596
290307593797762
290309791809824
290339990671368
290340091725856
290340330307842
290340879746049
290341945344528
290348380258372
290408644477442
290408793911312
290409079374852
290410658398465
290412807915528
290417107026080
290546220400772
290546486624776
290547055001872
290548096208928
290550251520065
290554604692482
290820961928224
290821430050960
290821907810306
290823006593096
290825137324548
290829419941889
291370723975428
291370916971009
291371135139936
291371656413320
291374909902850
291379173427216
299084544016642
299084644631056
299084884213828
299086498505729
299088639725576
299092933871648
299101673497096
299101795192864
299102061593602
299102630051905
299103671550224
299110179569796
299136024871008
299136435947536
299136957034498
299138033926280
299140210884868
299144474788353
299204738285712
299204871323720
299205205708801
299205683905028
299206782781442
299208913978400
299342175945732
299342325907713
299342611095712
299343182039048
299346340086274
299350639120400
299617189111812
299617464090888
299617996538896
299619133293088
299621214650497
299625525297218
300166812928001
300166951731330
300167750238496
300168838909956
300171036467280
300175297938440
316676665115140
316676798681089
316677132682272
316677610815560
316680840423426
316685122863248
316693851410434
316694044215312
316694262202628
316695860249089
316698037584008
316702300577888
316728236057616
316728338874632
316728613666945
316729146476548
316730283393090
316732364309024
316796938813505
316797060400130
316797895184416
316798936293508
316801091141904
316805445059080
316934365643040
316934764888144
316935302578306
316936391099400
316938588852228
316942850213889
317209239914504
317209390088352
317209675104770
317210245472513
317211254214672
317217703461892
317759162449988
317759401504776
317759951471120
317761016367136
317763157754881
317767451541762
351861039432712
351861177712928
351861438693506
351861976664065
351863065051216
351869524258820
351878350373380
351878684672072
351879162765456
351880261682208
351882392506369
351886675281922
351912591884420
351912713003073
351912979599392
351913547694600
351916743787522
351921097425168
351981361178656
351981701038608
351982250623234
351983316242440
351985456922692
351989750858753
352118766698562
352118869853200
352119144089604
352120813650049
352122894819592
352127205573152
352393619325441
352393812283394
352394552016992
352395628445956
352397805488144
352402068865160
352943367852048
352943517747208
352943803465985
352944373498884
352945382105602
352947531710624
422229788067856
422229980487816
422230198845953
422230719758596
422231796748290
422233973522528
422246960201888
422247395266576
422247965671938
422248974649352
422251123975172
422255423193345
422281461387268
422281722987528
422282260512848
422283348812064
422285546653697
422289808294018
422350071808264
422350174585376
422350449287234
422350982480001
422352118678544
422358510864388
422487479300097
422487612524546
422488425366560
422489524535812
422491654733968
422495937134664
422762422468676
422762523001857
422762761963552
422763311468552
422766518468866
422770811871760
423312127722498
423312249585936
423312515727492
423314125242433
423316280181256
423320634265632
562949953421566
565166299287553
565166492616706
565167231353888
565168308486660
565170485076112
565174748643400
565183471945744
565183621759112
565183906857473
565184477331716
565185486032898
565187636101216
565217834574088
565217973043744
565218234204226
565218772254849
565219860939792
565226319677444
565286583469058
565286686179600
565286961414276
565288630231105
565290711679496
565295022608416
565424124080132
565424458826760
565424936747088
565426035753248
565428166395905
565432448729218
565698933850272
565699273625616
565699823018498
565700888381448
565703029687300
565707323998465
566248639316036
566248760968193
566249027282976
566249596129288
566252791922946
566257145479696
567365381137412
567365481857281
567365720998048
567366270584840
567369476882946
567373770821648
567382511190274
567382632309264
567382898901060
567384508335105
567386663096328
567391016732704
567416862032016
567417054986312
567417273069569
567417794724356
567418871154690
567421048194080
567485575235585
567485708632194
567486521024800
567487619944452
567489750761552
567494033540104
567623013171296
567623448791056
567624018825218
567625027428488
567627177033988
567631476425217
567897923650056
567898026807328
567898301039618
567898833698881
567899970601232
567906362523780
568447788517380
568448049496328
568448587465744
568449675854368
568451874160769
568456135057474
571763377373712
571763498962952
571763765806081
571764333740100
571765374853378
571767529703456
571780573966368
571780951572752
571781484381186
571782621299208
571784702214276
571789012926529
571815051395332
571815336411272
571815906781200
571816915517536
571819065213441
571823364771842
571883628265544
571883821073440
571884039063554
571884560257025
571885637107856
571892077437444
572021125693697
572021226373634
572022015393952
572023080289284
572025221681168
572029515466760
572295941195780
572296079089793
572296340439584
572296878129416
572300164399170
572304425763856
572845694517378
572845828079696
572846162087940
572847739373569
572849869825032
572854152266016
580559455125640
580559604555872
580559890026498
580560460218881
580561469048848
580567917674756
580576801719300
580577040304136
580577589743632
580578655338656
580580796276993
580585090253314
580610995326980
580611128444929
580611463446816
580611941205000
580615170719874
580619453333584
580679716848160
580680116347920
580680654782530
580681742745864
580683940759556
580688202039425
580817159989250
580817352982672
580817571152388
580819169579009
580821345910856
580825609438240
581092046537729
581092168040706
581093002643488
581094043844676
581096199160336
581100552335368
581641818898704
581641921888776
581642196418625
581642729037956
581643865703426
581645947244576
598151643824194
598151782466576
598152043366404
598153669656705
598155867586824
598160129393184
598168821580808
598168954765600
598169289236610
598169767905281
598170866352208
598177279512580
598203196114976
598203583988240
598204152299778
598205193785352
598207348351044
598211702096897
598271966318608
598272066463752
598272305791233
598272855016452
598273920467458
598276061593760
598409371451524
598409474080833
598409748697120
598410281419272
598413499958274
598417810137360
598684416885252
598684635496520
598685156245648
598686233011232
598688409882625
598692673619970
599233972412929
599234122420226
599234978250848
599235987243268
599238136317968
599242435494024
633336148033668
633336422736392
633336955928848
633338092130336
633340173746241
633344484312066
633353195815041
633353334177858
633354133307936
633355221608452
633357419447312
633361681088776
633387618664962
633387719200784
633387958158340
633389572980993
633391714666504
633396008067232
633456271950084
633456422289921
633456707010656
633457277419656
633460435726338
633464734943248
633593726537736
633593848399904
633594114539778
633594682811393
633595724055056
633602233073732
633868589736016
633868722963464
633869057525761
633869535809540
633870634975362
633872765174048
634418352358432
634418763137168
634419284051970
634420361035848
634422537814532
634426801278977
703704758223136
703705225642064
703705703841922
703706802717704
703708933918724
703713215784961
703721944154628
703722137325569
703722355229728
703722876313672
703726130169858
703730394071184
703756329549889
703756431795202
703757239226400
703758375977092
703760457335056
703764767982088
703825153425476
703825419833352
703825988289040
703827029788704
703829184103425
703833537806594
703962458227728
703962597032200
703962857635969
703963395540996
703964484206658
703966681768480
704237332877314
704237482838032
704237768024324
704239347237377
704241497014408
704245796044896
704787154798600
704787255410848
704787494994434
704788044054785
704789109288976
704795544650756
845846832742400
888405395718144
993958511511424
1057730186092544
1128116261224578
1128116382728272
1128116648955908
1128118258534401
1128120413848584
1128124767019296
1128133457641544
1128133560632352
1128133835163650
1128134367784961
1128135504445584
1128141897073156
1128167785369632
1128168220262672
1128168790459394
1128169799287304
1128171948802180
1128176247914561
1128236511666704
1128236704665608
1128236922831873
1128237444104260
1128238521254146
1128240697591840
1128374009464836
1128374110519425
1128374349103648
1128374898540808
1128378105077826
1128382399054864
1128648962769156
1128649223839880
1128649762277392
1128650850238560
1128653048250881
1128657309536258
1129198578106625
1129198711226882
1129199523987616
1129200622773252
1129202753507344
1129207036119048
1130315272159745
1130315410059266
1130316209094752
1130317297615108
1130319495366672
1130323756728456
1130332449542160
1130332583102472
1130332917104897
1130333395239940
1130334494392834
1130336624844960
1130366823891976
1130366945476896
1130367212322946
1130367780259841
1130368821370960
1130375330140164
1130435593650242
1130435694330896
1130435933382660
1130437548245121
1130439689634056
1130443983421984
1130573101859332
1130573376651336
1130573909459088
1130575046378528
1130577127297025
1130581438007298
1130847852038176
1130848262832656
1130848784023810
1130849860882440
1130852038213700
1130856301208577
1131397600280708
1131397750456385
1131398035476512
1131398605840904
1131401764275202
1131406063829264
1134713316059144
1134713449283744
1134713783845378
1134714262126849
1134715361300496
1134721773896708
1134730695155780
1134730913517576
1134731434426896
1134732511414304
1134734688191489
1134738951651586
1134764887130628
1134764989911041
1134765264610336
1134765797802056
1134769015621634
1134773326184592
1134833589846304
1134833977851984
1134834546122882
1134835587367944
1134837742309380
1134842096388097
1134971016253442
1134971154614288
1134971416215812
1134973042041345
1134975239880840
1134979501523040
1135245891076161
1135246041416706
1135246896549920
1135247905521796
1135250054848784
1135254354067976
1135795713082384
1135795813613832
1135796052574337
1135796602079236
1135797667397698
1135799809081888
1143509440660512
1143509818048656
1143510350710786
1143511487610952
1143513568780804
1143517879537665
1143526591299844
1143526729581057
1143526990561376
1143527528530056
1143530815229954
1143535076124688
1143561013698689
1143561114419266
1143561903145504
1143562968762372
1143565109445648
1143569403379976
1143629817069700
1143630102790664
1143630672822544
1143631681433632
1143633831034945
1143638130426882
1143767122313296
1143767243432968
1143767510026241
1143768078127108
1143769119457410
1143771274215712
1144041985049090
1144042118451216
1144042452747268
1144044029755649
1144046160578568
1144050443354272
1144591747141640
1144591940093984
1144592158171394
1144592679830529
1144593756258832
1144600196677700
1161101594083600
1161101744046600
1161102029234241
1161102600175748
1161103608448002
1161105758228512
1161118840062496
1161119180260368
1161119729320002
1161120794550536
1161122935769092
1161127229915265
1161153268024324
1161153602406408
1161154080608272
1161155179479200
1161157310677249
1161161592545794
1161221856428168
1161221995233376
1161222255841282
1161222793740801
1161223882410000
1161230341439748
1161359299478529
1161359492645122
1161360231639072
1161361308532804
1161363485491728
1161367749398536
1161634185752580
1161634307442689
1161634573844768
1161635142304776
1161638338117762
1161642691821648
1162183958857730
1162184061100176
1162184336081412
1162186005286913
1162188086640712
1162192397288480
1196285973561412
1196286166451201
1196286385063968
1196286905815048
1196290159444226
1196294423183888
1196303146034178
1196303296037136
1196303581315204
1196305160863809
1196307309937160
1196311609118752
1196337508943888
1196337647583368
1196337908482561
1196338446344452
1196339534778370
1196341732704352
1196406258012161
1196406360639490
1196407167976480
1196408304599556
1196410386514064
1196414696693832
1196543665258656
1196544132919312
1196544611582466
1196545710032904
1196547840934916
1196552123187457
1196818608685320
1196818708832800
1196818948161602
1196819497386113
1196820562838544
1196826997835780
1197368435806212
1197368701649928
1197369269960784
1197370311442720
1197372466014209
1197376819757186
1266654877321220
1266655116198152
1266655665595408
1266656730956320
1266658872262785
1266663166574658
1266671905949697
1266672027598978
1266672862757152
1266673903538180
1266676058554448
1266680412111880
1266706257412354
1266706450743824
1266706668355652
1266708266615809
1266710443208712
1266714706774048
1266774970991620
1266775103643905
1266775438393504
1266775916316680
1266779145961986
1266783428300816
1266912408633864
1266912558452768
1266912843547650
1266913414021185
1266914422718736
1266920871436420
1267187318849680
1267187421560904
1267187696799745
1267188229079556
1267189365614594
1267191447061536
1267737045246048
1267737444878352
1267737982930946
1267739071611016
1267741268918532
1267745530348033
1409299113836544
1554709441681472
1556914504728576
1565704558837760
1803199112544256
1917550828978176
1970324836978969
1970324850106368
1970336180469760
1999255736680448
2254016185106692
2254016287351297
2254016562331744
2254017094779016
2254020312895490
2254024623540240
2254033335222786
2254033474031632
2254033734632452
2254035361202433
2254037558765576
2254041820233888
2254067757809744
2254067858424840
2254068098009089
2254068647071748
2254069712298114
2254071853515040
2254136411177089
2254136561139778
2254137417269792
2254138425542660
2254140575319056
2254144874348808
2254273865851936
2254274253947024
2254274822408194
2254275863904328
2254278018220548
2254282371928065
2254548729335816
2254548862371872
2254549196751106
2254549674951681
2254550773826064
2254557186891844
2255098684375172
2255098902282760
2255099423367440
2255100500267040
2255102677221441
2255106941125634
2256215309566020
2256215644573704
2256216122327568
2256217221113888
2256219351843841
2256223634456834
2256232362549313
2256232555545602
2256233294991392
2256234372137092
2256236548473104
2256240811999752
2256266747482114
2256266850469904
2256267124998404
2256268794282497
2256270875820168
2256275186909280
2256335450407428
2256335571914753
2256335838135328
2256336406511688
2256339603032066
2256343956201616
2256472876533768
2256473014960288
2256473276031490
2256473814466817
2256474902433808
2256481361724420
2256747751801872
2256747901231368
2256748186697857
2256748756895748
2256749765722178
2256751915237920
2257297573282080
2257297912922192
2257298462359682
2257299527959560
2257301668900868
2257305962874881
2260613229200386
2260613422154000
2260613640233092
2260615238320193
2260617415361032
2260621678743584
2260630401777928
2260630551675424
2260630837395522
2260631407427713
2260632416035856
2260638865033220
2260664764858528
2260665164124176
2260665702089218
2260666790479880
2260668988785668
2260673249681665
2260733513566224
2260733616717960
2260733890953729
2260734423613700
2260735560519682
2260737641685088
2260870920962116
2260871054361601
2260871388661792
2260871866757128
2260875096490242
2260879379268112
2261145964580868
2261146203718664
2261146753302608
2261147818918176
2261149959604225
2261154253537410
2261695569858561
2261695690975234
2261696525665312
2261697566999044
2261699721756816
2261704075395144
2269409318023184
2269409456490504
2269409717649665
2269410255700996
2269411344384514
2269413541691552
2269426496309280
2269426963710480
2269427441631490
2269428540641288
2269430671278148
2269434953614337
2269460991869444
2269461258182728
2269461827027088
2269462867805216
2269465022828545
2269469376382978
2269529640043528
2269529740935456
2269529979814018
2269530529212417
2269531594571856
2269538030194692
2269667045474817
2269667148189698
2269667955703904
2269669092237572
2269671173687312
2269675484610696
2269941898281092
2269942091612225
2269942309228576
2269942830350856
2269946084074498
2269950347641104
2270491646885954
2270491796702224
2270492081801220
2270493660971137
2270495811043592
2270500109689376
2287001567234049
2287001667764354
2287002456228128
2287003521552388
2287005663232080
2287009956635656
2287018696540304
2287018818404424
2287019084550145
2287019652817412
2287020694063106
2287022849000480
2287053048381960
2287053240807456
2287053459162114
2287053980074049
2287055057060112
2287061497299076
2287121761050882
2287121894277648
2287122228838468
2287123806290945
2287125936492552
2287130218891296
2287259349420036
2287259634139400
2287260204549136
2287261213524512
2287263362850945
2287267662069826
2287534109376608
2287534486857744
2287535020052482
2287536156246152
2287538237866244
2287542548431361
2288083835880452
2288083974242561
2288084235845792
2288084773373960
2288088059511298
2288092321157136
2322185873031712
2322186308224016
2322186878591042
2322187887329544
2322190037026820
2322194336579713
2322203118948356
2322203219625985
2322203458674976
2322204008645640
2322207214928002
2322211508715600
2322237413786625
2322237547348226
2322238359488544
2322239458639940
2322241589092880
2322245871538184
2322306273649668
2322306535000072
2322307072692240
2322308161208480
2322310358958337
2322314620322306
2322443578638608
2322443771445768
2322443989434433
2322444510625924
2322445587481602
2322447764820000
2322718464739330
2322718586323088
2322718853169668
2322720462221313
2322722617065544
2322726970983456
2323268237271176
2323268340088928
2323268614885378
2323269147689473
2323270284609552
2323276676235524
2392554633035848
2392554755064864
2392555020912642
2392555589226497
2392556630704272
2392563139019268
2392571932442884
2392572207054984
2392572739782672
2392573876404320
2392575958319617
2392580268503042
2392606156793860
2392606306795649
2392606592074272
2392607162630408
2392610320695362
2392614619874320
2392674883670048
2392675295166736
2392675815916546
2392676892680712
2392679069548676
2392683333288001
2392812381798530
2392812481945680
2392812721278980
2392814335952897
2392816477078536
2392820770947360
2393087196299521
2393087334941186
2393088133701792
2393089222132740
2393091420065808
2393095681869832
2393636950000144
2393637083189256
2393637417657345
2393637896323140
2393638994772226
2393641125677088
3096224744090688
3096224763740165
3096228233576448
3096431011299328
3097066557411456
3179787627528202
3475607795007488
3659174697418772
3659174768542144
3659183714992128
3940649674672256
3940649713800192
3942161502715904
4505816031838728
4505816132522016
4505816371569666
4505816921538625
4505817986433296
4505824421609604
4505833283012612
4505833549857032
4505834117792784
4505835158905376
4505837313753217
4505841667670082
4505867512972292
4505867705778433
4505867923767456
4505868444960776
4505871699149314
4505875962146832
4505936226025568
4505936693594128
4505937171730434
4505938270879880
4505940401332484
4505944683774465
4506073663832322
4506073814008336
4506074099023940
4506075678131201
4506077827829768
4506082127382560
4506348574222337
4506348677038210
4506349484638496
4506350621560836
4506352702472272
4506357013185544
4506898301190288
4506898439086152
4506898700439553
4506899238126084
4506900326647810
4506902524396576
4508015021785168
4508015124415496
4508015399028737
4508015931756548
4508017068376194
4508019150291232
4508032172065824
4508032571605136
4508033109469186
4508034197897288
4508036395827716
4508040657637377
4508066695356548
4508066934686216
4508067483910416
4508068549365792
4508070690488385
4508074984358914
4508135248113672
4508135398115360
4508135683391746
4508136253948929
4508137262940688
4508143711191108
4508272702914689
4508272824942658
4508273659101728
4508274700584964
4508276855153680
4508281208897800
4508547566027012
4508547699212801
4508548033683552
4508548512350344
4508551741706242
4508556023957520
4509097328181762
4509097521074192
4509097739682820
4509099337195777
4509101514065928
4509105777803424
4512413177610756
4512413438214216
4512413976117392
4512415064785952
4512417262350337
4512421523818498
4512430216708609
4512430349750274
4512431162327136
4512432261202180
4512434392401936
4512438674268296
4512464590872642
4512464712565776
4512464978970628
4512466588926081
4512468743241992
4512473096946208
4512533360738436
4512533461352513
4512533700939808
4512534249996808
4512537456444418
4512541750591760
4512670766597128
4512670868840736
4512671143821442
4512671676270593
4512672813023312
4512679205031940
4512945618849808
4512945812015112
4512946029920513
4512946551006212
4512947627901442
4512949804859552
4513495367305248
4513495802454544
4513496373395714
4513497381670920
4513499531444292
4513503830475777
4521209144313860
4521209266176129
4521209532318240
4521210100588808
4521213296771138
4521217650852880
4521226340941954
4521226443718736
4521226718425092
4521228387813377
4521230469432328
4521234779996448
4521260668289552
4521260818632712
4521261103350785
4521261673758788
4521262682734850
4521264832063520
4521329395499265
4521329587921410
4521330327191712
4521331404178436
4521333580959760
4521337844418568
4521466892914720
4521467232403728
4521467781907458
4521468847227400
4521470988910724
4521475282313281
4521741707706440
4521741846070304
4521742107674626
4521742645202945
4521743733498000
4521750192980484
4522291594592516
4522291929153672
4522292407437328
4522293506605152
4522295636804097
4522299919208450
4538801321943200
4538801733111824
4538802254381570
4538803331532808
4538805507867652
4538809771393281
4538818494988356
4538818644419585
4538818929887264
4538819500085256
4538822658425090
4538826957537808
4538852857368577
4538852995794946
4538853795300384
4538854883262980
4538857081274512
4538861342556232
4538921709211652
4538921983738888
4538922516357200
4538923653021984
4538925734561793
4538930045649026
4539059013748752
4539059146866824
4539059481870849
4539059959628036
4539061058416642
4539063189143648
4539333956731906
4539334057787664
4539334296371332
4539335911407681
4539338052346376
4539342346326048
4539883662344456
4539883783848480
4539884050071618
4539884618449025
4539885659653136
4539892168140804
4573985688260610
4573985820911632
4573986155659524
4573987732587009
4573989863227528
4573994145562720
4574002874025992
4574003067355296
4574003284967938
4574003806093569
4574004883230736
4574011323384836
4574037258862880
4574037636808784
4574038169092226
4574039305626632
4574041387077636
4574045698000897
4574105961514000
4574106083164424
4574106349478017
4574106918324228
4574107959099458
4574110114120224
4574243387875844
4574243526348801
4574243787506720
4574244325556296
4574247611549698
4574251872977040
4574518412705860
4574518697807880
4574519268278800
4574520276977696
4574522427048961
4574526725693698
4575068084535361
4575068185428994
4575068973707296
4575070039064708
4575072180371728
4575076474683912
4644354430927873
4644354580824322
4644355436578848
4644356445184068
4644358594789904
4644362894184456
4644371676799248
4644371777520136
4644372016660545
4644372566245508
4644373631861762
4644375772549152
4644405971550344
4644406104948832
4644406439251970
4644406917341697
4644408016259088
4644414429856004
4644474693355522
4644474831634576
4644475092615684
4644476718977025
4644478917279816
4644483178177568
4644612329210884
4644612547291144
4644613068951568
4644614145376416
4644616322416897
4644620585796098
4644887023059488
4644887410770960
4644887978868802
4644889020203272
4644891174963204
4644895528599681
4645436795260932
4645436898412545
4645437172646176
4645437705307144
4645440923377794
4645445234131024
5348025497028736
5910974511325952
5910974549721091
5910981221815296
6192449505462592
6192449588412416
6192459419746322
6370621910941696
6920326856310784
7010486139355136
7036879249694720
7037286734626866
7038008303812608
7124835347995136
7318349465780265
7318360266252288
7882158341358656
7882467579568128
7953867185586176
9009415594214416
9009415727612168
9009416061911169
9009416540006404
9009417638920258
9009419769741856
9009432780357920
9009433191391312
9009433713049730
9009434789479432
9009436966522884
9009441229899777
9009467268530244
9009467542769672
9009468075426320
9009469212330016
9009471293498369
9009475604250882
9009535868471304
9009535989588128
9009536256180738
9009536824279297
9009537865617424
9009544374010884
9009673294577729
9009673432859650
9009674231812128
9009675320197252
9009677518504208
9009681779401224
9009948169142788
9009948319043585
9009948604761120
9009949174792264
9009952333006850
9009956632395920
9010497990963202
9010498091681808
9010498330820868
9010499946021377
9010502086705288
9010506380640352
9011614616520706
9011614766858384
9011615051579908
9011616630968321
9011618780291144
9011623079511072
9011631862579336
9011631963111520
9011632202076162
9011632751575553
9011633816897552
9011640251982084
9011666157052448
9011666624840720
9011667103121474
9011668202291464
9011670332491780
9011674614890625
9011734878683408
9011735017046536
9011735278649409
9011735816175748
9011736904475650
9011739102318624
9011872322293764
9011872514713601
9011872733069600
9011873253983240
9011876507746434
9011880771207248
9012147329958916
9012147596101640
9012148164374544
9012149205614752
9012151360553217
9012155714634242
9012696980669441
9012697083445506
9012697891342368
9012699027537988
9012701109158416
9012705419726856
9016012729483360
9016013068961808
9016013618188290
9016014683635848
9016016824762628
9016021118632449
9016029858628612
9016029980655873
9016030246502560
9016030814816264
9016034010866178
9016038364614672
9016064209913857
9016064402800770
9016065142161696
9016066218930180
9016068395794512
9016072659534856
9016133056235524
9016133390704904
9016133869372432
9016134967820832
9016137098723457
9016141380976706
9016270360944784
9016270510948424
9016270796230657
9016271366783492
9016272375777282
9016274524849184
9016545271611650
9016545374241296
9016545648853060
9016547318203393
9016549400121352
9016553710299168
9017094997836296
9017095136481312
9017095397377026
9017095935238209
9017097023668496
9017103483404420
9024808956334084
9024809174320136
9024809695510608
9024810772365600
9024812949702657
9024817212694658
9024825935826945
9024826086000642
9024826941383712
9024827950121476
9024830099816592
9024834399371336
9024860299199490
9024860437094672
9024860698443908
9024862324654145
9024864522404360
9024868783771680
9024929047519300
9024929150338049
9024929425131552
9024929957941256
9024933175771394
9024937486483984
9025066455138568
9025066588701216
9025066922704962
9025067400839297
9025068499993616
9025074912888836
9025341397944336
9025341498622088
9025341737673217
9025342287642884
9025343352541186
9025345493925984
9025891103473824
9025891491909648
9025892059841026
9025893100955656
9025895255802884
9025899609719041
9042400974540808
9042401077250080
9042401352483074
9042401884767233
9042403021300240
9042409413673028
9042418263457924
9042418524619272
9042419062669584
9042420151357472
9042422348660801
9042426610091010
9042452547666180
9042452648559105
9042452887437408
9042453436833928
9042456643506178
9042460937816080
9042521201312800
9042521636225168
9042522206701570
9042523215396936
9042525365469700
9042529664118785
9042658655748610
9042658777403408
9042659043714052
9042660653334785
9042662808356872
9042667161911456
9042933519483009
9042933652136002
9042934464807456
9042935563814916
9042937694454800
9042941976789256
9043483281195088
9043483474527240
9043483692140545
9043484213268484
9043485290397826
9043487466987808
9077585329791233
9077585451483650
9077586286346400
9077587327845380
9077589482164240
9077593835866120
9077602526954000
9077602629201928
9077602904179713
9077603436625988
9077604573380866
9077606654740512
9077636853678152
9077637003641888
9077637288830978
9077637859774465
9077638868041872
9077645316850180
9077705580511362
9077705773678672
9077705991589892
9077707589568513
9077709766525960
9077714030428448
9077843178832132
9077843418415240
9077843967477776
9077845032706144
9077847173923329
9077851468075010
9078117893279776
9078118292685072
9078118830588930
9078119919256072
9078122116817028
9078126378287169
9078667647125508
9078667780161665
9078668114543136
9078668592742664
9078671822815298
9078676104684560
9147954061394052
9147954199822401
9147954460897312
9147954999329288
9147958285304834
9147962546585872
9147971239215170
9147971372336144
9147971707340804
9147973283881089
9147975414612232
9147979697226272
9148005613834256
9148005735335944
9148006001557761
9148006569935876
9148007611138562
9148009766453408
9148074383507969
9148074484568066
9148075272585312
9148076338184452
9148078479124496
9148082773098632
9148211788810272
9148212166328848
9148212698947842
9148213835616264
9148215917150276
9148220228240385
9148486641525768
9148486834520352
9148487052689538
9148487573964801
9148488651112528
9148495090978820
9149036539945476
9149036825411656
9149037395607696
9149038404437024
9149040553955329
9149044853065730
9288674231457287
9508576630407168
9851633982767680
10133103993428736
10414625677905024
10696049134215168
10696623566880768
10773014928949632
11487697487004992
11540474080542720
11540562763055104
11542260751532044
11586653533507840
11821949035479058
11874725580038144
12539036761587712
12947849733996580
13792273859416256
13792273935368228
13793665428520960
13823060234731520
14073748836089877
14074126827257856
14075398102981632
14117742722416640
14637980836691968
14676281207554090
15762598713624192
15762604467159041
18016614851086368
18016615251051024
18016615788577026
18016616876879880
18016619074715716
18016623336358913
18016632028799108
18016632162025537
18016632496590880
18016632974869000
18016636204237826
18016640486637840
18016666403242497
18016666525110274
18016667359518816
18016668400763140
18016670555703312
18016674909782152
18016735273812484
18016735512772680
18016736062275728
18016737127597088
18016739269283841
18016743562684418
18016872578437136
18016872681211912
18016872955912449
18016873489105924
18016874625303042
18016876706922656
18017147431682114
18017147624104976
18017147842463748
18017149440360577
18017151617138952
18017155880600096
18017697179763720
18017697330102560
18017697614823554
18017698185234433
18017699194208336
18017705642758148
18018813878501640
18018814071669280
18018814289576002
18018814810660993
18018815887557648
18018822328420356
18018831200980996
18018831486166024
18018832057106512
18018833065378080
18018835215157249
18018839514185858
18018865414012996
18018865552819201
18018865813424160
18018866351329288
18018869637554434
18018873899024912
18018934163243168
18018934540472336
18018935072915970
18018936209672200
18018938291028996
18018942601675009
18019071570478082
18019071703515408
18019072037896324
18019073614970945
18019075746169352
18019080028041248
18019346513203201
18019346613815298
18019347402458144
18019348467687940
18019350608904336
18019354903052360
18019896218626064
18019896340316296
18019896606720513
18019897175179524
18019898216681474
18019900370993248
18023211917905924
18023212067719169
18023212352815392
18023212923290632
18023216082059394
18023220380704848
18023229163603970
18023229264494736
18023229503373828
18023231118135297
18023233259438152
18023237553751072
18023263458820368
18023263591473672
18023263926222913
18023264404144260
18023265503151106
18023267633795104
18023332179878913
18023332318347522
18023333117560864
18023334206242884
18023336403550736
18023340664983560
18023469623149088
18023470034093072
18023470555217986
18023471632351496
18023473808943108
18023478072508545
18023744509329544
18023744630980704
18023744897298434
18023745466139137
18023746506917904
18023753015492868
18024294384681988
18024294659917832
18024295192203280
18024296328732832
18024298410180865
18024302721106434
18032008011726913
18032008144913410
18032008958054432
18032010056499332
18032012187402512
18032016469656072
18032025197937680
18032025390825736
18032025609437313
18032026130188292
18032027206950978
18032029383819808
18032059583039496
18032059685666976
18032059960279554
18032060493005057
18032061629632528
18032068021724164
18032128285609986
18032128407635984
18032128673480964
18032130283274753
18032132437844104
18032136791588960
18032265850519620
18032266111422472
18032266649281040
18032267737712672
18032269935641601
18032274197446914
18032540586615072
18032541021896784
18032541592453250
18032542601446408
18032544750522372
18032549049698305
18033090409005572
18033090509156353
18033090748482592
18033091297706056
18033094504286210
18033098798153872
18049600334078212
18049600600670344
18049601168771088
18049602210103392
18049604364861953
18049608718503938
18049617409212673
18049617512366594
18049618319261856
18049619456164868
18049621537337360
18049625848088584
18049651736379522
18049651886276688
18049652172001284
18049653750638593
18049655900242952
18049660199633184
18049720463149060
18049720656101505
18049720874181152
18049721395839240
18049724649308226
18049728912688144
18049857960812616
18049858061534240
18049858300676098
18049858850263041
18049859915874448
18049866350494212
18050132776059408
18050132914343944
18050133175321601
18050133713289284
18050134801678594
18050136999987232
18050682529550368
18050682997244176
18050683475338242
18050684574253576
18050686705074308
18050690987851841
18084784634986640
18084784736043080
18084784974630913
18084785524064772
18084786589665282
18084788730602528
18084801764655200
18084802152384528
18084802720763906
18084803761963144
18084805917278468
18084810270450177
18084836308748292
18084836526915848
18084837048189968
18084838125339168
18084840301674625
18084844565200962
18084904828994056
18084904962117664
18084905297118210
18084905774874689
18084906873659664
18084913287004292
18085042267359233
18085042416787586
18085043272450336
18085044281282564
18085046430793808
18085050729907208
18085317177279492
18085317280268545
18085317554798752
18085318087419912
18085321305620994
18085325616713744
18085866903716098
18085867042144784
18085867303215172
18085868929614849
18085871127629832
18085875388909600
18155153345487362
18155153448308752
18155153723098116
18155155392823553
18155157473740808
18155161784451232
18155170496516104
18155170634410016
18155170895757570
18155171433448449
18155172521968144
18155178981081156
18155204918658080
18155205258387600
18155205808359426
18155206873251912
18155209014641156
18155213308432385
18155273572089936
18155273722266632
18155274007283713
18155274577653764
18155275586388098
18155277736083744
18155411026804996
18155411148390913
18155411415236704
18155411983171720
18155415179137026
18155419533051920
18155686023659652
18155686357664264
18155686835798288
18155687934955552
18155690065403969
18155694347846658
18156235652333697
18156235845140546
18156236584321568
18156237661177860
18156239838512144
18156244101505288
19039143346569236
19423028865662976
19494341160468518
19703248445248064
19703249980784640
19704450960588840
20547683500430336
20547845099233280
20653226470670336
20714799067299873
20829153310801920
20919308230852608
21392098230011019
21392113262723072
21435528939307008
22748483261825024
22799473199742976
22799476334788621
22800078838169600
22800641344669248
22836856509480960
23080948148994072
23081033989906432
23094142237147136
23133724648411520
23643900883238912
23644310360558208
27270093834551296
27303072740936018
27303966094213120
27584547753295907
27584550402000064
27585664497221632
28147502280605696
28147506395217948
28226662508421120
28481749209055232
29273397678577792
29273809922031616
29836931646882560
31670332926566400
33776997205671942
