3883
491580
1465472
62914583
108118016
157296000
4028301312
13784580096
22817027584
24159191118
790525640704
1546188226649
1992864830336
2593086504960
3504694018048
135824045768704
171523813947648
250716031549440
338649582223360
365038038679552
510173395288178
567382630219905
567418900516928
567489801101314
567631602254084
567914940334600
568448057869328
569548113741856
571782621825028
571815307018498
571900682063888
572025228230848
572296204977184
572846634180616
573953693319681
580580928425992
580628106183681
580680660615684
580817587822624
581100503040130
581641923856448
582743312826640
598177279451152
598207343100448
598272436078593
598411367810056
598685222191424
599251050594436
600333625856002
633370245726496
633387702820868
633464728618048
633594654494721
633872782198800
634420490945026
635518324899976
703722355425856
703757369344144
703825183768840
703979501717506
704239353503745
704795610976288
705890764211204
844460397691906
844502247950344
844564521025696
844700143616528
844975225049092
845528753570049
846641268531264
1130336613302592
1130383854837776
1130436600284168
1130573385437186
1130856366278657
1131397767234080
1132499132612740
1134747673952386
1134765055021064
1134842038198304
1134971985133840
1135250067456516
1135797663695873
1136895562106944
1143527543283713
1143569537040960
1143631712913410
1143767242376196
1144042394222856
1144595966607504
1145708300275744
1161119242683424
1161154076608516
1161222003163328
1161376345113089
1161636317499408
1162192382722306
1163287631241224
1196311634268164
1196341673919490
1196406631170576
1196545743790144
1196819483197600
1197385360345096
1198468076962049
1266672032286736
1266708278952224
1266779131482113
1266920867266696
1267204364567616
1267737577988100
1268837560353282
1407411392938504
1407444174504065
1407529570009348
1407654190778400
1407924912021506
1408475477348416
1409582513783824
2256240818291202
2256270891679880
2256335838183712
2256474889799696
2256748724363268
2257314686046209
2258397219521600
2260634563642384
2260681840134176
2260734486544513
2260871456752136
2261154256916544
2261695695175940
2262797094297602
2269426901057668
2269461795065858
2269529841606672
2269684074316096
2269943970267680
2270500134913032
2271595327391745
2287020726812929
2287053450649664
2287138809840642
2287263425826820
2287534212155400
2288084788445712
2289191933198496
2322204125628480
2322245935431952
2322308153217032
2322443737890946
2322718867342337
2323272368693280
2324384763347460
2392588908781576
2392606294213121
2392683347838980
2392813262341152
2393091487564034
2393638964297920
2394736895758352
2533309436399648
2533345791607812
2533416557888064
2533558260867073
2533841734533264
2534374906267650
2535474891718920
4508049230332932
4508066797062146
4508143736848528
4508273627759168
4508551733071904
4509099400134920
4510197238472705
4512430382161984
4512466596004368
4512537458575368
4512679255360514
4512962659221761
4513495785799840
4514595952136196
4521234765449248
4521264861544708
4521329857400896
4521468973088897
4521742647198736
4522308513832962
4523391121900040
4538819442376840
4538861325684737
4538923588018180
4539059150520608
4539334325764610
4539887940535360
4541000269826064
4574007093887489
4574054275104960
4574106901283074
4574243794749444
4574526851653640
4575068153778192
4576169576891424
4644373627277314
4644406374695944
4644491868799520
4644616306434064
4644887207346308
4645437734668289
4646544737370432
4785109634924816
4785144464482336
4785212319990785
4785366695677960
4785626524682304
4786182710886916
4787277924434050
8444249303187456
9011632231548936
9011667103383809
9011735012872196
9011889427185824
9012149206909954
9012705419616320
9013800753758736
9016030785454624
9016072659337348
9016135068549440
9016270511147009
9016545708089360
9017099188965378
9018211559310344
9024826136133890
9024862312996872
9024933192008736
9025074917150736
9025358510704644
9025891491414529
9026991571599552
9042435169062976
9042452648313872
9042529723089416
9042659712737282
9042937681936513
9043485294397472
9044583204782340
9077604522950800
9077637389750304
9077722651369473
9077847173906696
9078118032605760
9078668651529220
9079775616829442
9147979828036609
9148009824684096
9148074727325826
9148213802566148
9148487589498888
9149053439050000
9150136037023776
9288712894816260
9288760147706370
9288812747294736
9288949650490432
9289232610787616
9289774146257032
9290875469320193
18018832056848400
18018873869730848
18018936160256513
18019071710797832
18019346982928576
18019900365211652
18021012792688898
18023237569478920
18023267751190529
18023332612146180
18023471630028832
18023745440581634
18024311361176128
18025393899438224
18032027211154496
18032059968718864
18032145316577416
18032269872857602
18032540753858561
18033091416162592
18034198375866372
18049617644093956
18049653816164482
18049724623913232
18049866384017472
18050149834301472
18050682934284296
18051782980731905
18084802153422850
18084837080465928
18084905028175904
18085059446178832
18085319161217284
18085875363872897
18086970588794944
18155174686163104
18155221906624516
18155274515259456
18155411479855361
18155694345699856
18156235794711554
18157337303058440
18295925030029313
18295942476464448
18296019649368066
18296149454635140
18296427605132296
18296975178997776
18298073055232544
30302540461506560
32654258394365952
36033231707447328
36033264388948484
36033349692950592
36033474271937537
36033745106632976
36034295655104642
36035402681815048
36037628017053697
36037662923031616
36037730821997058
36037885174095876
36038145048854664
36038701347801104
36039796497580320
36046440779219472
36046458201342112
36046535238107393
36046665224292360
36046943257960512
36047490881163268
36048588899484674
36064020062554114
36064067424682248
36064119937437728
36064256808190096
36064539745715204
36065081239281665
36066182566019648
36099200395772936
36099236632332289
36099307632328836
36099449247826464
36099732765970434
36100265845719360
36101365868552208
36169569942929668
36169611850555394
36169674160931856
36169809787899968
36170084805249056
36170638322434568
36171750727745665
36310315012587712
36310345014841360
36310409988317192
36310549030502658
36310822959710721
36311388689286176
36312471320987652
48413724179955712
50102545854496869
55732045602619392
60798594969512576
