1642
862210
67109780
67817472
223346690
313524225
106904420352
168577466370
43430709297154
98131479887872
141012904183812
141289400074368
141838074249729
142970875610112
145273007505416
149602569293856
158333971726400
175939057099008
211114956701712
281752136451072
282025808367624
282575042052128
283811506036800
285941743763712
290305438122000
299084611092484
316667943452800
351848049412608
563225938640960
563500514803968
564051616735248
565217713455108
567382493890688
571883487527424
580550737794048
598138687651848
633335878647840
1126209161269760
1126587235893252
1127068140175488
1128103233470496
1130315200594944
1134704590856200
1143492663836688
1161086694852672
1196269728989440
2252212135002144
2252418322539520
2252933953503240
2254016018909200
2256206466940992
2260600336417024
2269394148327936
2286985268035588
2322169094738050
4503943224786962
4504183744495680
4504836586342656
4505807509127680
4508001973047300
4512412933881984
4521193021382688
4538784538444800
4573970536071176
9007478696059008
9007766194635264
9008307390119940
9009398949117960
9011599451357216
9015996438285312
9024825800655106
9042521066835984
9077636726849600
18014690576171016
18014956922341408
18015502317159424
18016599713779968
18018797898235920
18023195143700544
18032128151273600
18049651735527936
18084801615503364
20125460834811906
36029080488968448
36029351086653456
36029913844682816
36030997117272192
36033195610743296
36037595259486214
36046457928681480
36064015784378400
36099303471055872
51932133270224896
