2233
5222
1933314
271212544
335547200
1488977928
1660944387
197568495628
419027746817
640017235970
49478090358785
233096465088522
355142524207108
564051616735248
565157600297472
567352296998916
571883502440448
581092030021664
598410277175424
633335886905600
703756161287169
844459826806848
1125902121697412
1127008545804288
1128103233470496
1135245755711752
1143766975054848
1161221752488000
1196338444369936
1266671773811200
1407392197650432
2252903754563840
2254002059215872
2256206466940992
2260870786711570
2269529975562752
2287533950109696
2322202951176192
2392554750607392
2533343514591360
4504836577970178
4506348943573008
4508272560701952
4512412933881984
4521260802379776
4538818363424800
4573970655346752
4644346779410688
4785078915957760
9008848540008576
9009673290158080
9011735814012960
9016064075636740
9024825800655105
9042401345668096
9077576593311744
9147941072142352
9288676378952200
18015772899147848
18016734977982720
18019346345370624
18023230036510720
18032007892189200
18049651735527936
18084772085530752
18155138153779200
18295882144284704
36029914784236032
36031064778541056
36033229560479760
36037595796471840
36046397805428864
36063985686032392
36099303269729280
36170084267343936
36310546907398400
46724846402404354
60798594969501701
72058762304684064
72059827420930178
72062009268637696
72066398855119872
72075191592943680
72092780574802176
72128512537985537
72198606942111744
72339206462013456
144116321955873792
144117404279504961
144119655378731264
144123988469088768
144132782442973184
144150381306380304
144185831714725920
144256063137513600
144397213884223488
221239331761684488
