810043440
6480347520
12960695040
25921390080
174114013187
207371120640
284071886921
414742241280
568143773842
829484482560
1099736023298
1236951138753
1649275851028
1658968965120
2272575095364
2338343485441
2473902277506
2785824210968
3298551702056
3317937930240
4398059168033
4415229886468
4676686970882
4983235807301
5571648421936
6597103404112
8796118204995
8830459772936
9090300381201
9414635495952
11143296843872
13194206808224
13271751720960
17592194964489
17592236672130
17592725012908
17595776372752
17630844949026
17660919545872
17832989425736
18706747883521
21990903677457
22286593687744
26388413616448
26543503441920
29411969728516
35184389928978
35184473344260
35191552745504
35321839091744
36361201525824
37404905832458
43981807354914
52776827232896
53087006883840
58823939457032
70368812470796
70369029619984
70523379796100
70643678183488
71751726137472
74826991534096
79164872880160
79731772916808
105553654465792
105624257953796
117647878914064
140737893377040
141085716381698
141287356366976
143221078360080
145275121958932
145444806103296
149619623329828
150634167935232
158329745743940
159463545833616
175927229419652
175930588923905
178292749501952
211106235189762
212343732568072
235295757828128
281483600206528
281532421964032
282171432763396
285327830811776
286014824271873
301268335870464
316659357302920
318927091667232
351854458839304
356585499003904
422214617863168
562950020792375
562950499766368
562952236959872
562967200413056
563064843928064
563243353899020
563431560183952
563572857897225
565149425467904
567382630219906
570655661623552
574013809099776
580679712785440
581100487835728
599233839305217
637854183334464
659708054601857
703722355695617
713170998007808
844429235726336
844994063630368
1125900999532736
1125904473919744
1125934400826112
1125969734680582
1126129687856128
1126179218194452
1127145715794450
1130298088095850
1130298850935808
1144059297087489
1161359425570880
1162200975671456
1196956986638624
1198467678610434
1266637966082080
1275708366668928
1407383475618849
1426341996015616
1688858471452672
1697684708655168
1882363915141378
2251800955454528
2251834258440224
2251851353555593
2251868801652224
2252143428116740
2252259375712256
2252358436388904
2252487029425169
2253726240735808
2255235822391296
2260596176191700
2260596628129800
2269530520879620
2271668533723264
2288118594174978
2291537253761280
2323268405045249
2324401951342912
2327116897652736
2403536713383937
2410146686963712
2814835670714432
2814889422782472
2852683992031232
3025864623129604
3377716942905344
3764732125250048
3945322599546881
4503617381863429
4503636163987456
4503668516880448
4503805786851873
4503875579238400
4512466587357322
4538784003654488
4574522456147984
4583074507522560
4626890958606336
4644380066709570
4794008178001152
4821083610415107
5084141801512968
5136987120484352
5630600262451201
6051729246259208
9007201402662913
9007208388895232
9007234763726858
9007251063966720
9007272327974912
9007276564187164
9007336695796806
9007337033760896
9007886483603976
9008316500148304
9009776239329281
9009948170192928
9011668236370240
9012696980660356
9016274521948200
9027132197970192
9051763852181888
9077568007308976
9077573770297408
9149044912295968
9166149015045120
9253781917212672
9310673054138370
9429411988243205
9578947985620996
9588016356002304
9609735926480896
10133103993424003
10144112531476992
10168283603025936
10221094452330500
10273974240968704
11261200524902402
11311775660114017
11404134611961856
12103458492518416
13510816062030114
18014416777790464
18014427232108672
18014467229156485
18014502195040256
18014544655949824
18014553128374328
18014949625561600
18015223147407496
18015502316937218
18015772967207952
18016614847881281
18016633000296608
18019896340385856
18021751501914112
18023336472740480
18045221342290944
18049621813100561
18054255806005796
18102445372605184
18155136014617952
18304669596553220
18507563834425344
18577520266838276
18650197550698496
18858823976486410
19140300635636225
19157895971241992
19176032712004608
19219471852961792
20266207986848003
20336567206051872
20442188904661000
20547948481937408
22535590725552134
23124945735647232
25895835833221184
27021598444355840
27058022308120576
27096364573786121
27171131383349266
28710516612407328
36028800374441220
36028805622005894
36028831431131668
36028865843299368
36028934667634768
36029011769508096
36029072316305537
36029226520052224
36029347613647168
36029898208330368
36033197481462280
36035669036376064
36037597943960592
36042541053788160
36046414975084576
36064035078688768
36099238778675328
36117032827109402
36138749297557504
36175049245328387
36248701576151040
36381740251545700
36468606133338112
36592056218747904
36908415247712256
37155315418531840
37198814829871117
37788033476460544
38562143221579777
38852342879617824
41095489424195586
42819380834208896
45035997349085201
45063484343320576
45741882738868416
50665781456797696
54043197679206434
54095972644487168
54329068551930256
54606145515472897
58687532652573184
65302765894631424
72057594311639051
72057596227616844
72057598417305752
72057602796683568
72057611555439200
72057629072950464
72057664107972992
72057680474300424
72057734178018048
72057870023140865
72057939783417888
72058146008353794
72058715158648832
72059801919631364
72060360001847552
72063125965767168
72066561929953296
72079721749284864
72093469900996608
72141161216606470
72146104883355648
72234615728783360
72391862752642068
72726131467356200
73253931408429137
73473767564771328
74353374396420096
74450268778930338
74889941091614720
76561194212720658
78250043525595780
78883382625304576
81064794387513380
81137361697669120
81627906463236097
82191792711206152
85577189013596224
90082438444744737
90639341822476288
91198218888544258
92325991384484368
99096783989264512
108104017669914881
108227403961075716
108368416865259528
108650442673627152
109214494290362400
110342597523832896
117128843537678848
126171296018465792
144115291155596562
144115330111799332
144115806551425248
144116357247598592
144117026323963904
144117387105439888
144117425905205248
144119724636112008
144123984173338116
144124541449797632
144132823790403584
144150458431209473
144185574276993026
144203153370317824
144256475336867854
144258195487991808
144304304614801472
144396974504804484
144397762597879833
144414804995508480
144678159505179152
144687217724366850
145241113752633668
145241431590568456
145316956432547840
146087849375629312
146369479507444768
146402182999375888
149181740072567873
149771075905912880
150874985664086530
153139998982406152
153685338393673984
155453558140043264
157663370362748932
162138383013921032
162199956940136468
162288328576860161
164945435889238144
171136820199916096
180217111208002049
180728994000277508
181410658196127744
184647585259880456
189432659343074304
216172782250639365
216193673908453442
225185204317192208
234468737208549376
252210392439259264
