1320069
1704971
2640138
3409942
5280276
6819884
10560552
16832001
18354225
19009673
21121104
27279536
33664002
38019346
42242208
54559072
67328004
67399937
73416900
75637257
84484416
109118144
134656008
134799874
146833800
151274514
152077384
168968832
269312016
269599748
270025473
276881441
293667600
302549028
304154768
337937664
452988934
537421829
538624032
539199496
540050946
553762882
570692611
587335200
605098056
608309536
612407312
675875328
810025041
872679553
872945152
1074843658
1077248064
1078398992
1080101892
1090532386
1091078209
1107525764
1143734402
1157630214
1174670400
1210196112
1216619072
1351750656
1619005634
1745890304
2149687316
2154496128
2156216834
2156797984
2160203784
2168521986
2182156418
2197817420
2215051528
2287468804
2349340800
2420392224
2433238144
2685800452
2703501312
3489667586
4295629057
4308992256
4312433668
4313595968
4314931201
4320407568
4330628672
4337043972
4362305601
4364312836
4395634840
4430103056
4574937608
4698681600
4840784448
5407002624
6983561216
8591258114
8608874565
8617984512
8624867336
8627191936
8629862402
8640815136
8674087944
8724611202
8728625672
8860206112
9149875216
9397363200
9732952576
10814005248
10871771649
12960400656
13556061184
13967122432
17185263617
17190487172
17197498528
17214112257
17217749130
17235969024
17249734672
17254383872
17281630272
17348175888
17449222404
17456697665
17457251344
17720412224
18270520337
18299750432
18691915777
18794726400
19327354403
19465905152
21743543298
23622451213
25772195852
25920801312
26357006345
27934244864
34359784528
34370527234
34380974344
34394997056
34428224514
34439438356
34471938048
34499469344
34508767744
34563260544
34696351776
34898444808
34914502688
35440824448
36247175177
36541040674
37383831554
37589452800
38654708806
38654709985
38726275584
38931810304
42974969928
43256020992
47244902426
51544391704
52714012690
55868489728
68719611073
68719644709
68740448793
68741054468
68761692161
68856449028
68943876096
68998938688
69017535488
69126521088
69392703552
69796889616
69829005376
70330157440
70431277057
70881648896
72494350354
73050095623
73082081348
73584903424
75178905600
77309417612
77309419970
77452551168
77587283971
77863620608
79457157161
86033645608
86512041984
88066228225
94493541377
103079289097
103088783408
103096134144
104153219139
105428025380
111736979456
120259119121
137439222146
137439289418
137482108936
137523384322
137575285772
137712898056
137824830480
137887752192
137997877376
138035070976
138077798432
138253042176
138512700485
138785407104
139593779232
139658010752
140862554114
141733938321
141763297792
141868139267
144988700708
146164162696
147245236257
148176667392
148178468883
149535326216
150357811200
154618835224
154618839940
154656571413
154905102336
155174567942
155727241216
158914314322
163280093186
171899371784
173024083968
174113947777
176132456450
180388663305
188979609704
193609072644
206158578194
206326731008
206963737633
208306438278
210856050760
223473958912
240518238242
274877927784
274878049552
274878444292
274878578836
274880269321
274888163329
274964217872
275046768644
275150571544
275180430337
275414877313
275425796112
275775504384
275995754752
276070141952
276506084352
277025400970
277306409473
279187558464
279239983749
279316021504
281725108228
283467876642
283526595584
283736278534
284005237281
289977401416
292194616832
292200382492
292328325392
294490472514
296356937766
296503803905
299070652432
300715622400
309237679880
309254963209
309313142826
309641478145
309810204672
310349135884
311454482432
317828628644
326954467332
343799759424
346048167936
346281742401
348227895554
352264912900
360777326610
377959219408
412317156388
412355133632
413458243592
416612876556
421712101520
446947917824
447750406161
463860668416
481036476484
549756099104
549756888584
549757157672
549760538642
549772591507
549776326658
549822923945
549928435744
550093537288
550360860674
550838108194
550851592224
551367475221
551551008768
551970668551
551991509504
552140283904
552574910473
553012168704
554050801940
554067632164
554084336177
554612818946
558375116928
558479967498
558632043008
559419688961
562641259520
563450216456
566935753284
567053191168
567472557068
568010474562
579954802832
584389233664
584400764984
584656650784
588980945028
598141304864
601431244800
602369179777
618475340896
618475359760
618476344577
618509632128
618509926418
618626285652
619282956290
619620409344
620698271768
622908964864
635657257288
640487006209
692096335872
692563484802
696455791108
704529825800
721554653220
721555031553
755918438816
824634312776
826916487184
827854950532
833225753112
843424203040
865435942913
893895835648
962072952968
962074779905
1099511711136
1099513777168
1099514315344
1099520016697
1099521077284
1099545183014
1099545266689
1099547291665
1099552653316
1099645847890
1099856871488
1100187074576
1100191179008
1100721721348
1100870582372
1101663305923
1101703184448
1102279901185
1102734950442
1103102017536
1103941337102
1103983019008
1104280567808
1104343795728
1105149820946
1106024337408
1108101603880
1108168672354
1110283256832
1112397578625
1116691767504
1116750233856
1116959934996
1117264086016
1125282519040
1126900432912
1133871506568
1133940572233
1134106382336
1134945114136
1136020949124
1159909605664
1168299278353
1168634314753
1168801529968
1168835096704
1169313301568
1171184027648
1177961890056
1196282609728
1202862489600
1204738359554
1236950681792
1236950719520
1236952689154
1237019264256
1237019852836
1237252571304
1238565912580
1239240818688
1241396543536
1245817929728
1254130991137
1271314514576
1280974012418
1305670340612
1344324894721
1374658297859
1375129831424
1384192671744
1385126969604
1391570452549
1392911582216
1409059651600
1443109306440
1443110063106
1511836877632
1649268625552
1649288417285
1649402716163
1649420534528
1653832974368
1655709901064
1666451506224
1675037508097
1686848406080
1730871885826
1787791671296
1924145905936
1924149559810
2199024396416
2199027554336
2199028630688
2199040033394
2199042154568
2199076077570
2199090366028
2199090533378
2199094583330
2199105306632
2199158558849
2199167959121
2199191159813
2199593681313
2199713742976
2200374149152
2200382358016
2201204572352
2201443442696
2201472761859
2203326611846
2203406368896
2204559802370
2205469900884
2206204035072
2207882674204
2207966038016
2208561135616
2210299641892
2212048674816
2216203207760
2216337344708
2216809218049
2220566513664
2224795157250
2233387253767
2233500467712
2233919869992
2234528172032
2237678755844
2253800865824
2267743013136
2267881144466
2268212764672
2269890228272
2272041898248
2319819211328
2336598556706
2337268629506
2337603059936
2338626603136
2342368055296
2355923780112
2370823274497
2405724979200
2409476719108
2473901363584
2473901439040
2473905378308
2474039705672
2474505142608
2477131825160
2478481637376
2482793087072
2491085750529
2491635859456
2508261982274
2508395135520
2542629029152
2561948024836
2688649789442
2749316595718
2750259662848
2750943412225
2768385343488
2770253939208
2785823164432
2818119303200
2886218612880
2886220126212
3023673755264
3298537251104
3298576834570
3298602066945
3298841069056
3307665948736
3317862567936
3332903012448
3350075016194
3373696812160
3461743771652
3573412970497
3575583342592
3582003249288
3848291811872
3848299119620
3848324776001
4398048792832
4398051762880
4398055108672
4398057261376
4398080066788
4398084309136
4398181066756
4398189166660
4398210613264
4398317117698
4398335918242
4398449295472
4398583391560
4398734376997
4399427485952
4400330344449
4400748298304
4402409144704
4402886885392
4402945523718
4406653223692
4406708011025
4406812737792
4407743777280
4409119604740
4410934575108
4410939801768
4412408070144
4415765348408
4415932076032
4417122271232
4420599283784
4424097349632
4432406415520
4432674689416
4433618436098
4434554257697
4441133027328
4449590314500
4466774507534
4467000935424
4467839739984
4469056344064
4484247848968
4507601731648
4535486026272
4535521247265
4535762288932
4536425529344
4539780456544
4544083796496
4552673724545
4639638422656
4673197113412
4673261019152
4674537259012
4675113869312
4675206119872
4677253206272
4711847560224
4785130438912
4811449958400
4818953438216
4947802878080
4947810756616
4948079411344
4949010285216
4951292019712
4952365729797
4954263650320
4956963274752
4965586174144
4982245957634
4983271718912
5016523964548
5123896049672
5222680396352
5377299578884
5498633191436
5501886824450
5531926266371
5536770686976
5540507878416
5566281810196
5566347084288
5571646328864
5634997395457
5636238606400
5772437225760
5772440252424
6047347510528
6597153669140
6597204133890
6597610864652
6598145609731
6622839604256
6665806024896
6700150032388
6747393624320
6940703326208
7146825940994
7151166685184
7696583623744
7696598239240
7696649552002
8796097217829
8796097585664
8796110217344
8796114522752
8796160133576
8796168618272
8796249391106
8796304310280
8796361464112
8796362133512
8796378333320
8796421226528
8796634235396
8796671836484
8796764639252
8796965437484
8797468753994
8798341169249
8798374725252
8798374993937
8798509991945
8798854971904
8799322636547
8800660688898
8801496596608
8801730297889
8804818289408
8805773770784
8805891047436
8813306447384
8813625475584
8818239209480
8821879603536
8824816140288
8830587011649
8831530696816
8831864152064
8834244542464
8841198567568
8848194699264
8864812831040
8865349378832
8865349566467
8867236872196
8882266054656
8899180629000
8903486341120
8933546655874
8933549015068
8934001870848
8934606260240
8935679479968
8938112688128
9015203463296
9070972052544
9071005532433
9071038081025
9071042494530
9071524577864
9072851058688
9079560913088
9088167592992
9105347449090
9208410279937
9279276845312
9345855668225
9346394226824
9347057320256
9347996453890
9349074518024
9350227738624
9350412239744
9354506412544
9380217225249
9423695120448
9483293097988
9570260877824
9622899916800
9637906876432
9895605454336
9895605756160
9895621513232
9896158822688
9898020570432
9899908042753
9904731459594
9908527300640
9913926549504
9966543437824
10033047929096
10033093935107
10170516116608
10247792099344
10754599157768
10997266382872
10999411279890
11001559794176
11003773648900
11012299297792
11063852532742
11073541373952
11081015756832
11132563620392
11132694168576
11143292657728
11269994790914
11272477212800
11312945954817
11544874451520
11544880504848
12094695021056
13194140319817
13194149004416
13194307338280
13194340876417
13194408267780
13195221729304
13195364276224
13196291219462
13211319468130
13228500332545
13230663598592
13331612049792
13400300064776
13494787248640
13743899546688
13846975086608
14293651881988
14293678432256
15393167247488
15393196478480
15393299104004
17592194435658
17592195171328
17592219619461
17592220434688
17592229045504
17592320267152
17592337236544
17592498782212
17592608620560
17592722928224
17592724267024
17592756666640
17592842453056
17593268470792
17593343672968
17593529278504
17593930874968
17594334643217
17594336936576
17594937507988
17596615262229
17596682338498
17596749450504
17596749987874
17597019983890
17597709943808
17598645273094
17601321377796
17602993193216
17603460595778
17610238492672
17610506829857
17611547541568
17611782094872
17626612894768
17626612940803
17627250951168
17636478418960
17643759207072
17649632280576
17661174023298
17663061393632
17663728304128
17668489084928
17682397135136
17695270535176
17696389398528
17729625662080
17730698757664
17730699132934
17734473744392
17764532109312
17798361258000
17867093311748
17867098030136
17867282612224
17868003741696
17869212520480
17871493146656
17876225376256
17901960692226
18030406926592
18141944105088
18142011064866
18142076162050
18142084989060
18142210573313
18143049155728
18145702117376
18159121826176
18159131164681
18176335185984
18211240153088
18416820559874
18416857579521
18558553690624
18691832154248
18691966124736
18692788453648
18693912403970
18698149036048
18700824479488
18701361512512
18704649684996
18709012825088
18709162762241
18760434450498
18847390240896
19140521755648
19245799833600
19275813752864
19791210908672
19791228175393
19791243026464
19792317645376
19796041140864
19799816085506
19803154679808
19817054601280
19842748907796
19862344696576
19933086875648
20066095858192
20066187870214
20341032233216
20495584198688
21509198315536
21990236881217
21994532765744
21998822559780
21998848706560
22007547297800
22133040742401
22147082747904
22162031513664
22286585315456
22544954425600
22625891909634
23089748903040
23089761009696
24189390042112
24781961298432
26388280639634
26388298008832
26388614676560
26388816535560
26389889942017
26390443458608
26390728552448
26392582438924
26457000665090
26491358417024
26542900543488
26663224099584
26697785149444
26800600129552
26989574497280
27693950173216
27762811207682
28587303763976
28604666740736
28660316766273
30786334494976
30786392956960
30786598208008
35184388871316
35184390342656
35184440869376
35184458091008
35184507093027
35184640534304
35184640819721
35184674473088
35184997564424
35185217241120
35185445856448
35185448534048
35185513333280
35185684906112
35186536941584
35186687345936
35187058557008
35187593379913
35187861749936
35188669286434
35193230524458
35193364676996
35193499975748
35194039967780
35195419887616
35197257125968
35197290546188
35201560352774
35201887572096
35202089091345
35202642755592
35203766558788
35206921191556
35219004465281
35220476985344
35221013659714
35223095083136
35223564189744
35227322155013
35253158940690
35253160779809
35253225789536
35253225881606
35254501902336
35270273796224
35272956837920
35287518414144
35299264561152
35322348441729
35323975566337
35326122787264
35327456608256
35330402028560
35330434547777
35336978169856
35338991050755
35390541070352
35392778797056
35459251324160
35459787923465
35461397515328
35461398265868
35463545029186
35463553483777
35467907105025
35468947488784
35529064218624
35596722516000
35613945364480
35734132230404
35734186623496
35734196060272
35734565224448
35736007483392
35742717919872
35742726750225
35752450752512
35803921384452
36009542750224
36060813853184
36283888210176
36283894731776
36284022129732
36284152324100
36284169978120
36284421146626
36286098311456
36288195985921
36291404234752
36318262329362
36319351832576
36833641119748
36850827984896
36971414028289
37117107381248
37383412154629
37383466651713
37385576907296
37386088153216
37396298072096
37401648958976
37418025650176
37418325524482
37452115362817
37452123247104
37520868900996
37520968583169
37694780481792
37933151158474
37933172391952
38281043511296
38491599667200
38551627505728
39582421817344
39582423024640
39582456350786
39582486052928
39584635290752
39586747187329
39592082281728
39599598502154
39599632171012
39634109202560
39652346167297
39655706198016
39685497815592
39722006102024
39724689393152
39866173751296
40132191716384
40132375740428
40132711333889
40134322168320
40682064466432
40991168397376
43018396631072
43980867769345
43982612599560
43989065531488
44015094595600
44266081484802
44294165495808
44324063027328
44573170630912
45079979163656
45089908851200
45251783819268
46179497806080
46179522019392
46180562378754
48378780084224
49563922596864
52776561279268
52776596017664
52777229353120
52777363505668
52777633071120
52777642360961
52779779884034
52780865751040
52780886917216
52781457104896
52914001330180
52982716834048
53326448199168
53601200259104
53979148994560
55387900346432
57174607527952
57174713729024
57320633532546
61572668989952
70368744210539
70368777742632
70368777798977
70368780685312
70368878477844
70368881738752
70368916182016
70369281068608
70369281639442
70369995128848
70370153464835
70370891727013
70370892197891
70370897068096
70371369812224
70372015735297
70373073883168
70373374691872
70374117114016
70374130188552
70375186759826
70375723499872
70377334264960
70377338572868
70379750031952
70386461048916
70386729353992
70386999951496
70390839775232
70394581092376
70403104441732
70403641053328
70404178182690
70405285511184
70407533117576
70411972772864
70412235456512
70413842383112
70420286931457
70437736317442
70438008930562
70438546315264
70439619560449
70439763189760
70441892840482
70442027319428
70446190166272
70447128379488
70454644310026
70506189520897
70506283800577
70506321559618
70506451763212
70507258052737
70507328176400
70509003804672
70540811317760
70545913675840
70575036828288
70598529122304
70644696093192
70644696883458
70647951132674
70652245574528
70654913216512
70673956339712
70677990213889
70729588540544
70785557594112
70918502648320
70918634537056
70919104037377
70919575846930
70922795030656
70927106967554
70935814210050
70937894977568
70957423788032
70987223681032
70990440825088
71058128437248
71193445032000
71468255938567
71468377448448
71468860702720
71472014966784
71476854136897
71485435839744
71485453500450
71504901505024
71607842768904
71812929028097
72121627706368
72567776420352
72567843979297
72568044259464
72568304648200
72568339956240
72568842293252
72572196622912
72572330901521
72576391971842
72582808469504
72636487304704
72636524658724
72705340743936
72980084295728
73117624041480
73667282239496
73667430318084
74766824309258
74766933303426
74767864709153
74771153814592
74775649615880
74792596144192
74803297917952
74836051300352
74836651048964
74904230725634
75041737801992
75041937166338
75316547690500
75866344783904
75867376068096
76562087022592
76983199334400
77103255011456
79164843634688
79164846049280
79164881240073
79164912701572
79164972105856
79169270581504
79173494374658
79184164563456
79199264342024
79268218405120
79304692334594
79311412396032
79439748939780
79449378786304
80264383432768
80264751480856
80265422667778
80269182763136
81364128932864
83562901799168
86036793262144
87960930484493
87961735538690
87963348369409
87969524353537
87973815165184
87978131062976
88030189191200
88098381762592
88141352402948
88244398456864
88532162969604
88588330991616
88648126054656
89060448403458
89146341261824
90159958327312
90179817702400
90503567638536
90710783066113
92358995612160
92359044038784
92361124757508
96795677950480
105553122558536
105553192035328
105554458706240
105555266142240
105559559768068
105561773834432
105562914209792
105570329755696
105574599508032
105587492806660
105621837119489
105828002660360
105965433668096
106652896398336
107202400518208
108319075217408
110088627027968
110775800692864
114349215055904
114418666962944
117649891655681
123145337979904
123145571827840
123146392832032
123180198920257
140737488421078
140737488618609
140737489410115
140737492566689
140737555485264
140737555597954
140737556037644
140737561370624
140737623105636
140737624760321
140737756955688
140737763477504
140737832364032
140738562137216
140738563278884
140738697892352
140739904278549
140739990257696
140740306929670
140740868964480
140741246459937
140741783425792
140741783454026
140741794136192
140742053333120
140742739624448
140744031470594
140746147766336
140748234228032
140750373519652
140751446999744
140754668529920
140754677145736
140759172939776
140759500063904
140772453122305
140772922097832
140773458707984
140773995604032
140773999902992
140776159871120
140781679550464
140789162184752
140806208883464
140806241404040
140808356365380
140810571022368
140815066235152
140823945545728
140827684766224
140840573862914
140875472634884
140876017861124
140876034867457
140879239120898
140884054638856
140892380332544
140894256758976
140909288620052
141012379041794
141012417184256
141012567601154
141012643119236
141012903158144
141012903526424
141013574254601
141014516105474
141018007609344
141091827351680
141150073656576
141197058244608
141287785366529
141288057864288
141289392186384
141289393766916
141295938965504
141304440848417
141304491149056
141309826433024
141321738191108
141347912679424
141355980427778
141571115188224
141837005296640
141838208074754
141839151693860
141842368757765
141845593063472
141854213935108
141871628420100
141906266816520
142116256874496
142386890064000
142936511877134
142936746493984
142936784241088
142944029933568
142953708273794
142963356205057
142970871679488
142970907000900
143009803010048
143215685537808
143625858056194
144243255412736
145135534900231
145135552840704
145136088518928
145136609296400
145136679912480
145137684586504
145139838230785
145144393245824
145144661803042
145152715194369
145152783943684
145165616939008
145204304715776
145272974609408
145273049317448
145410681487872
146518547890177
147334564478992
147885387694088
148468429524992
149533648618516
149535729418306
149542307629184
149551299231760
149552917382144
149567941124618
149567943262240
149585192288384
149606595835904
149672102600704
149673302097928
149808461451268
150083475603984
150083874332676
150779121927168
151732689567808
153124174045184
153966398668800
154206510022912
158329687269376
158329692098560
158329762480146
158329825403144
158329944211712
158333970547201
158338541163008
158346988749316
158368329126912
158398528684048
158536436810240
158609384669188
158622824792064
158898757572608
160528766865536
160529536516104
160530845335556
162728257865728
163964673589504
172073586524288
175924008091777
175926696738818
175956262125952
176060378382400
176196763525184
176488796913728
177064325939208
177176661983232
177296252109312
178120896806916
178292682523648
180319916654624
180359635404800
181007135277072
181421566132226
184718088077568
184722249515016
184752313794561
193515120336896
193591355900960
211106245117072
211106384070656
211108917412480
211109454022672
211110532284480
211119119536136
211123547668864
211125828419584
211140659511392
211158854270980
211243674238978
211381127221408
211656005320720
211930867336192
213305792796672
213408469221377
214404801036416
215916595978240
221551601385728
228698430111808
228837333925888
229248207954432
235299783311362
246290675959808
246291143655680
246292785664064
246360397840514
246432338542625
281474976842156
281474977237218
281474978820230
281474985133378
281474985181445
281474990342170
281475061646372
281475110970528
281475111195908
281475122741248
281475526955008
281475664728064
281477124274432
281477126557768
281477395784704
281477526848040
281479290635264
281479682719873
281479808557098
281479980515392
281481737928960
281482492919874
281483566851584
281483566908052
281483588272384
281483667316739
281484106666240
281485479248896
281492157636897
281492295532672
281493498767488
281496468456064
281500747039304
281502893999488
281509337059840
281518345879552
281519000127808
281544906244610
281545844195664
281546917415968
281547991208064
281547999805984
281552319742240
281563359100928
281578057498753
281578324369504
281616712730760
281621142044736
281630132470304
281647891091456
281655369532448
281681147725828
281681202282544
281750124118146
281750125183041
281750932557857
281750945269768
281752035722248
281752069734914
281758478241796
281758721384704
281763815882752
281767571361928
281768109277712
281784248173057
281784760665088
281788513517952
281818577240104
282024758083588
282025135202308
282025286238472
282025806316288
282025807052848
282025814664193
282027148509202
282029032210948
282036015218688
282183654703360
282300147313152
282303905662016
282394116489216
282574761500674
282575570733058
282578784372768
282578787533832
282591804530696
282608881696834
282608982298112
282619652866048
282695825358848
282711960855556
282849383023873
282918354162176
283124328562816
283142230376448
283674010593280
283674036731905
283674805284865
283676416149508
283678303387720
283684737515530
283691180122624
283691186126944
283708427870216
283710507189313
283743256840200
283751579910272
283880208744448
284232513748992
284498633687053
284773780128000
284842231070755
284911562915840
285873023754268
285873568482176
285881748423681
285888059867136
285890203107347
285907416547588
285907921930242
285941743358976
285941814001800
286019606020096
286147901268097
286431371075616
286560286147072
287251716112388
288072324874240
288077415186576
288486510825472
290271069800462
290271105681408
290271375917188
290272177037856
290273218592800
290273359824960
290279676461570
290289323606084
290305430388738
290305567887368
290339856581633
290545949218816
290821498733568
291405209550849
293037095780354
294669128957984
295770775388176
296936859049984
299067221475345
299067503542273
299067699643398
299069314467968
299071458836612
299088705225728
299102598463520
299118970802178
299135915786764
299170384576768
299207287635968
299213191671808
299344205201408
299346604195856
299616922902536
300166951207968
300167748665352
301558243854336
303465209267792
303465379135616
304564720900097
308413020045824
316659374538752
316659384197120
316659524960292
316659617237251
316659650806288
316659888423424
316667941094402
316677082326016
316680958902274
316736658253824
316796788017728
316797057368096
316951406707008
317072873620480
317218769338376
317245649584128
317797515145216
321057533731072
321059005923424
321061690671112
325455458598953
325456515731456
327929347179008
344147173048576
351846942154760
351848016183554
351912524251904
352120756764800
352565409611792
352964740907009
354043281047744
354128651878416
354353323966464
354592504218624
356242035852544
356246213394432
356585365047296
360639833309248
360719270809600
362843132264452
369435982448640
369436176155136
369444499030032
369504627589122
387028092978817
387030240673792
388128678346772
422212490234144
422212599416849
422212768141312
422213019238403
422217834824960
422218908045344
422221064568960
422238239072272
422246837420033
422251656839168
422281319022784
422487348477956
422796581666850
422899659874368
423312010641440
423449416695817
423861734672384
424412025208880
426816938442754
428809602072832
431008558092673
431833191956480
443103202771456
457396860223616
457674667851776
458496415908864
470599566622724
492581351919616
492585571328128
492720795681028
492864677085250
562949953684312
562949954474436
562949957640460
562949970266756
562949970362890
562949970469409
562950020842112
562950021582337
562950096032290
562950221941056
562950222391816
562950245482496
562950492422544
562951027165235
562951027822752
562951053910016
562951329456128
562952673951746
562953308897568
562954248548864
562954253115536
562954384969729
562954791569408
562955364073537
562959365439746
562959617114196
562959961030784
562961227718680
562964985839748
562967133703168
562967133816104
562967176544768
562967334633478
562968213332480
562970958497792
562976125882376
562984315273794
562984591065344
562986997534976
562992936912128
562992970209282
562993041506496
563001494078608
563005787998976
563010083495937
563018674119680
563018708582944
563019746754561
563038000255616
563087931343369
563089812489220
563091688391328
563092761280768
563093834831936
563095999611968
563104639484480
563126718201856
563156114997506
563156648739008
563225301155872
563233425461520
563242284089472
563297883652096
563310739064896
563362295451656
563499726553616
563500250366082
563501865115714
563501890539536
563504071444496
563504139469828
563516956483592
563527631765504
563534070087745
563535142723856
563536218555424
563568496346114
563569521330176
563577027035904
563637154480208
564049465574421
564049516167176
564050270404616
564050572476944
564051612632576
564051614105696
564051629328386
564054297018404
564058064421896
564058625411200
564066779267201
564072030437376
564083833245824
564367309406720
564600294626304
564788232978432
564874644029441
565149523001348
565151126265985
565151141466116
565157568745536
565157575067664
565158645071874
565183609061392
565217763393668
565217964596224
565239305732096
565391650717696
565423921711112
565698766047746
565836708324352
566248657125632
566284460752896
567348021186560
567348073463810
567348138347528
567349610569730
567350222979073
567352299127297
567352832299016
567356606775440
567369475031060
567382360245248
567382930096145
567416855740432
567416988107009
567421014378626
567486513680400
567503159820544
567625025323568
567640058822664
568465027497984
568997267374106
569547560256000
569684462141510
571746047508536
571746985975936
571747136964352
571755173266433
571763496847362
571776119734272
571780439801892
571814833095176
571815843860484
571883486717952
571883628003600
572039212040192
572295802536194
572296070725649
572846631821321
572862742151232
573962249568773
574503432224776
576973021650944
580542139600924
580542152049667
580542211362816
580542751834376
580544354075712
580546437185600
580546719649920
580550738346016
580555057988096
580559352923140
580577572983296
580578647212168
580610860777476
580611135774736
580662467756032
580679713163266
581091898437632
581092197269792
581642997467136
581712551608321
582810419101698
584940992331840
586074191560708
589338257915968
593873718099968
598134343352449
598134442950690
598134460268616
598134594600978
598135399286796
598135466427408
598142917673224
598151507477569
598169230516736
598205196927040
598340769153536
598443569512448
598688410402816
598693208391712
599233845805072
600333902415936
600335497330704
600372003471369
603116487708672
606930418535584
606930758271232
606931629637632
606939008544768
615865594675200
616826040091648
625074507874308
633318697746705
633318749077504
633318768394240
633318968139812
633319049920584
633319301612576
633319776846848
633335882188804
633354164652032
633387954997264
633473316507648
633594114736192
634145747240960
634418478714881
634437538676752
634491299168256
635517721116834
635595030290432
637858780020736
642115067462144
642118011846848
642123381342224
650910917197906
650913031462912
669740020277376
688294346097152
703687443875944
703687483768834
703693884309520
703696032367108
703825048503808
703833470730369
703979566661649
704031039489024
704101907300352
704241513529600
704786953437505
704855811301376
708257303756832
708706647932928
709185008437248
712483587227664
712484071705088
713170730094592
721279666618496
721438541619200
724028541108288
725686264528904
738871964897280
738872352310272
738888998060064
739009255178244
739422643421697
774056185957634
774060481347584
844424934653961
844424980468288
844425064448080
844425536282624
844426038476806
844435669649920
844437816090688
844442129137920
844476478144544
844493674840066
844494190675456
844503313678336
844562638045568
844974696955912
845112124917761
845593163333700
846624021282880
846628281910304
846898833391634
847723469344768
853223171186688
853633876885508
857619204145664
862017116185346
863666383912960
879643661992066
897476366696449
914793720447232
914795419664384
941199133245448
985162703839232
985171142656256
985441591362056
985729354170500
1125899907368624
1125899908038732
1125899908948872
1125899915280920
1125899915495169
1125899933089798
1125899940533512
1125899940938818
1125900041684224
1125900043164674
1125900242518416
1125900443882112
1125900444783632
1125900490964992
1125900578324545
1125901114802311
1125902054330470
1125902055645504
1125902107820032
1125904508256257
1125904741041156
1125905347903492
1125908497097728
1125908506231072
1125908782006289
1125909034305552
1125909583138816
1125910728147074
1125918730879492
1125919234228392
1125919922061568
1125929971679496
1125934267406336
1125934267632208
1125934353089536
1125934669266956
1125936426664960
1125941916995584
1125952251764752
1125968630547588
1125969182130688
1125973995069952
1125985873824256
1126002988157216
1126011575997952
1126020166991874
1126037348239360
1126037417165888
1126039493509122
1126041641881601
1126076000511232
1126174855004163
1126174960914433
1126175862686738
1126179624978440
1126183376782656
1126187669663872
1126191999223936
1126193038630913
1126209278968960
1126243513024512
1126253436403712
1126312229995012
1126313297478016
1126450235181057
1126466850923040
1126484568178944
1126518382723105
1126587101743624
1126591564365824
1126595767304192
1126621478129792
1126724590903312
1127000496472584
1127000500732164
1127001568116993
1127003730231428
1127003781079072
1127008142888992
1127008278939656
1127033778242593
1127033912967184
1127068140175490
1127070285447712
1127072437110848
1127085317820425
1127136992692228
1127139042660352
1127154054071808
1127274308960416
1127549208166404
1127583540322304
1128098931148842
1128099032334352
1128100540809232
1128101144953888
1128103225265152
1128103228211392
1128103258656772
1128108594036808
1128116128843792
1128117250822400
1128133558534402
1128144060874752
1128167651966977
1128236402614785
1128734618813440
1129200589252608
1129576465956864
1129749288058882
1130297953485333
1130298070794497
1130299046002696
1130302252531970
1130302282932232
1130315150135328
1130315670619137
1130435526787336
1130435929192448
1130478611464192
1130573905528864
1130783301435392
1130847843422224
1130858446585921
1131397532095492
1131675027505152
1132496977134400
1132568921505792
1133600917422081
1134696042373120
1134696146927620
1134696536768777
1134699221139460
1134704598254594
1134704623485057
1134705664598032
1134708885031424
1134713213550880
1134738950062120
1134747541700672
1134764720490496
1134764744507776
1134765860192290
1134833711480864
1134833976214018
1134842028757252
1134973027360800
1135006319641088
1135250052743178
1136930054995968
1137994534748212
1139095120512000
1139368924283020
1143492093419793
1143492095017072
1143492231372928
1143492261969922
1143493971951872
1143494273928704
1143500884148233
1143510346532866
1143526993694724
1143552239468544
1143560879538436
1143629666190352
1143631687720968
1143766973435904
1143767256007200
1144042117267522
1144078424080384
1144591605072388
1144592141451298
1145693263642642
1145725484302464
1147890156183620
1149006864449552
1152289299496960
1153946043301888
1161084279201848
1161084422725632
1161085503668752
1161085889675274
1161088708151424
1161092874371200
1161093439299840
1161101476692032
1161110115976192
1161118705846280
1161155145966592
1161157294424336
1161222271549472
1161238933405704
1161324935512064
1161359426326532
1162184394539584
1163285451902976
1163425103216642
1163558180094097
1165482338025481
1165620838203396
1169884666929157
1172148383121416
1178676515831936
1178745184453123
1180875492427008
1187747436199936
1196268686704898
1196268885901380
1196269188948128
1196270798573592
1196270932854816
1196285835346448
1196303014955138
1196337441931265
1196338461033472
1196410393854080
1196681538307072
1196818811584640
1196852766687232
1197376820805632
1197386416783424
1198467691610144
1200667804831872
1200670994661408
1200686034321408
1200744006942738
1205064744047137
1205615057698816
1206232975417344
1213861516542464
1213878017089536
1224993392361472
1231487382979328
1231731189350400
1233652080183296
1250149015748616
1266637395493410
1266637412499544
1266637498155008
1266637536788480
1266637797851425
1266638099841168
1266638468949004
1266638603225152
1266639553693696
1266663433437252
1266671764377608
1266707726598144
1266708329304064
1266774835201154
1266775909994528
1266946633015296
1267188229472384
1268291494481920
1268836957429762
1268875077353504
1268982598336512
1271069803544705
1271190060580864
1275435904270848
1275717560041472
1284230134924288
1284236023693696
1284246762684448
1284916776009733
1301821834395812
1301826062925824
1311717388716032
1339205498191872
1376588692194304
1407374883563593
1407374887751888
1407378105434113
1407387768619040
1407392064734216
1407392197836804
1407410921013376
1407413573910544
1407512322769057
1407650097007616
1408132947378176
1408483027059200
1409573906875010
1412047808037136
1416514607513664
1418370016874496
1424967069993216
1424968143410176
1426341460189184
1442559333236992
1442877083238400
1448057082216576
1451372529057808
1477743929794560
1477744704620544
1477777996120128
1478018510356488
1478845286843394
1479951240921345
1548112371915268
1548120962695168
1688849960936576
1688851072565248
1688851487657985
1688852076953612
1688867073753091
1688871339299840
1688884258275840
1688921129877506
1688952956289088
1688987349680132
1688988381350912
1689006627356672
1689125276091136
1689399616342208
1689949393911824
1690224249835522
1691048883535969
1691186326667400
1691598639497472
1693248042565760
1693797666783268
1695446938689536
1697650785124432
1706446342373376
1707267753771016
1715238408291328
1724034232370692
1724040683192352
1727332767825920
1759218738700289
1759532137054212
1772412811085824
1794952733392898
1829587440894464
1830698671407104
1833985663635456
1882398266490896
1970325407678464
1970329149245440
1970342285312512
1970462477258752
1970883182724112
1971458708341000
2251799814737248
2251799814832387
2251799817897744
2251799830561840
2251799830990338
2251799855650880
2251799881067024
2251799881451560
2251799881877636
2251800083368448
2251800086329348
2251800556340224
2251800887427629
2251800887764224
2251800889567264
2251800955592769
2251800981929984
2251801963660304
2251802229604622
2251804108660940
2251804111291008
2251804215640064
2251805317824512
2251807329880193
2251808672056393
2251809016512514
2251810695806984
2251812748918850
2251816994195456
2251817012462144
2251817564012578
2251818068611104
2251819166277632
2251821456294148
2251834443956259
2251837461758984
2251838468456784
2251844910874720
2251853903431680
2251859943358992
2251868534812672
2251868535264416
2251868535390977
2251868550332512
2251868706179072
2251869338533912
2251872853329920
2251877794185345
2251878196872194
2251883833991168
2251904503529504
2251937261095176
2251937261682693
2251937823068172
2251938057986304
2251938364261376
2251947990139904
2251971747648512
2252005976314432
2252023151995904
2252040333983748
2252074696478720
2252074834331776
2252078987018244
2252083283763202
2252110141857920
2252146767036416
2252152001022464
2252212667418627
2252349604495361
2252349710008326
2252349712122369
2252349905183744
2252351725373476
2252359249956880
2252366751531025
2252366753565312
2252375339327744
2252383998447872
2252386077261826
2252418557937920
2252487026049024
2252506872807424
2252624459990024
2252626594956032
2252899459600449
2252899879223426
2252900470362114
2252933701846080
2252938013573640
2252969136357888
2253036765446210
2253174337724416
2253174777839872
2253183128731648
2253449181806624
2253998840095236
2253999944253457
2254001001464328
2254001122836513
2254003136233986
2254007460462856
2254007562158144
2254016285777984
2254016557879312
2254033734107137
2254067825934368
2254069773172736
2254110527062016
2254136280350980
2254140570895424
2254144874221696
2254170635640850
2254273985384456
2254278085320704
2254308108143616
2254548617920832
2256197862297684
2256198064668704
2256201081618464
2256202289907776
2256206450530304
2256206456422784
2256217188073616
2256232257687584
2256232891162624
2256249408454664
2256267117068804
2256288121749504
2256335303933954
2256335584366593
2256472805229570
2257315625435393
2257469237626880
2258398502455296
2258401178505216
2259152931913728
2259498576117764
2260595906723911
2260595906970666
2260595942363650
2260596456169473
2260600201741825
2260600219504644
2260601040537600
2260604505063940
2260604565864464
2260630274982144
2260630300270656
2260631341238274
2260735023448064
2260871053574672
2260957222928384
2261566602870784
2261695686844448
2262266649509888
2262795064190984
2263346833297408
2265137843011584
2267201834844162
2269392084746240
2269392293855240
2269393073537554
2269398442278920
2269402774896656
2269409196509188
2269409246970114
2269411329196064
2269426427101760
2269461021343744
2269477900124240
2269529440980992
2269529489015552
2269531720384580
2269667146072449
2269667422961728
2269667952428036
2269684057514504
2269735668416544
2269946054721600
2270012639282176
2270491515027457
2275989069496424
2278190241024000
2278737848566040
2286984186839586
2286984523939844
2286987943903744
2286988547857408
2287020693065732
2287053987389448
2287104478937088
2287121759207568
2287130298556416
2287259332380704
2287261246816257
2287263375441936
2287533946871808
2287534512014400
2287568318105601
2288083698057600
2288156848160768
2289183210144776
2289184282902596
2291382232294417
2291386527285284
2291450968604928
2295806048600200
2295848998275092
2298013728899104
2307892086603776
2322168558403696
2322168845451264
2322168962088962
2322169112560641
2322170722156928
2322171007337504
2322177416302848
2322185748742400
2322186878599680
2322202953384064
2322207212605442
2322237411692560
2322310291933184
2322314588848672
2322443443109904
2322444543098944
2322649871024128
2322718852653064
2323268069523985
2324367593750528
2324368789079168
2324436300597314
2324522199941129
2326570903805952
2326850206433284
2327116360188194
2330964676050962
2330965725159428
2331033371426944
2331241676406792
2339769333858314
2344296766242832
2357353031663872
2375494872399872
2392537373409796
2392537771802760
2392538377896256
2392541597147184
2392541865709632
2392546462663168
2392571670692896
2392571680718856
2392572735655937
2392606029910276
2392674810201089
2392820787708160
2393363076614144
2393705533374464
2394753641611264
2394772833566848
2395011203203649
2396935383220288
2397004068030497
2398584888623104
2401335609663744
2401341989322816
2401488013885476
2410129488094274
2411230115397632
2412465950834688
2427721674142336
2427721809395717
2427723033084928
2449986784722944
2462906083966979
2463462378700800
2467304160366592
2500298031497232
2533274790544417
2533274790986820
2533274824999088
2533275073576960
2533275595702850
2533276199682336
2533276937898008
2533277206450304
2533292037410817
2533343528755216
2533416658608128
2533429711470592
2533549670402308
2533551819989056
2533829378080784
2533893266030592
2534376458944768
2534511741505552
2536582988963840
2537750154707008
2542139607089410
2542380121161728
2546469467848712
2551435120082944
2568459233918992
2568460269848576
2568472047387392
2568493525368896
2569833552019466
2570658194391041
2603643668791624
2603652125851648
2623434777432064
2814749767127186
2814749771597826
2814749775503776
2814749935075336
2814751931367505
2814754130231306
2814771510394881
2814775537238080
2814784129468432
2815024645538114
2815300194015232
2815333882921476
2816966054118400
2819147813750020
2819423245205504
2823614713824320
2823717927256072
2834549566472193
2842237624909952
2849936286820352
2852682920378368
2885118666473984
2885754166476800
2896114164433152
2902745058115616
2955487859589120
2955489409241088
2955555992240256
2956037020712976
2957690573686788
2959902481842690
3096224743830536
3096241925390336
3096364330254370
3170991536603137
3377699921873152
3377700324507697
3377702145130496
3377702975315970
3377704153907224
3377734147506182
3377742678599680
3377751264362752
3377768516551680
3377838501658704
3377854481956866
3377905912578176
3377974699360264
3377976762701824
3378250552182272
3378528650264608
3379898787823648
3379899029061636
3382097767071938
3386496085131520
3386601040248833
3387595333566536
3390893877379072
3395301570248864
3412892684746752
3414535507542032
3430476816582656
3448068464741384
3448069546901505
3544825622171648
3589905466785796
3659174881788928
3661397342814208
3668520546082944
3764796532981792
3940650815356928
3940658298490880
3940684570625024
3941766365448224
3942917416682000
3958241878867970
3975971484991745
4503599629474496
4503599629664774
4503599629746705
4503599636825153
4503599661123680
4503599661980676
4503599762134048
4503599762903120
4503599763755272
4503600172658696
4503601774855258
4503601775528448
4503601779134528
4503601911185538
4503601963859968
4503602921996289
4503604158267393
4503604459209244
4503604603912224
4503608217321880
4503608222582016
4503608431280128
4503609559515141
4503610635649024
4503612512281633
4503614659760386
4503617344112786
4503618033025028
4503621391613968
4503622175953409
4503625497837700
4503633987404161
4503633988390912
4503634024924288
4503636153467200
4503638284240897
4503638332555264
4503640429568640
4503642912588296
4503668355235989
4503668887912518
4503669554831616
4503674923517968
4503676936913568
4503679688246272
4503689821749440
4503719886717984
4503737067372583
4503737069625344
4503737070528832
4503737070781954
4503737412358144
4503738677067824
4503741369942025
4503745664780290
4503745706659840
4503755588370690
4503756393744388
4503767667982336
4503809007059008
4503874522190352
4503874523365386
4503874575007840
4503876728522752
4503895980279808
4503943495297024
4504011952628864
4504080667967496
4504149392957440
4504149668663552
4504157974036488
4504166567526404
4504218371097153
4504304002044928
4504699172651032
4504699420016652
4504699424244738
4504699441119489
4504699843657732
4504703450746952
4504718499913760
4504733503062050
4504750678655488
4504772154523652
4504837115875840
4505013745614848
4505248919980048
4505253189912064
4505798919200898
4505800940724228
4505801872638208
4505816098934820
4505850232176641
4505867403692160
4505938272715776
4506073530892420
4506074619117632
4506349555679744
4506366257463296
4506387062194432
4506898162259216
4506898363613248
4507997707472961
4507998076542985
4507999888506914
4508001985890336
4508002002928656
4508002245673026
4508006272467972
4508015124316288
4508032100860929
4508032571555968
4508033115758624
4508066964176896
4508135651868736
4508272560701960
4508281141790848
4508289748443392
4508341271281700
4508547970768912
4508556170641408
4508616216287232
4509097235841664
4509114499858434
4512395724595368
4512395788094464
4512396129337408
4512397349896192
4512402163236928
4512404579815552
4512412901060608
4512412912845568
4512413034627088
4512464515375168
4512469003289600
4512534234137608
4512576243499008
4512670607867908
4512671168733186
4512945610459140
4513495237525505
4513529627934720
4514938475253760
4516802357010432
4516862487429634
4518305863827456
4518997152235528
4521191813447822
4521191813941332
4521191918274568
4521192283177988
4521209010127880
4521209131728928
4521226324152321
4521260549964288
4521260600541312
4521262682476548
4521329252958496
4521467765070080
4521468872491136
4521742107149344
4521743716769792
4521914445856768
4523133205741568
4523391373688896
4525590128381968
4526693666594816
4529987916923920
4530275686023168
4534403669688324
4538784041992194
4538784169492480
4538784587710480
4538786147075108
4538818393018376
4538818493940228
4538822658392128
4538852854203520
4538955800248480
4539058881961984
4539058978031104
4539063440769160
4539334845923456
4539335904856072
4539368115029008
4539471336833088
4539892109443200
4540025278564352
4540983022764072
4540983030054914
4544281559695365
4547720219983872
4551978138992848
4556376202297602
4556380482048000
4556385043882048
4557475697132080
4565172278659073
4573968373679172
4573968380068288
4573969047879688
4573975887807488
4573977095714816
4573985618788417
4573985853947904
4574037376303136
4574041386131464
4574107974778896
4574208957874176
4574243518153744
4574518664761408
4574522493632514
4574526750883872
4575067893743616
4575069024028800
4575136636211202
4575205456348161
4576313696321536
4578366420289552
4578368565805192
4578646127804417
4582764464588834
4582773054570568
4582901937209856
4591597073203202
4596027457798208
4609221463671040
4615784173207552
4644337116807392
4644337132513409
4644337690902528
4644337924177924
4644338225121282
4644342014675008
4644354832605696
4644371497484800
4644373757199360
4644405906768128
4644414425210884
4644440463904768
4644474823385120
4644620583866368
4644629177697344
4644886873768224
4644889086197888
4645299742048256
4645436694466593
4645437705306128
4646536139047970
4646536172552960
4648737578158336
4648872605388928
4649044399882258
4649284919623681
4653141807611904
4653700412866568
4654232720376388
4655469670957073
4661929352101924
4662483352813584
4679521487815945
4679538667716628
4688593532485664
4714706063327744
4714980737812492
4750989744799744
4785074604116513
4785074608341044
4785074746819592
4785075682148928
4785075711377545
4785083731419264
4785143341385792
4785145471311874
4785212059820552
4785349620402178
4785349767725060
4785353844133888
4785641573318736
4786174115987776
4786726153228288
4787411066748928
4789507283222528
4789545667133696
4790022406407298
4793870766440576
4794008136060994
4794164902363137
4802667930984464
4802671219327488
4802683978645632
4802976027770952
4803225135874308
4820258976188548
4822460230795264
4824931901669376
4855443618791434
4855446066169856
4855453037101056
4899973569445888
4925812167933958
4926924757401600
4934608320733184
5066549581973640
5066549992620032
5066550147153920
5066551191405700
5066552399364672
5066553875796016
5066554412900608
5066558214774784
5066567298613249
5066584074821634
5066636553879576
5066755739234305
5066824530034692
5066833317216256
5067099340804616
5067099386938369
5067103639978112
5067786532061184
5068752917889536
5068757261091104
5071222507312128
5073165977927680
5075347829719048
5075500309414016
5084279214178820
5084760242323456
5088539813347489
5101734091292689
5102870240165888
5136920539697152
5136944094774784
5136987050737792
5139667104038932
5141316388782082
5207287337583248
5207304251703296
5207321428901893
5246869554864128
5348028852600835
5356821992767488
5506354768777216
5629499534254372
5629501681702017
5629503862735010
5629508260462612
5629543020789762
5629568258936864
5629570435252232
5629636994662401
5629774412251177
5630049290094850
5630049291076228
5630600388030464
5631698575303680
5631698624579589
5633932108236800
5647229427648640
5647435854512144
5666058430054656
5669653183463424
5673480067497984
5699872573640704
5705365840756736
5770237332947968
5771508332953600
5805490116231232
5910975719178240
5910978818482176
5911111984480512
5912074041425952
5913723290533888
5915381147373576
5919804963685380
5946159419949057
6192449487661072
6192483850780672
6193000115863552
6210058853548352
6341983073206274
6755399843746304
6755400523219216
6755400649015394
6755404290260992
6755405950631940
6755408065071105
6755433801842713
6755468295012364
6755485357199360
6755502528725504
6755537033103360
6755684519510024
6755811825156352
6755949398720528
6755953525403648
6756501104364544
6757057300529216
6759797575647296
6760896999342088
6764195534143876
6764196071085056
6764745306669600
6772992170263040
6773202080497666
6775190667133072
6781787754758144
6790583880253571
6790601806708736
6825785369493504
6829071015084064
6860953633165312
6896136929482768
6896139093803010
6909331071303680
7036876567904256
7179810933571592
7319448922890244
7322794685628416
7335942654541824
7529593065963584
7881301630713856
7881316596981760
7881369141250048
7883532730896448
7885834833364000
7916483757735940
7951942969983490
8022041131253761
9007199255071009
9007199258948992
9007199259329548
9007199322247360
9007199323961352
9007199326601249
9007199441453088
9007199456231940
9007199464718384
9007199524268096
9007199527510544
9007199690949440
9007200333473792
9007200345317392
9007201406944832
9007201421135874
9007203549710516
9007203551056896
9007203558269056
9007203822371076
9007203927719936
9007205160353795
9007205843992578
9007208316534786
9007208918418488
9007216434643760
9007216434652169
9007216445164032
9007216862560256
9007219119030282
9007219689395200
9007221271298048
9007225024563266
9007229319520772
9007233882916113
9007234688225572
9007236066050056
9007237918883845
9007242783227936
9007244351906818
9007267974808322
9007267976781824
9007268049848576
9007269064736929
9007270121703941
9007270256050312
9007276568481794
9007276665110528
9007285825176592
9007311192342532
9007336710471978
9007337096609797
9007337398468610
9007337775825036
9007338908338176
9007349847035936
9007359376492544
9007379643498880
9007415613726720
9007439773435968
9007474134745166
9007474139250688
9007474141057664
9007474141563908
9007474824716288
9007477354135648
9007482739884050
9007491329560580
9007491413319680
9007512787488776
9007535335964672
9007547147354129
9007611576845313
9007618014118016
9007749044380704
9007749046730772
9007749052530945
9007753457045504
9007791960559616
9007822026178624
9007886990594048
9008023905257728
9008092607983616
9008161335934992
9008298766500449
9008298785914880
9008298938335241
9008299337327104
9008333135052808
9008590824145282
9008608004089856
9008851206537376
9009398279045449
9009398840033304
9009398848489476
9009398882238978
9009399687315464
9009406901493904
9009436999827520
9009467006124100
9009501357310976
9009535993791488
9009544309047304
9009674231751680
9010027491229696
9010497789820946
9010506379824128
9011597309645857
9011597838401796
9011598408556549
9011601881448456
9011614750605318
9011666560745473
9011734807384320
9011739037532162
9011876545431552
9012147057147952
9012147061784840
9012696814454800
9012732514926592
9012971825038336
9013796324518432
9013796727226496
9015995414945922
9015996153085970
9015999777013828
9016003971780672
9016004005857312
9016004491346052
9016006085279745
9016012544935944
9016029841851424
9016030248632576
9016064201721858
9016065143111936
9016066231517248
9016133323850816
9016134936428548
9016270225940744
9016271303737472
9016545121403920
9016562283581696
9016579496886784
9017112341282816
9017232432574464
9018194471683328
9020393665331232
9024791449190736
9024791576188928
9024791977672745
9024792258674816
9024804326473856
9024809159631104
9024825802121216
9024825825691136
9024826069254176
9024845132070913
9024868752294464
9024929030750336
9025068468275216
9025152486998016
9025341215735816
9025342337466372
9025891220918280
9026990475051010
9029876950507520
9033604714020864
9033725048258561
9036611727654912
9037994304471056
9042383626895644
9042383627882664
9042383631024774
9042384230810629
9042384566355976
9042392368021568
9042418020255760
9042418263457856
9042452648304642
9042521201082624
9042525364953096
9042659846930433
9042937744982272
9043484214298688
9043828891713536
9044582919311360
9046266411483136
9046782747377792
9051180256763936
9053387333189632
9060551372046336
9068807339376648
9077568001036353
9077568016745028
9077568338984960
9077572294150216
9077636786036752
9077636987880456
9077645316784256
9077705708407040
9077911600496960
9078117763923968
9078117956062208
9078126881538320
9078323913162755
9078669691846912
9078671809712144
9079784218886400
9079905568948224
9080050557128704
9081966060109828
9083066093928514
9086776425611264
9088563119390730
9095440439967744
9103956277985696
9112760964096000
9113061608914946
9114951394264160
9147936745330176
9147936747358344
9147936760136576
9147938095759376
9147938924675073
9147951775614976
9147954191429632
9147971237576834
9148006574064128
9148082772262928
9148211621134597
9148215949557792
9148417915748352
9149037329522816
9149044987265028
9149053501767744
9150135787487232
9150138048057600
9150273272422404
9150410912696322
9152627392643072
9156732840579104
9156737131610384
9157292255608834
9165528929177668
9165546109141136
9165803875205128
9183157689516544
9192054915596416
9218305488404482
9218314395975680
9231568346415104
9288674233614784
9288674265026818
9288675381805056
9288675848355848
9288676450242564
9288684029350016
9288709665211392
9288742955147265
9288742994969600
9288747514398720
9288811813536256
9288828850421768
9288949646770240
9289241167732736
9289258355394688
9289773743112325
9289773772439616
9289778172395776
9290599484096512
9290873388933186
9290875410612256
9293072278095940
9297475156316672
9297607797047312
9298088799764516
9298569839247362
9299670421473281
9306283615223808
9307400825733136
9308465440752776
9310939341914146
9323858704203848
9324966705627168
9328428448743425
9359042975631890
9359043521019905
9359077335433256
9377187064971328
9429412126655488
9429961475624984
9501979489599488
9570149208233026
9570149476597899
9570149493639184
9570151087211040
9570151422755090
9570166388588736
9570167462838528
9570183570161665
9570286655864832
9570286682771584
9570290942623748
9570424119641104
9570699240804356
9570699535450120
9570707688267776
9571283150832640
9571528161099840
9574616041259104
9574822133497856
9579014566445056
9579091334267392
9580044812814596
9587741532881152
9588016272121988
9594339554492416
9605342438654976
9605367957291264
9605952055541904
9606450271748616
9614129707089921
9640517952377096
9640522264093696
9644950358590080
9649863803338752
9710886730146048
9710887237582868
9710892132339712
9799947138891776
9851624335867916
9853849514803200
9869216641466368
10001192125988928
10133099162177668
10133099163947280
10133099985240064
10133100294307840
10133101644619777
10133102382811400
10133104798729344
10133107751592032
10133108825801216
10133116343549989
10133116429549568
10133134597226498
10133273107759152
10133374115020864
10133511478468610
10133666634432512
10134198681609232
10134207279956224
10135298185502728
10135573064122368
10137505835779072
10140246056370176
10146331955855360
10150695659438096
10151000618828032
10151860786692096
10168558428357640
10169520484646912
10177079626694978
10203468182585378
10205740480331776
10273841079394304
10273888189549568
10273974101475584
10279334208077864
10282632777564164
10414574675166496
10414608503406592
10414642857803786
10415123910885889
10493739109728256
10696057705201670
10713643985534976
11012709537554432
11258999068508744
11258999102015104
11259003363404034
11259007725470020
11259008734461953
11259016520925224
11259033528893441
11259086041579524
11259102148952320
11259273989324802
11259548824502354
11260098582151320
11260098856880129
11261200776060928
11263397249159178
11263407853404672
11267795312443649
11267864216473600
11276592865611776
11294252160024641
11294871709024288
11295283002478592
11329368483790848
11329642690519073
11332116860109312
11339306366926848
11368967411075072
11399745147281408
11399878828621824
11410731681513472
11540474665895936
11540478340628489
11543016665907200
11584456657732608
11610980232462464
11821951438356480
11821957636964352
11822223968961024
11824148082851904
11830762294747152
11839609927370760
11892318839898114
12384898975322144
12384967701561344
12683966146412548
13510798882324609
13510799687492608
13510801298030788
13510808580521984
13510811901263880
13510816615628896
13510867603685426
13510936590024728
13510970714398720
13511005057451008
13511073787281409
13511074066206720
13511076444406016
13511349711675464
13511623650312704
13511898797441056
13511907050807296
13512053018853376
13513002208729088
13513015086809600
13515196945498116
13515198740561920
13519595151294592
13519598196359696
13521828643340288
13528391068287752
13529490613339200
13530590091681793
13545984340526080
13546404160995332
13550381334266144
13563575509516288
13581167760507142
13651570738987008
13658142030168128
13721907266330624
13792273858965536
13792278187606020
13792325465538816
13818662142607360
14073753135808512
14074298591873056
14179302488686592
14359621867143184
14636840522875456
14645589371256832
14707067566686225
15059186131927168
15762603261427712
15762633193963520
15762738282500096
15767065461792896
15771669666728000
15832967515471880
15903885939966980
16044082262507522
18014398510142018
18014398510334469
18014398517886464
18014398518659096
18014398528619712
18014398547300612
18014398644494720
18014398647922704
18014398780163074
18014398784209161
18014399048536192
18014399051612480
18014399055021088
18014400666947584
18014400690634784
18014401731006465
18014407102113792
18014407116538112
18014407644742152
18014407855439872
18014408173159185
18014416633069572
18014417836836976
18014432869287520
18014432869304338
18014432890328064
18014433725120512
18014435034529795
18014437303123969
18014438238060564
18014442542596096
18014450049126532
18014450586091553
18014458639041544
18014467331719552
18014467765832226
18014469376451144
18014472132100112
18014472598716425
18014475837767690
18014485566455872
18014488703813636
18014501597110400
18014501991350800
18014535949616644
18014535953563648
18014536099697152
18014538129473858
18014540243407882
18014540319031328
18014540512100624
18014553136963588
18014553330221056
18014571650353184
18014622384685064
18014673420943956
18014674193219594
18014674796937220
18014675551650072
18014699694071872
18014707747654272
18014718752985088
18014759286997760
18014831227453440
18014879546871936
18014948269490332
18014948282115328
18014948283127816
18014949341134945
18014949649432576
18014950416984065
18014954708271296
18014965457780800
18014965479768100
18014982659121160
18014982826639360
18015025574977552
18015070671929344
18015085838630913
18015094294708258
18015223153690626
18015223210840065
18015236028236032
18015498088761408
18015498093461544
18015498105061890
18015498130161669
18015499245862913
18015506914091008
18015515203108867
18015536686301440
18015583921119232
18015773981188096
18016047810515456
18016322671869984
18016597571829760
18016597876670482
18016598674654208
18016631896145952
18016666270105616
18016734980636928
18017147422769456
18017216008179712
18017697582286849
18017701339349016
18018796558090898
18018797680066608
18018797696978952
18018797764477956
18018798170800257
18018799241469952
18018813802987808
18018831184265217
18018874003816480
18018934012248200
18019002714621952
18019088618094608
18019415056449537
18020054982459392
18020995579641892
18020995679920192
18021012759648256
18023194619291714
18023195676803592
18023196817113098
18023198898520354
18023209636987904
18023211815952385
18023229499114626
18023469614768640
18023478075064324
18023753090863104
18024294123569680
18024328478099456
18025393643192321
18025465029853184
18025943650076672
18026494211129728
18027593454452992
18031990720794624
18031990829891844
18031992306171940
18031999554027656
18032007943561344
18032008982692104
18032012170559490
18032025089871888
18032059683702848
18032060497265152
18032128403443716
18032130286223872
18032132463034496
18032269872857096
18032558184857616
18033090242807840
18033124567163392
18033158993773568
18033365085126800
18034224682565632
18034464865148928
18036388943366656
18045459716112384
18049582881587253
18049582898381472
18049583166804032
18049583586214401
18049583955345490
18049584517349632
18049608652947712
18049617377633280
18049618319262208
18049651651382272
18049652138508352
18049737504588928
18049858061500672
18050132637451267
18050136936550432
18050304973996032
18050682431471632
18050684674932744
18051782441836560
18053980950102020
18058378974725192
18059753901015040
18067209428041728
18073223455309824
18075988608942112
18084767253791288
18084767254187041
18084767255765328
18084767320846368
18084768461621258
18084836526915712
18084905296609284
18085042199857152
18085042402165248
18085044279059460
18085050729906192
18085076642299968
18085319693860866
18085875489964544
18086966276932099
18086968428597376
18086974867079168
18087657783427072
18089165434392833
18092532822966272
18093563347763205
18093563417986560
18093565494755584
18093581600296976
18102360513527872
18106774666379264
18119957028020224
18120097654898696
18121102744092672
18137614678753296
18155136002072706
18155136167968776
18155136677969920
18155138350841920
18155140343140353
18155144588300432
18155273572073504
18155273975760912
18155290633568512
18155411416814080
18155823200993920
18156235527847936
18156253763076640
18156647826325510
18156819625017361
18157337168579592
18157339383693824
18157343619424288
18157472460116032
18160101114257408
18163932120219656
18163933198222336
18172728318100609
18173277939761192
18177126238781460
18190389089714176
18190880879935488
18207912555971392
18225505019101185
18225521928192000
18226123217829892
18229902788528320
18295873494716688
18295873520273152
18295874023064601
18295876191518752
18295903551229952
18295942475153668
18296165544525856
18296423242269194
18296431899115584
18296835831496704
18298074659045632
18298089974530056
18298107003535488
18300271574974464
18300276096115200
18300546544844808
18300821825392644
18301379634266370
18304669981900802
18305254785286144
18313465681158208
18313474263220768
18314584511217668
18331057858355336
18331092218282272
18331607748839424
18366246526910480
18366448388801600
18366791986200736
18384109831192832
18436610976808964
18463136692830208
18577348467229568
18577350763610112
18577351696711696
18577352900485128
18577368058700032
18577374234804384
18577382831554566
18577417752813572
18577419330422784
18577485936984065
18577485989939200
18577495028797440
18577623627072512
18577657700843536
18577899293540480
18578482335465472
18578516710789376
18579547486224650
18579547544879232
18579556344791552
18581198968193024
18581746777866372
18581750821224512
18586144556191880
18594940750004224
18594950312633344
18596177599529032
18597139678494724
18599340842946562
18603771101708545
18614801651466272
18616930881505552
18647717408407696
18648266971415552
18649933411254336
18656856897486850
18718085951263780
18718087042039810
18718154670866512
18788489592045576
18858824253310976
18858832046358529
18859922951249968
18894012173778948
19003958979198976
19140298416466052
19140298416898177
19140298987278368
19140302174422080
19140302845510180
19140307027231296
19140315731460113
19140332777177472
19140334925677056
19140367140323330
19140371701305344
19140573365543168
19140581885247496
19140848239282208
19141398481608712
19141399070900240
19141415376535552
19142566301665280
19142773424914432
19143056322199680
19144696462843939
19149232082518208
19149644266995712
19158029132890112
19158182668534784
19160089625629192
19175483065762304
19176032544243976
19176659609452548
19188679108984832
19210684877309952
19210735914582528
19211904111083808
19212900543497232
19245851551465473
19281035904754192
19281044528187392
19299727606677504
19421773460292096
19421774475165736
19421784264679424
19431673292718080
19599894277783552
19703248671735832
19707699029606400
19738433282932736
20002384251977856
20266198324355336
20266198327894560
20266199970480128
20266200588615680
20266202894959620
20266203289239554
20266204765622800
20266209597458688
20266215503184064
20266215524270081
20266217651602432
20266232687099978
20266232859099136
20266267043168275
20266269194452996
20266748230041728
20267022956937220
20267298120138768
20267333268865024
20268397363218464
20268397547753476
20268414559912448
20270596371005456
20271146128244736
20286539289329666
20292663911710720
20301391318876192
20302001237656064
20303721573384192
20336580019355649
20337116856715280
20337667124236288
20339040969293824
20354159253389956
20406936365170756
20416011077419136
20547682158788608
20547776379099136
20558668416155728
20565265555128328
20618059223932930
20688412935782401
20829149350332992
20829217006813184
20829285715607572
20830247821771778
20987478219456512
21392115410403340
21409690449608769
22025419075108864
22517998137017488
22517999480602688
22518000352494336
22518001089658881
22518002431820101
22518006726808068
22518015318822144
22518015450940040
22518017468923906
22518033041850448
22518067057786882
22518204297904640
22518273035747456
22518547978649604
22519097649004708
22519097650974720
22520197164304912
22520197713760258
22520368958799884
22522401552121856
22526794364157985
22526794498318356
22535590624887298
22535728432947200
22553182510000160
22553560466063361
22555385961644032
22588504320049282
22658882794946560
22659285381038146
22664233720218624
22678612733853696
22693920269991936
22799490294562816
22801955604661248
22821463363026944
23080949331791872
23080956681256978
23086033331814400
23168913315465216
23221960464924928
23643902876712960
23643915273928704
23644447937922048
23648296165703808
23661524589494304
23679219854741520
23784637679796228
24769797950644288
24769935403122688
24774195997050886
25376728369594368
27021597901586564
27021602596061576
27021616026746881
27021617161043968
27021623802527760
27021633231257792
27021735756890113
27021873180049456
27021941428797440
27022010114902016
27022147574562818
27022148132413440
27022152888812032
27022156111036417
27023247300625408
27023797594882112
27023814101614592
27024106037706752
27026004417458176
27026066677695744
27039189950275610
27039189954481152
27039190302589184
27039192232493088
27039464828207617
27056782136575504
27057881647948033
27058981226678400
27061180183363586
27091968681052160
27092808321990664
27127151019032576
27162335521014284
27303073042923553
27303141477974016
27316284060336256
27338531993030656
27443814532661248
27584547717931072
27586746740903953
27637324285214720
28147506271617024
28147532031066121
28148597183746112
28358604977373184
28719243734286368
29282193671356416
29414135133372450
30118372263854336
30403970677604352
31525206522855424
31525266387927040
31525476565000192
31534130923585792
31543339333456000
31807771879933960
32088164525015044
36028797018999620
36028797019389971
36028797020037202
36028797020078729
36028797021470760
36028797023363105
36028797024209296
36028797028928032
36028797029454341
36028797036986628
36028797044198401
36028797044785282
36028797060908054
36028797090267914
36028797090531364
36028797119652356
36028797153204233
36028797186748608
36028797220299800
36028797237068192
36028797287960834
36028797289566304
36028797389242370
36028797556621508
36028797572685968
36028797631464512
36028797723871488
36028798101373312
36028798127309857
36028798495426048
36028799166485516
36028799235655746
36028799981191184
36028800315691040
36028800508764224
36028801320748288
36028801398866448
36028801452474500
36028801615954000
36028805743283200
36028805776736273
36028805877352608
36028806716719364
36028807774212160
36028810442964993
36028814201462818
36028814240845832
36028816382099712
36028831435325441
36028833526464532
36028837822791680
36028848692805952
36028865745797632
36028865755267336
36028866279776264
36028867491659780
36028876509413890
36028882968903696
36028882986467340
36028934458048728
36028934460290048
36028934726363153
36028943048998944
36028969892446976
36029003202568224
36029004251987968
36029072031089731
36029072971141200
36029074178932736
36029074581241890
36029076193968258
36029076200292400
36029080507777064
36029346842558720
36029348922294928
36029352160526337
36029355434968064
36029359668068420
36029381139103808
36029382476693510
36029432942690432
36029621789134848
36029896801125505
36029903241740800
36029913714722818
36029931041366016
36030171408630284
36030188599115776
36030515005892612
36030996311179305
36030996580671744
36030997166303232
36031004632203270
36031030427144192
36031133481469960
36031135695765761
36031580157780128
36032095696454272
36033195076583424
36033197749832200
36033201642161152
36033203655672416
36033220902461440
36033229710428224
36033332504462608
36033470115348992
36033744830730242
36035394894300160
36037593116263432
36037594467270656
36037597474586627
36037612573560834
36037653276131328
36037668273946656
36037730554085441
36038693161534468
36039242580819968
36039792439345152
36039831863690240
36041995454646272
36042678890135584
36046457924526209
36046544092267584
36047213839777984
36047566038630400
36049963691540512
36050787257821184
36057384392622080
36064015960506369
36064067424625152
36064172517130240
36064256336121856
36064599866871816
36068380108652562
36068671495340065
36070579602194432
36073327273582592
36081576013987840
36081711083159592
36086005984396288
36099166035787781
36099183211714560
36099191532945539
36099201062404128
36099281727260672
36099337578611720
36099440708747268
36099715518957092
36099852962635776
36100266365423616
36100402715033616
36112359904773122
36116760264441864
36125554579099648
36134350689141248
36136824171659264
36143163408122116
36169543114033172
36169570007990272
36169603227354624
36169706842882114
36169766435557376
36169878389915649
36170634021064706
36170634119610640
36171183774762056
36173932587647106
36178332785575936
36187126701916416
36204856318380288
36206939377565696
36213514980823056
36275087892029448
36310274144256001
36310274283667472
36310280921157648
36310306456600608
36310410529341442
36311372044210208
36311372648153601
36311792414099456
36312471036232720
36313090567962688
36314672206446724
36315838307893248
36327864219730944
36327868476690752
36365247577071620
36380795427880960
36381190772523008
36451009568210944
36451284397596672
36591747006546048
36592021850333280
36592674685337600
36592880844015617
36593946633179136
36593947203862544
36594221141983492
36596557402865792
36600547393929480
36609339242315781
36609614573210624
36628031929843970
36662115717087809
36662115861268480
36701708872581120
36732503804870664
36873223024968704
36884217066422400
36890985933897728
37154701237552224
37154714648838272
37154735580529153
37154765914243092
37154774302343232
37155246719401992
37155249097560064
37156895961645122
37156904540176896
37159163691933952
37163493102845960
37163510207105024
37172357833425928
37172839018661888
37176691788873728
37190431062099072
37225203108974656
37295434435145728
37295709426302980
37296001349845010
37436310146777096
37717647156183041
37718888126873600
37928753145315360
38280596849434635
38280618316923008
38280631461150848
38280666692976784
38281702249857088
38282795855909664
38289530498891776
38298189022892168
38298498390556688
38300392339275776
38315783361134656
38315816101347592
38317018155385344
38369657274501376
38438944223789057
38562072883122180
38562630159302657
38632477060760064
38843624095481892
39160206537523200
39406496739704848
39406565995843586
39408695763273856
40532401008673920
40532407384277040
40532448185952264
40533582594179328
40534630098534416
40535703787929601
40542017373078784
40549988832645154
40549990042959872
40550401149255681
40567584273219584
40571979333501440
40602799754449152
40604141927530560
40673752777752576
40675608036507648
40690769270407296
40813872231235584
40820468827029536
41130530971910212
41658296620352032
41659396066377730
43910104957059328
45035997884467200
45036005140725768
45036052125057026
45036550326607872
45036683552358464
45039294812799232
45040463039697424
45044792503042568
45053592788273153
45053597050732802
45071197829857360
45071249384144900
45071456094126208
45106365018185732
45106367233523840
45176733770449089
45176734299521056
45177283519186944
45181272468750336
45493393110990850
45601282689466400
45603911209321472
46162190385807872
46197089142575105
47288083850200064
47851845553520640
49539595909472770
49540180553498625
50665495810050048
54043199890589952
54043213246496770
54043231498809344
54043333302977024
54045394551768196
54047630090698752
54047731047485440
54047869526671362
54052026048315460
54060804894900736
54063132766634000
54078452923367426
54078518415458304
54113564293627920
54117966614102028
54183945906946048
54185032931084288
54197127156335105
54606149777621024
54614958754856960
55248269130858496
55454968460607552
56294996554285312
56295133318480896
56295270245204480
56296097001250944
58555592322844672
58617181088251936
58828414013931520
63052662559473672
63138390075244544
72057594038457544
72057594042163269
72057594046336130
72057594046386195
72057594051035426
72057594054775336
72057594054844438
72057594074628184
72057594077776640
72057594142802945
72057594172424356
72057594173229104
72057594306805824
72057594340507912
72057594356695233
72057594390294528
72057594574807683
72057594776158466
72057594844284288
72057595117502465
72057595120583188
72057595145371936
72057595715928080
72057596197076994
72057596202214144
72057596722430984
72057597276258308
72057598337091595
72057598337418272
72057599675076620
72057600498204808
72057600648184320
72057602628921604
72057602629965857
72057608550221824
72057611287004170
72057611360404576
72057611488461344
72057611557537856
72057612302045184
72057612425822480
72057619808321542
72057628397685260
72057628398297120
72057628490203264
72057628937027840
72057637054743556
72057645586581504
72057649876721664
72057662761865345
72057662791049280
72057663294572548
72057667052929048
72057675776671744
72057679937310786
72057697805008904
72057731479503172
72057731502080080
72057731678216736
72057758320690176
72057768520982532
72057800197440001
72057869352060928
72057871063515216
72057873750884352
72057888244768768
72058006354919586
72058006421901332
72058008504401928
72058144097833984
72058144348446784
72058146092220450
72058148089106434
72058255496445953
72058281509519370
72058418772344960
72058453174001664
72058693629280768
72058694086492300
72058694090631200
72058695697858688
72058728714604608
72058839597318272
72058972722438672
72059037197271044
72059243372609604
72059793212181760
72059797390360704
72059801651663104
72059810241315208
72059810250588160
72060137732325504
72060892843343878
72061459508512768
72061992122974212
72061992889778704
72061993158443778
72062000674455561
72062003358732416
72062060889374720
72062065098892292
72062266979125761
72062825309405184
72064193255769088
72066399006229504
72066411607884033
72066458850951776
72066561931805696
72066665554120736
72070788246700096
72072988275507232
72075188639959072
72075195921207298
72075221657462785
72075328232620032
72076285744381953
72077385269252096
72077385381970433
72079655137607680
72092778544959488
72092778955538504
72092782839202088
72092864577798149
72092915882819586
72093877922695808
72095046152880386
72095132069396480
72095252311244836
72101574570148369
72101643235115008
72105976861294594
72110379202773016
72110389931802880
72127962784727185
72127962791547648
72127964392923136
72128117535178756
72129062566494336
72132361366014208
72132395188355124
72132914879414784
72136763270823936
72137342990680130
72145847025930241
72154351195653120
72198331828273202
72198342533201920
72198537684721808
72198641838194944
72198881332707328
72198881417494536
72202763966218752
72207127627696133
72207128290410560
72208267933122560
72215923748012033
72233524622524930
72268700270486560
72268872073609216
72339069218062341
72339071187293184
72339075994222593
72339209674818176
72339343898969088
72341269648507140
72341817793839632
72343467062218816
72344036144316424
72347865258655888
72347874842640384
72365526818488320
72374528273025040
72392395395698688
72409540840144896
72410812282568736
72418371290800129
72479876296278024
72620544025073664
72620651366584320
72620825311708416
72622193544069120
72622881795735553
72629342236180481
72638145440514048
72638411059495488
72655728565028864
72656020958085122
72691118893957160
72691188703952912
72763480503001096
72902019236761632
72937203341263104
73183494213476868
73183496134197380
73183528321482753
73183794592481328
73188167070646272
73201635899211792
73205518537064458
73218680598577153
73254422108438532
73324236810223618
73359965829496832
73464969324658752
73467339743430656
73676092350660608
73746443908743232
73755274350968960
74309393988256256
74309428514390020
74311044192829448
74312761114886144
74313861961875456
74319289458493440
74326986037695744
74328085549301780
74344578227962048
74362170577526784
74379784070628368
74380072437415936
74590907499806752
74596366386725888
74740402443780096
74977896929689604
75154102249586816
76561193688440832
76561202800492801
76561229501431936
76562019372761091
76562302840668192
76571707745239168
76578785852457026
76582086533709832
76631596786026496
76703030665289986
77124178079121472
77161527014068352
77687368450130944
77695889665818880
78251143037190657
78813064345944352
78815193040420864
79094485635564036
81064794434176000
81064795445657616
81064810610954752
81065351642646528
81065497668354176
81065892804575242
81067546366706689
81070428289761796
81075788409503748
81091181571874880
81137397567455232
81157152304005120
81205535094865984
81223741442359552
81346268271518208
81346276859314257
81629942272493568
81772878915174401
82195159965517824
82210493267181568
82225877605220864
83317694966792192
83323190176121104
83325394568101888
85638831457697792
86694292893995010
90071996851816512
90072181525971458
90072680815923456
90073093137236032
90074198013124610
90076528177577984
90076940416844816
90080797230628867
90090688674271232
90107318653501440
90109418892427328
90213004913772544
90353467526283298
90353553591238656
90494239707758592
90636316892987392
91198167869030405
92358976733188105
94575592175051784
94656956037332992
99080394392993824
99087987896287240
99642152526544896
108086391464001538
108086395930681344
108086408253572224
108086409847898120
108086434010825216
108086496552027136
108086528681443328
108086665951838528
108086675606994944
108086940813033496
108086943501254912
108087507781943872
108087696794058754
108088659336495121
108095187218337792
108095188225753220
108103983243591716
108112916774914560
108191944173291584
108227678368178177
108229327578989568
108231595315429440
108298605927858176
108367870328571394
108367900393504776
108526195709050896
108649343158845956
108649349600247882
108653739058921760
108684525386605568
109212295258707984
109218905213370372
109247510769303584
109282728561672192
110338190889979904
110338208050847744
110338465749534728
112589990722142224
112589991759093760
112625200828252160
112730732467601416
114859932708241408
117093590311650372
117093590580593280
117093592459124776
117103760794189825
117377264311668736
119345561932398592
126100789566506241
126101408043794432
126118658844917760
126276711460372484
126382264555667584
127226689490010114
144115188080101633
144115188109565976
144115188128285956
144115188143259732
144115188168196108
144115188179141128
144115188219576480
144115188612736052
144115188629522568
144115188629643521
144115188881359040
144115189149675649
144115189151981572
144115189283949312
144115189720088616
144115192448434178
144115196674705792
144115196700393989
144115196821012484
144115196968062976
144115199895406080
144115200964953218
144115205256904978
144115205264147074
144115205272509504
144115205793190144
144115207440974336
144115208477343872
144115214919409674
144115222594979842
144115222706262020
144115224599867400
144115256796643480
144115256841470024
144115256996694024
144115258942837762
144115261274849408
144115262164697090
144115273984114724
144115325514958144
144115325783347216
144115326118789146
144115327679135840
144115329812038144
144115331958317072
144115359883199504
144115402825809920
144115462957960736
144115462962159623
144115463094272129
144115464028571712
144115468389614592
144115480301666368
144115531706865664
144115601768448512
144115737907169345
144115740801236996
144115747765879040
144115748602642568
144115755280498691
144115763601604704
144115875305230400
144115877552588800
144116287723045376
144116309070718976
144116321947230532
144116356323738664
144116837351952392
144117387501781256
144117388177048585
144117395689603600
144117421593657408
144117422532592260
144117457967251457
144118211732836386
144118486946414624
144118490911473664
144119588271685634
144119589343609104
144119603306995712
144119610013126656
144119620485283856
144119630162558977
144119689205923840
144119726279262208
144123984169411842
144123984177922128
144123984305258514
144123992766152712
144124001348747441
144124031950397440
144128382836147200
144128931971268865
144130770217205760
144132780820070400
144132784594624516
144132795294302209
144132797508898824
144132814623736194
144132853279492096
144132883341116421
144132926827661344
144132952194810376
144133055150424072
144134979287335424
144142675868651584
144150372460560432
144150377012396097
144150406808486016
144150509887456264
144150681702498336
144150784768999682
144150922205929536
144151541220114433
144153121763885824
144155874368159760
144159186798837760
144167964633999504
144169072869834752
144185556821614664
144185557356909062
144185558441164800
144185558975922216
144185574000231428
144185763014123520
144185831966900512
144186111408996352
144186965569339520
144194421649311745
144196560660463648
144205348297769028
144233935331688960
144255925702623274
144255959957506057
144255961266159680
144256209032134688
144256270235336724
144256479883494400
144257025094975489
144257025647312898
144257027223323160
144258400136463360
144260323654766592
144260461184024580
144264721724622848
144273518021320704
144282317065551872
144291161476964352
144328630771646976
144396663053750792
144396663120265233
144396663136583746
144396663589864448
144396664412831744
144396667352006672
144396688832856065
144396804803264517
144397212814708736
144397487887614208
144397762565244096
144398880363020288
144401069756170240
144405596586639648
144414805531295873
144434046582132752
144440644062937090
144467040655247360
144489056389046272
144678146891841569
144678275803799552
144678483858030592
144678688859422724
144679376053862432
144680354232475680
144682536110393376
144698066677534976
144717995468390400
144748541200367872
144750980708171777
144827757510000896
144889244261822480
144959649648476160
145241087987679328
145241088255333120
145241156836405252
145241912616551428
145242393661177856
145245486331854848
145249884075745856
145249918502572048
145252362271850752
145276272363261952
145311456735266836
145329048980553730
145381859847586048
145381902780596232
145384024494837761
145540309768470528
145804040087865344
146366990104134304
146367027630571520
146367264914964498
146368095991889924
146369186913099904
146371390233117704
146376884567933968
146650146493562880
146965127046889600
147493988247535616
147919499381702656
148618788780114464
148619406195826688
148619612372615168
148620026801291648
148620986760298544
148621029676173312
148623202929672720
148627583796252685
148630332579643392
148636380166160385
148636388547624960
148653972075360258
148691356074647552
148724360281063424
148778216889288704
148794713867026944
148900263485243664
148900817804462080
149111368912995328
149182047431688192
149191637690482688
149498465758478336
149744687878520838
149753484240224384
149815091787726856
150874985564475648
151435736501977090
153122389612372480
153122395929972752
153122542016529440
153123658658742272
153126819804479492
153127062402498569
153131183425733760
153139980594577474
153157574118736128
153157644717146144
153192762519846912
153192807614398480
153263194075332736
153690843434188800
153703517880582144
153967087138670592
154249386849732608
154270277470257664
155375011778527360
155550109004988424
157625986957970435
157625987029270672
158752438776496128
162129586857976896
162129625240076328
162130686097162249
162131785642688516
162133993221783640
162138382680459780
162138795003674624
162147247495577856
162155974864453648
162164770965815492
162164773708894208
162411130281624064
162419857756782592
162692536673059840
163255488909148192
163255490871296000
163255632521069569
163959723691868160
164381387741200514
164382623351717888
171136785848729858
171136790168732672
173388620550373888
180143985128833536
180143985382130178
180143995296415872
180144003348432901
180144053814296929
180144124681916416
180144294399844352
180144333524042240
180144534852732976
180145085152247808
180146209892335616
180146326120431744
180149499832828040
180150582164611073
180152781238210560
180153915059208736
180161647342522368
180162264475664386
180166258795741184
180179173762142212
180179178073637888
180214362537984000
180216556083478530
180218752155058176
180284731173118720
180284761374195712
180302314802790464
180425460072317192
180425563150745618
180451848484945920
180566215008190496
180706939414511680
180715733291106304
180847672536728704
181269889296703490
181269921508884672
181341903013281793
182395785447538692
182400183106273280
182405199485206528
182466153652846624
182536659840008208
184647619090350084
184651983842444352
184717953466385024
185210534692391168
189151184485351425
189221553634804736
190840034209841160
195906601004040192
198158383608500227
198158383615844352
198158933494334016
199319742761142272
207447066425688068
216172782127416324
216172783208497536
216172784263365185
216172786410856608
216172791106379792
216172799898681856
216172816607793152
216172851110087168
216172920695687168
216173331869614288
216173366300639240
216173538564964352
216173953566121984
216174981137302594
216177184463945728
216187075798515712
216190468789108864
216190511755568128
216207966552998148
216207967593693248
216208001382484992
216209083177373728
216243150875131912
216243156360888321
216251949635338256
216320116957118464
216322315695227520
216331111863681056
216348703976456208
216456529195302912
216524625868226690
216735732067237926
217017344491388928
217298682021939201
217298682054214672
217298682559598600
217308045183549440
217439831825842240
218424874253746176
218428979973980293
218468699832582144
218723649090226240
218987531885625344
219620850578497792
220676381741187400
220676381757947937
220676384224706560
220733556349992960
225179989958526208
225217364772265984
225320738184232964
227431849918464002
229684681044525056
234187215000305680
234187318099968032
234187455636439042
234205322565386244
234468656136871936
234750147756558344
243264748689293376
252203812549296384
252236763504934913
252342316621629442
288230376219344950
288230376220920081
288230376575338497
288230376701168896
288230377229820160
288230377362031648
288230378370532368
288230378970349616
288230380447924248
288230380480282633
288230381252001860
288230381621084928
288230384755802176
288230384825663521
288230385278853121
288230385833280512
288230393331896336
288230393340362818
288230393381921282
288230397626554408
288230404071108608
288230410513556016
288230410780018698
288230411587813381
288230412667323140
288230417037789184
288230427766821888
288230445156409356
288230445206765760
288230447018688897
288230479768330242
288230513590831124
288230513616879873
288230556607447120
288230583459397632
288230651029881264
288230651835064352
288230652103459360
288230657069416576
288230659619573763
288230659657312256
288230719749100568
288230724045135872
288230788485562368
288230925907664977
288230931276271680
288231071938560000
288231475667556480
288231548678570240
288231613639180560
288231615519293440
288232025822199808
288232575184143488
288232575244738560
288232575393071114
288232593429299200
288233228010258440
288233709063241984
288234774208726528
288234774337765376
288234843051950848
288234911637504640
288234988946587653
288235061961064464
288235874347384840
288235875992084480
288235882304111104
288236973557023233
288236975905833218
288237540158210064
288239172523819008
288239240970567712
288239258286686209
288239601741463562
288239739216068736
288243581028941824
288247968337888546
288247968338348161
288247968344064024
288247968473022561
288250169516888065
288250201724952640
288251266940026880
288252366401306627
288252367458009476
288256773020714052
288256801074315264
288265560524854848
288265560532320912
288265560934858754
288265630048588032
288265837687607296
288266110826971140
288266385224761346
288267898059751688
288274356621049859
288274357740896260
288274360913907712
288274494123671552
288283170091040784
288285360860430336
288300744897997952
288300745467887620
288300770665709604
288300783550858241
288300847975170116
288300882385436736
288301312116786176
288301433701271552
288301844474630464
288301913127028768
288302394163331720
288311774372431872
288335929284825090
288371113682075681
288371123312134152
288371130824134914
288371663664334864
288371938307342600
288372290477899776
288375511822893122
288375512760594432
288381009244979218
288382110371151872
288388776693071882
288406298549043720
288406572891177088
288441482451420168
288441525333950976
288511868979415040
288511921190076433
288511988605157888
288512005748297732
288513088213221506
288515149696862224
288516249242109984
288516250265977344
288520784677178368
288521201273274369
288521747270074432
288529456207757314
288547070129210368
288582219890442248
288591290910638096
288599812197056516
288652588887311104
288652932223074304
288657003876713472
288793326113783852
288793326642106372
288793403717058560
288793464752054276
288793480992391216
288793602056913984
288802122349740032
288802124380242944
288810918307997696
288810987010674720
288828515040952320
288863712574439552
288869467285372928
288934372965353472
288935163173273604
289356276092109416
289356278211281410
289356278273753088
289356280376721408
289356281427279920
289356310451875840
289356364105515024
289359029401034752
289360674173517824
289360743369801760
289365076647871488
289373885695066112
289444511866685504
289637751588913172
289708669535391744
289919226020892688
290482177040711816
290482177312031232
290482198516072450
290482210862008512
290482734311276676
290483275485478918
290623053040192000
290659197337469024
290781243665285152
290904422790209540
291046234154598416
291608075872505861
291608222442192896
291609450262299648
291748813369000064
292733975783810052
292733976852905996
292734010743062532
292734058461396992
292734285285228800
292734388231733248
292734663275839492
292736724558154816
292738378120695812
292742913606123520
292804344523268865
292806560726417410
292823036774580224
292874736890806272
293016000578748424
293859927226056832
293868672852688961
294458018618146816
295020959965152256
295126513752211712
295549000457650208
297237575424280706
297237575452737536
297237583996394240
297237596881290560
297237712855900224
297238127312896256
297239843221536768
297241973989966976
297246371499507800
297247472093233184
297255305032499728
297273859290284032
297290351964850180
297307979605082112
297312479770312736
297378313163898944
297413497283674129
297519052531040768
298364025203392520
298926493986194433
299489392535011328
299511365454823424
299559746111799316
302305224499134592
306244774662294016
306244775063851168
306244775265173571
306244778956455942
306245874172822796
306245880615272481
306246975848742976
306248073332457472
306249756823257408
306253579914608640
306254260096466960
306263260334653440
306279959067885578
306319544675205120
306385520739877888
306385752701272064
306526249644466176
307370675642302722
308503171548840960
308505370643400704
309657697408516096
310748374389243920
310765975066640385
315251973920129124
315814923936989192
319755607904093184
324259173204757512
324259173715968010
324259174282231872
324259181896138756
324259207530418818
324259241957330945
324259448390418432
324259450196199425
324259465229533440
324259765893464064
324259933379888128
324260290935939072
324261372214903300
324261784552734720
324264120975097865
324264670737203280
324268003631898624
324269077367357696
324276765898964992
324294907298644256
324329542049595664
324338407801094152
324399910793380384
324401010175377409
324470283723341824
324540652444450852
324540665344032833
324822123124494592
324822125275775136
324892491935391746
325385073614398976
325402676001013760
325666822932398082
326515508470882304
326519771778514944
326546165946386434
328762772798619712
328764971822354440
328797961465110544
329045347286451200
333267506330337284
333547847402143888
337919505701273600
342308756052508801
342979458145206272
344525938429530112
351280773350817794
360287970726576960
360287970745417760
360287978947347584
360287980931252236
360288038910427170
360288038951059728
360288107762810905
360288249363038273
360288521027649664
360288524376737792
360289071311881217
360289091243212928
360290169213030496
360290177805189136
360292694655762432
360296769504415744
360297590916383236
360305597020651520
360323171741673472
360359472806240256
360393875493224448
360428725663432704
360428982572680194
360429944636968960
360433105725030560
360569445167155200
360569445233468480
360850920145305604
360853153526056448
360872910375682064
361424865246314498
361449054472241152
362539778870083616
362542244038737920
362566175466455040
362610138748158464
363102719973523720
363666288385458240
364791569976394240
364796105302491138
364800366446905352
364932376024973313
365073081300942864
369295169981263888
369334754010464320
369365538457026561
369577056737952000
373816365552762912
378302368770621440
378372737443305476
378620127576326144
378874115014000704
379428406044958720
380694907074904080
396316768550783232
396325563301626928
396406927162081408
397161741928103936
432345565320183888
432345566408610080
432345566651883648
432345574093094912
432345598759272464
432345600734987264
432345650129044480
432345839108886528
432345839646572608
432346148352573440
432346182702858502
432346251422343208
432346663740311808
432346664024936448
432347771840757953
432349966569046562
432350030994145288
432350512046802944
432354395754332416
432363293953294336
432363708317434368
432365359731835920
432380748670968320
432383239680704512
432398409505308736
432418132001292544
432486301718020236
432486370839101440
432556671533989888
432628138715922948
432662230018850816
432908514852339714
432908565737373700
432909064003915904
433260357901877344
433471464277016896
433473802744102916
434035513599598592
434597364175473668
434597383368605768
434597502553980929
434599563115888640
434614999176974336
434667801572278272
436850538244472849
436989901343621184
437412114076795912
441352763516420098
441352768322600960
441353313242578945
441361843311607808
442584216505417856
446137838222704640
450360104471496704
450364635695022208
450370957853339648
450500700292546816
450922912698860033
454863581154902016
468374362085392385
468655836231636992
469513455297101824
470626165355200768
486406351958835208
504403158266708096
505106858592174080
513410358593978888
