3177
9010
1261585
6864898
538705932
671094400
1526726660
3028287504
498216206360
725849473029
1387811307522
65970697666580
281750123315457
358440924872712
791648371998723
1128103233470496
1130315200594944
1134704593997832
1143767004880896
1162184060043328
1196820554350848
1266671773811200
1407512322574338
1688919653613696
2254017091608576
2256206466940992
2260600336417024
2270491511423496
2287533950109696
2322443504976000
2392676888739872
2533343547622400
2814784395300864
4505807509127680
4508004118431744
4512412933881984
4521741707640864
4539059951125504
4575067900219392
4644405902352384
4785108964343888
5066687029182720
9009673155940356
9012697887146016
9016545120355330
9024825867763968
9042521604759552
9077636726849600
9147941310693504
9288693558821376
9570157831915520
18017697080017152
18019346580316160
18023471628025920
18032128151273600
18049651735527426
18084802691336192
18155153186623488
18295882144284704
18577352757904400
36031545798295696
36033469955965440
36038692690741248
36046460073021440
36064015784378400
36099303471055872
36169544171061504
36310276307558400
36591764288569408
72059829568472064
72062129557082112
72066459120959520
72075191592943680
72092795610857728
72127971372064772
72198606539458560
72340168534687872
72621093814796800
93449692804808705
144117524609368128
144119655378731264
144124018537275392
144132797710239744
144150383185887360
144185561149604352
144257025075971076
144397213884223488
144678412924026912
256705178760118282
288231477815025665
288232643911747584
288234808559009922
288239310757462528
288247976938177536
288265564885946368
288300762612760608
288371663429451784
442478663523368976
