2139139
7340298
8421840
8979744
16912428
18089025
100665868
104869904
135274608
272687136
310395906
353378816
545276512
681574532
805309632
806912001
1258356768
1344274962
1610646276
1649412096
2147878528
2148543496
2164785669
2726338560
3254780049
3368042496
4295295109
4345307396
4446011904
4832264256
5373428256
8724744256
9731441664
10738536452
12887019522
17180395088
17515544596
17725325320
18257870913
22558023680
25770852904
34377040264
34427994176
34429339648
34653372420
34900824072
36516790273
36776185888
49459232776
51543805184
53687369730
68719616280
68855152640
68862156801
69122654728
69801611332
70348980224
73027028096
73215770660
73285011456
94489378944
137439480084
137473695746
137975833224
137978974224
138278076448
139586442306
141775863880
146028888079
154625147392
155726647296
172882919680
180388762112
188995338257
206292680722
207501721600
274877909155
274877985152
274878832644
274980143232
275985481736
276564017168
279709751300
285619783680
294339514368
301184589888
309239758916
352464273408
360846459136
412383989792
412992667648
413407543296
549755951248
549814796416
550024287240
551903305892
558345768448
558446444576
558749450368
567606771984
569158664704
571235110912
588949495808
635655700484
689610817792
691490357248
824654693120
830136648704
895500681296
1099513200710
1099530764832
1099545186656
1099579048192
1099650044420
1100720144512
1102735081480
1103875801168
1108110213140
1116691637280
1116758605962
1134140850448
1139256856576
1168231121552
1168235300936
1245544775712
1258828070912
1340130459648
1374414718976
1374425284608
2199033743400
2199056863236
2199157490824
2199291692580
2199694479361
2200181145604
2201442582528
2203318297152
2216238784640
2216338393092
2216492531720
2233387778052
2233416679472
2267759643136
2276504633344
2336475185152
2409476657408
2748983017472
2749852893440
2785286326272
3300686569728
3302863407106
3367791263776
3591666401792
4398048612936
4398063386634
4398584496288
4399153841216
4400228270080
4400328212804
4406636838945
4406640677120
4407190094352
4415294054400
4432549117960
4440996194308
4518306648064
4536563400728
4673193148432
4677219516552
4947808763904
4948339459076
4952115120128
5017662652544
5497558140674
5499705624624
6322192388096
6597087084576
6607815574528
6665791406096
7284298088449
8796093286426
8796130903048
8796263157760
8796361527376
8797166780453
8797167035648
8798308157440
8804683137040
8804775231552
8804985470980
8817668587520
8830454924800
8834210857024
8864855490816
8865420673536
8933534204033
9070979875328
9070987706516
9345987280960
9620727070752
9895739001088
9966488388608
10033043648512
10449655431688
11132622341136
13198971896064
13228532842624
14294733357056
15410342920256
17592204921872
17592253939715
17593260966464
17594870665472
17596481544336
17609374598144
17615808364640
17618027167744
17626545816088
17626580647940
17660939094048
17660972797952
17729658619008
17868139798560
17879982408192
18279531810816
18691966377992
18769007608064
19241521644544
19791213498528
19796066304000
19799800324096
20066356166720
21028161994752
21990242009104
22008502944000
22574616608768
23094039183364
26388547502976
26543434760196
26948774395904
31130057179136
35184377086080
35184384674320
35184514827328
35184674154496
35185110321152
35185714266280
35186586746914
35188734170624
35201554057282
35201828786432
35218733961344
35218752798816
35227859681282
35261683860480
35272423243776
35287451830273
35322096780288
35323994177540
35330468094208
35459786998048
35527986253826
35734128979968
35736829034504
36283884179456
36292473651777
36318243456012
36421323720832
37422318501888
37658277479424
38483057967120
39582445871104
39589935054848
39994735525952
40699646984192
43993350015008
44119112024576
46179488894984
52776625242308
52776693399561
52846082916368
70368750739520
70368760988832
70368790315013
70368811352848
70368911959552
70369013794848
70369281075202
70369817993228
70370095529984
70403577872384
70407399145760
70443907678208
70446053601312
70508464832552
70514823399424
70523364049216
70643624707080
70644444233728
70918501072916
70952893808704
71468801070080
71477114208258
72018013716864
72567834548288
72567902011392
72597832204304
72844792971264
74835778617345
74939126284288
79166988943488
79169132168260
79182033850880
79852040372224
83562953965568
87960934975488
87960947015752
87961200758788
87978244440192
88065083179010
97856568426512
105553118380080
105557981659264
105621911240712
114383569166336
140737488456224
140737488884868
140737526104768
140737699123200
140737909882944
140738028175360
140738562646080
140739637953280
140739657891840
140741784633872
140741850433920
140746346807304
140771982352640
140772922032256
140806212288772
140824461443120
141033858400256
141048907039744
141398930096128
141837704626184
141862769793024
141976595333120
142937049531648
143007378571267
143211389528080
144585779183680
145135539135488
145155130654848
145169895129106
145204799604736
145420077498368
145685290680616
149534135033888
149534990696448
153931628020228
158329674449026
158330882623488
158334237934592
158475703287888
167160139743232
175921944346625
176059299692552
176475919613956
193531226366464
211106243182592
211115426447364
211587268870656
211659209576448
212210043338752
281474978891904
281474982612992
281474985374208
281475028090904
281475044081840
281475247776000
281475278864512
281475320645633
281476050474000
281477124243465
281477191442496
281477526914048
281479405899968
281479876722688
281481423355924
281483566646600
281484644581506
281492158939148
281496451678466
281543780663296
281612453429504
281749854749201
281749855701248
281788517777408
282025001238592
282025814786080
283141440831488
285907399869440
286014757150752
286981326110720
290273250771488
290356969089024
290417099931648
299067296997380
299068773892104
300203181604992
310062279229440
316659349356580
316711056179200
317217694613520
318927092580416
329853760962560
351845893538048
353080671600644
354593041022976
356242841143808
404895157190656
422247630111232
422487414276104
422899661931520
424428676595712
444202731180032
458497422524672
501377436483586
562949953726592
562949982851072
562950171526400
562950524387344
562952101970112
562952377729048
562958547681348
562959082356744
562959617425920
562967153344512
562967268294688
562984388665376
563001493029508
563018673095682
563022984904712
563036154757184
563055316434944
563088466119712
563225106055296
563535143763976
563637752168512
564049507123712
564056444436480
564599489300484
565428150599712
567348035586304
567348067123204
568447517065216
569547291627522
571746048090112
571746050638128
575087530999808
580576499351808
580748302098432
580834197309440
583290918797328
598276059562000
598417927585792
602601091498528
606930452086787
633320946008064
633323135174656
633336951259136
633627935248400
637725334569088
670702092943620
703687442434056
703962328072450
704786953438224
706023920763008
712552254296064
844424939570180
844433805279264
844494186480000
845249597415424
846624020529664
853226393960448
879611449710592
1125899906976773
1125899915387008
1125899963990016
1125900045517840
1125900188909632
1125900779258120
1125901049860096
1125908498874660
1125910795386880
1125921381697544
1125934308530176
1125961378562048
1125969163723776
1125970782453792
1125974028713984
1126002986058560
1126037482121216
1126039560421504
1126076001551360
1126174784782440
1126243508502528
1126484156612641
1126999419060248
1127018780426240
1127137931427904
1127282886313088
1128098930786306
1128101077586448
1128108057182208
1130315267506688
1130504128561156
1130573370228738
1132501342879744
1134713190219792
1135246293729280
1136896096864384
1139094046381088
1143801414418432
1144042926637060
1144592141388288
1161084295973120
1161085352714256
1161359157887492
1163437921009696
1165490948931592
1178678612476928
1196268652331138
1196268785258752
1200666697662544
1213869435453440
1267187218391040
1275570927239424
1284229582815264
1301890620981376
1339205464621056
1407374917173254
1407924639892096
1408543383097344
1409608266555400
1477760874710016
1548125256843264
1688853082013952
1688927170723841
1688987567669760
1691048885617728
1693797671010304
1697646087503884
1760318132854784
1829605069553664
2251799823452160
2251800086512128
2251800098918528
2251804108689425
2251805450830144
2251808421216256
2251808672064528
2251817077442592
2251818604429440
2251834743914752
2251868535783554
2251868667386880
2251937324990468
2251943695092224
2252005972115553
2252074691854914
2252143948988424
2252349574218753
2252349588439044
2252349636624408
2252675987144704
2252899325396032
2252899878961155
2252912211394560
2252933685584384
2253999912255504
2254001034756160
2256197935825152
2256219337131008
2256266613497856
2260615234060552
2260630418489344
2260871862554624
2262794938359812
2269392176414720
2269395221053440
2269400589666440
2269666877637892
2273790587306048
2278192387997696
2286984220378144
2286985259663362
2287261219553408
2287602661097728
2289183747998208
2322178357854208
2322237298311184
2322443502886913
2329865139257352
2340310499721760
2357370110410752
2392539986526224
2392554481942596
2393911960010784
2394770685300736
2397072921739264
2401883184433152
2533309150136400
2533352099807748
2533412229419016
2534374316703744
2535473947869472
2542071420322816
2674012279808128
2814749768160000
2814749901389968
2814784131072002
2814912984252416
2849934139203656
2973079510712320
3377699723722752
3378112070942736
3378258066280512
3382098036000768
3422779764375552
3448104971927556
4222124651053056
4503599629604096
4503599638134785
4503599648359428
4503599661714432
4503600030042128
4503600769270048
4503603922550816
4503606088695936
4503608254005312
4503608553115648
4503609299470336
4503616812482704
4503634255675458
4503668347930112
4503737067913224
4503737200804224
4503817060089856
4503876652827144
4503883095736368
4504011952628736
4504149454555136
4504149551087620
4504716318933252
4505867437236224
4507997810229280
4508002245673472
4508152292837376
4509097185517760
4510505934782720
4512397868171268
4512503094575120
4512946567249920
4513496039424000
4521194267082752
4521243355643904
4521260533219392
4521742106099841
4529987907491840
4538785610138624
4538786281693184
4539368115274240
4540991612780672
4547580092498240
4557475705520160
4573968405135624
4573968909074944
4574037091027076
4574535575674880
4575342896349184
4591702358622208
4644337157734416
4644341410705416
4644508914417700
4646537219014656
4653150388618241
4719103923453952
4785092320825376
4785212059812416
4785350824165380
4787277922828289
4793870705492104
4855486297948160
5066549580800021
5066549581353024
5066584494180352
5067112221507840
5075620618960896
5088539813348360
5242471710720000
5629499538411523
5629499610234884
5630118011600904
5631698575360000
5770239170054208
5928566696968464
6192449521189024
6755399445512232
6755416654496256
6755433867904128
6757736171732992
6772991644016640
6794981859659780
7319518699323392
7881304313954304
9007199255005284
9007199255855123
9007199258413568
9007207862518016
9007212274130944
9007216434761792
9007216468199440
9007216705208352
9007219655836676
9007233615053824
9007242210705424
9007267975008272
9007270121769216
9007289449054721
9007302602399872
9007336702149124
9007336779677704
9007474568855808
9007749010620616
9007749077667846
9007755486576640
9007817735274528
9008299907229696
9008608541147136
9009398278259464
9009400962875520
9009402575192068
9009570210906176
9009948050596864
9011597456441345
9011597570736140
9011872179184128
9015995633369088
9015996018933760
9015999643811968
9016073730916360
9017112043978752
9024793789595664
9024928879771936
9025066327085064
9029189489655936
9042384167903236
9042400875118592
9044583765770240
9060525569343488
9077569076986112
9081970340466688
9147942648676354
9147945341419680
9148005529683008
9166628457611264
9192192088211456
9218357026881544
9288683358390272
9289103728181376
9293072286875712
9306266421691904
9359111730757632
9570150298681424
9570153839198208
9570157831656448
9570492805578756
9583482934132736
9658110676303872
9711436586549760
10133099228824096
10133099715268608
10134202976567552
10150691347636290
10204292539484160
10273836649955348
10414575347302400
10731267846897664
11258999202807816
11259001218019328
11259549637935104
11260098613608580
11263432548417568
11329505251820544
11575662728970240
13510799955858048
13510816087146498
13511078059180096
13512585588506640
13515197566156800
13592162742566944
13792273858928640
15903336184676608
18014398509568513
18014398510662020
18014398535303184
18014398581309760
18014399050645520
18014399583230216
18014400667516992
18014401462288388
18014402808784896
18014403107491840
18014407242023680
18014411411227648
18014415958051328
18014434077179924
18014467497394466
18014470450192896
18014535948486720
18014536149958656
18014621847782408
18014673538392072
18014677682372880
18014948802693152
18015120068182144
18015498030579720
18015499367482368
18015500303073281
18015506644623360
18016607196414048
18016649676324864
18016941130383488
18018796691784704
18018798787366912
18018813773611010
18018942855413760
18023203729313920
18025393631002625
18028142404837392
18031991268179968
18032405160919040
18040786855657512
18049582915387472
18050407850835968
18058447694135300
18073772137383936
18084836644225088
18085325599539208
18085901125093376
18087103716401152
18119952717316096
18155135998116896
18155135999934616
18155204751425536
18155702934634496
18295901404004352
18295907849076768
18300271533031680
18306043968749632
18314088442494976
18331057858281994
18436610991327236
18577350610550816
18577485902123012
18577623877682688
18579547519778824
18581785164120065
18594941731078272
18613632349241344
19140315612971200
19140848205694208
19149128869871616
19157891005054976
19175483333672961
19210671457567232
19281310782722048
19703248436856834
20266202618658828
20266301410787328
20270596369711744
20442128777740288
20547674474283008
20908313382223872
21392098230083616
22517998405877888
22517998675042304
22520746924314624
22553203983810560
22588369028514832
22659835203944960
23362423205396480
23648297163964416
24770072830543872
27021632174293504
27027164041969664
27030393865636864
27056782270533664
27091966575526016
27305272032624656
27584564897521920
28147499822743560
31542798167572484
36028797023191180
36028797035938112
36028797036279808
36028797153198147
36028798093004832
36028799167234120
36028802387740688
36028803461448960
36028805678105216
36028805743120408
36028814198849952
36028835808542720
36028865771996180
36028900098244648
36028934726361156
36028934994936832
36029346774950400
36029552933472256
36029621664219136
36029948078587968
36030171412693010
36030456486952960
36030996110508040
36031004900591872
36031013222159360
36033196141838340
36033231576891904
36033332512821376
36033470010493952
36034294895869952
36037593114107912
36037593523028000
36037734866878464
36038142867804417
36040067583574016
36046389213399046
36046389809061888
36046457942311040
36046956174245896
36063981399556096
36063981425132288
36064007177633796
36065153917132800
36072779632607248
36099165763420676
36099174358320128
36099185090496513
36099441714790592
36100265342402592
36139298071773184
36169538837938208
36169568868124672
36169809519509508
36179430112231552
36204719416283200
36310272683802624
36311371508417024
36312611679109120
36327864183849024
36380645303255048
36591781600822272
36594014724030464
36600543065410112
36626932489519104
36732495198167040
36877637175476240
37154731822416016
37159094973374720
37189881568559104
37233930482515968
37295434414162954
37436171906713632
37735243360243712
38280596835008784
38280614150938624
38280668035153920
38283349906686080
38333545189474304
38350965610516480
38562346687807488
38843547322941476
40532396730253328
40532397195788544
40532432113377280
40532946402149472
40533498305466368
40552187989852672
40954677831008256
41658588611215360
42793001142976514
45035996311781376
45036273315872800
45037095921648640
45053589801943040
45106365026279440
45183330831859712
46162042209959936
49574780273166344
54043199899172864
54043264254218240
54043332967399984
54043513356058624
54052009875210240
54271893947023616
54324670505157761
54606695254474752
55172393970171908
65302194597920832
72057594046333196
72057594071490601
72057594105365512
72057595114816640
72057596188065808
72057596857549312
72057597544368128
72057602630164480
72057602762114052
72057607732330496
72057611226712192
72057611805000704
72057629538533888
72057636987863232
72057662774222912
72057664904892552
72057697654145028
72057731503095840
72057868949522496
72057903280824320
72058010652114944
72058143795577088
72058178161869840
72058693818662912
72058970642055172
72059793065394256
72059798429925384
72059931037075456
72061992084723712
72061992419983456
72061996547178512
72066390137243652
72066390332285056
72066441670590496
72069207897931776
72075186224037940
72075254953935360
72077385347891456
72092778426860160
72093070467792920
72094427715207168
72094977433542658
72097176457740288
72110380259741696
72127962816790528
72128100489494672
72128516832886787
72129148193341440
72137042342969600
72149955162152960
72198331543064848
72198331664826400
72200539139998208
72207127620354120
72303884642552832
72339412612023328
72339618904672264
72340169063145488
72345666084405380
72620544259883264
72620548286342144
72621093749264416
72629340629893120
72639235823239232
72690912739721736
72761282587000836
72902190767276032
73183493978620416
73183511124652036
73185967988539392
73201223569899528
73218682612351040
73253864299560992
73329728991264769
73473765031297024
74309394456121344
74309404589047840
74310082120130560
74450204354478080
74608478194237441
74877016746229760
75435293762650496
76561193665309440
76561194739433488
76561228159324160
76562301783638024
76565660436004864
76877853083303936
77126361969328128
78883362231550016
81064793372393472
81064793831637312
81065069244841985
81068091828604928
81069766864797696
81082424133421056
81100183823204352
81487007905480704
83325389199376912
86694293095318528
90072001204453393
90072009863610368
90072542303224388
90073096354005152
90089584754688000
90107213426721024
90212730312597504
90423836268335104
92325991384482816
94584525740310528
108086460984328448
108086666203238912
108088624441982977
108112779336483840
108227283231178752
108367874665480192
109212842867097600
110339290382239744
112589994980278276
117656540265185408
126105188149755912
144115188078608480
144115189174764552
144115190764405792
144115198813274386
144115222435930128
144115330883534976
144115467315871746
144115497447721472
144115742395072560
144115806584766976
144116837477523458
144117404279013633
144118220322766852
144118486946349056
144119723628691968
144123984303620113
144123990611464192
144124156236005384
144126183192150530
144132780402475008
144132823211574273
144133330017716544
144150372850860036
144150376742977800
144150923279597569
144154770494456976
144176760743821312
144190229778006048
144220878635274240
144273519897739276
144396663622991937
144397766859424768
144414255508094978
144678138096390273
144679237540921384
144682537820618752
144889244261875776
145241096576836096
145241365276524545
146366987897933858
147512747725160448
148618805084422208
148619887219212288
148620987263352856
148905212629745664
149181875097698306
153122387364675594
153122662209684480
153193857733886464
153263262257913857
153412658467438848
153687536311470080
162129586654544900
162129655305865232
162130824072790272
162272527526133760
166633186229485601
180144071531036674
180284722856329216
180425494431272964
180706935082876928
182400182955081729
216173331953614848
218424582231556096
220694248805122048
234187181697073154
288230376225112097
288230376709685376
288230376722141698
288230384750563329
288230401955332352
288230444874342404
288230515738173456
288230925920116744
288232575183421570
288234774601015296
288234791386480676
288239189694103552
288239309684211746
288243570291279873
288247977598779424
288265562939752960
288283157009006594
288300745433022481
288302978279932416
288511852218949633
288511954207932416
288514325031686144
288829077412905984
289356276159234112
289356826099580930
289365351324459008
290486576160440322
290622913470530056
291047324942090241
292733976987041802
292734319410020353
297237575406453816
297237713113847808
297237858941468672
297272759778541953
298083099848212482
306244774680101120
306244774929629257
306244809020945408
306315418283278342
308497691166375952
315252524745752576
324259173338450048
324259207597523202
324263584102088768
324277864868478977
324822535440957448
325385074159649280
328833141544386560
360288047499053058
360288107628594689
360358339085336576
360429532311715968
432345564228882440
432345583571763200
432346114520301568
432351096147542016
432354429040066752
432415933240182016
432521486121697280
432627176785838080
434597365114996740
450377554923618816
468376560269795360
506092008125759504
