202510860
405021720
810043440
1620086880
6480347520
12960695040
25921390080
51842780160
103685560320
207371120640
284071886921
414742241280
549868011649
550594683202
551903735809
568143773842
588414718498
829484482560
1103807471618
1236951138753
1649275851028
1658968965120
2199032175625
2272575095364
2338343485441
2353658873988
2473902277506
3298551702056
3317937930240
4415229886468
4545150190728
4676686970882
4707317747976
4983235807301
6597103404112
6635875860480
8796118319683
8797888186376
8815422474513
8830459772936
8916494712868
9414635495952
11143296843872
13194206808224
13271751720960
17592236672130
17592257404996
17592725012908
17595776372752
17607236255749
17660919545872
17832989425736
21990903677457
22286593687744
26388413616448
26542966571010
29411969728516
35184473344260
35184514809992
35185450025816
35191552745504
35214472511498
35271429095425
35321839091744
35805269590020
35875863068736
36318780489734
36361201525824
39582435391506
39865886458404
43981807354914
44573187375488
52776827232896
53087006883840
58823939457032
70369820576258
70370900051632
70383105491008
70540710707203
70643678183488
74826991534096
79164872880160
79731772916808
105553654203649
117647878914064
140741800103264
140952238899456
141085716381698
142663915405888
143221078360080
145275121958932
150634167935232
159463545833616
175927229419652
175930588923905
178292749501952
211248515907592
235295757828128
281475201106178
281483600206528
281532421964032
282171432763396
285327830811776
286014824271873
301268335870464
318927091667232
351854458839304
351861177847810
356585499003904
422214617863168
562950238863632
562952236959872
562954259015684
562967200413056
563064843928064
563243353899020
563572857897225
563808955597824
565149044047895
565149425467904
567382630219906
572884313440320
580679712785440
581100487835728
598615932272768
599233839305217
637854183334464
659708054601857
703708917678608
703722355695617
713170998007808
844994063630368
1125900477727264
1125902073274560
1125904473919744
1125917129220112
1125934400826112
1125942858646561
1125969734680582
1126129687856128
1126179218194452
1126486707798040
1127145715794450
1130298088095850
1130298850935808
1144059297087489
1145768626880640
1162200975671456
1163283570919488
1170017810915341
1196682108731680
1198467678610434
1205073343481856
1275708366668928
1426341996015616
1688858471436296
1882366062624770
2251800955454528
2251808947839488
2251834258440224
2251851353555593
2251868801652224
2252143428116740
2252259375712256
2252358436388904
2252487029425169
2256271950479408
2260596176191700
2269530520879620
2282622646494208
2291537253761280
2322718851141760
2323268405045249
2324401951342912
2403536713383937
2410146686963712
2814835670714432
2814889422782472
2852683992031232
3025864623129604
3764732125250048
3945322599546881
4503737603304448
4504518751424512
4504716872777808
4504974058850338
4539061041759240
4565245292988416
4573989847040033
4576237188349960
4583074507522560
4646536810090498
4648803902685824
4820293373927424
5629671341428864
7890645199093762
9007217009233925
9007235791357952
9007268144250944
9007405414222369
9008573712466960
9009433745555616
9016066214727818
9078122083518480
9130490585976832
9147979694080066
9297607805371648
9324683237785603
9577854916364288
9587741428883464
9640586747854848
10134199889821697
10555328873629704
13510807472070801
18014434018467850
18014471582715904
18014475818928156
18014536288501888
18014673389491270
18014674067521792
18015085738344968
18016975494070273
18017147424933920
18018867491111232
18019896235401348
18023473776689192
18034331452711184
18173348269786112
18260981171953664
18436611242984197
18586147240361988
18595215610743296
18612537134711808
19151311786217984
19175482857766928
19228293707071492
19281173495709696
20268399779643394
20318974914855009
20411333866702848
21110657747259408
21393197741704456
22817073889738754
27021614944141602
36028815287272448
36028865738638469
36028943165431808
36028951637856312
36029348135043584
36029621656889480
36031013357363265
36034294849867840
36035600255582210
36037734982222464
36064020322582545
36100351207670528
36169562961510528
36319068106035204
36521962343907328
36591918776320260
36664596060180480
36873222485968394
37154699145118209
37172294480723976
38280606496329987
38350965715533856
38456587414142984
38562346991419392
40637949829710018
45053588862404614
45642943872499712
48413833970073664
54079620072343552
54117962338009097
54192729147572242
55732114376630304
72057594457362593
72057597393405188
72057600748882440
72057602640969862
72057628450095636
72057662862263336
72057731686598736
72058695227294336
72066394962924560
72071338072752128
72075211994048544
72092832097652736
72128070157377536
72145829846073370
72167546316521472
72203846264292355
72277498595115008
72339223637819904
72497403152302080
72937212266676224
73184112437495808
73816830495424512
74311730348691456
74590940240543745
74881139898581792
76563667636199424
76737665281589296
77124286443159554
77704685759235648
81136261548540004
83351777480543360
90071993622790161
90098381105430528
90214929059152072
94645960923158784
100205377357873152
108086393207652386
108123775010144256
108649341043918849
109498163987218576
110338762168336388
112591133279780872
117234327808389632
144115188349566987
144115192455233688
144115193478129153
144115196834611504
144115198880402434
144115205593367136
144115223110878400
144115258145900928
144116309196576768
144117430317297664
144119655378870280
144120720003695104
144124157041623040
144133123859906592
144159443498569728
144185840290365568
144198755254534406
144203698921283584
144258141772316928
144292209766711296
144449456790570004
144689201868178432
144783725505284136
144823274839277568
145263078255101952
145311525446357073
145531361602699264
145804587691967108
146366988026396677
146507862816858274
146947535129542656
149463487511281984
149779882183229440
153122387878019090
155444576290603008
157630385004745760
162129587680182308
162164839811383810
162202154990338048
162692699755905025
166773964505350144
171145581933635648
180143985137025100
180154430992154657
181270211435954178
182397983931894288
198175975791415424
216190408726806785
216313795017967620
216454807922151432
216736833730519056
217300885347254304
218428988580724800
252272085584839680
288230479231452434
288230518187655204
288230652103579648
288230994627281120
288231545323454464
288232575181295760
288234774210879521
288239172249193988
288239455846834178
288239729525653504
288241371603550472
288248011866259456
288318341446173696
288371663412723726
288373383563847680
288419492690657344
288512162580660356
288512950673735705
289356280890394755
289356301828489540
289356619666424328
289392010354234368
289432144508403712
290203037451485184
290484667583300640
290517371075231760
290764200699005184
293297476096622592
294985779887747144
297238314142932992
297800527775794241
298389863609139248
299493773367312898
306262386313003016
306385520807120928
306807725724270848
308575945470640128
315289357320716292
324329543525474324
324417915162198017
327075022474576000
342273606039994944
360361096302821889
360872979095097348
361554643290947584
369295169982070792
378583843692635136
432345702220174080
432366456022237250
450365185685717008
468655917831815168
504411971572007040
