568143773841
829484482560
1136287547682
1658968965120
2272575095364
2473902277505
3317937930240
4545150190728
4676686970881
4947804555010
6597103404112
6635875860480
8796118336065
8830459772936
9090300381456
9353373941762
9895609110020
13194206808224
13271751720960
17592236672130
17660919545872
18180600762912
18706747883524
19791218220040
26388413616448
26543503441920
35184473344260
35321839091744
36361201525824
37413495767048
39582436440080
52776827232896
53087006883840
58823939457032
70368946688520
70542858190849
70643678183488
72722403051648
74826991534096
79164872880160
87963614709826
105553654465792
106174013767680
117647878914064
140737893377040
141085716381698
141287356366976
145444806103296
149653983068192
158329745760320
175927229419652
211107308931584
212348027535360
235295757828128
281475786754080
282171432763396
282574712733952
290889612206592
299307966136384
316659491520640
318927091667232
351854458839304
351861177847809
422214617863168
424696055070720
470591515656256
562951573508160
564342865526792
565149044047925
565149425467904
572029648543745
581779224413184
598615932272768
633318983041280
637854183334464
703708917678608
703722355695618
713170998007808
844429235726336
849392110141440
941183031312512
1125903147016320
1125934400826112
1126129687856128
1127145715794449
1128685731053584
1130298088095850
1130298850935808
1144059297087490
1163558448826368
1197231864545536
1266637966082560
1275708366668928
1407417835357216
1407444711391236
1426341996015616
1688858471452672
1698784220282880
1882366062625024
2251806294032640
2251868801652224
2252259375712256
2254291431588898
2257371462107168
2260596176191700
2260597701871616
2269530520879620
2288118594174980
2327116897652736
2394463729091072
2533275932165120
2551416733337856
2814835670714432
2814889422782472
2852683992031232
3377716942905344
3397568440565760
3764732125250048
4503612588065280
4503702707111185
4503737603304448
4504518751424512
4504974058850337
4508582863177796
4514742924214336
4521192352383400
4521195403743232
4539061041759240
4576237188349960
4648803902685824
4654233795305472
4788927458182144
5066551864330240
5102833466675712
5629671341428864
5629778845564944
5705367984062464
6755433885810688
6795136881131520
7529464250500096
7890645199093761
9007225176130560
9007405414222370
9007475206608896
9009037502849024
9009948117700674
9017165726355592
9029485848428672
9042384704766800
9042390807486464
9078122083518480
9147979694080065
9152474376699920
9293073620180994
9297607805371648
9308467590610944
9577854916364288
9640586747854848
10133103728660480
10205666933351424
11259342682857728
11259557691129888
11410735968124928
13510867771621376
13590273762263040
15058928501000192
15781290398187522
18014434018467849
18014450352261120
18014475818928156
18014810828444740
18014950413217792
18018075005698048
18019896235401348
18034331452711184
18058971696857344
18084769409533600
18084781614972928
18156244167036960
18260981171953664
18295959388160130
18304948753399840
18586147240361988
18595215610743296
18616935181221888
19155709832728576
19281173495709696
20266207457320960
20268399779643393
20411333866702848
22518685365715456
22519115382259776
22821471936249856
27021614944141601
27021735543242752
27180547524526080
30117857002000384
31562580796375044
36028868036935698
36028900704522240
36028943165431808
36028951637856312
36029621656889480
36029900826435584
36036150011396096
36039792470802696
36068662905422368
36117943393714688
36169538819067200
36169563229945856
36312488334073920
36521962343907328
36591918776320260
36609897506799680
36873222485968393
37172294480723976
37190431221486592
37233870362443776
37298732951142406
38280606496329987
38311419665457152
38350965715533856
38562346991419392
40532414914641920
40536799559286786
40637949829710017
40822667733405696
45037370731430912
45038230764519552
45053588862404613
45642943872499712
54043229888283202
54043471086485504
54361095049052160
60235714004000768
63125161592750088
72057736073871396
72057801409044480
72057886330863616
72057903275712624
72059243313778960
72059801652871168
72068589699735680
72072300022792192
72075469964444928
72079584941605392
72128040645165089
72137325810844736
72235886787429376
72339077638134400
72339126459891712
72624976668147840
73043924687814656
73183837552640520
73219795013599360
73746444971936786
74309398290236417
74344588961447952
74380862442973184
74467740724887552
74597465902284812
76561212992659974
76622839330914304
76701931431067712
76913174828285968
77124693982838784
81064829829283840
81073599118573572
81275899659420034
81382277275713537
81645335466811392
90074741462861824
90076461529039104
90107177724809226
91285887744999424
108086459776566404
108086942172971008
108722190098104320
120471428008001536
126250323185500176
144115462954553874
144115472147742792
144115602818088960
144115772661727232
144115806551425248
144117392540174336
144118486627557920
144119603305742336
144137179399471360
144144600045584384
144150939928889856
144159169883210784
144256081290330178
144274651621689472
144396669495050321
144471773574858752
144678155276268800
144678252919783424
145249953336295680
146087849375629312
146367675105281040
146439590027198720
146658384240721920
147492889943873572
148618796580472834
148689177922895904
148761724885946368
148935481449775104
149194931804569624
153122425985319948
153245678661828608
153403862862135424
153826349656571936
154249387965677568
155378585291457025
162129659658567680
162147198237147144
162551799318840068
162764554551427074
163290670933622784
180149482925723648
180152923058078208
180214355449618452
182571775489998848
193655335880294656
216172919553132808
216173884345942016
216770916590288964
217444380196208640
240942856016003072
252500646371000352
288230393357795594
288230410563879444
288230444976047144
288230513800382544
288230651449053344
288230926746394944
288231477341078144
288232578530444544
288234780909177344
288239185666642944
288247995181574144
288265614211436544
288300852271161344
288371328390610944
288512280629510144
288522880604440579
288670185266085888
288794185107308544
288815385057169414
289109994380460032
289357994062905344
289400393962627084
289989612609208320
290485611974098944
290570411773542424
291748849066704896
292740847796486144
292910447395373104
295267321981698048
297251319441260544
297590518639034464
299524559594327168
302304267811684352
306272262730809344
306950661126357184
310818743036942592
316378159471656960
324259175321436193
324314149309906944
325670946101002624
333407109922173440
344525942791602176
360287974491160642
360397922468102144
361413870163693569
363111516050293504
378583843692635136
400821509431492608
432345572830609540
432565468784492544
434597364175675394
437992655948875264
450364533119123488
468937311233558528
513412642711273472
576460769820934752
576460787338446016
576460822373468544
576460892443513600
576461032583603712
576461312863783936
576461873424144384
576462994544865280
576465236786307072
576469721269190656
576478690234957824
576496628166492160
576532504029560832
576544319482102021
576604255755698176
576627886660780554
576747759207972864
576795021018137620
577034766112522240
577129289732851752
577608779921620992
577797827162280016
578756807539818496
579134902021136544
580964352204505097
581052862776213504
581809051738849600
582125446410797056
585467952105586706
585644973249003520
587157351174275712
587790140518170624
594475151907749924
594829194194583552
597853950045127936
599119528732917760
612489551512076360
613197636085743616
619247147786832384
621778305162412032
630521540018983040
648518350720729232
648539238136021057
649934519868063744
650770799023620098
662033543270241280
667095858021400576
684582327734542592
720575949138034976
720617723968618626
723408287432704000
725080845743816708
747606334237059072
757730963739377664
792703903165661696
865255180071870480
865819231688605728
866947334922076224
869203541389017216
873715954322899200
882740780190663168
900790431926191104
936889735397246976
1009088342339358720
