265448
628226
680212
258998272
22011969795
63619203584
16423954939904
35461414388737
3324923162394880
4521260802641920
4575085071443968
4648743886454816
4785658786758658
5066691319431296
5638296197693504
6757599540150284
9025342303963136
9042521604759584
9086368454148608
9150170130288641
9288751549251652
9570441400188936
10134200821743634
11263397400166528
18036393039134736
18050716786491524
18085043209519168
18155205321818120
18298074791419904
18586144832815105
19140444461996032
20266765260029984
36048605425434688
36072786075058440
36099303604748294
36170086419038336
36314670583384064
36592847624867872
37155006165876736
38280669880656896
72083984468672548
72094977768851456
72128521130475521
72198468999070208
72340172838076424
72624976398655552
73183563872338048
74309669274783760
144115327729467712
144133880444634112
144154771577372672
144185659916058656
144256204738136068
144405476327559296
144680345676152834
145241638011150344
288248140144967688
288266114708803648
288302944457130112
288379910823616514
288512126308843552
288793396974209024
289360691352044548
290483284071448576
472877960873902609
576478628024426624
576496022579118096
576535521275154440
576602589574070336
576742365793910785
577024252566307332
577588855536893984
578721382704613376
680043543732946176
