451080
530896
1125381
517996544
47245165062
93952409601
12781822674432
23364622614561
2111062325332512
7986852464164867
9042521605283840
9078122083518464
9150170142887936
9297487772909632
9571317573517316
10133382638862592
11276592395387008
13515199080300568
18050684607926272
18085043209519168
18172736908297216
18300340260577282
18577503098503304
19140882800377872
20268401644535840
22526794800333056
36046389758789634
36072786078269472
36101433572983048
36170086419038336
36310410643636240
36596149582316544
38280888923992064
40533530520059968
72097210850869376
72145572150116880
72198607209496588
72340172838076672
72629341166768128
73185695249735744
74310012331753472
76561339761313792
144167968937345096
144189955537702912
144257042260951042
144396972357354496
144680345676152848
145249952797311104
146367127744676096
148619338549559332
288267760889268224
288309543154745344
288371319832117312
288512409476272136
288810952655118592
289360691352305668
290483276022300688
292734255086305408
576496280289935376
576532229417607296
576605888914260224
576759821647233028
577024252617687104
577586793948418048
578721382704089096
580966568142897152
945755921747805218
1152957256048853248
1152992045158236192
1153071042550308880
1153205179148140672
1153484731587821570
1154047405621511176
1155177711073787968
1157442765409226752
1639310264362861057
