3985
41246
57569
72748
5645056
5883904
9699463
10716416
19028480
21102762
38535193
43521536
50704384
60817484
1275138816
1771175936
2483070464
5213519872
6710886451
9742057472
11056840704
11341398120
13153376512
14092861634
18387856384
18589155341
20132745216
21896626176
515396075602
1924200923136
2302132092928
2542620693504
2920613937152
3046742425600
3519725699072
5257040045056
5531917927168
5842095046656
7696581394648
9139694206976
9380208574644
9434096992256
9758165715200
9964324203008
10069081063424
13400297963561
14293693497344
15453560766464
510173395288210
756481783758848
774056204566528
879609302220885
1308006520193024
1424976129294336
1512928002310144
2119961497567232
2413737260613632
2603650648113152
2709196650854400
2933771900813312
3430476278661176
3588805953078528
3940649689677824
4556376185594112
4802666813718528
4925841083465728
5091357311893504
5418393301715968
5699868278390886
5787829208650240
6227639496867840
6843360406011904
7459086882832521
9024868751310850
9024946061705732
9025066457105416
9025341473425424
9025891506065440
9026991571345472
9029191635058816
9033591829331969
9042419060850692
9042452480786945
9042521137088576
9042662816481538
9042935530324000
9043483409023104
9046782243767312
9051188318183432
9077604507222024
9077653915058192
9077705706832898
9077842952327296
9078126378221828
9078671805645376
9079767563304961
9086365165946912
9147975399964688
9148007610585152
9148074349854752
9148212158924804
9148486582804481
9149053434855688
9150144356418688
9152335871738370
9288717185319456
9288815966429312
9288949378121792
9289225063108616
9289773843759106
9290873389449488
9293089457965057
9297472488735748
9570200756159552
9570222256162824
9570432678117377
9570699501372032
9571250871476240
9572348298821636
9574547524157728
9578945435537410
10133133672319104
10133168149635076
10133245190737936
10133666101493762
10134199748002817
10135302488211488
10137497275793416
10141895793574208
11259033730158593
11259068865839488
11259137044398088
11259291126734880
11260098722725892
11261200241264642
11263405721681984
11267795229606416
13510833778991106
13510867670795296
13510938476937473
13511074833924112
13511348773208128
13512998190580232
13515201227788292
13519612188622976
18032042235660290
18032063710240800
18032129212420097
18032274180145680
18032540988375104
18034189786955784
18036389044092932
18040786931155328
18049617316872193
18049660224540800
18049737517203464
18049857895794720
18050682934264068
18051782978831362
18053983076614720
18058383269707792
18084801882095888
18084837049040960
18084905237873184
18085059311567876
18085321305491457
18085866900033544
18086968441184384
18089173894316034
18155170495995968
18155204994139144
18155413023522817
18155702935634048
18156236616763408
18157339316584964
18159534111592480
18163932644573186
18295944353284354
18296011059642372
18296148934533128
18296423313310736
18296990178803744
18298081107773504
18300272607002752
18304669849747969
18577383896515080
18577417317679120
18577485971070978
18577627640037504
18577900374593540
18578448259760192
18579564699582721
18586153146385440
19140341368127492
19140367673212929
19140440183800896
19140573563719682
19140849262657824
19141397995324032
19144713651101712
19149096661026824
20266233220826240
20266267126532100
20266337910194192
20266748246753794
20267306424868865
20268397619085344
20270600666743048
20275011596324928
22518034677645344
22518135844374656
22518273082392896
22518556482928648
22519101951868930
22520197699080208
22522396334359553
22526795304673284
36046423700017156
36046458209698049
36046535234437184
36046666238795778
36046956174246944
36047489790574720
36050787320758288
36055185835164168
36064020046053440
36064052260126728
36064256805965825
36064531215024512
36065098083074576
36066189021085700
36068380515508256
36072777786066946
36099200206766594
36099243072716832
36099320382234625
36099440808886288
36099715791589440
36101365868527880
36103565957662724
36107966153229440
36169569404453152
36169674097951360
36169810475746368
36170084397484040
36170642610982914
36171733800067088
36173936882368513
36178347788632068
36310306632253568
36310341822448132
36310409988278288
36310826047045634
36311371645747201
36312473166680096
36314678633169928
36319068155945024
36591816232928258
36591888706437380
36592022119284744
36592297802219536
36592846559512608
36593946131956288
36596162215547008
36600545214005249
37154733433160720
37154782826203200
37154834635358240
37154971875033092
37155255279944193
37155800749187080
37156896519520384
37159095106797826
38280648376516616
38280669855485968
38280735346425858
38280880300755072
38281147127439364
38281698525315392
38282795923538945
38289393076682784
40532432081913857
40532465500561536
40532534185955336
40532675820257824
40533496426660868
40534612849606658
40536795238170688
40541201333485840
63050424915066880
72075220854251528
72075256017716240
72075324233351426
72075478282829952
72075740291547140
72076285870082112
72077387394843137
72083982388363296
72092814921437186
72092864317751584
72092916118470657
72093053355302928
72093336757863488
72094977970669576
72097176590909444
72101575593558656
72128005732368512
72128032038719492
72128104520253456
72128513611800578
72129062362939649
72130161940628512
72132378042040840
72136761031016512
72198365986685956
72198408839890945
72198486145302592
72198606538948610
72198881550795296
72199431583178880
72202731737055504
72207131915325448
72339104449167680
72339137885175816
72339348195902465
72339620951492736
72340168794837008
72341285221965828
72343467600134176
72347873697890306
72620578904768513
72620612778082432
72620683578049544
72620819976556576
72621652093960708
72622743291494402
72624946333360192
72629357266339856
73183566961312258
73183632465856516
73183777412743432
73184044238569488
73184595604439072
73185693051916352
73187892263912576
73192290205573121
74309432506452000
74309531426885760
74309669270585920
74309943682957320
74310510559888386
74311601498374160
74313792972193793
74318190213595396
76561228167643664
76561262686797888
76561339710971936
76561470692851716
76561760601509889
76562294254878728
76563396983783808
76565591779969026
99079191802234368
117093590311632971
144132815162720272
144132849056875072
144132919849388064
144133056213811460
144133330154094593
144133888397049864
144134979554119808
144137182603510786
144150407092896800
144150510424096896
144150664539291712
144150926502920712
144151472094846978
144152573627105296
144154779084914945
144159168610177028
144185595483136004
144185627720549377
144185694409982272
144185832236941314
144186106643496992
144186673515726976
144189955941339152
144194353181687816
144255977104867841
144255998595465344
144256064077438984
144256209040506912
144257027223470084
144258124658770178
144260323881257024
144264721791714320
144396697479677960
144396740364083216
144396817679781890
144396938064822912
144397213077897220
144397763101590592
144398863166357505
144405463474110752
144678174538596736
144678223929212932
144678275770221072
144678696391804930
144679241836138497
144680337589542944
144682536218411016
144686935200268352
145241123449798658
145241156840591392
145241225488924673
145241367156099088
145241639886266432
145243304187921416
145245486582858244
145249892666720384
146367056877731842
146367133922624516
146367264931713032
146367554825355536
146368088477008416
146369191208878144
146371386036723840
146375784527824897
148618830653034560
148618856960622856
148619062853771265
148619338541171840
148619887298805776
148620986894256132
148623202929901600
148627585944257026
171136785880055808
234194190009892864
253978389923233792
288248003779657760
288248105860596864
288248247512731712
288248520241578248
288249068122014210
288250184541208592
288252366922194945
288256773020846084
288265612063547520
288265633539294212
288265699038593296
288266110824890370
288266662199691265
288267759647719968
288269958839013384
288274356751630400
288300779826055232
288300813686677512
288301020848062977
288301294786216064
288301853005841424
288302944189693956
288305147254210592
288309558169829634
288371156606533640
288371182896546320
288371255374252034
288371388819964288
288371664473882628
288372213219885120
288373312805933057
288379911882678304
288511885624476674
288511920116860960
288511997190930433
288512128154877968
288512418080883264
288514054446809096
288516249250431236
288520647762514048
288793360532508688
288793403414806848
288793480728166432
288793601134043140
288793876129514497
288794426155794440
288795526203181184
288797726332715010
289356314717454593
289356346933969024
289356413632774664
289356551473595424
289357392783609860
289358483672276994
289360675178954816
289365072436822032
290482212472881668
290482261866872833
290482313681182784
290482450910609410
290482734312198176
290483279772532864
290486574150322192
290490973165716488
292734045589082114
292734113755463684
292734267845249032
292734529863426064
292735075425059104
292736176954016832
292738382417625728
292742771939491841
347023461912150016
369295179913363456
396316767245565952
449515537806917632
450361715083706368
468374361246545152
576478381013532736
576478430388949000
576478619468040193
576478902839419008
576479448297111824
576480544057984004
576482742670721568
576487141658345474
576496005462654978
576496076295512068
576496212628275208
576496486582325264
576497044777353248
576498135967334720
576500339025381504
576504749952599041
576531155541704705
576531190036562560
576531267078588424
576531398077186336
576532221649780740
576533324399382530
576535519161484352
576539917678026768
576601525225525376
576601558647570692
576601627306246160
576602041696125954
576602589572431873
576603706011682848
576605888379387912
576610294508290624
576742278853328912
576742300298788928
576742365792961568
576742510748504068
576742777573081345
576743328947634696
576744426372661376
576746625611866114
577023736889214980
577023772058460161
577023840233721920
577023994314883586
577024256309755936
577024801936245888
577028108893487120
577032498433753352
577586686638170144
577586806829613440
577586927230812224
577587202268086280
577587752258897922
577588852311458320
577591052406362113
577595452598583300
578712595075170562
578712621407076384
578712693867807233
578712827265549328
578713102947190848
578714751274852360
578716967344553988
578721350357778560
580964390586024968
580964422798018576
580964489508225026
580964627362365568
580964901753848324
580965468624396352
580966559545065473
580973148300644384
630503951455748096
657538189979811840
765611936653019648
891712726219358348
900719925487337472
1080863910568919152
1152939135481152128
1152939167664078852
1152939234366201872
1152939646616080386
1152940213492793345
1152941304408178976
1152943495929923592
1152947893155398720
1152956731929659408
1152956758252068928
1152956830713384992
1152956964133667332
1152957239842078721
1152957788557804552
1152958888140619904
1152961104207478786
1152991942213109762
1152992010858201092
1152992152524177416
1152992425256419856
1152992973164650528
1152994089554706496
1152996271934538112
1153000678050762753
1153062276723539970
1153062311889485856
1153062380073124865
1153062534157176848
1153062796154372416
1153064443299561480
1153066648731918340
1153071038255859840
1153203016091312129
1153203065483166848
1153203117295141128
1153203254545383456
1153204083392251908
1153205179144733186
1153207377797845056
1153211776758775824
1153484489054552096
1153484600597577856
1153484731585792064
1153485021497008136
1153485555146162434
1153486657895269392
1153488852678083073
1153493251223732228
1154047439418691592
1154047473333829904
1154047544116920322
1154047680467443840
1154047954404246532
1154048512619511872
1154049603805644801
1154056217786712608
1155173338849493056
1155173381730468360
1155173579433705729
1155173854461624448
1155174404469325840
1155175504517664772
1155177704622916640
1155182104812724226
1157425155790602500
1157425177248858113
1157425242747175488
1157425387735614466
1157425654531098656
1157426205894381696
1157429502549704720
1157433900463587336
1351079888211148837
1378101486001061888
1486189388860751872
1531223873306011648
1585267076417716224
1750510472349614080
1837473149092888576
1873497471427018752
