255
26424
47560
120882
207444
341156
412001
414346
435219
689060
838668
1249681
1585761
1705290
3304576
3489799
5606144
6910208
12593826
12763206
13205529
14681484
22102120
22582400
26097664
27268194
39852073
43275520
44274176
51003413
52437518
77606933
85229652
86575744
88083482
92382464
103317571
105177216
109379626
155975715
159385908
167777106
187040128
230707712
503323776
806109266
833667072
859842816
879165440
1023410189
1344020864
1461714992
1482696192
1661829120
1719665536
1755316250
1879050856
1879217408
2530738176
2952791700
2953969699
3489759246
3632676864
3758104901
3758643328
5101915136
5637718049
5906776076
6501174784
6599835648
6710888729
6711194112
6991904880
7516194210
9933246976
10938755840
11031024000
11142168676
11274302474
11811487793
12963299328
13191086087
13422010496
13958648916
14164164648
15033991186
19864437504
20493369347
21787320448
22012002342
22080919040
22184214528
22548932608
25930432512
26038250529
26038403160
26306677138
26844464640
26884472832
66320334848
109523173376
114456264704
115964123776
190052315904
195421012042
224680476693
234076028928
240518170064
240518178860
240564387840
357019156553
362387874944
363377721344
377957310720
377957711894
412524478470
423323435008
446676877337
450435776512
481037647970
481071991552
652836110347
652986037248
696736808960
721554735200
721556095616
727093084160
755991838792
762893570304
837787059968
858993463884
859017707520
859203174433
861409388672
893454778368
1168403071052
1280168689714
1305670070403
1305671271936
1307303739392
1408793313360
1408887686016
1426197938176
1448821653504
1511988428800
1518270939173
1669133500416
1683627265280
1717986921009
1729798078530
1808449814528
1924145889322
2405182542336
2508262024704
2508378345728
2509603078211
2542649999365
2611340544128
2776696356877
2784749420596
2817498759192
2817569851776
2886218032198
3332895539268
3333047713832
3350691053568
3367291600896
3369670288640
3435973841180
3440805685760
3583613616128
3848299091584
3853660553216
7546257539072
13218835759104
13881455935488
16561393893414
23330463678464
23914377916672
24223616909312
24346827423744
27377195286528
29736206073856
30786325578633
30786325580912
30795453054976
45733617074176
48378511917130
48378547283200
48378650034197
48388443736192
56487447625728
57174604841004
57174605208064
57174663364626
57177899270144
61572652605952
61578556735491
61591978513536
80676666818560
83562959214848
83563020877824
83567983984708
85933705666688
90778604929024
92359131923712
92372935385600
93046171500579
96757023252758
96774473154560
107971451289600
109951163973712
109977167462400
114349209521152
123145302655360
123248381526085
149980257983488
153934471626752
167125790490660
167744243073024
180319990853760
180324471275520
180337623695457
181052198879232
181763015966744
184717955057920
184748030820352
193514189106176
215229470343168
215504279048756
215504321560576
215525753883776
219902409850880
219902497524224
219905546780760
228705330790400
229892956356608
246295488888832
246909079921408
294669117403136
299067364835328
303490979070022
319201969453056
321057540014720
325455441826148
325455626420224
328341660499968
334251535925297
356252774563840
357925419745280
360659678144512
361017842335744
369435922726912
369435957269120
387037219782684
387860242890752
388196324900864
426610511579434
426610615517184
431008558089922
431008558252045
434325615017984
439816504213504
440285687988224
442587789920768
494848951975955
567382630219905
567382930229256
567383500787728
567384641904672
567386659881280
567390958027266
567399556383748
567417123112962
567417323405828
567417802064129
567418900516928
567421031415944
567425313670176
567433901416464
567485711552516
567485977919776
567486646862856
567487604195841
567489801101314
567494062899344
567502627407936
567623154737160
567623432015874
567623953809984
567625029535760
567627206394881
567631602254084
567640125866144
567898041090320
567898426867904
567898864099332
567899905590274
567902059122720
567906412857345
567914940334600
568447813812768
568448057869328
568448589561986
568449726185736
568451809150980
568456118296640
568464825782273
569547359257664
569547564523521
569548113741856
569549179191428
569551452439056
569555616272392
569564236628226
571780708212800
571780951511041
571781484134944
571782621825028
571784703378448
571789013418248
571797720531074
571815101599752
571815307018498
571815857488960
571816922055184
571819195129857
571823358017668
571831979870240
571883756454402
571884056085508
571884626280577
571885767229760
571887784626184
571892084776992
571900682063888
572021209827329
572021596488200
572022031712528
572023073968160
572025228230848
572029581411330
572038108553220
572296204977184
572296406769680
572296884520962
572297983312008
572300114035204
572304396652608
572312985272577
572845834912004
572846111850656
572846634180616
572847710274561
572849887645698
572854282258448
572862805115456
573945343377552
573945608685632
573946278187012
573947234033666
573949432037664
573953693319681
573962257990664
580576834814210
580577040793732
580577589862401
580578655093824
580580928425992
580585091500064
580593713676816
580611135799456
580611412658192
580611934801922
580613011677192
580615187595524
580619583619648
580628106183681
580679981342736
580680183451712
580680660615684
580681759492098
580683890689056
580688172564737
580696760516744
580817288954884
580817587822624
580818158749704
580819299139713
580821316796930
580825615831056
580834214052160
581092197797889
581092440801544
581092973249552
581094110003744
581096192417856
581100503040130
581109209384964
581641923856448
581642190094849
581642860101920
581643815620612
581646013186192
581650274649096
581658839883778
582741447950856
582741833942018
582742270279872
582743312826640
582749819805700
582758346854432
598169088033284
598169289262112
598169768427656
598170866548993
598172997011458
598177279451152
598185867743296
598203346994192
598203590385728
598204123187204
598205260103810
598207343100448
598211651735553
598220359139592
598272049742016
598272436078593
598272871895072
598273914068996
598276067852560
598280421769736
598288949576706
598409476571424
598409742647440
598410411417602
598411367810056
598413565562884
598417827956800
598426391691777
598684351891464
598684651815426
598685222191424
598686364078096
598688380616833
598692680172548
598701278240800
599234173739009
599234378223624
599234928181776
599235993077792
599238266586176
599242429300994
599251050594436
600333625856002
600333903462660
600334424671233
600335500476992
600337677819912
600342072934560
600350595876880
633353330230280
633353597362178
633354265364544
633355221631120
633357419938305
633361680846852
633370245726496
633387702820868
633388088430624
633388524405256
633389566789633
633391720498178
633396075168016
633404601155776
633456472115232
633456677749264
633457227333890
633458292953096
633460566786180
633464728618048
633473350049793
633593877627010
633594120800260
633594654494721
633595790368832
633597872587016
633602182283808
633610890118160
633868731286080
633869007078401
633869529776288
633870605156612
633872782198800
633877177704456
633885700427778
634418479829008
634418780176704
634419350209540
634420490945026
634422508429344
634426807812225
634435406923784
635518123540737
635518324899976
635518803009552
635519902942240
635522032734272
635526315509762
635534903083524
703722078865424
703722355425856
703722877387012
703723953328130
703726130102432
703730526716929
703739048517640
703756433949185
703756700746760
703757369344144
703758325530912
703760523364416
703764785012738
703773350563844
703825183768840
703825426006146
703825959198784
703827095389200
703829178060801
703833487575044
703842194850336
703962722357312
703962923794689
703963402077216
703964501246468
703966632484880
703970913845384
703979501717506
704237533397124
704237739706400
704238288179208
704239353503745
704241627300098
704245789639184
704254411146304
704787238650882
704787624566788
704788060719105
704789104033984
704791256891912
704795610976288
704804137730320
705886735704096
705887035494416
705887606931970
705888746997768
705890764211204
705895063421248
705903662203009
844459576135712
844459960975632
844460397691906
844461439517192
844463593496580
844467947045056
844476473968641
844493920403776
844494221082753
844494790533152
844495931343876
844497949298704
844502247950344
844510846386690
844562646041601
844562922774536
844563445975056
844564521025696
844566697624128
844571093307394
844579616588036
844700143616528
844700349170752
844700898574468
844701964960002
844704237357088
844708400603137
844717021728776
844974958600194
844975225049092
844975894168065
844976850733120
844979049071624
844983309467936
844991874269328
845524844937352
845525046003714
845525523927104
845526622937104
845528753570049
845533036937732
845541623743520
846624255444996
846624499171872
846625031454984
846626168000513
846628250484866
846632560362512
846641268531264
1130332598575106
1130332985233412
1130333420454401
1130334462707776
1130336616973320
1130340970152224
1130349497286800
1130366943891488
1130367243518224
1130367813714946
1130368954663432
1130370972065796
1130375272202432
1130383869495297
1130435669148176
1130435946087488
1130436468408452
1130437544509698
1130439721879584
1130444116500481
1130452639354888
1130573166938116
1130573372359200
1130573922828552
1130574987399169
1130577260462210
1130581423358992
1130590045216832
1130847982846977
1130848248160264
1130848917653520
1130849873494176
1130852071506496
1130856332791810
1130864897458436
1131397867700544
1131398069485697
1131398547251232
1131399646036996
1131401776762896
1131406059374600
1131414647996930
1132497278632072
1132497521936386
1132498054565952
1132499192258576
1132501273805057
1132505583845892
1132514290959392
1134730762274824
1134730963714562
1134731441996096
1134732541169680
1134734672396417
1134738953765892
1134747541643296
1134765022380548
1134765264618528
1134765797802120
1134766933999873
1134769016670210
1134773326192656
1134782033465408
1134833724064032
1134834109972624
1134834546139138
1134835589448712
1134837742309380
1134842096388160
1134850623144449
1134971150471170
1134971417264388
1134972085863425
1134973042049600
1134975239888904
1134979501523104
1134988067080208
1135246026342592
1135246326138881
1135246897582112
1135248037650436
1135250054856976
1135254354067976
1135262952850434
1135795847300112
1135796053614656
1135796602079236
1135797667397762
1135799941202464
1135804103544833
1135812725047560
1136895300476929
1136895577034760
1136896098992656
1136897174931488
1136899351708736
1136903748321538
1136912270114948
1143526754747424
1143526997925904
1143527531612162
1143528667480200
1143530749706756
1143535059406912
1143543767236865
1143561147932736
1143561353564161
1143561903145504
1143562968762372
1143565242598416
1143569404428552
1143578025853058
1143629802440705
1143630102790664
1143630672822544
1143631813562400
1143633831035072
1143638130426882
1143646729543684
1143767256531088
1143767642146880
1143768078127108
1143769120514050
1143771274215712
1143775628886529
1143784154874888
1144042251387394
1144042452747268
1144042930847873
1144044030787904
1144046160578568
1144050443362336
1144059030933520
1144591882391560
1144592158179586
1144592680879168
1144593756258832
1144595933306881
1144600328798340
1144608851527712
1145691389034756
1145691656159392
1145692324175880
1145693280437249
1145695478747138
1145699739650064
1145708304532032
1161118910251280
1161119209111744
1161119780052996
1161120920437762
1161122938097696
1161127237126145
1161135835349512
1161153401323649
1161153603438600
1161154080608272
1161155179487264
1161157310677312
1161161592553986
1161170180506628
1161221990653960
1161222256889858
1161222926893632
1161223882410000
1161226079978497
1161230341439748
1161238906667168
1161359433696320
1161359710560257
1161360232695840
1161361309565060
1161363485491728
1161367881519112
1161376404078850
1161634319978500
1161634705965344
1161635142304776
1161636184850945
1161638339158018
1161642691821712
1161651218876480
1162184093075458
1162184336081412
1162184868528385
1162186005286976
1162188087689352
1162192398320672
1162201104670736
1163283637797408
1163283843777552
1163284392837250
1163285458075912
1163287731406852
1163291894489152
1163300516663297
1196303287648388
1196303564933152
1196304086732808
1196305162461185
1196307339313410
1196311735173648
1196320258786368
1196337643161616
1196337909531200
1196338578473220
1196339535810562
1196341732704416
1196345994511361
1196354559025160
1196406392229952
1196406636282113
1196407167976480
1196408304599556
1196410387570704
1196414696702088
1196423404193794
1196543932637216
1196544132927504
1196544611582466
1196545710032904
1196547840934916
1196552123187520
1196560710926465
1196818742903048
1196818948161666
1196819497394240
1196820562838544
1196822836088833
1196826999916548
1196835620274720
1197368447992321
1197368833770504
1197369270993040
1197370312491296
1197372466022464
1197376819765250
1197385347239940
1198467944825858
1198468244840452
1198468815390721
1198469956501696
1198471974486536
1198476272635936
1198484870988048
1266672090517505
1266672296067336
1266672845472784
1266673911857696
1266676184260672
1266680347492482
1266688968624132
1266706391630082
1266706668355716
1266707191570433
1266708266615872
1266710443216904
1266714838894624
1266723362177552
1266775237329924
1266775438401568
1266775916316680
1266777015320705
1266779145961986
1266783429333008
1266792016134464
1266912543900168
1266912844579842
1266913414021312
1266914554839312
1266916572792833
1266920871452676
1266929469886496
1267187453075472
1267187696799808
1267188229079556
1267189365622786
1267191448110112
1267195757986049
1267204466147464
1267737179472032
1267737445926928
1267738115051522
1267739071619080
1267741269950724
1267745530348096
1267754095150081
1268836704716864
1268837089559041
1268837526274336
1268838568103940
1268840722071696
1268845075629064
1268853602557954
1407409516446272
1407409782522881
1407410451284128
1407411407683844
1407413605435408
1407417867837448
1407426431569922
1407443888309256
1407444274651138
1407444710459456
1407445752627344
1407447906419201
1407452260339716
1407460788142368
1407512659099778
1407512863590404
1407513413554177
1407514478452800
1407516751954184
1407520914670112
1407529535964176
1407650063466753
1407650306850952
1407650839666704
1407651976578080
1407654059577408
1407658368206850
1407667075613188
1407924916455456
1407925194064400
1407925715271938
1407926791081992
1407928968413316
1407933363536960
1407941886484481
1408474665754628
1408474965676064
1408475536048648
1408476677933057
1408478694474754
1408482994028816
1408491592089792
1409574309597200
1409574510821696
1409574989988868
1409576088109570
1409578218577952
1409582501003393
1409591089301512
1692869949652993
1732830419746816
1864775747239936
1974722883960832
2005509209066880
2256232522449156
2256232765456544
2256233297911816
2256234434659329
2256236517068802
2256240827697168
2256249534038592
2256266915283088
2256267121264704
2256267670327300
2256268735569922
2256271008891168
2256275171967489
2256283794146312
2256335570739264
2256335869595649
2256336440525344
2256337580918788
2256339598574608
2256343897604360
2256352495829122
2256473023333408
2256473409331216
2256473845663746
2256474888208520
2256477042508292
2256481395183680
2256489922232577
2256748018929672
2256748221038850
2256748698207296
2256749797081616
2256751928287233
2256756210155652
2256764798109728
2257297648683009
2257297925538312
2257298447679760
2257299524554784
2257301700477120
2257306096501762
2257314619072516
2258397156213250
2258397422453764
2258398092460161
2258399047975232
2258401245546504
2258405507014688
2258414072238096
2260630544319490
2260630820118532
2260631342811137
2260632418189504
2260634595230216
2260638990733344
2260647513456912
2260664899084320
2260665166204944
2260665834209794
2260666790479880
2260668988785668
2260673249689920
2260681814573185
2260733647783952
2260733890953792
2260734424645892
2260735560519682
2260737642741920
2260741952439297
2260750660280328
2260871187300484
2260871388661792
2260871866765320
2260872966709249
2260875096490242
2260879379268112
2260887966843968
2261145998082561
2261146203718664
2261146753302672
2261147818918176
2261150092757056
2261154254594050
2261162876014596
2261695704076352
2261696089686273
2261696525665312
2261697568047620
2261699721764880
2261704076427400
2261712602417154
2262795200561416
2262795500912770
2262796070953024
2262797211681808
2262799229161473
2262803528550404
2262812127658528
2269426632118288
2269426898567488
2269427567690756
2269428524253698
2269430722600992
2269434982989953
2269443547793416
2269461005467905
2269461390311560
2269461827035152
2269462868853792
2269465022828608
2269469376382978
2269477903303172
2269529774261256
2269529979822082
2269530529220672
2269531595604112
2269533867999745
2269538031243268
2269546652369184
2269667179692608
2269667423421441
2269667955703968
2269669092245764
2269671174735888
2269675484618760
2269684192776194
2269942032506884
2269942309228576
2269942832431624
2269943907485697
2269946084082690
2269950479761680
2269959003046080
2270491782152322
2270492082833412
2270492652277761
2270493793099840
2270495811043592
2270500109697568
2270508708135952
2271591426164768
2271591627227664
2271592105148674
2271593204158472
2271595334795396
2271599618163776
2271608204976129
2287018881321024
2287019087626753
2287019636097312
2287020701421572
2287022975221904
2287027137561608
2287035759075330
2287053182599688
2287053459162114
2287053981122752
2287055057060112
2287057233840129
2287061630459908
2287070152249376
2287122027397378
2287122228838532
2287122707128321
2287123806291008
2287125937524744
2287130218891296
2287138806759952
2287259334348801
2287259634139400
2287260205581328
2287261345645088
2287263362867264
2287267662069890
2287276260853764
2287534244626592
2287534486865936
2287535020052482
2287536156254216
2287538238914820
2287542548431424
2287551255708673
2288083970098180
2288084236902432
2288084905494536
2288085861679233
2288088059511298
2288092321157136
2288100886708544
2289183494283280
2289183880187968
2289184316342788
2289185359661058
2289187512517664
2289191866597633
2289200393355400
2322203188167200
2322203488093200
2322204058468482
2322205200351496
2322207216896004
2322211516457024
2322220114513921
2322237680124992
2322237881360385
2322238360520736
2322239458640004
2322241589101072
2322245871538184
2322254459830530
2322306269970561
2322306536048648
2322307204812816
2322308161216544
2322310358958400
2322314621354498
2322323185091588
2322443712856336
2322443990466752
2322444511682564
2322445587481602
2322447764820000
2322452159940609
2322460682879496
2322718598957058
2322718985290244
2322719421104385
2322720463278144
2322722617065608
2322726970983456
2322735498797072
2323268371505160
2323268614885378
2323269147689536
2323270284609552
2323272367604737
2323276676235524
2323285383643296
2324367917715460
2324368122200352
2324368672162824
2324369737056769
2324372010573826
2324376173281424
2324384794576960
2392571947122824
2392572332902402
2392572770127936
2392573811630096
2392575965151489
2392580318888452
2392588846367776
2392606292068356
2392606592074272
2392607162630408
2392608303747073
2392610321727618
2392614619874320
2392623218237504
2392675017887776
2392675295166736
2392675816965122
2392676892688904
2392679069556740
2392683465408704
2392691989022721
2392812516024322
2392812721278980
2392813270499841
2392814335952960
2392816609199112
2392820773028128
2392829393387664
2393087330517312
2393087596888193
2393088265838624
2393089223164932
2393091420065808
2393095681869832
2393104246374914
2393637217370640
2393637417665600
2393637896323204
2393638994772226
2393641125677088
2393645407936513
2393653995671560
2394736627549185
2394736871612424
2394737403299856
2394738539921568
2394740622885440
2394744932028418
2394753639514372
2533309552861185
2533309754642440
2533310232396304
2533311331190816
2533313461912640
2533317744525570
2533326333149316
2533343811899394
2533344055197956
2533344587826177
2533345725514304
2533347807076360
2533352117108896
2533360824223760
2533412514824708
2533412901487648
2533413336711304
2533414378963201
2533416533231618
2533420886417424
2533429413548096
2533549941983240
2533550207287810
2533550876787008
2533551832633360
2533554030641281
2533558291923972
2533566856601632
2533824817267728
2533825116905536
2533825687095300
2533826828042370
2533828845437472
2533833145585665
2533841742872840
2534374637699360
2534374843121808
2534375393599490
2534376458159112
2534378731229188
2534382894123072
2534391515972097
2535474090492096
2535474367432705
2535474889756704
2535475965861892
2535478143222032
2535482537837064
2535491060696066
2999467720572978
3711972998643712
3940649673953817
3940649811607552
3968481062027264
4508032370213384
4508032574702594
4508033124663488
4508034189558032
4508036463069185
4508040625790980
4508049247080480
4508066670445572
4508066948063264
4508067469264904
4508068545069185
4508070722404866
4508075117531152
4508083640467776
4508135515619488
4508135716849680
4508136196018178
4508137294143496
4508139424596228
4508143707030080
4508152295326721
4508272822354178
4508273122279556
4508273692663809
4508274834539584
4508276851085320
4508281150638112
4508289748697616
4508547731703872
4508547975086593
4508548507894048
4508549644816388
4508551727808656
4508556036441096
4508564743856130
4509097458671632
4509097724743744
4509098393502212
4509099349903362
4509101547652128
4509105810047233
4509114373783688
4510196982419457
4510197368750344
4510197804565520
4510198846734880
4510201000534080
4510205354442882
4510213882251268
4512430352892161
4512430619132040
4512431289147408
4512432244655136
4512434442227776
4512438703687682
4512447268913668
4512464725098626
4512465111091204
4512466589982784
4512468744274184
4512473096946208
4512481623999504
4512533494964228
4512533700939808
4512534249996808
4512535315236865
4512537588564994
4512541751640336
4512550373818560
4512670900814856
4512671143829506
4512671676270656
4512672813023376
4512674895430145
4512679206064132
4512687912403232
4512945753067536
4512946029920576
4512946552062980
4512947628933634
4512949804867616
4512954200883329
4512962723448840
4513495503603744
4513495802462736
4513496373395714
4513497513791496
4513499531444356
4513503830475840
4513512428707841
4514595146564160
4514595348677633
4514595825844384
4514596924719364
4514599055919120
4514603337801736
4514611925749762
4521226458400772
4521226844308000
4521227280466184
4521228323786753
4521230476640386
4521234830722064
4521243357487168
4521260803555856
4521261103350848
4521261674791044
4521262814855426
4521264832071712
4521269131288577
4521277730066440
4521329529717056
4521329806278785
4521330328248352
4521331404178436
4521333580959760
4521337977571336
4521346499363330
4521467027132448
4521467233435920
4521467781907458
4521468847227400
4521471121039364
4521475283370176
4521483904878593
4521741841924232
4521742108723202
4521742777323584
4521743733514256
4521745931337985
4521750192980484
4521758758536224
4522291727713281
4522291929161736
4522292407437328
4522293506605216
4522295637836352
4522299919208450
4522308507074820
4523391139717122
4523391381950468
4523391915131393
4523393051330624
4523395133998088
4523399443513632
4523408150790288
4538818636046368
4538818912981008
4538819435299330
4538820511401992
4538822688769028
4538827083383104
4538835606241409
4538852992618560
4538853257920769
4538853927420960
4538854883262980
4538857081282576
4538861342556296
4538869907228674
4538921740435969
4538921983738888
4538922516365456
4538923654054176
4538925735610432
4538930045657090
4538938752765956
4539059280087056
4539059481870912
4539059959628036
4539061058424834
4539063189143712
4539067471758337
4539076060389384
4539334090949634
4539334296379396
4539334846842881
4539335911407808
4539338184475144
4539342347374624
4539350969221392
4539883796562184
4539884183224450
4539884618457152
4539885660701712
4539887814971393
4539892168148996
4539900695282208
4540983293771908
4540983593404448
4540984163602440
4540985304555521
4540987321942274
4540991622087184
4541000219378752
4574003134468098
4574003335528708
4574003813450753
4574004912456256
4574007043104776
4574011326464160
4574019913271312
4574037393080608
4574037636808848
4574038169100290
4574039305634824
4574041388126212
4574045698000960
4574054406160897
4574106096763920
4574106481614912
4574106918324228
4574107960148098
4574110114120224
4574114467680257
4574122994598152
4574243522101764
4574243788555296
4574244457676936
4574245414240513
4574247612581890
4574251872985104
4574260437782592
4574518398164993
4574518698840072
4574519268278800
4574520409098272
4574522427049024
4574526725701890
4574535324139652
4575068218753216
4575068424308737
4575068973715488
4575070040104964
4575072312492304
4575076475732488
4575085096862722
4576167671760904
4576167948485122
4576168471691584
4576169546747920
4576171723341953
4576176119022596
4576184642314272
4644371746063424
4644372046422017
4644372616448032
4644373757182084
4644375774659088
4644380074053640
4644388673159426
4644406237896712
4644406439251970
4644406917349952
4644408017291280
4644410147079169
4644414429856004
4644423017431200
4644474827573250
4644475094696452
4644475762704641
4644476718977088
4644478917279880
4644483178185760
4644491743076368
4644612271505537
4644612547299336
4644613070000144
4644614145384480
4644616322416960
4644620717916674
4644629240644612
4644887157277216
4644887542891536
4644887978868866
4644889021251848
4644891174963204
4644895529640000
4644904055623681
4645436929478660
4645437172646176
4645437706339336
4645438842208769
4645440924442626
4645445234131088
4645453941966912
4646536474542352
4646536680177856
4646537229770756
4646538295378946
4646540569219104
4646544731047937
4646553352471048
4785109266071696
4785109510129728
4785110041825284
4785111178452994
4785113261408544
4785117570548225
4785126278038536
4785143659628545
4785143864885768
4785144414109968
4785145479565344
4785147752808640
4785151916639234
4785160537006084
4785212313587720
4785212613591298
4785213184148544
4785214325260816
4785216343252993
4785220641390724
4785229239748640
4785349767340096
4785350153113601
4785350590333472
4785351631833092
4785353785361424
4785358139097352
4785366666576002
4785624763597060
4785624963891360
4785625442557960
4785626540999681
4785628671905794
4785632954157072
4785641541894720
4786174392599042
4786174669882372
4786175191679105
4786176267403584
4786178444265480
4786182840131616
4786191363739664
4787273900000288
4787274166378512
4787274835314690
4787275792646280
4787277989544452
4787282251354176
4787290815856897
5823013580881920
6056123467563008
6192449487642915
6192449489340928
6192472036216960
7107243382145024
7318349394539520
7318349400768586
7318359494361088
7318607629385728
7321373051781120
7881299383551616
7881299486316800
7881318675873792
7991559748321280
9011632063677456
9011632265044032
9011632743139332
9011633843077250
9011635972866592
9011640255647745
9011648843219208
9011666322857985
9011666566025224
9011667099714064
9011668235585568
9011670317810752
9011674627506434
9011683335340164
9011735025944584
9011735411556866
9011735847534912
9011736889921552
9011739043627137
9011743398298628
9011751924293664
9011872452051136
9011872719177729
9011873387188256
9011874343460868
9011876541759760
9011880802664968
9011889367548930
9012147327664644
9012147628016672
9012148198047880
9012149338784001
9012151356262402
9012155655659536
9012164254765120
9012697148444674
9012697354076420
9012697903662081
9012698969276992
9012701243121672
9012705404944544
9012714026371088
9013796602380576
9013796878172304
9013797400879106
9013798476252168
9013800653295620
9013805048793152
9013813571518977
9016030043570336
9016030248830992
9016030798057474
9016031863513096
9016034136752388
9016038300582464
9016046920942593
9016064344131648
9016064621412865
9016065143210272
9016066218938372
9016068395794576
9016072791655432
9016081315274754
9016133190422529
9016133390713096
9016133869372432
9016134967820832
9016137098731584
9016141380976770
9016149968717828
9016270496227344
9016270796230720
9016271366783492
9016272507897858
9016278824026369
9016287422382216
9016545405829378
9016545649885316
9016546181586945
9016547318203456
9016549401169928
9016553710307360
9016562417795600
9017095132054024
9017095398425602
9017096067367104
9017097024700688
9017099221600257
9017103483412484
9017112047915040
9018194656363524
9018195042148384
9018195479365640
9018196520861825
9018198674391554
9018203028131856
9018211555606848
9024826077610497
9024826355221512
9024826876428432
9024827952234784
9024830129571904
9024834524700674
9024843047636996
9024860433417218
9024860699500548
9024861368256513
9024862324654272
9024864522404360
9024868784803872
9024877348536592
9024929181745284
9024929425131552
9024929957941256
9024931094863873
9024933177852162
9024937486483984
9024946193892416
9025066721476872
9025066922705026
9025067401879616
9025068499993616
9025070630457345
9025074912888836
9025083501183520
9025341533194256
9025341737681472
9025342287642884
9025343352541186
9025345626046624
9025349788763137
9025358410063880
9025891237699616
9025891624030224
9025892059841026
9025893102012424
9025895255802884
9025899609719104
9025908137525377
9026990734610496
9026991034532097
9026991604909088
9026992746791428
9026994763341840
9026999062888584
9027007660951554
9042418288627720
9042418532352258
9042419064636480
9042420201177616
9042422283673601
9042426593542276
9042435301705760
9042452681883908
9042452887437472
9042453436850184
9042454503228417
9042456775626754
9042460938864656
9042469559992896
9042521336579104
9042521637265424
9042522206701570
9042523347517576
9042525365469700
9042529664127040
9042538262561025
9042658790998530
9042659175842820
9042659612557441
9042660654383424
9042662808356872
9042667161919520
9042675688837136
9042933785829440
9042933986889729
9042934464807456
9042935563814916
9042937694454800
9042941977821448
9042950564626562
9043483415412880
9043483692140608
9043484215349252
9043485290405890
9043487466996000
9043491862675969
9043500385960968
9044582922733569
9044583189185032
9044583858307344
9044584814874656
9044587013210304
9044591273608194
9044599838416900
9077602643886400
9077603029876865
9077603466223648
9077604508763140
9077606663065616
9077611015735304
9077619542786562
9077636989976712
9077637288839170
9077637859774528
9077639000170512
9077641017819393
9077645316850180
9077653915075616
9077705714737154
9077705991589892
9077706513728001
9077707590600768
9077709766525960
9077714162549024
9077722685112464
9077843212436481
9077843418423304
9077843967477776
9077845032714400
9077847306043968
9077851469123586
9077860091298052
9078118027497504
9078118293733648
9078118963741698
9078119919256072
9078122116833284
9078126378287296
9078134943516673
9078667913463812
9078668115575328
9078668592742664
9078669691621377
9078671822815362
9078676104692752
9078684692652096
9079767324688912
9079767567696960
9079768100143236
9079769236898050
9079771319306272
9079775629942785
9079784336281608
9147971376521220
9147971641823264
9147972311319048
9147973267163137
9147975465174018
9147979726455056
9147988291125440
9148005748051984
9148006134710592
9148006569935876
9148007612187138
9148009766461472
9148014119633025
9148022646769672
9148074517725760
9148074723148801
9148075273617568
9148076338184452
9148078611253264
9148082774155272
9148091396001794
9148211923028000
9148212166328848
9148212698956034
9148213836648456
9148215918198916
9148220228240448
9148228935360513
9148486775751688
9148487052697602
9148487575013440
9148488651112592
9148490828481025
9148495223099396
9148503745954080
9149036525781249
9149036825411720
9149037395615760
9149038536557600
9149040553955392
9149044854097922
9149053451387396
9150136169070722
9150136370857988
9150136848617473
9150137947414592
9150140078129416
9150144360743456
9150152949367824
9288708861855746
9288709161648644
9288709733089537
9288710873157696
9288712890368136
9288717189579808
9288725788368912
9288743353598496
9288743555040272
9288744033321090
9288745132491016
9288747263723524
9288751545098304
9288760132964353
9288811943100688
9288812209897664
9288812878503940
9288813834683394
9288816032518176
9288820294158337
9288828859712008
9288949386711044
9288949663269152
9288950185231368
9288951261168129
9288953437954050
9288957834559632
9288966356355136
9289224272511105
9289224658421768
9289225094582288
9289226137903136
9289228290752832
9289232644833794
9289241171592196
9289774046118976
9289774288363521
9289774821541920
9289775957737604
9289778040406544
9289782349926408
9289791057199362
9290873590521864
9290873796825090
9290874345292352
9290875410614288
9290877684417537
9290881846755588
9290890468262048
10696049266008704
10696068442357782
11821949032339584
11821949043539968
11824285484058368
12182588835758145
12384899084468224
12384902196505600
12384925281943592
12385654890627072
12613597394632704
13880236668092416
13968195720642560
14073755546501120
14232078627373056
14636698789150793
14638210617446912
14639010555101184
14667485127114752
15762598767099953
15764282322976774
16048471719027072
18018831188428832
18018831455224336
18018832123822338
18018833080012808
18018835277840516
18018839539483712
18018848105046017
18018865560715840
18018865946625025
18018866382782624
18018867426099460
18018869578958864
18018873933045768
18018882459799554
18018934330753281
18018934537060488
18018935085539344
18018936150852640
18018938424660032
18018942586996738
18018951208501764
18019071736942608
18019071979176256
18019072512361476
18019073648558594
18019075731234848
18019080040743041
18019088748021768
18019346589155458
18019346865719300
18019347387682817
18019348463624256
18019350640394504
18019363558802448
18019896338285576
18019896638087170
18019897209522240
18019898349584528
18019900366799361
18019904666013700
18019913264791840
18020995981926404
18020996183363616
18020996661641736
18020997760813057
18020999892042754
18021004173410576
18021012761280704
18023229233041412
18023229533716768
18023230103159816
18023231243977217
18023233261936642
18023237560582288
18023246159022144
18023263725158672
18023263926223040
18023264404152324
18023265503151106
18023267633795104
18023271917160449
18023280503964168
18023332314104896
18023332580564993
18023333249681440
18023334206242948
18023336404582928
18023340664983560
18023349229781250
18023469757366816
18023470034093072
18023470557298818
18023471632351496
18023473808951300
18023478204637248
18023486727917569
18023744644587528
18023745029427202
18023745466139200
18023746507966480
18023748661937153
18023753015492868
18023761542414496
18024294416187521
18024294659917832
18024295192203280
18024296328749088
18024298411229504
18024302721106434
18024311429268484
18025393961338882
18025394166891012
18025394716295425
18025395782684736
18025398055075976
18025402218316832
18025410839453712
18032025458966720
18032025659262977
18032026137923616
18032027236376580
18032029367271696
18032033649525256
18032042237264898
18032059717257224
18032059961311746
18032060493005120
18032061629632528
18032063712592001
18032076729229344
18032128419827714
18032128805601540
18032129242825729
18032130284323392
18032132437860360
18032136791589024
18032145319069712
18032265846104065
18032266112471048
18032266781409808
18032267738744864
18032269935641664
18032274197446914
18032282761953412
18032540721889568
18032541021896848
18032541592461314
18032542733566984
18032544751554564
18032549049698368
18032557648052737
18033090543223300
18033090748482592
18033091297706120
18033092363157761
18033094636406786
18033098800242704
18033107420598336
18034189995672592
18034190272962624
18034190794754052
18034191870476418
18034194047336992
18034198443200513
18034206966808840
18049617527047169
18049617912668168
18049618348640272
18049619391021216
18049621544731200
18049625899405314
18049634425389316
18049651871653890
18049652172001284
18049652742029825
18049653882767424
18049655900242952
18049668798742672
18049720598398980
18049720874189344
18049721396887816
18049722472271873
18049724649308290
18049729044808720
18049737567543360
18049858095038600
18049858300676098
18049858850263104
18049859915882512
18049862189711617
18049866351542788
18049874972967968
18050132910277136
18050133177402432
18050133845409924
18050134801678594
18050136999987232
18050141260898305
18050149825777672
18050682795888672
18050682997244176
18050683475346434
18050684575285768
18050686705082372
18050690987851968
18050699575429121
18051782206947648
18051782450118785
18051782983819296
18051784119682052
18051786201911312
18051790511605768
18051799219438082
18084801949081616
18084802154500160
18084802704966148
18084803769534466
18084806042600480
18084810205495553
18084836249980929
18084836526915848
18084837049238544
18084838125339168
18084840302714944
18084844697321602
18084853220182020
18084905095332360
18084905297118210
18084905774874816
18084906873667856
18084909004392449
18084913287012356
18084921875632160
18085042402625600
18085042702254593
18085043272450336
18085044413403140
18085046430793872
18085050730939400
18085059328237570
18085317311497220
18085317554806816
18085318087428104
18085319225114753
18085321306669570
18085325616713744
18085334323822912
18085867038966018
18085867304272004
18085867973779457
18085868929614912
18085871127629832
18085875388909600
18085883953578512
18086966562390176
18086966949054480
18086967384281090
18086968426536968
18086970580795652
18086974933975616
18086983461110785
18155170659582466
18155170902967300
18155171435774081
18155172572692800
18155174655690760
18155178964328480
18155187671732240
18155205053908000
18155205258403856
18155205808359426
18155206873251976
18155209146761732
18155213309481024
18155221930770689
18155273707356304
18155274007283776
18155274577661956
18155275719548930
18155277736083744
18155282035638785
18155290633700360
18155411161022724
18155411547357344
18155411983179784
18155413025342465
18155415179137026
18155419533051920
18155428060856896
18155686156437505
18155686357664264
18155686836830480
18155687934955552
18155690065412288
18155694347846658
18155702936150020
18156235786559552
18156236064165889
18156236585370144
18156237661177860
18156239838512144
18156244233634056
18156252756574338
18157335294251016
18157335560323330
18157336229086272
18157337185485328
18157339383242753
18157343645630596
18157352209369120
18295908122788104
18295908399644802
18295908921794624
18295909998658576
18295912174587905
18295916570609668
18295925093171744
18295942478430340
18295942744672288
18295943414681608
18295944370200577
18295946567762178
18295950829224464
18295959394452544
18296011227668512
18296011470671888
18296012003115522
18296013139871752
18296015222277124
18296019532906816
18296028239249537
18296148767015938
18296148969136132
18296149446297601
18296150545170624
18296152676368904
18296156958248992
18296165546197264
18296423577620544
18296423783596289
18296424332657696
18296425397895684
18296427671232528
18296431834300552
18296440456480770
18296973283051536
18296973669040704
18296974105379076
18296975147929602
18296977302225056
18296981654897665
18296990181957640
18298072781029889
18298073079890952
18298073650823312
18298074791215392
18298076808874048
18298081107910658
18298089706131460
18740076185452544
19140298439393361
19509734323257448
19703892883275776
19914354602293248
20706002974283008
20829148419194887
20829153376862592
20829168678748160
21393747682000896
21686767346256384
23080948166197248
23204093392586240
23504569304612864
23643898044760090
24769797951341312
24769803348606976
24770210267398228
24773165204897801
27021597765140536
27584560602546274
27585509790367744
27870420946386944
28147497671067173
28148081786622336
28149978551549952
28261865133965312
29273397615669760
29273775671345152
29333320961622016
29422942165139456
31525197410471168
31525197568344064
31740907829067776
36028797018971399
36033229702172736
36033229978894593
36033230502102048
36033231577154052
36033233753759760
36033238149431432
36033246672717826
36033264057598216
36033264324051074
36033264993181760
36033265949738000
36033268148080641
36033272408475652
36033280973275680
36033332806484994
36033333050220548
36033333582497793
36033334719037632
36033341111406624
36033349819564304
36033470346560001
36033470547624968
36033471025545360
36033472124551456
36033474255194176
36033478538567682
36033487125368836
36033745156874272
36033745362423824
36033745911824898
36033746978211848
36033749250606084
36033753413845312
36033762034974849
36034294863364228
36034295248209952
36034295684927496
36034296726757377
36034298880721154
36034303234277904
36034311761200192
36035394359527440
36035394660205120
36035396370468866
36035398388416672
36035402687071233
36035411285516296
36037627757003280
36037628143338560
36037628579152004
36037629621321986
36037631775115296
36037636129038337
36037644656840712
36037662102029313
36037664114213024
36037666130756160
36037670430314498
36037731105638402
36037731626848320
36037732702658576
36037734879985921
36037739275108868
36037747798049824
36037868326486336
36037868530974849
36037869080944672
36037870145831940
36037872419344400
36037876582057992
36037885203350018
36038143407030816
36038144075792648
36038145032196097
36038147229941890
36038151492338704
36038160056082496
36038693026406402
36038693227630596
36038693706793473
36038694804916288
36038696935375880
36038701217808672
36038709806104720
36039792437252128
36039792680632592
36039793213441026
36039794350359048
36039796433362948
36039809449396225
36046423835811848
36046424135438338
36046424705630784
36046425846581264
36046427863974913
36046432164118788
36046440761409696
36046458327207940
36046458528989472
36046459006747656
36046460105540097
36046462236270594
36046466518876304
36046526917640736
36046527182947344
36046528808288520
36046531006302212
36046535267590208
36046543832256513
36046664359757826
36046664636695044
36046665159016705
36046666235121728
36046668412485768
36046672807101472
36046681329967120
36046939246298176
36046939632967681
36046940068186144
36046941110435972
36046943264702992
36046947617886216
36046956145017090
36047489018659088
36047489261961408
36047489794596868
36047490932278274
36047493013835808
36047497323874305
36047506030985736
36048588563939457
36048588769363976
36048589319835664
36048590384406560
36048592657465664
36048596820361730
36048605442212868
36064016023453826
36064016289826820
36064016958771201
36064017916108864
36064020112998664
36064024374805024
36064032939312144
36064050395875360
36064050781651472
36064051218874626
36064052260376584
36064058767639616
36064067295125505
36064119166078992
36064119920559108
36064120986010114
36064123259265056
36064127423086721
36064136043448328
36064256571219972
36064256815271968
36064257346961928
36064258483587073
36064260566549506
36064264875688208
36064273583177920
36064531423756545
36064531701039240
36064532222844944
36064533298562080
36064535475425344
36064539871283202
36064548394893828
36065081173230144
36065081473238017
36065082043793568
36065083184906500
36065085202892816
36065089501044744
36065098099396610
36066180818011144
36066181018312706
36066181496965184
36066182595412112
36066184726315521
36066189008572420
36066197596307744
36099200425920513
36099200668156424
36099201201340688
36099202337542176
36099204420206784
36099208729723906
36099235024733188
36099235573203073
36099236638523712
36099238912329736
36099243074674720
36099251696177168
36099303472759044
36099303772553376
36099304344002568
36099305484059649
36099307501277186
36099311800485904
36099320399266368
36099440926298120
36099441312203010
36099442791678480
36099444944543745
36099449298616452
36099457825376288
36099715921625232
36099716123068480
36099716601352196
36099717700526082
36099719831748896
36099724113117697
36099732700988424
36100265552118816
36100265828687888
36100266350643202
36100267426578568
36100269603357188
36100273999974464
36100282521764097
36101365059100736
36101365325893633
36101365994488352
36101366950676484
36101369148507152
36101373410148616
36101381975703682
36169569269973280
36169569949261826
36169571048129544
36169573179330564
36169577461205056
36169586049155585
36169603529310400
36169603772319745
36169604304769056
36169605441527812
36169607523926288
36169611834556936
36169620540900354
36169672617496584
36169673053831696
36169674096379936
36169676250678336
36169680603349250
36169689130401924
36169809657988112
36169809924235328
36169810594236420
36169811549749378
36169813747319328
36169818008784897
36170084534718466
36170084833575172
36170085404509185
36170086544900672
36170088562565128
36170092861587616
36170101459814416
36170634354558984
36170634560537090
36170635109597504
36170636174839824
36170638448164993
36171733807432196
36171734084289568
36171734606430344
36171735683301633
36171742255259664
36171750777819200
36310306690974724
36310306896617504
36310308511809665
36310310785647106
36310314947481616
36310340993032208
36310341268820032
36310341791515140
36310342866896898
36310345043936288
36310349439435009
36310357962162312
36310409837316160
36310410038673921
36310411616718852
36310413746503824
36310418029282312
36310426616864770
36310547144179872
36310547444533264
36310548014567426
36310549155307528
36310551172776196
36310555472167488
36310564071277569
36310822053609992
36310822296781826
36310822830473408
36310823966343440
36310826048571393
36310830358274052
36310839066103840
36311371780198401
36311372047319304
36311372715328528
36311373671596576
36311375869911104
36311380130807938
36311388695693316
36312471304667394
36312471690281092
36312472126267393
36312473168643136
36312475322355720
36312479677024288
36591747208396800
37717646925365284
38280596891369545
39165841131962368
39406505685942272
39408970640654350
41095351431594005
41658296762892368
41659189906377728
41878198878732672
42785573802344448
42946942434541568
45035996273821312
45472227512025088
45598946227949824
45600595494568024
45689415418249216
46161917655386880
46214672908550144
46513739902648320
47287796087930980
47287801724534802
47287815561543680
49542482144264192
50146526319618048
54606145481869964
54606154761764864
54608550663553072
55169095435965440
55169109394227200
55170298026140160
56294995342590018
56294995343747072
56541286022250496
58546795155825857
58546795239702566
58549028578656256
58854658411675648
63050412869025792
63208724457586699
72057594107314216
72057594109232961
72057594205798437
72057601101791232
72057611755257932
72057612304129024
72057615513862528
72057624239013905
72057662906957824
72058281232698505
72058281384034304
72059243414431744
72059518183440404
72059861998764098
72059869334601728
72060137464430592
72061167450726624
72062550565454368
72066669309068320
72083982520426624
72101585778442240
72145555068813337
72145575369244708
72163147191943266
72206165546827776
72215923713644672
72343467062738953
72343484532523008
72361368484840576
72365457332240384
72418243515516160
72550175247769728
73746443898749040
74964702781931520
75998258752651264
77687111347601408
78813010928730112
84445791554371584
85568392920044690
90089593340183556
90634942511325952
91197892493246464
91378212361207814
92887326430068776
94575601570027520
95701495439163392
99080463113781248
108086529577992480
108086941085861892
108662535149852160
109212310559522881
110338200534265984
110490026554425344
112590450245763072
112765912699895808
121597190009782272
127015604715520000
144115192808243200
144115206330581074
144115359881658368
144115531743592448
144115806590992402
144116150148534448
144116459436509312
144116582866487552
144117447229259776
144117490188815360
144117524610564096
144117524705837067
144117536349225600
144117955263725568
144118486610788433
144124070085263620
144141576463974468
144167974029524992
144185608493899780
144189954866549833
144220741192132753
144229539722035200
144256063288401921
144264730784043776
144273539225092124
144300112324067328
144309526756065346
144401061099669248
144405459292397824
144467031798317094
144485860933379072
148618857530265601
149183387068792832
149476406772891672
153685347486138368
164944473894158336
165507286305955968
166633205808496680
171700904024605824
172262685831364608
180148524875285000
180152782328711184
180179238194790532
180285839309275168
180706935049682953
180922439333576704
181575617953660928
181832839518495744
182398547109347328
182817997373882368
184647590091620352
189151427283648512
202701565650276608
216172782114365954
216172782118256692
216172782133970432
216172784965911808
216172786677188802
216172790972162316
216172799293657733
216172885193003298
216173617556226048
216173917595762697
216175256014948888
216185976263802883
216225558755805440
216247962563510272
216252565427453952
216313519744745576
216331111823917056
216489454347632640
216595699490357248
217861941212758016
221805030427078656
262334678303047680
288232094222565376
288232712615526405
288232738469707776
288232850053416320
288233263711918080
288328782442399872
288393112730992657
288459246370160640
288476684204638218
288518860515049544
288529450293837824
288591016007565360
288810922595584001
291608075873419316
293613612998590464
308497978929184768
316800086298329088
324402113977387010
324822810318872960
326053576147795968
326510973003240192
333829340632449057
334392272332271682
342348342228942848
360287970189837858
360287970191024152
360287970214806224
360287970225294356
360287970357571584
360287970933112832
360287975021482152
360287979316838405
360287987713523712
360288074343399424
360288142793647104
360288279439867914
360288382506602752
360290718979489792
360291271408877586
360314358469771330
360327555024159488
360341502662017040
360438878210883584
360605763479011328
360710188023414849
363666496154501120
365355688001538304
367087350095806476
387309572668260352
407874833439787008
432345564228419777
432345564248545348
432345564252897313
432345564296782176
432345564371763216
432345571754246148
432345573941584896
432345582349060096
432345583593062400
432345909972440576
432359067604942848
432420331018537472
432503893973271168
432525884135605248
432697412511863040
435160316410593360
435725497532416000
437975269920210950
445965214760828928
451075195050917888
454863567197569024
468383226595909640
486388759756111892
576463226349371392
576463775961972816
576469686112485512
576568779320852521
576629115021426753
576742262730655752
576795003838275722
587719754056630272
589971577223774848
590534501138960428
594510343783579936
595601463036617984
612507227409877056
612524871674495296
612560194051769408
612630303999525128
612630321775509632
612631394914403332
614072846066389504
614178416899440640
615867249042917537
617556686239956992
621496748632965120
630505734538854400
648518346418028562
648518352249030912
648518357129101352
648518380701096017
648518518167306244
648518689980682368
648518915424527872
648518939315322880
648518969111609444
648527160419549232
648571124242251776
648609605806457600
648623899593937920
648663481876504832
648799872891289856
648813223763509248
650286361038815242
651333096109245568
654446913038319621
655276082244616226
671185878060662784
675539944105724416
702583532244959232
720575940380345156
720575940517889152
720575940581928960
720575943082516608
720575945311780897
720575950055538753
720576168014118912
720577108635549706
720577589647016320
720663912046925824
720723309297139717
720863187959808000
720866220376588288
720875007542427728
723390690146527488
724103179049893888
725642902297903104
726206573784858720
727648617644425216
730146089587539971
740842138702448146
761108337067565568
765638324932052224
864691128455662091
864691128491065416
864691128527028260
864691128656462232
864691137657441280
864691140267475200
864691146876518406
864691154225508352
864691236104044544
864693396197876356
864704322595979297
864713118687777792
864743905164263520
864801079630503936
864902247572897792
867294771990380544
867507012094722048
874261483964334080
874825879300079616
887209126591998000
901003616658128912
905223525237948416
918734667582029824
973903556958486528
1098948712182317184
1153132610840526913
1153346053743837184
1171006289074454664
1174313775977725952
1188956899769385220
1188961305348800704
1188968032325075074
1189020739156836866
1191285664323207208
1193455035125121024
1215975197924923392
1224979107777872512
1224979125488336906
1224979133190635520
1224979511045530112
1224979682760721152
1224980271707799552
1224980338046926848
1224981847424434179
1225018686432084016
1225075859988152320
1225155020505223433
1225366126738803200
1228356798365303236
1234549265301254144
1243600427573067776
1252000696484495372
1262293774512422912
1297036692819071104
1297036695031513138
1297036698592489472
1297036873608200260
1297037517316711424
1297038067073941632
1297038960425730088
1297039171166142464
1297063080962369536
1297142245809848320
1297182446692866048
1297257728879624194
1297335759866429449
1298725542593298498
1302105475646488960
1302666209470185472
1303792092123761188
1306364952017108992
1324146251378212864
1335317289516471296
1371346086580486144
1382605429200126016
1423137490839011361
1441151880800502915
1441151880859388160
1441151881851387904
1441151889618501672
1441151898475307537
1441151900085913824
1441152224494682112
1441152464945414224
1441153019998635520
1441153255148103686
1441173871075786752
1441178341246763008
1441239841825095692
1441327905723383808
1441442151828689920
1443966630676663296
1446363565874217028
1446781380293861504
1450730826099589120
1451287316382629888
1460028296384217106
1477180692977680384
1479433096066498565
1481684294853199104
1513286509329908736
1535727610372947968
1596526067902841098
1621859090760204288
1729382256911328269
1729382256952868960
1729382257046586145
1729382260152467476
1729382274628196352
1729382463140008960
1729382570980540416
1729382956989939736
1729383378114838528
1729383434000138240
1729383906191360000
1729384490431686656
1729386682884554752
1729461421747499520
1729471042474409984
1729540587389976582
1729566974964465664
1736137660914729025
1739590122862542865
1740643748133470208
1742946004149207040
1747959608057528392
1753026154954297344
1766264274953961472
1801444248994809984
1873497447402603520
2017615382428254208
2162009434627244064
