1136287547682
1658968965120
2272575095364
2473902277505
3317937930240
4545150190728
4676686970881
4947804555010
6635875860480
8796118336065
9090300381456
9353373941762
9895609110020
13194206808224
13271751720960
17592236672130
17660919545872
18180600762912
18706747883524
19791218220040
26388413616448
26543503441920
35184473344260
35321839091744
36361201525824
37413495767048
39582436440080
52776827232896
53087006883840
70368946688520
70542858190849
70643678183488
72722403051648
74826991534096
79164872880160
105553654465792
106174013767680
117647878914064
140737893377040
141085716381698
141287356366976
145444806103296
149653983068192
158329745760320
175927229419652
211107308931584
212348027535360
235295757828128
281475786754080
282171432763396
282574712733952
290889612206592
299307966136384
316659491520640
351854458839304
351861177847809
422214617863168
424696055070720
470591515656256
562951573508160
564342865526792
565149044047925
565149425467904
572029648543745
581779224413184
598615932272768
633318983041280
637854183334464
703708917678608
703722355695618
844429235726336
849392110141440
941183031312512
1125903147016320
1127145715794449
1128685731053584
1130298088095850
1130298850935808
1144059297087490
1163558448826368
1197231864545536
1266637966082560
1275708366668928
1407417835357216
1407444711391236
1426341996015616
1688858471452672
1698784220282880
1882366062625024
2251806294032640
2251868801652224
2252259375712256
2254291431588898
2257371462107168
2260596176191700
2260597701871616
2288118594174980
2327116897652736
2394463729091072
2533275932165120
2551416733337856
2814835670714432
2814889422782472
2852683992031232
3377716942905344
3397568440565760
3764732125250048
4503612588065280
4503702707111185
4503737603304448
4504518751424512
4508582863177796
4514742924214336
4521192352383400
4521195403743232
4539061041759240
4576237188349960
4654233795305472
4788927458182144
5066551864330240
5102833466675712
5629671341428864
5629778845564944
5705367984062464
6755433885810688
6795136881131520
7529464250500096
7890645199093761
9007225176130560
9007405414222370
9007475206608896
9009037502849024
9009948117700674
9017165726355592
9029485848428672
9042384704766800
9042390807486464
9078122083518480
9152474376699920
9297607805371648
9308467590610944
9577854916364288
10133103728660480
10205666933351424
11259342682857728
11259557691129888
11410735968124928
13510867771621376
13590273762263040
15058928501000192
15781290398187522
18014434018467849
18014450352261120
18014810828444740
18014950413217792
18018075005698048
18019896235401348
18034331452711184
18058971696857344
18084769409533600
18084781614972928
18156244167036960
18295959388160130
18304948753399840
18586147240361988
18595215610743296
18616935181221888
19155709832728576
19281173495709696
20266207457320960
20411333866702848
22518685365715456
22519115382259776
22821471936249856
27021614944141601
27021735543242752
27180547524526080
30117857002000384
31562580796375044
36028868036935698
36028900704522240
36028951637856312
36029621656889480
36029900826435584
36036150011396096
36039792470802696
36068662905422368
36117943393714688
36169538819067200
36169563229945856
36312488334073920
36521962343907328
36591918776320260
36609897506799680
37172294480723976
37190431221486592
37233870362443776
38280606496329987
38311419665457152
38562346991419392
40532414914641920
40536799559286786
40637949829710017
40822667733405696
45037370731430912
45038230764519552
45053588862404613
45642943872499712
54043229888283202
54043471086485504
54361095049052160
60235714004000768
63125161592750088
72057736073871396
72057801409044480
72057886330863616
72057903275712624
72059243313778960
72059801652871168
72072300022792192
72079584941605392
72128040645165089
72137325810844736
72235886787429376
72339077638134400
72339126459891712
72624976668147840
73043924687814656
73183837552640520
73219795013599360
73746444971936786
74309398290236417
74344588961447952
74380862442973184
74467740724887552
74597465902284812
76561212992659974
76622839330914304
76701931431067712
77124693982838784
81064829829283840
81073599118573572
81275899659420034
81382277275713537
81645335466811392
90074741462861824
90076461529039104
90107177724809226
91285887744999424
108086459776566404
108086942172971008
108722190098104320
120471428008001536
126250323185500176
144115472147742792
144115602818088960
144115772661727232
144115806551425248
144118486627557920
144119603305742336
144137179399471360
144144600045584384
144150939928889856
144159169883210784
144256081290330178
144274651621689472
144396669495050321
144471773574858752
144678155276268800
144678252919783424
145249953336295680
146087849375629312
146367675105281040
146439590027198720
147492889943873572
148618796580472834
148689177922895904
148761724885946368
148935481449775104
149194931804569624
153122425985319948
153245678661828608
153403862862135424
153826349656571936
154249387965677568
155378585291457025
162129659658567680
162147198237147144
162551799318840068
162764554551427074
163290670933622784
180149482925723648
180152923058078208
180214355449618452
182571775489998848
216172919553132808
216173884345942016
217444380196208640
240942856016003072
252500646371000352
288230925909107748
288230944295485584
288231205636177920
288231545323454464
288231613102850496
288234785080348672
288236973255115840
288239206611484672
288274358798942720
288289200091168768
288301879857779712
288318339766421568
288512162580660356
288549303243378944
288793338990100642
288943547149717504
289356310552537600
289356505839566848
290499906672591360
292175698751258624
292735350210562080
292879180054397440
293316768481443840
294985779887747144
297237593160945668
297378355845791808
297523449771892736
297870962899550208
298389863609139248
306244851970639896
306491357323657216
306807725724270848
307652699313143872
308498775931355136
310757170582914050
324259319317135360
324294396474294288
325103598637680136
325529109102854148
326581341867245568
360298965851447296
360305846116156416
360428710899236904
365143550979997696
387310671760589312
432345839106265616
432347768691884032
433541833180577928
434888760392417280
481885712032006144
505001292742000704
576460786715591188
576460821127758888
576460889952094288
576461027600765088
576461302898106688
576461853492789888
576462954682156288
576465157060889088
576469561818354688
576478371333285888
576495990363148288
576531228422873088
576601704542322688
576742656781221888
576753256756152323
577024561259020288
577045761208881158
577340370532171776
577588370214617088
577630770114338828
578219988760920064
578715988125810688
578800787925254168
579979225218416640
580971223948197888
581140823547084848
583497698133409792
585481695592972288
585820894790746208
590534643963396096
594502638882521088
595181037278068928
599049119188654336
604608535623368704
612489551473147937
612544525461618688
613901322252714368
621637486073885184
632756318943313920
648518350642872386
648628298619813888
651341892202005248
666814219844346880
689051885583204352
720575948982321284
720795844936204288
722827740327387138
726223032100587008
757167687385270272
801643018862985216
864691145661219080
865130937568985088
869194728351350788
875985311897750528
900729066238246976
937874622467117056
1026825285422546944
1152921539641869504
1152921574676892032
1152921644746937088
1152921784887027200
1152922065167207424
1152922625727567872
1152923746848288768
1152925989089730560
1152930473572614144
1152939442538381312
1152957380469915648
1152993256332984320
1153065008059121664
1153088638964204042
1153208511511396352
1153255773321561108
1153495518415945728
1153590042036275240
1154069532225044480
1154258579465703504
1155217559843241984
1155595654324560032
1157425104507928585
1157513615079636992
1158269804042273088
1161928704409010194
1162105725552427008
1163618103477699200
1164250892821594112
1170935904211173412
1171289946498007040
1174314702348551424
1175580281036341248
1188950303815499848
1189658388389167104
1195707900090255872
1198239057465835520
1224979103024152720
1224999990439444545
1226395272171487232
1238494295573664768
1243556610324824064
1261043080037966080
1297036701441458464
1297078476272042114
1299869039736127488
1301541598047240196
1324067086540482560
1334191716042801152
1369164655469085184
1441151898276069952
1441235447937237252
1446816574865408000
1450161691487633416
1495212668474118144
1515461927478755328
1585407806331323392
1730510360143740960
1731638463377211456
1733894669844152448
1738407082778034432
1747431908645798400
1765481560381326336
1801580863852382208
1873779470794493952
2018176684678717440
