2199029584017
2272575095364
3317937930240
4398059168033
4545150190728
4947804555010
6635875860480
9090300381456
9353373941762
9895609110020
13271751720960
17592236672130
17635714547713
18180600762912
18706747883524
19791218220040
26388413616448
26543503441920
35184473344260
35271429095425
35321839091744
36361201525824
37413495767048
39582436440080
52776827232896
53087006883840
70368946688520
70643678183488
72722403051648
74826991534096
79164872880160
105553654465792
106174013767680
140737893377040
141085716381698
141287356366976
145444806103296
149653983068192
158329745760320
175930588923905
211107308931584
212348027535360
235295757828128
281475786754080
282171432763396
282574522023963
282574712733952
286014824271873
290889612206592
299307966136384
316659491520640
351854458839304
422214617863168
424696055070720
470591515656256
562951573508160
564342865526792
565149425467904
581779224413184
598615932272768
633318983041280
703708917678608
703722355695618
844429235726336
849392110141440
941183031312512
1125903147016320
1128685731053584
1130298088095850
1130298850935808
1144059297087490
1163558448826368
1197231864545536
1266637966082560
1275708366668928
1407417835357216
1407444711391236
1688858471452672
1698784220282880
1882366062625024
2251806294032640
2251851353555593
2254291431588898
2257371462107168
2260596176191700
2260597701871616
2288118594174980
2327116897652736
2394463729091072
2533275932165120
2551416733337856
2814835670714432
2814889422782472
2852683992031232
3377716942905344
3397568440565760
3764732125250048
4503612588065280
4503737603304448
4504518751424512
4508582863177796
4514742924214336
4521192352383400
4521195403743232
4576237188349960
4654233795305472
4788927458182144
5066551864330240
5102833466675712
5629671341428864
5629778845564944
5705367984062464
6755433885810688
6795136881131520
7529464250500096
9007225176130560
9007405414222370
9007475206608896
9009037502849024
9017165726355592
9029485848428672
9042384704766800
9042390807486464
9078122083518480
9152474376699920
9308467590610944
9570151624082499
9577854916364288
10133103728660480
10205666933351424
11259342682857728
11259557691129888
11410735968124928
13510867771621376
13590273762263040
15058928501000192
15781290398187522
18014450352261120
18014810828444740
18014950413217792
18018075005698048
18019896235401348
18034331452711184
18058971696857344
18084769409533600
18084781614972928
18156244167036960
18304948753399840
18595215610743296
18616935181221888
19155709832728576
20266207457320960
20345569318928385
20411333866702848
22518685365715456
22519115382259776
22821471936249856
27021735543242752
27180547524526080
30117857002000384
31562580796375044
36028868036935698
36028900704522240
36029621656889480
36029900826435584
36036150011396096
36039792470802696
36068662905422368
36117943393714688
36169538819067200
36169563229945856
36312488334073920
36591918776320260
36609897506799680
37172294480723976
37190431221486592
37233870362443776
38280606496329987
38311419665457152
38562346991419392
40532414914641920
40691138637856769
40822667733405696
45037370731430912
45038230764519552
45642943872499712
54043229888283202
54043471086485504
54361095049052160
60235714004000768
63125161592750088
72057736073871396
72057801409044480
72057903275712624
72059243313778960
72059801652871168
72072300022792192
72079584941605392
72137325810844736
72235886787429376
72339077638134400
72339126459891712
72624976668147840
73043924687814656
73183837552640520
73219795013599360
74344588961447952
74380862442973184
74467740724887552
76561212992659974
76622839330914304
77124693982838784
77689292645728513
81064829829283840
81073599118573572
81275899659420034
81645335466811392
90074741462861824
90076461529039104
90107177724809226
91285887744999424
108086459776566404
108086942172971008
108722190098104320
120471428008001536
126250323185500176
144115472147742792
144115602818088960
144115772661727232
144115806551425248
144118486627557920
144119603305742336
144144600045584384
144159169883210784
144256081290330178
144274651621689472
144471773574858752
144678155276268800
144678252919783424
145249953336295680
146087849375629312
146367675105281040
146439590027198720
147492889943873572
148618796580472834
148689177922895904
148761724885946368
148935481449775104
149194931804569624
153122425985319948
153245678661828608
153403862862135424
154249387965677568
162129659658567680
162147198237147144
162551799318840068
162764554551427074
163290670933622784
180149482925723648
180152923058078208
180214355449618452
182571775489998848
216172919553132808
216173884345942016
217444380196208640
240942856016003072
252500646371000352
288230944295485584
288231205636177920
288231545323454464
288231613102850496
288236973255115840
288239206611484672
288274358798942720
288289200091168768
288301879857779712
288318339766421568
288512162580660356
288549303243378944
288793338990100642
288943547149717504
289356310552537600
289356505839566848
290499906672591360
292175698751258624
292735350210562080
292879180054397440
294985779887747144
297237593160945668
297378355845791808
297523449771892736
297870962899550208
298389863609139248
306244851970639896
306491357323657216
306807725724270848
307652699313143872
308498775931355136
310757170582914050
324259319317135360
324294396474294288
325103598637680136
325529109102854148
326581341867245568
360298965851447296
360305846116156416
360428710899236904
365143550979997696
396321182435510273
432345839106265616
432347768691884032
434888760392417280
481885712032006144
505001292742000704
576461851818215496
576461888590971168
576462411272355840
576463090646908928
576463226205700992
576469570160697344
576473946510231680
576478413222969344
576531395933929479
576548717597885440
576578400182337536
576603759715559424
576636679532843136
577024325161320712
577098606486757888
577586677980201284
577887094299435008
578712621105075200
578713011679133696
580999813345182720
581245828115464737
584351397502517248
585470700421124160
585758360108794880
586633536962887680
589971559775494288
594475186321891336
594756711691583616
595046899543785472
595741925799100416
596779727218278496
612489703941279792
612982714647314432
613615451448541696
615305398626287744
616997551862710272
621514341165828100
648518638634270720
648588792948588576
650207197275360272
651058218205708296
653162683734491136
720597931702894592
720611692232312832
720857421798473808
730287101959995392
774621343521178624
792642364871020545
864691678212531232
864695537383768064
867083666361155856
869777520784834560
963771424064012288
1010002585484001408
1152921573431182376
1152921642255517776
1152921779904188576
1152922055201530176
1152922605796213376
1152923706985579776
1152925909364312576
1152930314121778176
1152939123636709376
1152956742666571776
1152991980726296576
1153062456845746176
1153203409084645376
1153485313562443776
1153506513512304646
1154049122518040576
1154091522417762316
1154680741064343552
1155176740429234176
1155261540228677656
1156439977521840128
1157431976251621376
1157601575850508336
1159958450436833280
1161942447896395776
1162281647094169696
1166995396266819584
1170935904191709201
1170963391185944576
1171641789581492416
1181069287926792192
1189005277765042176
1190362074556137856
1198098238377308672
1209217071246737408
1224979102946295874
1225089050923237376
1227802644505428736
1243274972147770368
1265512637886627840
1297036701285744772
1297073255739293953
1297256597239627776
1302683784404010496
1333628439688693760
1378103771166408704
1441151897964642568
1441225006871740929
1441591689872408576
1445655480654774276
1452446064201174016
1514335374770540544
1603286037725970432
1729382291322438160
1730261875137970176
1738389456702701576
1751970623795501056
1801458132476493952
1875749244934234112
2053650570845093888
2305843079283739008
2305843149353784064
2305843289493874176
2305843569774054400
2305844130334414848
2305845251455135744
2305847493696577536
2305851978179461120
2305860947145228288
2305878885076762624
2305914760939831296
2305986512665968640
2306130016118243328
2306177277928408084
2306417023022792704
2306511546643122216
2306968909188964355
2306991036831891456
2307180084072550480
2308094809164234757
2308139064450088960
2308517158931407008
2310435119686483968
2311191308649120064
2314850209015857170
2315027230159273984
2316539608084546176
2323857408818020388
2324211451104854016
2327236206955398400
2328501785643188224
2341871808422346824
2341882252129992737
2342579892996014080
2348629404697102848
2351160562072682496
2377900607630999696
2379316776778334208
2391415800180511744
2396478114931671040
2449958206048305440
2449999980878889090
2452790544342974464
2476988591147329536
2487113220649648128
2522086160075932160
2594073402882916928
2594156952544084228
2599738079472254976
2603083196094480392
2648134173080965120
2668383432085602304
2738329310938170368
2882303796552139904
2882470895874474504
2893633149730816000
2900323382975266832
2990425336948236288
3030923854957510656
3170815612662646784
3461020720287481920
3463276926754422912
3467789339688304896
3476814165556068864
3494863817291596800
3530963120762652672
3603161727704764416
3747558941588987904
4036353369357434880
