43981006340356
57209234917504
459595995160640
2287122765644290
2832410682335232
4539061041644552
10239206362447872
18014677749604481
18023334223546432
18155806012735752
18300272623484964
22588375607312896
27022697549071360
36028805877727306
36592296933736480
37445260055478272
38350966131003520
40551089451303184
45038266163921413
72286294604185632
72339146961585152
73183495020118025
74310497660321860
76563547311833216
81632416170512642
144185573999913990
144414259537777160
145242393803882496
146369462092726304
148623736042487873
153271930575667328
288233126006756352
288372488566737408
288582357319958785
289360684846686224
292742844887072802
297255184856285248
576462964229472512
576465167564030464
576469582890664977
576743878695092354
581105089763086340
585468089536094248
1152957814260371489
1172081594769358850
1189095578894631936
1224988444778832384
1297036694900179200
1441151880926396556
1729452970329768000
2305843034849280000
2305843077933291536
2305861572062871556
2305929870699397128
2305983746758672387
2306968909120538592
3440785299683147776
3474808621852917760
