263561
286982
348193
430146
532636
1049908
1067554
2108488
2146404
2295856
2785544
2885635
3441168
4229394
4261088
4334209
5455876
5804033
6297092
8399264
8400907
8423042
8540432
8650837
10551618
16844938
16867904
17171232
17301609
17630212
17966082
18366848
22284352
23085080
25217025
26214924
27529344
33561153
33686042
33719301
33835152
34088704
34193410
34673672
40894594
43647008
46432264
50376736
54591745
67194112
67207256
67384336
68323456
68681798
69206696
71305253
71631362
76087425
77733892
84412944
100667780
101736449
134250673
134261252
134759504
134943232
136380429
137369856
138412872
141041696
143728656
146934784
150999062
168035362
178274816
184680640
201736200
209719392
220234752
268489224
268568900
268964130
269488336
269754408
270541073
270681216
272646211
272709632
273547280
277389376
289439876
302055972
327156752
349176064
352456705
371458112
403013888
403703297
436733960
469770370
536937491
537002150
537139212
537552896
537658048
539074688
540147777
546587648
549454384
553653568
570442024
573050896
574627908
604013313
608699400
621871136
645924866
672169994
675303552
680001796
688136193
805342240
813891592
824181250
872431636
1073750130
1073808272
1074273408
1074283013
1074792473
1077994496
1078071336
1082147016
1082232836
1084228641
1103626242
1107763200
1108377920
1126172676
1140983360
1141669920
1142968322
1157636360
1208090883
1209270404
1312817168
1342178318
1345912832
1350830592
1493188640
1611674112
1617166592
1627553808
1744898112
1912602753
15032614912
75431413760
90261438592
95567218688
120260919296
158913794065
163217416192
282398294080
285617422342
313566429440
414464346369
416612385280
420923573280
561030119936
571230715944
575526142977
601303826434
620689883170
689342779400
722091508736
757021556736
828929736707
962087354368
1105996025856
1113471321088
1118839119888
1137696571392
1170395366912
1246081581057
1271310352520
1305739329536
1382979539200
1653562705920
2251670159872
2284939378736
2339016540160
2345119252490
2482633703552
2508531435520
2753074061328
3315714770952
3332899082240
3367388586240
4411065631248
4440996225026
4483945992196
4539800354816
4569845727552
4604209143816
4675642328064
4681514371136
4810430611472
4949949808833
4965519065360
5514742235200
5772437102596
6048656261120
6599217318400
6601633169568
6605660750081
6631437893656
7696698834944
8806897550464
8832600244298
8847968206848
8873939697664
8900254375936
8943329902592
8950712959104
9073118429232
9075551117312
9089761411076
9347997630720
9363162935296
9964357681164
10170482820160
10445914636288
10998354280449
10999478616068
11063836313600
13228501647360
17603191898145
17663057330432
17669663232000
17731839631360
18005845086208
18279515029888
18708911095811
18760954019920
19793358884928
19800336171012
19859995886593
20066104000514
21992515043328
22024592490624
26396870582272
26525718167616
26663192657920
26938034948097
35204773183648
35205863964674
35210277289984
35223564255232
35287451308161
35461531734016
35463553368068
35468913680385
35527969800208
35736296366080
35871567937568
36318402838528
36558765820416
36833673150528
37385543352338
37387824529473
37392018836480
37400843657220
37452114969088
38483444891776
39591277236224
39599598470664
39719857555588
43989071822916
44117937881600
46179496820768
48379586412546
52793738547200
52810917872898
52845286000648
53051503149248
61573590679552
70375255834625
70381633282304
70388105347076
70394782498816
70441775431688
70455180403712
70508347392144
70660801954384
70781598171138
70987222614020
71194518814720
71538049286145
71605703672832
72584947433856
72602261454850
72706280128548
74783981045760
74904229740545
79714861449312
81363862561280
83563022123012
87963087142914
87965225191444
87979318050824
87995828928544
88510690508800
105828013178880
140750381645858
140780441174024
140810502938688
140823387701514
140877612711940
140883517835264
141021056860672
141296907849744
141304458643456
141356232114177
141839281684520
141854717050880
144037097013250
145137682362624
145144678449280
146235046497281
149537910423553
149671288766488
150083337192068
158332895691776
158334040674304
158338264596800
158346871079424
158398394400804
158879967092744
160528832004112
175939046604801
176196739924992
211108380051520
211174964658176
212205745340928
213305541263360
215504279584776
281511500742912
281518471647232
281545877749824
281630669276416
281646911717392
281681144578049
281784219074564
282299610465288
282583111835776
283691180130305
283708426944544
283743793250312
284223758401664
285875175948320
285877855092740
285890370928640
286972543500544
290279659669544
290546148966401
292470126563328
294669385204224
299084346818704
299101522493961
299136150691840
299204601774114
299616919752704
307863264166916
316661563457540
316663945887744
316728070406146
316796787765312
317758860444704
351912574583328
352943503052800
369435974566144
387029175107600
422214889373824
422216761147648
422349908377600
422487342983184
422762288005184
424412025193984
492581209243655
562971428784384
562989950304272
563002046677000
563027263897616
563053066258432
563104842776608
563156112506882
563229663301632
563534203453504
563637148262404
564051613646849
564058340198400
564066779137152
565286415635072
565992937750528
566248490401812
567897780912160
569548634324992
572296878096392
572845629382656
580679579470848
580817017896977
581642724835616
598271848366080
599233837924360
616289152270336
633320845214728
637716744110850
650910900490240
668503103242273
703704697143312
703721801531552
703825954472001
703962336461060
708085524070400
747738773848064
844427614494722
846624105431040
923731501252608
1125921923792896
1125936414335104
1125938561565697
1125977216327712
1126003053166864
1126179146827784
1126243529392192
1126453026488320
1126484023509504
1126587101612112
1127003730280464
1127016606728228
1127068142682112
1128101077582092
1128168454885376
1130306616688640
1130367746605184
1130435669147648
1130847709429770
1134704891789314
1134713179734337
1134833441439748
1143494794020864
1143496396275968
1143827100336128
1152289259913232
1161101458900992
1161153132626948
1169880371978248
1196277249344001
1196303283388424
1197368162648258
1200666697536544
1266655649341440
1266672325394432
1266706116774400
1266774968635392
1267187155206432
1271035441774660
1284229582291073
1407379178782816
1407383607722240
1407512372838408
1409573919399936
1688867040412160
1689399717265408
1697645962727424
1706442182623234
1724034236678208
2251806256136578
2251810568933376
2251838552277056
2251871228002304
2252076839673856
2252092005943296
2252143478210564
2252351716985860
2252354569109504
2252367021998592
2253037838018560
2253174219997313
2253449156624392
2254273752596512
2254660261904384
2256206484209668
2258396883722304
2260601275417120
2260604509241344
2260664894686208
2269400589666944
2269529441042440
2269667415556352
2269942829809728
2273790067213312
2287001407586560
2287018545774628
2287121893687297
2292554758356992
2295780348004352
2322177149895696
2322237277356352
2324368117989385
2339761012506624
2357352934150146
2392539449786881
2392541867540484
2392674774549632
2392812179951688
2393087058051074
2393636814192912
2396935358021632
2462906113335328
2533292507660320
2533309419618306
2533824563249168
2534374302122496
2542070883557632
2814752216596480
2814754070790144
2815299522924801
2823545876938754
2955487796529152
3096225884668032
3377716967506946
3377734089181184
3378799267020800
3379898743865472
3382098304041472
3395291906584580
3940649673949240
4503612512272517
4503622178078720
4503638416297992
4503642577307136
4503672679564288
4503771430275072
4503876736909312
4503883632082968
4503909938757762
4504012078448708
4504158040238080
4504218111180928
4504424530067456
4504701288581248
4504836594729218
4505248900055056
4505803507630080
4505833011445764
4508272553886209
4509097186099232
4512398136315908
4512412909174792
4512464574103554
4512533159355393
4521196376883264
4522291325080576
4527943502004224
4529987923214496
4538786155332672
4543182247297280
4556377263439876
4573970523750912
4573972666662944
4578367508578368
4582765035061248
4609367492001792
4645436635766784
4646536143175816
4653134282492160
4785078966157330
4786174786928640
4793870703394880
4930313218162688
5066559286411264
5066566761717824
5101733952886800
5207287203921920
5348024825938184
5629508124676160
5629637577146496
5629774412252416
5630600119583240
5631698691688480
5664684192563200
5981910190784512
6196853976596480
6755408031023392
6755416620990484
6772991769706497
7389852010020864
9007212475711488
9007220738097664
9007272405762048
9007371095375876
9007491314680832
9007508492525576
9007757609926720
9007817730621696
9008024425334912
9009400459067520
9009433174622272
9009948235137536
9011615621971969
9011872188076032
9012696812896896
9015999643828224
9016029842243712
9016132853825824
9016545141456896
9024808620656736
9025341196632070
9042452933509120
9042934456648704
9043483205697538
9046781675438160
9077636986830866
9077705437874696
9078667531517984
9082554455949312
9147954057199620
9147971170207744
9150616802689024
9218306563113088
9288678543199232
9288811671207936
9289223987273761
9307642954514432
9359042975825984
9570151375044608
9570217994752008
9570424119623746
9578945301186064
9605333580292352
10133107751649424
10133237678538752
10133374308188164
10133648934195200
10134198675341313
10137497241651456
10168283534197280
10273836658328584
11259033430262528
11259067788036097
11260098982707264
11276591355199488
11716404495515648
12464065959952384
13510801029677064
13510936323297280
13515197738123264
13522902099951616
13581167701819392
13651536387244049
13792273893425664
18014411933353984
18014437173624960
18014450049092624
18014471523991558
18014475819418120
18014484551467008
18014682246840320
18014708418216448
18014950681280528
18014965529051140
18015500169150468
18016606122815488
18016614717390848
18016734973804545
18017147825684512
18018805154382848
18018813735886880
18018831184166917
18018934028505090
18024295187955712
18025393759978504
18027593252995136
18034190020772096
18037282095235072
18040810410868736
18049587176538392
18049591471521922
18049651873677344
18067175069778432
18084802687144192
18084836073930752
18085317010006018
18088344961417216
18155204717335552
18156235528339520
18157335029483524
18159535122285056
18190320537706496
18295878989643776
18296011260692480
18296148366197024
18296973002014730
18340438066855936
18366242784034816
18577352824980512
18577417199165568
18577530999013376
18577898218850816
18594940648947788
18718085952569346
18858823473201168
19140315598295048
19140332792840226
19141398196397056
19142497439613504
19144696464408592
19149094513543296
19175482864173056
19703248906682624
20266200470782048
20266202618175489
20266335766315268
20266473209462802
20270596505993344
20274994416979968
20336567068461056
22518015585288194
22518032566321152
22522396183398408
22588367015510032
22659427114942464
23643898077265924
24769799561151488
27021600985450498
27021606387974145
27021735740055568
27021872713449472
27030394136166400
27039189950923776
27056782137364484
27162335252676640
31525197391593920
36028803478192164
36028807890608192
36028833532542976
36028870042320912
36028874345152515
36028900098180136
36028939558191360
36028943047872516
36028969908436992
36029074045403776
36029106256642113
36029140618457088
36029351071842880
36029355365040256
36029381436514304
36029898946772994
36030171442200576
36030998265217024
36031013895274496
36031064761696452
36031271993869328
36032095553847841
36033264321904640
36033744889447424
36035394093056002
36037610308649984
36038692757833744
36041991200440448
36046398870913024
36046423766073348
36046664091566112
36063985686029440
36063990048096304
36066180431089672
36072777488793856
36099170059423744
36099182943043618
36099303273398336
36099715519086609
36100265274843144
36169568867582466
36174228906573824
36178330600644608
36223548016033792
36239903385715968
36310280858240000
36310289242661376
36345456904636417
36451010591326240
36591751267368970
36591764190007296
36591781333303552
36626932552434176
36662115985522692
36874939936014336
37154922411589632
37163493086134272
37172289145406528
37225066743744512
37860591980773376
38280600053907464
38280631729258640
38289392926720005
38350965627159040
38581867313627136
39442505745301504
40532398827372816
40532466775097344
40532534093742592
40813871623094400
41658296557633537
42784196460021826
45036064997409280
45037096322204676
45038195298019328
45044793440473152
45053588459766017
45317471393021954
47855281526276096
49574831812771840
54043264248187136
54043332967923872
54153148838707200
54183933083910153
56296120623562752
59118816080166912
72057600480387592
72057606973177856
72057619807736352
72057637256036736
72057664905199616
72057697658208258
72057735776305280
72057765904781312
72058148155949312
72058178172354561
72058968763007008
72059930517446656
72060067940204608
72062060879413760
72062541844973568
72064191107712004
72066394434308160
72072027275526144
72075190654205984
72075203672540160
72075461102010884
72079584807358465
72092787010961408
72092917459582984
72094977504608256
72101574503175168
72127997150625792
72128237664207873
72129062830606592
72132361131655168
72198468965253888
72202729573056560
72339619173105668
72340224360841216
72343468136996864
72347865645580304
72374253403505280
72411647519490048
72620546151415812
72620552581316617
72621093747163282
72621643502997568
72629340252143872
72660435647594496
73183496092323842
73183502535755780
73183631383855137
73183769361661952
73204934421512192
73429788844359680
73746444988711936
74309403515551746
74309428345593856
74310493369663488
74313791898190088
74461143636115456
74872343806607872
76561196887703552
76561211000356864
76561743958016064
76563392956989968
76631562409488512
76842668642338816
81064862013195392
81065893912117248
81066992318021666
81069191473561600
81073589402730504
81099977933211648
81346268273578240
82190693266628672
87820471906598912
90072001141538896
90072267442100224
90072542304288776
90080788640432643
90212730841595904
93731235964125184
99712527679619072
108086396425666561
108086408237416512
108087490586378240
108121575462535174
108183216799612928
108649341614555136
109212291097952392
110338191147405312
117234879703285760
144115195055439888
144115207428440064
144115209550693444
144115224751898624
144115226732789762
144115261090300193
144115291171864580
144115328738132480
144115497388999680
144115600392740992
144115743217156224
144115772191932464
144115806555344960
144115875337994241
144117389246604320
144117391395651592
144117397031223360
144117455827238914
144117661977022469
144119603302760578
144119724232409120
144124001353203744
144132848982523904
144132917739126784
144133879790436360
144137178310508804
144150441235062784
144150509887095040
144150647325851690
144151472228040720
144185561526042624
144185565411016864
144194353987452928
144203149006086209
144220741728993796
144255934154293249
144273518018693122
144298256761880576
144326483286949888
144396667351745024
144396697412307136
144396731772175376
144397212841935106
144537400558227456
144678140243870016
144678146619216898
144678413980960768
144678688591446016
144682536080048144
144706759691337728
145241637738684416
145249884226716160
145258680235868192
145276273462087680
145522563227910145
146367023327215617
146368087938056194
146369186929576192
146375784016117840
146723504534847488
146929937977311236
147493038120239104
148618789850742787
148618822599844096
148619337593324544
148620247992107008
148623185750806528
148759525191582304
149744687620554768
150870587785609344
153122524786360384
153122662342721808
153126864834002944
153131183423692802
153139979516908032
153157571715268736
153192756108346368
153403862913384448
153827178578968576
157625986958493700
162129603766256384
162129620945403912
162130686130522144
162131785675702416
162164770974204929
162199955335839744
162692536547688448
163396501005926400
166932261965398016
180143989490483200
180143993693143304
180144122534821906
180144260530569216
180179169467187264
180706935050338433
181275416919539712
189151184618127392
198158384678051844
216172800367411216
216172851103793160
216173881625477252
216174981707595776
216182411430461440
216243150941847554
216313519607390208
216454257098915872
217298682021413120
218477360633085952
252201579132751360
288230427825537312
288230453737947140
288230462051123713
288230515738166274
288230519034871808
288230522182697152
288230668260343808
288230960338567296
288230994761220120
288231200785441088
288231480226742281
288231510023079942
288231544382980128
288231751751303168
288232583765442592
288232592363230208
288232850053136904
288233124947656704
288234777419448340
288234808574743040
288234842920322048
288235049344630786
288239174933315584
288239189426700306
288241371537604608
288247986121736192
288248105793486853
288248518093571616
288250168434761856
288256764430782728
288265564820869152
288265569117995016
288266110280269828
288269959115579392
288283152744448016
288300882469199872
288301125000495104
288309540988928129
288323843230007296
288335929603523584
288371117935068176
288371183451111424
288371389054844961
288373312732528896
288511859786776576
288511885488235520
288511920384770432
288529443448717376
288582219910350848
288793360475389952
288793463544348944
288794426187186688
288797724152692872
288802122198745152
289356550940659728
289393831252590592
289426644805156864
289788384128270336
289919226011985921
290482244718436354
290482313941291008
290763650942124044
291608077214417152
292733980074844160
292734010138951760
292734113520058368
292734250666428416
292874741184724992
293015451829538817
293296925736697890
294999519488114688
297237583996426240
297239379292717056
297307944689074176
297378313163252224
297800526433763328
302884735846187008
306244776811831296
306244778977263616
306244792915066944
306245049539101828
306315143413760040
306807725017272320
308654938509017088
315540045962412032
324259190618982528
324259724537102338
324260272749940736
324268016508338176
326510972984755200
333266372461068296
342273571680174608
360287972622336064
360287979450663936
360288519979274240
360296766282670116
360305562384154624
360358340007592448
360428707678128136
360853192180760576
362539770070433809
382842252210208768
396598654502174720
432345566375186560
432345572834287632
432346113985497088
432346663743390976
433225190709657600
433471464671281224
450368964988502016
472950528641335296
576460763049232400
576460771764994562
576460790962356256
576460803843100736
576460823170392069
576460855785422848
576460958461890816
576461095900810242
576461319241596928
576461576970698772
576461886210442240
576462127238250496
576465152767983616
576465154712084480
576465185247594496
576465425378836488
576469556988481537
576471747956572418
576478353079419912
576479444139573248
576480543521636864
576496487035310080
576500334759788544
576513528861696032
576531123195150624
576531126449864706
576531155474465280
576576218204209152
576601492007026688
576601494220966016
576601524159906049
576601627232837634
576603688816087072
576636674163900428
576742231585587208
576742296087691264
576743327865503812
576747321111347200
576759820036866048
576812596025401344
577023705478336512
577023706568589825
577023710851498112
577023977205006336
577025901313662984
577032498349885444
577058886905757698
577586654358814784
577586660817272832
577587751722031104
577596071073546240
577621836584452480
578712556413255696
578712561512357888
578716950163619875
578721794886729728
578747737579782144
578782920869675140
578994027228042240
579293180155920384
580964360521842690
580964369211326496
580964420650532936
580968749977306256
580973148023980544
580982530379874304
581034720943409153
581283485180755968
585467968738590736
585468020286046240
585469051070841096
585470150598328324
585503279811657728
585639475372097536
587438310754877440
589971552393502720
594475153497260168
594475155376586752
594475159537057828
594475220608221200
594475425691009025
594483946957307904
594510335185520704
595689149088923648
598978750452862976
612489567585435648
612489686929113089
612493947369161220
612507141508436098
613052499275908096
614741349138710528
621567400789147648
648518350636847108
648518896105563136
648527143780745216
648535938544173328
648553530714750977
648588715221844032
648660260650745856
648799821318209538
650770146188625920
657525546133029376
702563775252791296
720576009132311168
720578139536801792
720580338434310208
720646309123461144
721701840290316294
749849887713001472
756895010615459840
797700221436952576
864691137078755584
864691163889139720
864691265899332096
864699924691025920
864972603700281392
865465734396903424
866946228951187456
869194728621473796
873698327709877313
882705527031758850
937879037626286080
1008824187889909760
1152921516418531584
1152921523935282176
1152921556148551812
1152921575608090752
1152921659427520512
1152921796941447169
1152921813862318096
1152922058926068736
1152922088722401544
1152922329374916640
1152922612775567360
1152922622388867072
1152923712241009152
1152923979111997440
1152924803141927936
1152925904817766400
1152925938221057024
1152926177535459712
1152926452442759680
1152927002703953928
1152930302880917504
1152939101088251905
1152939113972834560
1152939131165212736
1152939166586110466
1152939646617911312
1152941295816179752
1152956693342061056
1152956826422084624
1152957788490563845
1152991881941092354
1152992010825629952
1153062250685146116
1153062791860191232
1153063341913014272
1153064481920647168
1153071038323490880
1153097426484070432
1153203336065843200
1153203529880502272
1153204079096760320
1153205178606813520
1153211775676842114
1153484458855268544
1153484488987115523
1153484523288134912
1153497674469605376
1153554824383430656
1153625192048689672
1153765929536983076
1154047473234345992
1154188142002061330
1154386054095044608
1154611866295599104
1155173313010532417
1155173338813960192
1155173579298457088
1155173854177403008
1155177702735480848
1156299204465819648
1157425113228902400
1157425121950960128
1157425172953735184
1157427304331493376
1157429502289117190
1157460288640385152
1157654077530701824
1159958518611050496
1161928706009072196
1161928708190109744
1161933101909475328
1161999072739987457
1162069441886945536
1162210180180508672
1164180503675797514
1170936179101532168
1170944699209482260
1170953495436609536
1171006272128942720
1173788036278779904
1175439502744748065
1179944304961912832
1188950310787219456
1188950318805942296
1188950576503785476
1188954699672854529
1188961983936856064
1188985486006452224
1190076201532658432
1197957500964438144
1206964700137391106
1224980198290883072
1224981297668032641
1225014918672023552
1225049467389542416
1225119836135264256
1225260573722149888
1225542048866770944
1227230899012108292
1230617428631748608
1234004036114448384
1261007895667949600
1297036830130051072
1297036967563231296
1297045489044177152
1297054285405619328
1297108712841805824
1297318167793639432
1297599642686717952
1301540292381507584
1307172008047411200
1335458095723184128
1387113087571591168
1441151915923865600
1441151949545146432
1441152980278575248
1441154079949586436
1441433355737498112
1443474070791258112
1445655480402707464
1450203335356317696
1460292737520631808
1477761222064472064
1513209474797535490
1585267069908221984
1729382395423096960
1729382806682861634
1729391053003818016
1729399849365798916
1729459291443691520
1729945207534780432
1730508156859121664
1731634056791326976
1738389456171304960
1747818885064687616
1769915757363200000
1873532672307888128
2017612633062010880
2305843052297586689
2305843086523139136
2305843148800458816
2305843155511149056
2305843288388665488
2305843352811094025
2305843627689255424
2305844113557168160
2305844125907812864
2305844177445851138
2305845242613466240
2305845757992894536
2305847411567755265
2305847957018185728
2305851807590645760
2305851839666520324
2305851942766645248
2305852355070951440
2305860603547238532
2305860610081947648
2305860846212874240
2305860876411872256
2305864999447298624
2305878228046184456
2305882591649628160
2305913381447540736
2305913382252905984
2305913395155566593
2305913652836304928
2305914477637304320
2305917776071753856
2305983748899864578
2305983752071020552
2305983763882050592
2305983816159723520
2305985705207136256
2305985945725378561
2306018931082531328
2306124759873617984
2306159668701167616
2306405961314632224
2306405963496685572
2306405977420791810
2306405993527390208
2306406096748675080
2306408158194581760
2306414755528835073
2306441144078173184
2306968926703058960
2306968944556113984
2306969046560547072
2306969459413221381
2306984577161232384
2306986501307170824
2307005203741671424
2307250384164392960
2308094813322369024
2308097008050635270
2308099260760981504
2308376284039741441
2310346626021200128
2310346643477626912
2310346747354284048
2310346883723264000
2310347708419801153
2310364201060796416
2310416977587339274
2310628083834560516
2314850210684076048
2314850217060491264
2314850345907388547
2314850484436861440
2314851307988518912
2314854606514946092
2314975552794001408
2314990945961508928
2315140565437513728
2317102008819286016
2323857442083094528
2323874999909224496
2323893021591994368
2324077318638665728
2326109207822073864
2328363277240762368
2341871808380146689
2341871943673743360
2341872081177673986
2341872906822221952
2341874005290254336
2341880602862551560
2342012543990513664
2342434756202856528
2344123606180626464
2370019308198690816
2377900607815057410
2377900620976750720
2377900671988072448
2377901702763250712
2377902803482841088
2377909399412293632
2377935787623711072
2378903357856153600
2379026503196213760
2380223459004252160
2395915001763463172
2418437406534402048
2449958199441229832
2449958472168898560
2450098934777938304
2450243108240097280
2451717484613468160
2454505781676998656
2467972595933249602
2486005153430241280
2594073402545315848
2594074484894089216
2594075584925534224
2594082182565725184
2594090977826177024
2594143754109587524
2594355416540381184
2595199285280768002
2596888418600353792
2598576985126994560
2612087783875412225
2819253401093668864
2882303795877117970
2882303899023180804
2882304311408721920
2882305990605144064
2882312557610148032
2882321354776936449
2882374130802491392
2882585236493830912
2890325798353371136
2891310961073852416
2900886607538159616
3026418949611847712
3206598187779358720
3458764518266503424
3458764522410479752
3458764531033980992
3458766712855330816
3459890413727648768
3461043801424920576
3472838812411887616
3495145188920131584
3602879701896397329
3747140162946072576
4107283137187282944
4611686037756854528
4611686061410615392
4611687676418981890
4611688359184697344
4611694883244081169
4611695914035183648
4611699212566955264
4611708014028668928
4611721237159223824
4611756662184755200
4611765217641105408
4611835826895192064
4611861940824703042
4612266560902398464
4612530451949617152
4612884486135218192
4613937887112069120
4613937955680075792
4616189686774235908
4616191817145192448
4616752568545067009
4618476602240663560
4620693254457787392
4620695417787515136
4622945034675687552
4629701516448891008
4629981894061068800
4647715365202171936
4647719213761298504
4665746806147121152
4683743629645195266
4683761204651917440
4683884351094521860
4701758148548034560
4755801232809951232
4755941943993959424
4899916398907687040
4899951581098936320
4902168194401174080
4937071091504939012
5188147045613182976
5189272672248266784
5332263058318819329
5764607527333396492
5764607729192927264
5765733422959960064
6917564762037420160
6917810502618317826
7061648613797011456
