4398059168033
4545150190728
6635875860480
8796118336065
9090300381456
9353373941762
9895609110020
13271751720960
17592236672130
18180600762912
18706747883524
19791218220040
26543503441920
35184473344260
35271429095425
36361201525824
37413495767048
39582436440080
52776827232896
53087006883840
70368946688520
70542858190849
70643678183488
72722403051648
74826991534096
79164872880160
105553654465792
106174013767680
140737893377040
141085716381698
141287356366976
145444806103296
149653983068192
158329745760320
211107308931584
212348027535360
281475786754080
282171432763396
282574522023963
282574712733952
290889612206592
299307966136384
316659491520640
351861177847809
422214617863168
424696055070720
470591515656256
562951573508160
564342865526792
565149044047925
565149425467904
572029648543745
581779224413184
598615932272768
633318983041280
703708917678608
703722355695618
844429235726336
849392110141440
941183031312512
1125903147016320
1128685731053584
1130298088095850
1130298850935808
1144059297087490
1163558448826368
1197231864545536
1266637966082560
1407417835357216
1407444711391236
1688858471452672
1698784220282880
1882366062625024
2251806294032640
2254291431588898
2257371462107168
2260596176191700
2260597701871616
2288118594174980
2327116897652736
2394463729091072
2533275932165120
2551416733337856
2814835670714432
2814889422782472
3377716942905344
3397568440565760
3764732125250048
4503612588065280
4503702707111185
4508582863177796
4514742924214336
4521192352383400
4521195403743232
4576237188349960
4654233795305472
4788927458182144
5066551864330240
5102833466675712
5629671341428864
5629778845564944
5705367984062464
6755433885810688
6795136881131520
7529464250500096
9007225176130560
9007405414222370
9007475206608896
9009037502849024
9017165726355592
9029485848428672
9042384704766800
9042390807486464
9152474376699920
9308467590610944
9577854916364288
10133103728660480
10205666933351424
11259342682857728
11259557691129888
11410735968124928
13510867771621376
13590273762263040
15058928501000192
18014450352261120
18014810828444740
18014950413217792
18018075005698048
18034331452711184
18058971696857344
18084769409533600
18084781614972928
18156244167036960
18304948753399840
18616935181221888
19140303248164995
19155709832728576
20266207457320960
20411333866702848
22518685365715456
22519115382259776
22821471936249856
27021735543242752
27180547524526080
30117857002000384
31562580796375044
36028900704522240
36029621656889480
36029900826435584
36036150011396096
36039792470802696
36068662905422368
36117943393714688
36169538819067200
36169563229945856
36312488334073920
36609897506799680
37190431221486592
37233870362443776
38280606496329987
38311419665457152
40532414914641920
40691138637856769
40822667733405696
45037370731430912
45038230764519552
45642943872499712
54043229888283202
54043471086485504
54361095049052160
60235714004000768
63125161592750088
72057736073871396
72057801409044480
72059243313778960
72059801652871168
72072300022792192
72079584941605392
72137325810844736
72235886787429376
72339077638134400
72339126459891712
72624976668147840
73183837552640520
73219795013599360
74344588961447952
74380862442973184
74467740724887552
76561212992659974
76622839330914304
77124693982838784
81064829829283840
81275899659420034
81382277275713537
81645335466811392
90074741462861824
90076461529039104
91285887744999424
108086459776566404
108086942172971008
108722190098104320
120471428008001536
126250323185500176
144115472147742792
144115602818088960
144115806551425248
144118486627557920
144119603305742336
144144600045584384
144159169883210784
144274651621689472
144471773574858752
144678155276268800
144678252919783424
145249953336295680
146087849375629312
146367675105281040
146439590027198720
148618796580472834
148689177922895904
148761724885946368
148935481449775104
153122425985319948
153245678661828608
154249387965677568
155378585291457025
162129659658567680
162147198237147144
162551799318840068
162764554551427074
163290670933622784
180149482925723648
180152923058078208
180214355449618452
182571775489998848
216172919553132808
216173884345942016
217444380196208640
240942856016003072
252500646371000352
288230944295485584
288231205636177920
288231545323454464
288231613102850496
288236973255115840
288239206611484672
288289200091168768
288318339766421568
288512162580660356
288549303243378944
288943547149717504
289356310552537600
289356505839566848
290499906672591360
292175698751258624
292735350210562080
292879180054397440
294985779887747144
297237593160945668
297378355845791808
297523449771892736
297870962899550208
298389863609139248
306244851970639896
306491357323657216
306807725724270848
308498775931355136
310757170582914050
324259319317135360
324294396474294288
325103598637680136
325529109102854148
326581341867245568
360298965851447296
360305846116156416
360428710899236904
365143550979997696
432345839106265616
432347768691884032
434888760392417280
481885712032006144
505001292742000704
576461888590971168
576462411272355840
576463090646908928
576463226205700992
576473946510231680
576478413222969344
576548717597885440
576578400182337536
576603759715559424
576636679532843136
577024325161320712
577098606486757888
577586677980201284
577887094299435008
578712621105075200
578713011679133696
580999813345182720
584351397502517248
585470700421124160
585758360108794880
589971559775494288
594475186321891336
594756711691583616
595046899543785472
595741925799100416
596779727218278496
612489703941279792
612982714647314432
613615451448541696
615305398626287744
616997551862710272
621514341165828100
648518638634270720
648588792948588576
650207197275360272
651058218205708296
653162683734491136
720597931702894592
720611692232312832
720857421798473808
730287101959995392
792642364871020545
864691678212531232
864695537383768064
864726450270388227
869777520784834560
963771424064012288
1010002585484001408
1152923703636430992
1152923777181942336
1152924822544711680
1152926181293817856
1152926452411401984
1152939140321394688
1152947893020463360
1152956826445938688
1153062791867858957
1153097435195770880
1153156800364675072
1153207519431118848
1153273359065686272
1154048650322641424
1154197212973515776
1155173355960402568
1155774188598870016
1157425242210150400
1157426023358267392
1161999626690365440
1162491656230929473
1168702795005034496
1170941400842248320
1171516720217589760
1173267073925775360
1179943119550988576
1188950372643782672
1189513423383167232
1190093799087570944
1191483851598200832
1193559454436556992
1224979407882559584
1225965429294628864
1227230902897083392
1230610797252575488
1233995103725420544
1243028682331656200
1297037277268541440
1297177585897177152
1300414394550720544
1302116436411416592
1306325367468982272
1441195863405789184
1441223384464625664
1441714843596947616
1460574203919990784
1549242687042357248
1585284729742041089
1729383356425062464
1729391074767536128
1729452900540776454
1734167332722311712
1739555041569669120
1927542848128024576
2020005170968002816
2305843146862364752
2305843284511035552
2305843559808377152
2305844110403060352
2305845211592426752
2305847413971159552
2305851818728625152
2305860628243556352
2305878247273418752
2305913485333143552
2305983961452593152
2306124913691492352
2306406818169290752
2306428018119151622
2306970627124887552
2307013027024609292
2308098245036081152
2308183044835524632
2309361482128687104
2310353480858468352
2310523080457355312
2312879955043680256
2314863952503242752
2315203151701016672
2319916900873666560
2323884895792791552
2324563294188339392
2333990792533639168
2341871808383418401
2341926782371889152
2343283579162984832
2362138575853584384
2377900607553142850
2378010555530084352
2380724149112275712
2396196476754617344
2418434142493474816
2449958205892591748
2450178101846474752
2455605289010857472
2486549944295540736
2531025275773255680
2594073402571489544
2594146511478587905
2594513194479255552
2605367568808020992
2667256879377387520
2756207542332817408
2882303795929285136
2882450013743481857
2883183379744817152
2891310961309548552
2904892128402348032
3028670749541081088
3206572075451940864
3458764582644876320
3459057018273269762
3460523750275940352
3476778913405403152
3503941247591002112
3602916264952987904
3751498489868468224
4107301141690187776
4611686158567478016
4611686298707568128
4611686578987748352
4611687139548108800
4611688260668829696
4611690502910271488
4611694987393155072
4611703956358922240
4611721894290456576
4611757770153525248
4611829521879662592
4611973025331937280
4612260032236486656
4612354555856816168
4612834046045585408
4613023093286244432
4613937818377928709
4613982073663782912
4614360168145100960
4616189618328469513
4616278128900177920
4617034317862814016
4620693218229551122
4620870239372967936
4622382617298240128
4629700418031714340
4630054460318547968
4633079216169092352
4647714817636040776
4648422902209708032
4654472413910796800
4657003571286376448
4683743616844693648
4683764504259985473
4685159785992028160
4697258809394205696
4702321124145364992
4755801215261999392
4755842990092583042
4758633553556668416
4782831600361023488
4792956229863342080
4899916412096610880
4899999961757778180
4905581088685948928
4953977182294659072
4974226441299296256
5044172320151864320
5188146805765833856
5188313905088168456
5199476158944509952
5206166392188960784
5296268346161930240
5336766864171204608
5476658621876340736
5764607593104279808
5764941791748949008
5765733423009505282
5787266299461632000
5800646765950533664
5980850673896472576
6061847709915021312
6341631225325293568
6922041440574963840
6926553853508845824
6935578679376609792
6953628331112137728
6989727634583193600
7061926241525305344
7206323455409528832
7495117883177975808
8072706738714869760
