3441003130
3441001025
3441005504
3441004554
3441005252
3441001345
3441004202
3441002502
3441001321
3441000041
3441000110
3441002254
3441003413
3441000133
3441000430
5232103130
5232101025
5232105504
5232104554
5232105252
5232101345
5232104202
5232102502
5232101321
5232100041
5232100110
5232102254
5232103413
5232100133
5232100430
4354203130
4354201025
4354205504
4354204554
4354205252
4354201345
4354204202
4354202502
4354201321
4354200041
4354200110
4354202254
4354203413
4354200133
4354200430
3005153130
3005151025
3005155504
3005154554
3005155252
3005151345
3005154202
3005152502
3005151321
3005150041
3005150110
3005152254
3005153413
3005150133
3005150430
3330523130
3330521025
3330525504
3330524554
3330525252
3330521345
3330524202
3330522502
3330521321
3330520041
3330520110
3330522254
3330523413
3330520133
3330520430
5325133130
5325131025
5325135504
5325134554
5325135252
5325131345
5325134202
5325132502
5325131321
5325130041
5325130110
5325132254
5325133413
5325130133
5325130430
1250253130
1250251025
1250255504
1250254554
1250255252
1250251345
1250254202
1250252502
1250251321
1250250041
1250250110
1250252254
1250253413
1250250133
1250250430
3154433130
3154431025
3154435504
3154434554
3154435252
3154431345
3154434202
3154432502
3154431321
3154430041
3154430110
3154432254
3154433413
3154430133
3154430430
4531443130
4531441025
4531445504
4531444554
4531445252
4531441345
4531444202
4531442502
4531441321
4531440041
4531440110
4531442254
4531443413
4531440133
4531440430
2521553130
2521551025
2521555504
2521554554
2521555252
2521551345
2521554202
2521552502
2521551321
2521550041
2521550110
2521552254
2521553413
2521550133
2521550430
2245423130
2245421025
2245425504
2245424554
2245425252
2245421345
2245424202
2245422502
2245421321
2245420041
2245420110
2245422254
2245423413
2245420133
2245420430
5111223130
5111221025
5111225504
5111224554
5111225252
5111221345
5111224202
5111222502
5111221321
5111220041
5111220110
5111222254
5111223413
5111220133
5111220430
3522213130
3522211025
3522215504
3522214554
3522215252
3522211345
3522214202
3522212502
3522211321
3522210041
3522210110
3522212254
3522213413
3522210133
3522210430
4142153130
4142151025
4142155504
4142154554
4142155252
4142151345
4142154202
4142152502
4142151321
4142150041
4142150110
4142152254
4142153413
4142150133
4142150430
4255513130
4255511025
4255515504
4255514554
4255515252
4255511345
4255514202
4255512502
4255511321
4255510041
4255510110
4255512254
4255513413
4255510133
4255510430
5553053130
5553051025
5553055504
5553054554
5553055252
5553051345
5553054202
5553052502
5553051321
5553050041
5553050110
5553052254
5553053413
5553050133
5553050430
1135003130
1135001025
1135005504
1135004554
1135005252
1135001345
1135004202
1135002502
1135001321
1135000041
1135000110
1135002254
1135003413
1135000133
1135000430
1343313130
1343311025
1343315504
1343314554
1343315252
1343311345
1343314202
1343312502
1343311321
1343310041
1343310110
1343312254
1343313413
1343310133
1343310430
4423123130
4423121025
4423125504
4423124554
4423125252
4423121345
4423124202
4423122502
4423121321
4423120041
4423120110
4423122254
4423123413
4423120133
4423120430
2434353130
2434351025
2434355504
2434354554
2434355252
2434351345
2434354202
2434352502
2434351321
2434350041
2434350110
2434352254
2434353413
2434350133
2434350430
5044543130
5044541025
5044545504
5044544554
5044545252
5044541345
5044544202
5044542502
5044541321
5044540041
5044540110
5044542254
5044543413
5044540133
5044540430
4010013130
4010011025
4010015504
4010014554
4010015252
4010011345
4010014202
4010012502
4010011321
4010010041
4010010110
4010012254
4010013413
4010010133
4010010430
0031113130
0031111025
0031115504
0031114554
0031115252
0031111345
0031114202
0031112502
0031111321
0031110041
0031110110
0031112254
0031113413
0031110133
0031110430
0052323130
0052321025
0052325504
0052324554
0052325252
0052321345
0052324202
0052322502
0052321321
0052320041
0052320110
0052322254
0052323413
0052320133
0052320430
2150413130
2150411025
2150415504
2150414554
2150415252
2150411345
2150414202
2150412502
2150411321
2150410041
2150410110
2150412254
2150413413
2150410133
2150410430
3213143130
3213141025
3213145504
3213144554
3213145252
3213141345
3213144202
3213142502
3213141321
3213140041
3213140110
3213142254
3213143413
3213140133
3213140430
1310140130
3351135252
1351141345
1351144202
1351142521
1351141321
1351142054
1450143413
3351130113
3351133430
2120343130
2120341025
2120345504
2120344554
2120345252
2120341345
2120344202
2120342502
2120341321
2120340041
2120340110
2120342254
2120343413
2120340133
2120340430
0103503130
0103501025
0103505504
0103504554
0103505252
0103501345
0103504202
0103502502
0103501321
0103500041
0103500110
0103502254
0103503413
0103500133
0103500430
1021403130
1021401025
1021405504
1021404554
1021405252
1021401345
1021404202
1021402502
1021401321
1021400041
1021400110
1021402254
1021403413
1021400133
1021400430
0455243130
0455241025
0455245504
0455244554
0455245252
0455241345
0455244202
0455242502
0455241321
0455240041
0455240110
0455242254
0455243413
0455240133
0455240430
0224013130
0224011025
0224015504
0224014554
0224015252
0224011345
0224014202
0224012502
0224011321
0224010041
0224010110
0224012254
0224013413
0224010133
0224010430
2302043130
2302041025
2302045504
2302044554
2302045252
2302041345
2302044202
2302042502
2302041321
2302040041
2302040110
2302042254
2302043413
2302040133
2302040430
2033233130
2033231025
2033235504
2033234554
2033235252
2033231345
2033234202
2033232502
2033231321
2033230041
2033230110
2033232254
2033233413
2033230133
2033230430
5400413130
5400411025
5400415504
5400414554
5400415252
5400411345
5400414202
5400412502
5400411321
5400410041
5400410110
5400412254
5400413413
5400410133
5400410430
1412533130
1412531025
1412535504
1412534554
1412535252
1412531345
1412534202
1412532502
1412531321
1412530041
1412530110
1412532254
1412533413
1412530133
1412530430
0314453130
0314451025
0314455504
0314454554
0314455252
0314451345
0314454202
0314452502
0314451321
0314450041
0314450110
0314452254
0314453413
0314450133
0314450430
0540133130
0540131025
0540135504
0540134554
0540135252
0540131345
0540134202
0540132502
0540131321
0540135041
0540130110
0540132254
0540133413
0540130133
0540130430
4201333130
4201331025
4201335504
4201334554
4201335252
4201331345
4201334202
4201332502
4201331321
4201330041
4201330110
4201332254
4201333413
4201330133
4201330430
2515303130
2515301025
2515305504
2515304554
2515305252
2515301345
2515304202
2515302502
2515301321
2515300041
2515300110
2515302254
2515303413
2515300133
2515300430
1504123130
1504121025
1504125504
1504124554
1504125252
1504121345
1504124202
1504122502
1504121321
1504120041
1504120110
1504122254
1504123413
1504120133
1504120430
