3330443
3140512
3220311
1430533
4512024
3045034
3343040
2133530
0532102
0441255
1042204
3410104
1315343
0515531
5050142
0313052
1135122
4304433
5230305
3324332
1325245
1340504
4451544
0111101
4244241
0321130
2222451
2250314
1303124
2020402
0134435
0003033
3002152
0354303
5114342
3215201
5550503
2104054
5021241
0130244
3351112
5532253
1504201
0005202
2340231
2214452
5210045
0051430
0504550
2554345
5525013
2455035
3203434
0050421
4055505
5454225
1053334
5310520
2541125
1120040
4345322
2453104
2332025
1254000
5412334
2103115
4133003
0154522
5333444
4200420
4101441
4202415
5055431
0211503
5445552
1011050
2424515
0412231
3152120
1443311
4534312
1000350
1034041
3344521
0235421
3523144
4422113
1232032
4354534
4253051
4224223
1525520
0102321
4041012
3555351
1122404
3043415
2205103
1210112
3403352
5542441
4010334
0124450
2545004
1323400
2151200
0125542
3435324
1452450
5221403
1503035
1350252
2544134
1421022
2213511
5500032
5303205
4142330
4532232
0420003
1031143
4541552
5235514
5034104
3522523
2200540
5144315
5423254
2530454
3001254
1511402
1014223
5153533
0501214
0431510
2325424
3531055
0444432
5513320
5020530
4115213
5510551
2002543
3434230
4222354
5302210
4413200
0040230
1241335
0022345
0152014
2025250
3423501
3011410
0553222
1145443
4320001
4400411
2155021
3405405
4440123
5314013
4144102
0224025
2432442
1124151
4303542
2331351
1432345
4535130
5312135
5215150
5425112
3112555
2542410
1552241
2515242
1043555
4351323
3111031
1250151
0342511
2331214
5201535
5241122
5141424
4520235
3530020
5052002
3405051
2120353
3205233
2014301
2013315
4054110
1314444
3120225
4014453
2402523
0300415
5404141
2223232
1101513
1105304
3252545
2001332
4331555
2344140
3342303
5441100
3412142
4421305
1355010
1253213
3243153
3032502
5133411
5004422
5351053
2242220
2440053
0234350
4153455
2413423
0415340
3201040
0035115
0023524
0543343
4033121
3554413
0255144
