1532533
2205530
5521252
2205152
0014541
3244110
5122025
1001004
5035422
3553114
4501451
1405043
4403235
5345141
0554254
2313123
4120305
4422133
2300051
2443021
2342401
5200515
1212331
1414255
5242112
2254321
0231550
3255541
2502524
2051543
0453452
4131154
1023504
5430032
2110533
3211342
1513313
4104335
0403350
1234235
1452223
0151413
3310420
5534303
2240015
4213433
1350053
4353521
1352132
4505505
5421315
1144545
2025151
1420121
0503102
4425512
2545431
0302104
1355212
3300313
5145251
3055435
4554140
3033331
5355103
5253200
0224533
5433444
1000530
0022232
1015020
2322414
4103523
3123040
0525331
5054154
2334430
5540543
5133003
5230113
0432211
4355353
5125530
5304442
5044231
0120031
2550130
4454534
0331031
2533115
4241135
0142555
5032100
0204023
0440124
3330552
3521024
3332344
2415314
2335223
3420355
0215005
1144122
4015101
4510311
4211241
4442403
4112542
2523243
3303244
4024424
2052205
0543410
1530442
0052310
2013455
5151501
2010044
5005014
1545154
1202422
4440320
3342030
4240050
2140204
0111322
0450541
1243323
3445424
0035044
3445143
0250152
0130534
2155000
2431525
2242245
2451042
5210224
4321202
0401233
1543201
1333325
4043342
4034012
2123421
0511511
3414012
4421053
2424340
4330245
4001210
5502345
3534341
4255234
3050222
2541332
5240434
5553035
2155345
3135405
4343510
5313135
3405303
4150413
1311434
3103432
1441400
5423404
1404451
5001040
3001125
5554220
5344314
4233312
5412410
3114153
2404111
2340301
5012353
0224144
3022352
1451331
1433140
0043253
0424135
3524500
1312015
1324511
1222453
2132110
3351550
2201354
1032411
4515525
1552302
1500000
3512230
3141213
2314012
2223502
3252053
2511103
5102221
2000403
3535413
1153344
5413552
0321043
0114202
1021134
0551425
4214400
0345522
5320340
0434000
3220401
4312034
0225120
3432504
4532021
1231014
5325455
0040355
2144052
1135250
3041523
1123215
0105440
0010445
5545032
1100112
3114054
3253051
4512054
3344205
