54323215
50225125
05143504
10133010
34043122
20050424
32255530
41313102
31015252
34032030
11251533
10033323
32222113
12501002
21012511
31555234
23442234
53314322
44510043
30340252
45314015
02542104
11510135
32541010
31452100
55144452
44332245
35444443
45322331
32003223
30105022
12123545
00334342
33405413
52145553
10333454
50405512
22004343
04534232
33541504
04101450
21320521
32243044
24012340
02041333
02510205
52153232
33035451
35024105
00505323
04054115
31302053
51524533
12114051
00503304
12530034
24215155
11552331
54402033
15523420
33025341
51051021
40010253
43532541
03251355
01253221
43424030
35103013
14330352
12412401
34213145
40504103
41450221
11404141
35453203
13135505
01351402
54052432
45033302
43112430
22312533
44431314
30325431
43204144
00532000
20015405
21325003
40105335
51414545
44514021
15134250
15311000
33023000
10034041
22021140
00522544
21423214
05104044
12420000
01244534
52143420
33500152
12202424
52244252
15150425
03443305
40443032
01341020
53501240
45135122
54231244
53211500
55432320
02303351
35122244
21542432
34203413
23352303
55512525
20540512
11432014
10532153
44345033
14003453
33532202
25344243
30203041
15305504
44404325
45234542
55212543
01502452
02042431
52455354
00013335
25342502
55254124
50121410
30534410
30325543
42142312
10324030
51403303
04020443
52502123
50423052
30545012
25301555
54422531
24125414
03411011
04301134
13221511
02315144
50504421
34103425
52500130
22154542
24122335
31014123
35330411
44254513
52251421
01034201
13331235
13151500
30402401
00232552
04450103
30454021
14542350
14400445
35131422
53105133
22332354
51411344
50040330
10534355
15311121
24350051
20410222
13002345
00235252
24213042
44313524
21001204
45443450
02004402
33544410
45234003
15343154
10511055
50004015
15442321
22422451
02001544
55025235
02225414
45345222
05054541
43032213
11404525
25000342
01125424
01151123
15500223
14223023
25310212
30022012
32102300
35351440
23413134
34545405
13340122
44425540
42525032
00241143
30502230
32312323
42413301
44043421
34035114
25215303
22255330
33111354
25025552
40452343
31031542
44153352
40540005
53334511
14031525
21310431
03403202
20321013
05552221
40351512
25243311
02221505
33314550
52354200
04054344
34051104
33432515
30440053
21213023
50033534
05145345
01023030
22500301
53232025
31445333
21450012
40051301
23202514
33423154
14224524
30204531
04321553
31214242
04511135
53050505
32340133
11252140
35200100
20433205
24555522
10435051
13033241
42514215
14521124
31515035
21104212
43245414
02124225
43012002
01352235
15055433
52311415
45450532
31513422
12515421
24533521
20355135
25151050
45104441
22543055
11045312
11521252
34201021
53130221
01202122
10020503
54240425
03435301
11353552
20211331
32220452
12230132
45435242
02232203
15253342
55142413
45253024
34421015
03014132
51113241
52034312
11502541
31224302
35402533
14144013
12223233
03242130
04234220
41041015
20511043
05003125
41430153
45122134
42444144
51233154
33101232
15210102
02520453
55341523
30141534
03122155
01133005
15225350
00153033
34155253
25250234
31154102
35241001
04130110
35423355
24304412
50315001
54113133
15113212
22105231
41415433
53443210
25223103
22244151
10141252
14422412
31445210
11131115
14554504
51250450
55432444
54143001
35320035
54310541
04443435
30553555
05005250
15425045
50503444
12444413
30222420
22512113
54513453
41122523
53113325
32150314
30211324
00110443
44120552
23520400
34410231
35501340
00421350
13505120
21434430
43243115
30303340
23232010
25411530
05030151
24144025
20335250
32421242
05130304
52010514
55011452
34315120
34233410
41240242
20353403
41511554
54132145
21140155
34401044
45304051
10441334
03321054
41201020
50242034
34154545
33430330
40155045
04305512
41533310
51320144
00453411
01520051
44132454
20000031
42251455
03044213
21333300
50230303
03333143
22523434
40300433
05433141
05331130
04244002
43121003
50303122
23014101
55501105
30132145
42302115
41023445
12352410
04335043
05123242
12514512
12415213
42022204
11343330
40542250
15232055
40032535
54321340
42433522
44501401
03422233
53151554
30510101
21005410
44013255
53330054
22035524
42223343
55004520
20051152
55315155
00042221
43053351
03345005
23151215
22425102
12033103
42240420
00530252
01115531
53522042
43323123
51400224
42240105
01515550
12024532
24043533
05315425
51334423
42341102
00420134
41340543
21013442
13031231
41355344
01324111
12010354
03352454
54454032
13410523
50525521
45205535
32133051
11113024
32125300
25505352
45220431
23041301
31205004
55303030
21253112
40451423
05412050
50252225
54015314
40023114
13355020
04002240
21232445
50131505
12032520
45154201
05340113
11225243
55333013
54431422
02444551
42354150
12302024
14430101
14350244
22110313
25144530
25152403
31554101
05431205
04240010
14104205
41455504
31543442
10454544
24441302
34312443
03223522
52200502
24502500
30514134
34342254
40241310
03050530
54130532
41555412
24505023
55440211
41402254
00544135
01250013
00233214
54024024
30253402
52045041
42215011
10201402
03513313
41214421
44141441
10511440
52024305
14420251
25334224
50312202
03504533
51313010
54351325
03455142
11102551
22135444
02214040
23551031
51023351
54105342
21554443
32311225
25404113
10055222
42050012
31230520
44000304
22440025
51145140
44025003
03145452
20350040
00300525
55013414
10045054
45020320
55514331
15104432
01344025
51354022
35515344
40224435
10143225
13214414
14315545
40221221
50514251
00255300
01122200
43202551
23405501
10141142
23153423
00313241
33255023
23223332
33304045
14405132
11545203
10303101
23321445
42054233
40150340
55355414
25323250
31211113
32314503
10342315
01111305
42303211
12355211
50535204
54044150
21342403
12341011
50012254
01450341
23555230
11432222
05012415
20045523
51201334
45135213
00114210
34332121
05250431
35254325
32403314
02350501
42203535
05201214
55421132
32344332
54142114
12051303
51142351
05113140
20430210
21524320
31411450
20200350
13120332
02421510
55220004
41535125
42100523
14014103
50111040
04243251
50334233
52452522
33250202
21022132
43010244
13433240
40412505
15215030
13345434
24130402
52405055
14451220
13000113
35041124
31044212
20415315
23130543
35221423
22305322
11241101
34120233
33542024
42442540
35153515
30001245
40543053
33323235
05135033
34021334
30320304
14214234
24434553
20103540
01005153
30550424
53322550
10213500
13354435
40115524
01442042
40302020
14552015
01124515
43231100
14442143
13240321
13522401
02504014
41340500
21531044
15540511
04055554
20224344
30124310
50341441
34241552
50450135
22343510
03100111
32005453
55544302
42033131
25310005
55121321
54505151
03123404
53402255
25522305
03525321
02535345
05202315
51525052
32335102
15322232
00445120
42015121
25445114
12403335
24350125
45515404
35100015
53041100
44452010
20152523
40331031
00133513
12410150
35434115
55222202
40044420
33124021
43543532
04011502
34544211
35524154
32434022
12555154
34403540
50201053
51425121
51305405
24145220
32012415
31421135
23303241
03101343
31153431
35045141
33352112
12441235
33115140
55402352
40543131
34000311
45520510
52533401
24255241
02453120
41313452
23401422
25053251
43220215
10102214
32552351
02435432
12052042
01414354
10155151
41144201
44001443
52211032
11454455
02122022
35523231
52431534
04410424
30354014
52313142
51043544
14455430
40510332
13503031
14040202
22534003
30331303
25405021
24201145
10035400
14531433
51511204
23110054
04212431
15245501
53124314
35143343
35215220
44250130
44524142
02554540
41401231
04225501
33004434
34410355
23414240
30044550
43310441
43502325
35355512
02152034
10113531
51204310
13231022
43004512
32451035
44433004
50412054
05523012
44334300
25451524
41235411
13414304
15203451
13525110
53253055
20204435
15024511
21203233
42131030
53415403
14553301
15042044
03310023
13212243
20352104
22214004
23045035
24511203
43553234
50212111
25030213
42534515
25545141
34322005
52221340
31021211
43325255
43434425
41212335
12504241
22453145
31330341
20113152
51502513
03010433
34530040
35553553
14200212
41123420
25231450
20134334
11010220
45002001
51040404
03431412
13422125
01040152
31032324
24102154
25332032
24053211
53435030
33245133
23213553
14123311
52030455
00451253
52320253
22401403
21101322
52155103
13554252
54553500
32235331
13535534
44221052
11330343
15242205
02055015
21343324
53034143
24112204
45055500
34242344
43151112
55551045
53540345
44105200
12134124
52432210
30144403
10244554
53440503
41024050
10225315
54550240
03530114
34511322
23514355
04152322
32030404
31052053
00424100
35552410
21450315
45301242
33345351
03021422
01503415
11154333
55535435
53133412
45540354
12122041
20230144
10200403
53224255
33353344
24241454
11244440
31420502
01000002
20424322
32115435
42315353
55535540
04331252
01121431
31042155
13301510
24224201
10440542
12324401
55531112
33324224
32051243
23531123
05413523
03215542
31105225
03300230
43441551
15421543
33013521
03144431
25024353
04254353
21245515
05541425
34530515
40205442
53555313
40412112
54425223
12324153
03405224
40124453
41305312
05052330
05454310
40310414
52143204
53202201
42531324
41100544
14553114
31304254
50120111
02513450
42323101
22052250
44342150
15111353
23033025
31114133
55110022
51142031
32545525
50001110
35210554
11135302
45400454
32451141
35040035
11520313
41335534
04541222
00131521
11021414
22520545
32541452
43031350
45552133
13103050
34233333
02230245
41030335
53424441
11003130
34111511
11250005
13042555
13112320
25132151
54354331
20405105
33112002
20222041
24540234
45011145
50523245
43242223
42501154
31332503
53052141
45011230
24234052
43543440
02520322
22231251
53054523
05324402
22532442
21531311
04342504
14032333
25312120
32304445
51541213
42453043
02140244
43100040
21054505
54414400
