13413135
12551004
44555514
00435123
11000212
10223022
20021234
34524104
01144002
24052113
54353423
24311332
42315325
45114110
42231421
31135242
30052351
30004423
21105430
05334013
21204204
04024022
43041530
02412541
40420300
03153105
14035140
55553210
34321545
05402120
13214510
44530022
14042405
44504231
43401052
05045554
23234445
20131035
10421303
55351335
15330401
50222243
05234132
53400455
52454202
41031103
02202350
02305532
50525033
35112313
40344155
33011251
50114555
10330254
21432553
11354522
54155011
23422142
34133540
31541413
35445522
32210044
30550145
20453540
20345400
04203451
32433415
52034330
41443143
25014324
54243154
10402034
41252412
23550000
03312243
42411413
15545434
31530353
04240553
11512050
55002001
45450133
44205215
15113023
00110432
11211533
13125414
05521440
53240312
52021112
25241223
34305303
01520005
24515055
53435304
40504340
22205053
43352224
31303134
10142111
42123454
40013302
50532514
24420251
51513442
51412420
53333231
32211102
50050043
01033525
44101542
22415214
15303352
03122335
35054444
53444041
44332024
22524521
12040511
32100114
31220030
55101324
45250501
15131341
25052035
51045345
34140230
00543221
22142150
32253533
33342502
04212401
12504245
23003413
43010554
55010150
50215100
13555222
14444315
22532152
45225545
21100125
20501500
14350320
35223200
43535310
00301511
51320111
21123311
00431214
02541334
01451451
22343044
03023020
41224331
35424050
25320502
12122225
01250344
34314011
45542205
01351250
13322503
03154453
12055451
31425531
33501125
23505141
52130203
