31500032
51431513
15240222
30000450
04043341
00134203
44054150
45300352
55204354
43025232
23255433
53032322
01524524
15501430
31223040
52551125
31452234
40121140
54312023
33343130
55421043
04200153
25343102
02000200
45540313
05445351
21555220
02435052
45033123
35022135
51034442
05050030
22441134
14533133
04515145
45311204
53525150
21213253
22423221
02301445
31431305
00232442
12212151
20032355
12241520
53335244
40513001
15235510
30253310
54415034
44442245
54150124
53404205
50214332
34531554
25514552
12043244
21011010
11001104
55354230
20532044
20510235
04320215
10145222
30330524
14501251
11430101
52342311
43344053
01115111
00552154
51151350
12130035
24251402
35535231
00305323
34054013
10424414
54245523
40321351
30455103
24134334
32223551
32534300
52005512
10123004
35212304
10342002
15324425
31304142
11314453
24355414
42102020
04414540
51200335
25502340
31544211
50103415
15014555
20404021
50221212
23430410
41402112
40205534
23244111
02111333
14020414
35115314
33444535
52213434
34102421
42520403
01503014
42254305
42331111
22152542
44240042
21025501
40350015
13353331
25103145
12555342
33313252
50542503
24124452
43512421
14303502
01332530
55130001
00040431
03231001
23001323
43450554
31120533
41154441
55350541
05142255
14555005
42315400
01223302
41141512
11043025
15051521
52124140
23015543
03042404
54022201
03523515
03104041
33141443
44233220
44413535
22322053
32145051
13122112
32402213
05453422
13251243
13410345
30011122
41135455
05252415
50443450
21240324
23110500
14422340
33224025
