405531142
552503233
230522155
131353501
541140104
022034310
143501053
324523454
451153051
311311015
241510314
441534525
024103024
412221242
151224120
513425532
243401301
255534413
025243205
052525541
314010045
250110230
242032005
124053131
444544321
503322050
140232234
330055355
503000225
201041524
350552300
435325214
215054252
034421021
030213403
131002442
011122030
130500311
003120352
143111522
535300550
040333143
135413323
404045330
521131313
120345510
313223513
100544254
332142214
244302343
355102321
321415102
222350534
204451215
544213550
542454444
515515125
051131515
342550120
412443450
041024205
523552123
102243505
532125131
154020403
124220005
411205331
415335304
002312422
554211344
011542333
504154503
225541040
050400114
305240411
310001504
522015553
213135424
452311151
332234044
245314031
230245023
200204140
233043144
013514201
153055014
114432151
521330241
112250352
001255055
515533530
115150243
534104455
040145455
014544112
510351221
301321433
103115240
453442541
125401435
433251400
031414230
423112315
400555115
202423345
345245542
405012534
420424543
442003012
033051132
221202552
440020411
353344335
550444002
501433011
434530032
354035220
402104103
545222310
005402000
343430253
254353402
320133422
