215344100
215523210
215435420
215300515
215333052
215532513
215125025
215315443
215453144
215252155
215224542
215511122
215352221
215414215
215425551
215555305
215113500
215134331
215442312
215243435
215504454
215401001
215003111
215005232
215214521
215321314
215212034
215010350
215102140
215045524
215022401
215230204
215203323
215540041
215141253
215031445
215054013
215420133
215251530
215150412
120344100
120523210
120435420
120300515
120333052
120532513
120125025
120315443
120453144
120252155
120224542
120511122
120352221
120414215
120425551
120555305
120113500
120134331
120442312
120243435
120504454
120401001
120003111
120005232
120321314
120212034
120010350
120102140
120045524
120022401
120230204
120203323
120540041
120141253
120031445
120054013
120420133
120251530
120150412
504344100
504523210
504435420
504300515
504333052
504532513
504125025
504315443
504453144
504252155
504224542
504511122
504352221
504414215
504425551
504555305
504113500
504134331
504442312
504243435
504504454
504401001
504003111
504005232
504215411
504321314
504212034
504010350
504102140
504045524
504022401
504230204
504203323
504540041
504141253
504031445
504054013
504420133
504251530
504150412
132344100
132523210
132435420
132300515
132333052
132532513
132125025
132315443
132453144
132252155
132224542
132511122
132352221
132414215
132425551
132555305
132113500
132134331
132442312
132243435
132504454
132401001
132003111
132005232
132215050
132321314
044335134
132212034
132010350
132102140
132045524
132022401
132230204
132203323
132540041
132141253
132031445
132054013
132420133
132251530
132150412
555344100
555523210
555435420
555300515
555333052
555532513
555125025
555315443
555453144
555252155
555224542
555511122
555352221
310035154
555425551
555555305
555113500
555134331
555442312
555243435
555504454
555401001
555003111
555005232
555414215
555321314
040103014
555212034
555010350
555102140
555045524
555022401
555230204
555203323
555540041
555141253
555031445
555054013
555420133
555251530
555150412
254344100
254523210
254435420
254300515
254333052
254532513
254125025
254315443
254453144
254252155
254224542
254511122
254352221
254414215
254425551
254555305
254113500
254134331
254442312
254243435
254504454
254401001
254003111
254005232
214245000
254321314
254212034
254010350
254102140
254045524
254022401
254230204
254203323
254540041
254141253
254031445
254054013
254420133
254251530
254150412
022344100
022523210
022435420
022300515
022333052
022532513
022125025
022315443
022453144
022252155
022224542
022511122
022352221
022414215
022425551
022555305
022113500
022134331
022442312
022243435
022504454
022401001
022003111
022005232
322215241
022321314
022212034
022010350
022102140
022045524
022022401
022230204
022203323
022540041
022141253
022031445
022054013
022420133
022251530
022150412
330344100
330523210
330435420
330300515
330333052
330532513
330125025
330315443
330453144
330252155
330224542
330511122
330352221
330414215
330425551
330555305
330113500
330134331
330442312
330243435
330504454
330401001
330003111
330005232
330321314
330212034
330010350
330102140
330045524
330022401
330230204
330203323
330540041
330141253
330031445
330054013
330420133
330251530
330150412
033344100
033523210
033435420
033300515
033333052
033532513
033125025
033315443
033453144
033252155
033224542
033511122
033352221
033414215
033425551
033555305
033113500
033134331
033442312
033243435
033504454
033401001
033003111
033005232
030215241
033321314
415115114
033212034
033010350
033102140
033045524
033022401
033230204
033203323
033540041
033141253
033031445
033054013
033420133
033251530
033150412
511344100
511523210
511435420
511300515
511333052
511532513
511125025
511315443
511453144
511252155
511224542
511511122
511352221
511414215
511425551
511555305
511113500
511134331
511442312
511243435
511504454
511401001
511003111
511005232
511321314
040231010
511212034
511010350
511102140
511045524
511022401
511230204
511203323
511540041
511141253
511031445
511054013
511420133
511251530
511150412
143344100
143523210
143435420
143300515
143333052
143532513
143125025
143315443
143453144
143252155
143224542
143511122
143352221
143414215
143425551
143555305
143113500
143134331
143442312
143243435
143504454
143401001
143003111
143005232
143215241
143321314
143212034
143010350
143102140
143045524
143022401
143230204
143203323
143540041
143141253
143031445
143054013
143420133
143251530
143150412
451344100
451523210
451435420
451300515
451333052
451532513
451125025
451315443
451453144
451252155
451224542
451511122
451352221
451414235
451425551
451555305
451113504
451134331
451442312
451243435
451504454
451401001
451003111
451005232
451215011
451321314
451212034
451010350
451102140
451045524
451022401
451230204
451203323
451540041
451141253
451031445
451054013
451420133
451251530
451150412
040344100
040523250
040435420
040300525
040333052
040532513
040125025
040315443
040453144
040252155
040224542
040511122
040352221
040414215
040425551
040555305
040113502
040134331
040442312
040243435
040504454
040401001
040003111
040005232
040321314
132135103
040212034
040010350
040102140
040045524
040022401
040230204
040203323
040540041
040141253
040031045
040054003
040420133
040251530
040150412
323344100
323523210
323435420
323300515
323333052
323532513
323125025
323315443
323453144
323252155
323224542
323511122
323352221
323414215
323425551
323555305
323113500
323134331
323442312
323243435
323504454
323401001
323003111
323005232
023210451
323321314
323212034
323010350
323102140
323045524
323022401
323230204
323203323
323540041
323141253
323031445
323054013
323420133
323251530
323150412
342344100
342523210
342435420
342300515
342333052
342532513
342125025
342315443
342453144
342252155
342224542
342511122
342352221
342414215
342425551
342555305
342113500
342134331
342442312
342243435
342504454
342401001
342003111
342005232
342321314
342212034
342010350
342102140
342045524
342022401
342230204
342203323
342540041
342141253
342031445
342054013
342420133
342251530
342150412
414344100
414523210
414435420
414300515
414333052
414532513
414125025
414315443
414453144
414252155
414224542
414511122
414352221
414414215
414425551
414555305
414113500
414134331
414442312
414243435
414504454
414401001
414003111
414005232
414321314
240235113
414212034
414010350
414102140
414045524
414022401
414230204
414203323
414540041
414141253
414031445
414054013
414420133
414251530
414150412
201344100
201523210
201435420
201300515
201333052
201532513
201125025
201315443
201453144
201252155
201224542
201511122
201352221
201414215
201425551
201555305
201113500
201134331
201442312
201243435
201504454
201401001
201003111
201005232
201321314
201212034
201010350
201102140
201045524
201022401
201230204
201203323
201540041
201141253
201031445
201054013
201420133
201251530
201150412
405344100
405523210
405435420
405300515
405333052
405532513
405125025
405315443
405453144
405252155
405224542
405511122
405352221
405414215
405425551
405555305
405113500
405134331
405442312
405243435
405504454
405401001
405003111
405005232
505245040
405321314
405212034
405010350
405102140
405045524
405022401
405230204
405203323
405540041
405141253
405031445
405054013
405420133
405251530
405150412
