454323231
153225125
100521504
342111211
412120525
232254555
341312105
531115252
451535022
512231333
410035323
503125234
234112131
412501002
001103032
053552334
020141323
053314522
344520545
030340415
145324015
202453254
121110132
132345040
031440110
525212454
042533240
134444222
245322333
252505223
030155021
251120541
100334342
233105413
442115553
030133404
550405512
122004343
305434444
433541501
301105311
521320521
102042503
530545543
454052540
502241133
253300400
433251350
535024105
401005525
304054115
354015022
351524533
115014151
441503104
111055410
021512001
115523420
133025421
241043003
540022251
424200221
343432235
015503213
014330352
312243401
130213110
540304103
443554221
031404134
014135205
324550404
403052432
132242442
535215023
445431314
424151435
333244140
302530000
341325004
240105335
521434522
035102250
515314000
313123002
140021110
352041440
234453442
401244234
504202104
533500151
011222121
252224252
403422440
135230230
242421443
145145122
234034041
105341131
315122244
152341432
221352353
400550511
010532153
303345421
144451323
552523554
233535202
451253014
015305154
444255403
303214551
355254522
022554013
010504412
030325543
145042334
030032045
310323030
505010440
252432123
515401455
424125414
103451011
213021541
402215144
205151220
420402414
245052421
402442351
214353325
314542350
514100445
432121240
303103133
121241514
554100323
244321224
250050332
431343523
143400130
425343451
420411221
315001314
411001300
002104400
140133413
200143312
045234003
120031555
154004005
301151152
415004535
150435435
532354441
541032213
435400341
015525211
145313552
335455531
253035154
013333504
032540424
311340142
232333112
244412252
122334250
405403242
105533353
552454200
132352104
550550453
255133534
150330301
341445333
221253212
523131005
441511042
403005441
203002052
124513224
320144201
510342211
145211242
054022214
521515035
524355245
052413435
021012314
043040004
045055443
204103020
014515421
310510305
215133521
020035311
255341043
222503045
043521335
225314244
455343120
431025530
210220503
455530225
054241424
500210112
205015535
050401142
024141342
153115033
023014430
551013341
101505402
323154503
034425455
551435101
141502331
431113105
542304021
355401024
530203322
515135542
511401515
352102455
555225350
101253530
212232345
011013552
341123355
240315001
110501345
425510423
321032520
213340230
325121103
233230245
320020432
042445215
542335501
021450415
405340053
025235445
500223041
333343351
430320055
210153152
050544505
212444413
545502540
223510114
530412340
314122243
322513320
120432002
355513511
042020153
000421255
243143515
423214011
410212531
443535131
005153145
242350325
355112413
440230420
233322500
101052205
422212205
245551504
134435344
304413233
022250241
034351212
101435325
152122010
534302254
011210050
123515150
442552455
140542021
424430243
004223042
523522225
044214034
435302433
013314255
522302141
412335434
124330133
253445500
324304522
440353202
543523312
201112304
200425033
323005242
504551301
152103244
503041121
413443344
544545420
531440402
333314425
131221253
222025100
340053544
553213103
335352322
500333225
223103540
441342145
244541032
022215352
530034230
524043533
214205251
412531231
521421545
304045314
523132352
343332254
430142003
114253051
312145034
031205005
201034410
342024122
142223301
042512122
450201141
420152120
502414002
113131120
425152515
555505000
533553023
442200120
312341305
200521401
330514354
123355032
124212543
113544331
520531134
014423130
005422425
224524303
315351401
232010512
134153201
442255314
451122312
033232512
352203350
552130040
522114115
204335450
042452030
322440025
444144050
001130203
000232214
121423111
441131454
453151413
230251310
350232143
313411452
053420301
314103132
443404555
013250410
044142510
311452503
211154340
142031432
013302023
225244305
040500534
235134432
251545225
454201252
122551122
211505054
144134141
344231225
421511251
434233121
534411411
110450044
324231000
303031303
230424524
230041054
310235552
312303543
450224444
241244321
511545113
514534124
540344435
534140232
153040211
201440431
405023250
543214332
135121054
245414153
004310015
441030204
213211343
005000123
402411510
300202135
411354032
224013355
120140350
532003430
334005152
414022142
131204400
351355250
300311335
330130010
322134024
544420310
113412241
320512242
502122021
323325345
400145240
102141415
025050300
155530155
123423423
531324310
553502554
310455121
434505515
302423145
455030112
035413303
204542134
323425041
313110324
310402302
255552042
050023100
434410024
503030035
535132015
444011030
112002315
444043411
301041041
002104354
212321212
003124251
132210011
323301110
553442040
250455145
501044142
203150105
404114340
410251135
423213102
320005220
101532055
404234453
140514233
015154451
054004210
420043134
151413055
115420202
221100050
251231115
214415404
302525132
043225023
414000101
352344114
554252535
024140154
503450513
010430541
103254204
130254431
300400254
011252322
045415224
333542113
111142220
541150131
420525330
502501210
052043223
525343014
215511125
132300525
251240043
555241402
331222014
144350553
422000552
445220554
332240035
225520522
205223413
555543355
043455342
234020320
000201533
331333234
124532012
332231155
505224243
114211302
104444541
215050134
105214320
144552405
224401140
111151333
553331443
153513444
003432101
335043544
332520220
350225215
220304152
440444300
324224335
053353111
201302501
354250113
243202444
331031421
550021022
225042253
110003235
504331510
004305340
410111014
043001325
100310124
512244520
050045453
515413234
114324044
522311053
232512530
144401003
155315213
450312354
414004013
033524044
522122403
345110500
011434245
044253155
520245524
125105041
105442100
453430533
540154054
025453433
351230332
330410353
213255024
533311135
250511230
423201034
324052051
220213223
121454414
405210002
503240455
513051254
105540224
104033502
033245231
022401304
232010201
502055002
414310413
055141331
103320343
150354313
435331200
202340551
432433422
022024531
223004424
213024403
252534311
404321153
254134130
132053333
131530544
521233140
435403035
204300334
055302232
345453050
223130031
542433302
231412215
352032451
231555133
143100222
020123034
025424112
142443052
525504231
245435010
011532435
102234423
111020454
212022034
555124431
321323405
331551443
341255440
003533330
234101551
215245111
431104113
334533450
154105431
054542101
130150505
001510343
151202523
433403213
112554512
051311520
540014245
415042025
054431051
511113420
045150542
535155314
443113241
143015510
035544552
345200511
551114504
021341202
011415532
413345305
451455153
403315412
231203432
001334025
511050222
134001144
433523143
444324502
505554120
032012324
514543402
041321451
452051005
025541440
121303311
501321424
240403521
343544213
340504050
152155302
354421534
200112422
335053205
004555544
304122522
112405420
411424221
520251401
403533545
514525041
350434315
353110045
413230045
542440144
115435553
342331523
425353544
435421332
520442550
252322414
034014403
552310134
322033013
240231202
513022150
451544352
413134513
353550550
415112301
002352530
353205203
