441343215
354255122
305103504
312120525
204251553
531111232
451533024
312231334
514222453
305521232
111012521
201552334
320151323
503523313
431550153
230320110
132545014
520414251
245322321
242003223
051223254
550405512
103512155
252210205
314112201
155044103
215051015
333553431
440200431
333434035
011330452
445553341
211504140
145431220
332444424
242445132
043050105
122213030
243411433
102305351
015542243
000514330
402522043
330325543
404244022
053522511
415415144
025235430
055041151
015125031
510531515
234452251
010033353
504034441
413104314
110041524
511254200
325303052
421525125
224440054
034403135
244314514
000455224
123240531
542134153
502342405
100103142
552354041
525353134
420412302
000130013
005502522
355010442
023351240
342020312
321430543
413315052
535210345
514020234
021004345
521142020
203103040
301111111
252433542
031240312
222224102
133032212
324232110
250144455
444140530
012452240
024413505
541423001
101320104
144524445
220535501
534501302
340541050
343005354
054005003
454135345
453302523
140232004
032111121
435130401
140154532
400421300
413253122
422502414
341241241
435205213
501015420
114301025
333343400
432051550
553530220
553121444
114443313
450334235
151301403
155424350
101155415
235112034
350002035
123025203
230023421
