005203443
110314554
221425005
332530110
443041221
554152332
001310123
112421234
223532345
334043450
445154501
550205012
041401304
152512415
203023520
314134031
425245142
530350253
024314545
135425050
240530101
351041212
402152323
513203434
010000305
121111410
232222521
343333032
454444143
505555254
040552041
151003152
202114203
313225314
424330425
535441530
023510230
134021341
245132452
350243503
401354014
512405125
031400240
142511351
253022402
304133513
415244024
520355135
003324355
114435400
225540511
330051022
441102133
552213244
004004122
115115233
220220344
331331455
442442500
553553011
020434502
131545013
142050124
353101215
404414300
515323411
040351430
151402541
202513052
313024103
414135214
535240325
053013013
104124124
215235235
320340340
431451451
542502502
042340552
153451003
204502114
315013225
420124330
531235441
055255424
100300535
211411040
322522151
433033202
544144313
034433034
145544145
250055250
301100301
412211412
523322523
033341503
144452014
255503125
300014230
411125341
522230452
010210015
121321120
232432231
343543342
454054453
505105504
031025550
142130001
253241112
304352223
415403334
520514445
022222002
133533113
244444224
355555335
400000440
511111551
044105521
155210032
200321143
311442254
422543305
533054410
000523244
111034355
222145400
333250511
444301022
555412133
002055201
113100312
224211423
335322534
440433045
551544150
052231253
103342304
214453415
325504520
430015031
541120142
231323201
140434312
253545423
304000534
415101045
520212150
014015434
125120545
230231050
341342101
452453212
503504323
054345010
105450121
210501232
321012343
432123454
543234505
050033441
101144455
212255503
323300014
434411125
545522232
025133221
130244332
241455034
352400554
403511005
514052110
205142135
110253240
221304351
332415402
443520513
554031024
001533100
112044211
223155322
334200433
442311544
550422055
054532403
105043514
210154025
321205130
432310241
543421352
053554234
104005345
515110450
320221501
431332012
042443123
031225114
142330225
253441330
304552441
415003552
520114003
041534404
152045515
203150020
314201131
425312242
530423353
055321552
100432003
211543114
322054225
433105330
544210241
122154532
113205043
244310154
355421205
400532310
511043421
055440204
100551315
211002420
322113531
433224042
544335153
035024433
140135544
251240055
302351100
413402211
524513322
010444150
121555201
232000312
343111423
454222534
505333045
012152344
123203455
234314500
345425011
450530122
501041233
032012343
143423454
254534505
305145010
410150121
521201232
021420411
132531522
243042033
354153144
405204255
510315300
013002531
124113042
235224153
340335204
451440315
502551420
053423131
104534242
215045353
320150404
431201505
542312020
052553554
103004005
214115110
325220221
430331332
541442443
011143053
122254104
233305215
344410320
455521431
500032542
013535022
124040133
235151244
340202355
451313400
502424511
002431134
113542245
224053350
335104401
440215512
551320023
055342351
100453402
211504513
322015024
433120135
544231240
041030010
152141121
203252232
214303343
425414454
530525505
014032140
125143251
230254302
341305413
452410524
503521035
015331511
120442022
231553133
342004244
453115355
504220400
045011115
150122220
201233331
312344442
423455553
534500004
050111103
101222214
212333325
323444430
434555541
545000052
043202154
154312205
205424310
310535421
421040532
532151043
002135342
113240453
224351534
335402125
440513120
551024221
003455113
114500224
220011335
335122440
440233551
553344102
012545131
423050242
034101051
144212404
453343531
521434030
050145451
101250502
212301013
323412124
434523235
545034340
003230533
514341034
225452145
330503250
441014301
552125412
044421445
155532550
200043001
311154112
422205223
533310334
023141302
112252113
245303524
350414035
401525140
512030251
021244544
132355055
243400100
354511211
405022322
510133433
010121520
421232031
232343142
343454253
454505304
205010415
034424023
121535434
230040245
341151350
452202401
503313512
030113512
141224023
252335134
303440245
414551350
525002401
013124200
124235311
235340422
340451533
451502044
502013155
052204320
103315431
214420542
325531053
430042104
541153215
045223530
150334041
201445152
312550203
423001314
534112425
034130355
145241400
250352511
301403022
412514133
523025244
024051142
135102253
240213304
351224415
402435520
513540031
004540412
115054523
220102034
331213145
442324250
553435301
054250105
105301210
210412321
321523432
432034543
543145054
020452510
131503021
242014132
353125243
404230354
515341405
014320212
125431323
230542434
341053545
452104050
503215101
032544035
143055140
254100251
305211302
410322413
521433524
045530324
155041435
201152540
312203051
423314152
534425213
024542221
135053232
240104443
351215554
402320005
513431110
004212051
115325102
220430213
331541324
442052435
553103540
000412252
111523303
222034414
333145525
444250030
555301141
041505455
152010500
203121011
314232122
425343233
530454344
042225333
153330444
204441555
315552000
420003111
531114222
045103215
153214320
204325431
315430142
420541053
531052304
001512525
112023030
223134141
334245252
445350303
550401414
000243425
111354530
222405041
333510152
444021203
555132314
013354441
124405552
235510003
340021114
451132225
502243330
035514311
140025422
251130533
302241044
413352155
524403200
033232200
144343111
255454222
300505333
411010444
522121555
011252352
122303403
233414514
344525025
455030130
500141241
001111034
112222145
223333250
334444301
445555412
550000523
025351020
130402131
241513242
352024353
403135404
514240515
030304124
141415235
252520340
303031451
414142502
525253313
020042215
135153320
242204431
353315542
404420053
515531104
045405042
120520253
201031304
312142415
423253520
544304521
020020054
131134105
242245210
353350321
404401432
515512543
013413501
124524012
235035123
340140234
451251345
502302450
131520114
242031235
353142420
404253431
005304212
051302332
102413443
213524554
324035005
435140110
540251221
033450425
144501530
255012041
300123152
411234203
522345314
022100113
133211224
244322335
355433440
400544551
511055002
033501442
144012553
255123004
300234115
411345225
520450331
213022104
130201344
035233304
104041520
421141102
335212013
134552401
442440335
451114522
544023102
113151422
243534015
152300200
313032520
035154033
025545500
324204255
051431123
042152311
313415513
231520453
122415040
342255314
253022050
345310551
441305252
512421052
332353005
554541551
535011150
305314424
002400545
214205440
050335323
120010104
134402330
314324041
105154343
311331244
225035512
021353445
534004405
403303144
154153235
042323510
052323324
424303310
502545523
015551435
