56230156
13614132
62460324
33225014
42355061
50126310
63635520
33533665
30435144
54120265
55320621
10436052
14222546
42551423
36103155
15605361
52164242
15532150
53563162
46645164
13246626
44245515
22202013
46512055
12143551
06405624
62105464
44240201
23625616
54114651
14654500
66365556
25411262
31332212
06130562
21015560
43305124
55301636
03421120
62026603
24366020
06443436
64661153
35353043
01565506
53311446
32643336
10600533
05136353
24203044
46401560
16114034
61421323
54464513
35122251
51302551
46266212
14562321
45205652
44065204
33060011
10346402
31205032
63041511
23150322
25236615
50066226
25324365
56454441
44002666
63552334
05665545
01603613
64323002
44553245
04106405
05062632
12223111
02034230
63141042
51526132
02056166
30626255
45526330
60555211
14021341
13106113
20212366
46213526
33452626
20250410
35005403
36241640
05215101
56501234
36556003
32266421
42641205
24452313
61034064
23561204
10641041
53356031
36024216
53450105
65344455
23163166
14610020
10013201
11065465
51301015
16563645
11654626
04010246
01313433
53020553
00416534
03612025
22506304
45124214
46624342
13402141
14055634
52333542
53146424
16402522
22412415
13135546
26611435
02350655
60304665
42105233
54155262
34341530
05504326
44316345
34233231
56122630
56343614
41653224
01444101
65021122
30144064
56242023
61232340
52655355
55642006
50133125
00133621
23426504
40554532
31656460
32022544
46132402
22121602
43424531
21036046
01526565
20042605
30352563
14542162
60052406
34300314
66336111
26055133
63235233
30561543
33051555
43014003
61423315
55256260
31143323
24435225
23344343
41161352
40222043
43540344
41440153
35210435
40334223
30405302
12032010
55111144
35463065
42026456
36625222
45563410
50242534
22310224
64525350
64421056
40445646
60263660
22543636
65534521
56165000
60512442
03023412
03614254
61120146
26620001
46330036
36064652
31314506
22345140
25550242
45040422
40404012
03201251
62462262
06511313
00110603
30525105
05253004
54530614
34500200
35150510
64110430
04535030
62210331
66150025
34636442
53264305
21662130
43322400
64424623
12415612
02162516
42263505
13303453
11345263
65642600
65264145
35446354
44431414
52624050
60463423
54044130
21465631
16662116
26333550
11514510
51630446
16033304
53422661
12461232
43030160
51403000
15420035
63201206
25533463
66001001
46636666
15261503
04541613
03106060
11204225
01051152
16540466
06066363
40413450
00331335
30466604
60630554
32520161
54214463
20641522
52335653
50011620
43100635
64046235
52434106
23145051
01260063
12122435
45251633
06342241
55033331
25343461
24204536
62003250
16416240
42664434
10660351
51515641
23154415
15326524
11360644
64653531
61256302
04155426
10121266
40154153
31131624
36254320
60313564
20053054
02244122
52000545
42631611
31112231
20604662
25502120
53631363
61510452
05056640
24160306
62616043
32311360
64252654
02331101
34512104
33516552
15353316
16251164
32515046
21225454
65612113
26005451
65406136
66424243
21544256
51032213
41016121
00622454
50501411
21156541
04606104
00360112
03604440
03440210
54613312
03043330
