56234051
13614132
56540254
64456542
50142540
53366001
50636310
62340120
33632265
30430144
44620255
55320421
62216021
13241346
25333225
20463006
15402301
51164242
15032150
53564614
24646104
01246505
41245041
22242060
26202213
62643614
02301261
62105464
53240602
03622616
44316555
35354202
21365556
25411262
46026203
06120002
30013630
43666263
15301636
03421040
61026402
26346016
06444035
64261103
65305643
53331235
12513442
60600533
02523353
04002236
45406660
14314241
41062432
33014606
00425461
54112151
20166162
16560425
40205642
14242634
33060011
03164400
31210031
05111523
63001352
22026525
50066226
21124365
56053063
13520165
66552334
05665545
41654620
24123152
21010655
64265315
05162622
11253651
12530530
61631634
54526132
55450462
60113416
34505511
60355241
11132045
13206115
20612306
46113521
44532216
20250412
24005403
26241140
05215126
00600100
36544004
32260406
22330213
11421255
61004366
45633466
10521214
30522224
30341131
36130336
13440403
60344555
42460156
14613020
34033101
21531403
46012645
32503440
40650021
03050246
01336433
42455164
13412515
02652325
25506651
45106614
25142246
43013310
52005331
54433664
53316424
16002522
60452410
44011524
12155533
36621435
02456654
60444125
46464102
44160062
52433045
05514455
41511036
35623611
66124640
01013204
20253434
03644301
01540354
51601143
30203265
01042413
22234512
55655303
16113304
63533422
23430451
33356600
40554361
31656461
02025144
46334352
14641412
25424531
24036044
05060511
42156345
06353563
13045562
66421506
34300314
66316155
26552133
63023233
32564543
32051165
35524360
64503025
55226332
03321304
51343526
04455222
23444344
15261054
10223043
40640353
06453132
35210545
45224423
01006342
62061000
55163134
65563351
42404416
36605220
04560130
25055042
50262030
56206564
64132060
42131003
40545666
64265635
23615034
62334114
22115201
61353105
23152411
00362651
56035116
66620041
46314460
36461410
41363312
62236246
42551323
10061621
00101052
41135250
12662361
56561365
55556266
14060663
12546266
34146423
63130604
04412343
16041441
21146430
04325010
61250006
62143222
25535415
06230324
21212320
43322446
14126326
32415353
50115212
61463424
04334643
16322163
65651140
62432126
35032524
04641444
50024056
11465023
54154515
31465136
36663643
24322666
11526514
60110564
15054304
24440361
14104153
43235120
51403200
10635005
01031566
40533502
41402054
16616666
51241060
34421613
35302065
10034406
31151116
63211511
03566064
63165323
10466450
30325322
51620510
06632551
31122161
54214463
22661524
16435612
50301625
43100636
64046335
42224104
53145655
05233661
52012405
44661231
44343034
30436333
56203456
10362500
34604536
20051250
36166231
22664254
00143215
55333552
21515641
43101505
55446523
11350244
66234263
24553501
03252621
23304026
13355050
31331622
06554320
23603145
26110623
02214210
52500046
45046111
33542253
22344632
34255446
40516113
61510252
25060340
32646052
52311330
64252456
03131641
31502102
33253550
15153016
06551605
65545200
46225454
65612013
11404221
52422612
45420235
