000000000
835500000
619550000
784727100
171603200
051986200
370162300
262275400
112398600
680519700
828772800
991921900
367218110
372702210
643385210
912671410
131453410
775799410
468970510
885083610
844240810
029242910
444321020
073047020
487459020
970621320
207146320
491577320
539322520
620837720
179800820
397955820
203883920
632014920
079446130
732586130
045169130
492350230
154480330
995119330
904066430
809658530
636097630
214631730
356746830
546238830
128671040
084591240
102723240
910824240
696173340
068356340
638207540
859934640
443073840
110295840
594142250
781732350
605404450
780041550
037724550
345489550
922213650
336565750
718450950
850679950
752015060
227968060
339830160
573431560
251363560
307687660
621191760
594977760
305202960
186548960
074954170
551219170
788868270
582293570
675528570
523280670
458521670
135649670
893706770
965007770
476611870
113124080
866695180
068893380
790094380
511918380
348101480
380071480
976815480
295357480
453814780
289226880
107369880
917592090
561764090
720405190
239495390
847920490
263112590
216982690
941846690
434338990
461076101
752418301
294506401
099961501
847316501
763728501
168850601
283543601
226749701
011442801
640485801
975626801
111941111
643659111
865142311
684156411
923733511
423299511
916333711
322006811
236508811
592477911
605752021
057503121
862939321
272868521
580661621
363427621
610300821
894592921
258205921
730910231
574707231
072034431
523994431
989379431
959471631
332135631
267687631
776372931
813716931
656889041
201930141
418812141
136098241
904547441
481314541
520558641
833081741
015617841
740366941
815949051
718786151
033251251
704435251
226577251
654021351
319363351
546605351
378918751
909181851
442829851
495230951
944134061
504389161
357942261
449604261
385580461
738321461
210285561
891223661
729778661
998760861
441555961
938445071
101567071
098126271
350698371
164263471
306224571
404385571
849857671
882481771
717690971
055822971
265391081
579253081
278780381
083895381
151232581
593645781
047228781
804169781
227474881
500843981
609636091
192019091
670894191
125129291
451761491
537072491
727204491
715053591
486400791
548780791
169575791
251100991
363999002
898584102
790831202
935843302
206552402
881365402
903338702
742783802
556923902
327007902
452438012
553236112
701125312
519010412
079308412
822141512
649997512
974744612
137466612
485376812
043770912
405210222
222892222
646318422
787291522
918009622
156159622
659176722
036681822
314746922
961478922
875221032
370465032
510386032
744014132
231969232
326188332
083953532
125514532
692970732
788247732
267122832
896790042
078870142
689042142
664120242
562682242
951300342
183111442
724382442
716609542
279433642
555095942
212103052
006443052
671387052
807672152
584834352
130705452
454608652
764868652
398364752
241036752
027886752
960244162
587147162
193428162
348250262
610165262
008471362
435632462
224615562
497109562
476893762
483064962
429928272
298663372
677719372
354374472
060402572
816562772
031197772
830030872
924457872
342885972
944529082
450183182
095737182
416041282
529560482
508711682
033073682
832956782
611654882
793218882
807514092
375678192
173352392
860547592
082524692
669815692
959098792
118535892
503259992
063625103
777375103
209344203
965914403
296138403
261293503
572510703
148797703
181808803
213869803
105630013
614428213
512251313
399753413
439984413
026217613
472059613
703061713
488228713
997699713
353891913
716292913
983802023
758924023
564630123
340560323
810578423
885395523
379587523
641331623
921815723
438343823
677492923
517060133
542671233
848409233
333154333
822667333
027740433
258876433
130121533
315812633
928021933
721250043
936188143
335338243
087881343
627413443
339707643
465451743
873244843
694735843
104979943
834393053
165271153
721784253
950596253
040063453
282072553
391145553
597926653
663358753
132688753
065556953
607248953
628032163
536016363
994220463
767806463
915765563
806570663
786426763
010449763
190312863
451187963
419275073
772141173
906966173
587752273
361082373
252907473
300173673
743534673
196304973
404064083
820156083
230858183
382110283
175487283
440748383
231520583
084642583
992496583
186685683
359402783
568937883
799962093
653063093
611674093
809713193
096375293
079420393
424509393
548669493
278139693
245903893
602798893
435094004
817553204
250729204
688798304
613140404
752264504
037112604
914607604
479866904
179237904
873028014
642225114
257767214
948138214
589740314
626571514
008465614
162511714
794103714
830109914
324762124
153972124
015206224
993581324
566479524
746745624
775650724
868290724
584083724
104524724
769061824
493362034
197804034
714955034
406532234
347275334
420445434
926606434
551356534
605821634
001850834
600788934
205475144
532628344
444216444
081029444
318993544
060394544
577115544
336410844
222300944
931630054
599774054
311327154
886864254
143417254
025198354
302899354
759843454
981102654
375931854
956952854
270311954
227019954
545596164
723051364
661945364
958379364
849118464
170926564
700152764
558054764
265884864
092633964
680617074
987333174
293901274
079055274
768549274
417404374
562436474
391088574
649243774
854911874
163692874
132576874
377560974
421647184
913289184
238053484
909687584
678320684
355555684
140070784
036997984
872486094
290448094
106201194
364751194
446037594
131046794
881777794
513828794
729339794
635962994
025335005
662901105
958117105
044059305
629624405
557488405
386250505
707736505
919744705
415542905
881538015
721008115
407809215
520873315
022915315
274696315
146343515
506584815
819425815
990856815
221285915
666167915
316118025
489756125
583322225
235515225
856033325
571959425
995430625
733874725
123193825
985981035
180439235
403907335
973849535
431423635
659299635
549802735
290527735
092541835
144764835
307853045
258165145
824476145
145827345
702490445
966232445
408125445
052722745
328043745
878758945
346690155
734079155
611882455
653267455
313648455
770000555
108412555
555367555
837344655
865463855
987095855
249954955
530241065
078602065
832705165
791194265
672564365
764317365
284938665
117277765
399685965
633726965
652650275
432361275
870397275
297041475
168188575
606675775
311779875
861810975
424881085
188306085
209960185
793252185
069473285
301666285
565729485
174411685
926062685
737928785
463790985
019131985
753780095
125456095
447086295
698808395
317170495
992513495
893604595
740171695
262044695
614276695
004960795
380214895
244712006
506197006
596847106
070981206
434660306
889222306
478982506
930355606
085133706
525176906
777263016
738837016
895014216
857587316
872732516
310545516
360781616
699194616
981862716
218324716
966050916
188625916
100914126
821480226
169841226
386704326
249467326
474175426
153027426
818166526
091258626
672609726
683474136
949598136
148142336
776524336
401002736
462795736
285297736
726520836
594203836
127018836
645643936
760454936
561745046
952616146
397329146
908703246
946439246
200231346
399946446
644870546
437540746
549351846
020989846
371497946
287608946
974551056
112833156
273455356
917977356
866289456
456335556
538592656
439611756
798619956
341071066
280670166
163736366
333313466
827839466
196368566
843960666
666423666
502048666
755559866
808906966
119082076
394286076
024823176
635268176
210764476
928651576
705877676
299416776
003340876
657939976
855361186
835434286
627905286
753178286
142501386
404498486
550703586
481996886
077584986
323432096
051655096
671516296
784946296
295180496
031799596
052867896
964388896
412124996
391411307
410257407
855840507
724948507
735301607
348463607
383576607
942462707
598025807
631239807
289400017
298549017
174065117
016834317
205978317
650444617
711616617
563809617
324357717
340622917
501805027
042976027
688913127
464913227
520644227
959612327
147654427
266986727
070768827
722657927
308039927
860633037
004179037
526454137
418889137
617591337
021266337
242721537
014015537
977153737
600376937
034818937
867077047
215430147
150532147
757657247
465708247
813329347
476904447
693152547
362568547
787479547
195684747
537896847
612187847
980905947
169120057
467161157
900328157
879275257
893491457
254080657
743502857
482947857
518573957
930727067
556871267
028383267
834482367
182294367
061710467
309795467
109856567
429397667
605093867
892309867
368372077
585118077
249199177
971279277
496753377
725922477
147781677
777535777
453938777
359527877
962344087
133740187
699068287
039569387
240332687
876106687
634273787
785463987
923634987
547317987
211307197
938294297
126260397
058282497
233637497
683848497
514430597
787180597
408694697
376820797
821041997
943208008
129380108
667334208
114496208
486089308
473781408
394865608
138459708
731674908
834427908
050310018
587500118
748491118
016752218
191572418
778596518
602382718
850953718
065274718
159669818
528588028
295811128
952754128
519099228
427623328
332140428
444267528
012902728
930286728
769717828
469146038
488215138
966717238
384609238
897338338
701393438
233778538
552990638
178074638
326391838
541462048
769025448
521302648
840754648
203096648
793987648
005948648
319264748
847565748
774238748
162155948
628725058
023519158
194043258
251444358
088837458
696656558
125900758
571120858
800297858
514698858
159994168
430876268
279147268
667650368
815301468
322858468
460563868
911914868
053105868
979903968
722749968
286829078
815154178
072096178
846032378
709506378
637883578
524134578
800626778
654501978
248245978
016468978
776971088
335027088
691449188
903935288
712245288
643406488
660019588
417730688
967872688
522620888
274842888
888678888
490992198
341183298
575285398
980057398
907421598
852539598
544613698
388390998
155716998
357641009
312523109
545970209
808085209
624192309
196936309
056078509
286351709
400108709
202419809
264594909
229731019
032387119
561531219
383423219
508813319
407919419
934902519
495855519
457190819
240052129
655273229
716467429
591730529
902370529
047444529
823306629
788134829
794328829
190261929
089885929
836905139
851848139
668562439
871692439
357130539
099000639
361326739
755492839
110983939
589135939
739513049
282666049
973660249
925164349
050636449
231869549
492272649
470589649
511701749
174773059
428246059
191157159
364004259
560925359
503286559
413688559
682769659
925512759
069408959
603557069
236209069
476027169
218627269
889417569
014292669
745688769
263759769
678466869
937731969
940890079
538404179
697211279
213570379
041783479
685740579
121995679
575349779
623015979
954126979
371533189
615036389
769289389
182958489
741804589
320879589
097793789
846114789
533765889
955587889
802822989
563163199
078011299
834851299
302237299
348941399
626796499
147897499
277258699
157345799
766643899
639177899
999789999
