0000000000
5690000000
2830153000
5478514000
8185687000
9242228000
2557889000
2083010100
2848831100
3431605100
5866778100
9225722200
9915042200
2123352200
1297803200
8651244200
2045694200
4309577200
2071489200
6133614300
8627265300
2896996300
8574957300
4648289300
6301800400
7769061400
0280665400
8458518400
3539629400
6776721500
1460255500
4199136500
3020846500
9407999500
7254730600
0152482600
7837914600
8215424600
0994386600
9319188600
6602532700
4781883700
1722475700
7416147700
1893308700
3264919700
3173173800
2802864800
6450995800
3617316800
9768566800
5326497800
1957350900
7826631900
7920442900
3638762900
8164553900
5882593900
2491277900
1145178900
6383349900
5271859900
4952910010
9623181010
9743642010
7561994010
2307045010
4405076010
6336304110
3026014110
9486324110
7454965110
1272936110
6219286110
6596201210
1911813210
3681173210
8735373210
2078734210
0161656210
4250874310
0783536310
2402427310
8747487310
8387118310
5610619310
9620550410
3905431410
1643703410
3454124410
6783995410
1879369410
5148640510
9391163510
5993554510
3118525510
1544398510
2764241610
8284852610
1330462610
4195473610
5810573610
7923085610
5156708610
0412009610
0758051710
2529061710
5615191710
9069876710
8800629710
8165000810
6877393810
8490817810
7047728810
3631248810
0536880910
2227512910
4065943910
5731745910
1682847910
3219550020
5750934020
6097155020
8431756020
4190297020
2989310120
0302642120
8052403120
6180434120
2177044120
0655339120
3226160220
8676981220
3122296220
1834617220
6333877220
7747949220
4164350320
3703221320
0599772320
1829884320
7572666320
6814402420
6216805420
5945215420
8560285420
2728726420
8818277420
1396528420
8970660520
2401501520
7663483520
4371374520
1265838520
2033879520
4735695620
8149106620
3045037620
1416458620
4025968620
2961098620
8986209620
7401119620
9388340720
2102711720
5437912720
3595848720
1244061820
9962574820
0129355820
4853685820
6940346820
6588027820
8257897820
3328132920
9467683920
1600394920
6070775920
0113707920
2525550030
7717362030
3279082030
6134933030
8606475030
6951867030
5032798030
1939770130
8491351130
4675072130
5708883130
4938227130
5525737130
2748657130
5560149130
7891032230
0110514230
9459209230
4177801330
6558511330
5624825330
6667117330
0964368330
7126298330
2314749330
2095113430
9772873430
4522387430
0977158430
4253568430
7289123530
8550693530
2887435530
9212978530
3705689530
3860321630
4549213630
1493944630
1957725630
5611977630
4886799630
0868993730
8801234730
9158585730
0911446730
8023596730
9946089730
7789190830
2293690830
1367951830
4486602830
1019304830
9104719830
1982561930
2351174930
6375405930
7838856930
7740266930
3844479930
4682120040
3051542040
7489644040
1067539040
5897010140
2605950140
3592795140
4747756140
5923081240
6654632240
9380766240
2734128240
5508338240
1753440340
8228931340
8146342340
2316663340
1637135340
1517297340
0391239340
6943951440
9895661440
6460892440
7332074440
1982607440
8694047440
0066311540
3884252540
3847813540
4820795540
8979907540
8029258540
0755899540
1450612640
7575603640
9233063640
5141104640
8359145640
4268875640
6476585640
3354652740
8936762740
6309743740
2617714740
7119524740
9970227740
6071488740
7195580840
5958162840
0876225840
6811009840
0424479840
1037422940
0506943940
5726373940
2969493940
3689906940
7243317940
0410288940
4146411050
6909321050
3224303050
9855447050
7985079050
1121590150
0801601150
1974492150
7367507150
6790618150
5060120250
9403675250
6291985250
2540506250
6084857250
4867639250
5098470350
2222021350
4049552350
1901982350
8715095350
3316728350
0689101450
5251791450
6259403450
9128933450
3157826450
3573339450
1392281550
7556082550
5632053550
0644744550
8824165550
5412846550
7603287550
8236548550
0063131650
4833192650
2928984650
7689715650
0628677650
3398959650
3271610750
1485723750
0549964750
1730385750
4104906750
2775508750
2268214850
0735884850
2379637850
7258378850
8842189850
8717730950
6516134950
9504155950
6862026950
4026269950
1513891060
5691624060
1223455060
7729807060
6056267060
8198009060
8078820160
9514880160
4285301160
2942572160
3650293160
0929535160
7369316160
5535287160
4803400260
9671760260
5772915260
1196576260
7420458260
7906850360
8130641360
0051323360
9365786360
3740177360
5688869360
4010161460
6612612460
0447092460
4500784460
7223006460
5036449460
9859010560
0363018560
6272149560
6448769560
6427330660
3004544660
1518659660
4562621760
5169262760
9297494760
1085245760
2216927760
2687688760
7782431860
0339951860
4907633860
2438143860
8501815860
5987345860
0473274960
3964515960
7314486960
4894928960
4331019960
3821273070
8354024070
1678416070
0848587070
4517408070
8963921170
9034291170
7110122170
2093365170
1056176170
7794768170
6508399170
1415020270
1505230270
2581441270
3862707270
6561758270
0484588270
2150989270
3377560370
9780212370
0274513370
9441433370
6120048370
3381431470
8641534470
3766454470
2839596470
8375397470
4048543570
5924664570
3345696570
7695327570
9659818570
7231490670
5573742670
6722123670
0807266670
7444810770
0296474770
2232035770
5059606770
8439119770
4993759770
1226789770
5557650870
9616832870
2280753870
3473786870
5304371970
5479671970
0919652970
4132865970
4257347970
9099057970
9978608970
0010908970
1549670080
0811871080
7574222080
4719723080
0968745080
3403868080
3902319080
1663920180
7145112180
9803454180
0204187180
5714597180
1340909180
8358392280
0636194280
7012635280
5247426280
8523177280
4428419280
9050111380
3919313380
6238083380
4575804380
9836505380
0872610480
4521512480
7187253480
8418066480
2180376480
5823948480
6937200580
4474531580
1081782580
6381972680
8007792680
2774017680
5996638680
9179898680
6760570780
8933821780
4364063780
2342855780
9521106780
6153737780
0047169780
3535731880
8709022880
7152354880
1032256880
1855547880
4291467880
1208458880
7630569880
3885140980
2791260980
3427081980
8597972980
6665658980
9366430090
4839541090
6825714090
2378776090
7370137090
2439398090
0321813190
5192363190
4989597190
8583468190
4711549190
7290541290
4876253290
3917774290
0340825290
0233416290
0499240390
8883071390
5465302390
5882104390
9141365390
7971996390
2955168390
5313230490
7008641490
9994892490
2426603490
1161185490
5259485490
9739336490
1427979490
4983912590
6205562590
8914753590
0798104590
1034694590
2565426590
4540036590
3737967590
8662860690
9557571690
1138671690
9046357690
6699499690
6244270790
7127821790
3670451790
3188097790
5080980890
8075202890
4672045890
2166975890
2654206890
5353529890
1858920990
5044094990
7553005990
1706016990
8922788990
9261639990
3745011001
1827921001
2833404001
0360854001
0573056001
3704918001
4531940101
3812222101
7528472101
4081733101
9588174101
8376266101
7416096101
4784429101
9087272201
2502053201
3719204201
8683636201
7443266201
4937769201
0265099201
5079110301
9854582301
5384096301
2201968301
7645378301
2567702401
9272023401
0425314401
5534814401
5989834401
8705486401
6191949401
2625280501
1087290501
5455901501
7247515501
0838328501
9338550601
5961621601
9234371601
6603273601
3157905601
2224206601
5600437601
4212647601
2700670701
7174371701
7028663701
6851155701
9747985701
8219397701
3943498701
9252839701
6973781801
1590112801
7725507801
8032047801
7716988801
8494871901
8271982901
4646335901
7399065901
1106386901
0167127901
6453011011
7671603011
5063384011
1314326011
8069339011
0798470111
1182941111
2487962111
6998037111
6893148111
7791088111
7768419111
0601070211
3409992211
5930024211
6645154211
3856418211
5540909211
1825630311
0914930311
4160772311
5243292311
0769585311
1446659311
3382870411
9074251411
3034596411
3296757411
5972067411
2347367411
7939453511
2514074511
6708835511
8452186511
9236817511
4009308511
7323899511
4251440611
8649401611
2046221611
1791325611
4324108611
6480079611
4342781711
5220503711
0981265711
9116426711
4678717711
3177539711
5782849711
9107190811
9128742811
0578905811
8205576811
2692539811
8553232911
0145053911
4510896911
9550668911
7808790021
2589615021
9435085021
6144239021
5384240121
3198581121
6680122121
6243764121
3934984121
7877351221
4099622221
2498245221
2810775221
4931538221
0887668221
2132778221
8434090321
6419731321
9812912321
9916444321
3483345321
4607076321
8052765421
1621336421
0679809421
1732019421
3808179421
5905352521
1968806521
9004866521
0016977521
6325797521
6756648521
5574703621
9867213621
0175924621
8520587621
7562468621
0774180721
3415901721
4450823721
8511054721
1395479721
0683511821
5201632821
3711193821
0226046821
7355257821
9370108821
5460070921
6142990921
4946702921
5421423921
8644623921
7189574921
5723467921
2079248921
0241520031
1040540031
2658060031
7182951031
3614163031
4927176031
9994417031
5116600131
2904303131
4138654131
8347874131
8743005131
4477598131
8228910231
2737131231
0813443231
6062436231
6741388231
8720251331
6302651331
6531862331
0224693331
5280317331
9597857331
7950600431
9503221431
3163194431
2948305431
0818796431
8365642531
3174362531
5339975531
2278509531
8287229531
1651429531
7012280631
5073332631
0776472631
8199864631
2389086631
7405818631
0551781731
1552592731
8520133731
7303574731
7266175731
3990058731
9635930831
0496223831
6579244831
5892687831
5649797831
1694814931
4207905931
4285485931
9481797931
2835788931
3022959931
6310969931
5569561041
4413432041
5095742041
0157573041
6200494041
2132606041
6432377041
9758679041
7341090141
8628853141
8232534141
9317335141
1725207141
0487680241
4299375241
8831206241
2975816241
1864989241
0037012341
7060024341
9693964341
9975195341
4470467341
7162808341
1283758341
6524410441
8694192441
4896543441
3001217441
7459729441
3238030541
1186633541
6004925541
6378687541
0959976641
2611518641
1746858641
0840759641
9899391741
7702903741
3728244741
4765464741
5313116741
2666229741
2547470841
5734821841
3058831841
2184157841
8260388841
8570419841
9349029841
0416000941
1585041941
1274754941
3217665941
8808329941
0993899941
8677450051
9656795051
9371748051
0592098051
9263359051
3270420151
6015860151
1761032151
7047882151
5986116151
0559328151
4352278151
6532493251
7626384251
3361485251
8304736251
6914579251
1167050351
3788361351
5996183351
3865264351
1170275351
9431506351
3523538351
5885652451
2018483451
6447584451
2619145451
7536445451
4063676451
0742141551
5086761551
8940973551
2097994551
2200718551
0743719551
3491669551
1464441651
7823902651
5345523651
2426855651
0602297651
7488238651
7397049651
1215251751
5737263751
0522855751
8444217751
4984937751
6879018751
9442650851
4308524851
3850616851
6129066851
1608367851
0292300951
7932111951
4823503951
4903845951
2856007951
9660999951
2326671061
7397483061
8959505061
4773316061
9497237061
7100967061
6677711161
1300551161
1845562161
0738663161
0664758161
9566859161
9921289161
8968291261
9806062261
4680865261
9142107261
7073547261
2159130361
3615205361
6258455361
5548986361
1341827361
1269240461
4576990461
9847241461
0308412461
7790033461
5917328461
9784578461
0652372561
3527743561
1209134561
4524055561
2280886561
4461107561
8616719561
6082604661
3838035661
5746896661
8499798661
7030149661
4841999661
2133720761
0044612761
3472356761
2099451861
4209071861
1232882861
6183883861
4411344861
3783927861
4555169861
0021379861
6961510961
8885774961
7476536961
1419428961
5150641071
5392202071
3701122071
1906504071
8738958071
8884169071
5257014171
7535546171
0093697171
2401149171
3380901271
9154393271
0592174271
0926735271
1540795271
7631229271
5016559271
1156669271
0306191371
7218723371
6869843371
8508605371
4181715371
2044756371
2745469371
9483100471
4153231471
6266962471
2221892471
4695464471
1975756471
9664977471
5788728471
4697000571
9709380571
7991256571
2463157571
3149208571
8115312671
2329533671
8027185671
1674695671
5871887671
9825820771
6488652771
9542926771
0109447771
8967048771
1028078771
3465100871
5498912871
2912263871
0870434871
9745845871
6637878871
4789250971
4005481971
3333633971
2872519971
8086823081
2570727081
3466787081
4295288081
2475973181
3061935181
7503357181
1519689181
8171899181
1150060281
7254841281
5711771281
4654666281
9265608281
9718188281
6498569281
7987492381
8897433381
0330214381
3515915381
2023399381
7148471481
3642042481
1408393481
2390315481
8759957481
6513028481
5106089481
9972031581
6675091581
0710552581
4336413581
5881094581
8122425581
4842568581
0368830681
4930681681
9444174681
2283526681
7595167681
2076102781
2135542781
1073364781
5443445781
6397706781
1617567781
4239309781
3956370881
9934743881
1422704881
6864695881
0809160981
7507734981
9129616981
6720836981
5658146981
5544259981
4329052091
1055193091
1939634091
3548344091
6788265091
0287946091
9811138091
3610889091
3781700191
3626571191
9490715191
0802875191
2450436191
9206169191
8476520291
4955881291
1353913291
1387444291
3566627291
4762333391
2171343391
7651674391
4118084391
6794526391
0038507391
8407349391
6222412491
8930303491
1249173491
5134458491
5420668491
5662720591
6110251591
0431161591
4516872591
1598484591
5054038591
5977398591
1134760691
3909760691
2752294691
3293076691
6585339691
7814800791
7639282791
5105595791
8096938791
1863955891
9081406891
4824217891
0913667891
8777699891
8263101991
0314931991
6336391991
2948622991
4578813991
5421547991
3432460002
6245054002
8593774002
4770565002
2364517002
7072458002
0829189002
0773330102
1499003102
3462784102
5262626102
5690967102
9656423202
7304133202
7166715202
0520246202
6317038202
0941811302
0266471302
5984402302
4911052302
2830992302
6586913302
4352096302
3300737302
4895319302
5545972402
2619864402
8108658402
9305882502
3461843502
2628195502
3789756502
1011576502
3886140602
1997531602
2049673602
4479815602
5437257602
8794039602
9992430702
6727412702
8937885702
1481696702
7253187702
9110309702
3304720802
1801341802
3193953802
1028505802
6414288802
4119111902
8054962902
4950743902
4923204902
7543525902
9134018902
4058299902
6590931012
6935622012
2694793012
1936348012
4888458012
2951673112
3549584112
0645145112
3013447112
1632297112
2735898112
6433509112
3840020212
7429470212
0247390212
3908905212
0416748212
5004819212
2901120312
8021231312
5359733312
3040563312
3697645312
0001195312
2356941412
0719681412
5374694412
9962166412
8786186412
7124369412
1505711512
8339261512
7732302512
5612655512
4806357512
7225067512
4167969512
1649520612
4726022612
6846092612
6471804612
1581765612
9848046612
1408286612
6203050712
7381502712
4057242712
2113953712
3561837712
5103901812
3074183812
9259383812
3890204812
0198316812
5233918812
9173694912
6150375912
9877985912
8372077912
0364459912
1988189912
6572180022
2677271022
3676952022
2062882022
1760753022
1536263022
5285741122
7036662122
6557862122
9109478122
7951788122
3713029122
4514600222
4241112222
2171265222
8625003322
2878133322
9193534322
8249426322
2338576322
1418917322
3230001422
2403383422
6664616422
9997697422
3238948422
4733489422
8140830522
4589294522
1910015522
9881526522
0660976522
2342008522
3627438522
5758690622
2155651622
0953564622
5822375622
6861749622
1799101722
9546591722
0587973722
0397364722
1409935722
5744787722
4670218722
0865420822
9337133822
8487166822
7966337822
7238809822
8009449822
4874000922
6322713922
7419533922
0084845922
7498928922
9280830032
3309911032
5918421032
1455683032
0476964032
2457484032
9874111132
6187706132
0594837132
3081318132
1443351232
0970893232
2269555232
8331729232
6715270332
3798332332
3242714332
9320494332
9682355332
1730647332
7053109332
9968210432
2006820432
8801690432
1125872432
4221295432
6692728432
5348069432
0707543532
5096253532
6593366532
0872247532
7578597532
8644908532
4390780632
9529432632
0518183632
8904244632
6955956632
6267776632
4315810732
6666044732
8813665732
2942326732
3834076732
6929238732
4433001832
1287626832
4144486832
4861977832
5795068832
5507588832
7371359832
8566300932
6297893932
3502674932
2120157932
1191648932
2609839932
0655522042
8942013042
5556154042
7323946042
3318457042
8721067042
0120401142
5139842142
8010974142
8865497142
7907678142
6281589142
2214940242
6289171242
3165133242
6858224242
0815568242
9601891342
4537323342
9015543342
5963293342
7296856342
1619766342
3588280442
9231144442
2771735442
1350407442
4544058442
4991870542
5254380542
2496072542
3435415542
1207655542
0449807542
0928778542
4173629542
8839610642
7027396642
1102069642
4205220742
7065701742
4373861742
2147105742
3480599742
2052940842
9087564842
6103216842
6574556842
7893198842
9726619842
3977722942
1666182942
4641682942
8592445942
2418126942
9404236942
6749299942
4186874052
5863867052
1842638052
7430449052
8148792152
7075754152
6678945152
7960236152
4906096152
2527259152
3132581252
5782232252
9325394252
3999307252
2685477252
7759088252
7870791352
5222544352
0452615352
7762245352
0165590452
8366352452
0931023452
4294435452
9519717452
4753368452
0400179452
4458770552
0357761552
2108432552
6703633552
8206384552
9150056552
6816329552
4944159552
2095090652
4707921652
1834873652
9756904652
9012206652
8280127652
3632168652
8314898652
9956980752
2091471752
5104522752
7208466752
5083778752
9725289752
3661250852
9920851852
3217142852
4274623852
2776414852
1653034852
8261744852
0080087852
7334960952
5591416952
6879986952
8469688952
3251631062
8420122062
9567315062
9640776062
7148348062
2843813162
4335134162
3544464162
4014975162
8206597162
3048380262
9712071262
5951572262
3586493262
5441345262
1795446262
6536637262
2515129262
0563939262
0377281362
1198224362
5121456362
9464828362
3176038362
1187810462
7060873462
4809705462
6039527462
2982748462
0294250562
6721491562
7969984562
5807137562
9880909562
3623650662
7092821662
0383612662
8761603662
2973465662
5822750762
0336260762
1671582762
6999663762
6405984762
4618836762
6850896762
8654379762
7681164862
5156125862
8786637862
4695708862
1925998862
2415639862
2808511962
5070092962
2647303962
7288273962
9078156962
4246798962
9187920072
7417691072
7805555072
3795875072
5235607072
8102780172
4929371172
4393523172
1212463172
3826083172
4047135172
2667361272
2879402272
5438733272
7194634272
1467574272
1391955272
6253828272
2748900372
9501060372
1672031372
1589052372
5473288372
3958649372
8833431472
6068132472
3240324472
7492117472
9475249472
2894681572
1031214572
6340444572
0630686572
9023518572
8575128572
1522999572
3404472672
5681933672
7700114672
3164285672
6111386672
8250559672
5919990772
2784321772
4426516772
0306208772
5189070872
6684511872
7758093872
2817724872
6346805872
8141267872
1363179872
0853762972
0612857972
7196799972
8716540082
5477173082
3853296082
2211007082
4624347082
9094069082
9927510182
6830330182
8492150182
7693211182
9751227182
3359319182
0192961282
8783814282
6000495282
0132306282
4577646282
4163047282
3075759282
6424762382
2679384382
6369158382
1764198382
0002091482
0461432482
6552803482
8322824482
7846736482
3946279482
4282989482
3859521582
5388661582
8777986582
6152767582
7117408582
6096910682
3415262682
0237795682
1278348682
7617039682
7229642782
7855413782
1034153782
1898277782
0121928782
5941719782
9933282882
4728005882
8985535882
9349275882
2590888882
9200943982
5668504982
4732454982
1023627982
6936177982
0686439982
6031670092
1114192092
8162283092
0039034092
6984005092
5603106092
2182839092
9368051192
0744954192
7484025192
1379826192
5976409192
8024704292
8057016292
9708767292
2860648292
1746168292
9420959292
7818262392
8538965392
6643487392
5847859392
4512579392
7617410492
8893582492
3325143492
3707806492
1685958492
1075380592
9185673592
9013793592
2299219592
5586501692
9628822692
4460413692
0901354692
6179917692
0005528692
4946140792
2534741792
8278872792
1276684792
0558635792
9392927792
7360600892
6442991892
7900272892
0531392892
0397778892
1523840992
1956861992
5311085992
2215336992
5175227992
0089367992
3751508992
5678281003
3960932003
4298136003
9396609003
4631859003
9515640103
0049913103
6934194103
9621077103
7912869103
4750151203
9224591203
6669344203
3824055203
7275937203
3363068203
2488121303
0711103303
7707794303
4166661403
5697634403
1238944403
2892755403
5140506403
7734287403
1177779403
2414960503
0589570503
8390073503
7033638503
4970000603
1883480603
1346064603
2167445603
6048716603
8336826603
8369522703
9489452703
5283362703
9058414703
0142297703
4312712803
1470413803
8637523803
4909465803
7176106803
1954618803
6856939803
2885279803
3555320903
8876793903
6408007903
9827868903
5798749903
5404640013
4854551013
1949256013
3559049013
2930771113
2196424113
8618364113
5211435113
4328988113
7890380213
2055805213
6388676213
8007957213
5867760313
6008842313
2098804313
8313174313
1340685313
8115966313
0475948313
6232789313
9207331413
8861028413
6763319413
6065419413
9343499413
0674822513
1898692513
4725224513
4781707513
6127587513
3436313613
8161653613
6517953613
1715594613
3653117613
0139237613
0963578613
4237429613
3422600713
1956793713
5372295713
0494677713
7586248713
9833009713
7273091813
9030135813
5423876813
5542027813
2440110913
3792433913
5389714913
7777144913
2244478913
7901039913
7785410023
8375731023
5983603023
8079234023
0428854023
7264136023
2712377023
6479630123
7141043123
8564273123
3996716123
2591566123
2859107123
7137717123
4220779123
4848203223
5105413223
9344756223
6350386223
2617296223
3184728223
0902659223
5086079223
8595889223
5542141323
9163971323
0849095323
3037707323
1404142423
4285593423
3830498423
0387989423
3669921523
0257451523
5394417523
9456237523
3090269523
7650870623
3348891623
4706835623
5269158623
8153049623
1988960723
6331421723
7193012723
4013194723
7009326723
1596080823
9652461823
2720952823
3871514823
8428385823
5751309823
8718542923
9935352923
9993125923
0636598923
1571529923
6947190033
7535672033
1362123033
8299846033
6506107033
0133329033
8010752133
1155845133
8852337133
1662712233
2400322233
4788032233
3927562233
0379164233
3173527233
3128018233
1094001333
2323253333
5455494333
3571235333
7664585333
4573419333
1826441433
3141665433
4454926433
9616056433
6080298433
6804772533
4601983533
1530854533
9098584533
4756305533
5410708533
0724761633
1850074633
8582905633
0696207633
5904187633
7373658633
7245689633
5071940733
2989881733
2603442733
9733573733
4147374733
3437686733
4237260833
6395370833
3216531833
5396793833
2621136833
3568408833
2708398833
0816819833
1037833933
0620015933
3743986933
6246547933
9402700043
9181412043
7830183043
5572464043
2104274043
8797218043
1701919043
8547021143
3391151143
2634023143
7423134143
4074867143
8795988143
6100820243
5625890243
5242133243
2673515243
4110997243
7688509243
3735050343
6550305343
5809677343
2229328343
3347548343
2979749343
5412259343
4029030443
0203864443
1713825443
0586056443
9241648443
9936389443
8995841543
1647171543
9248403543
1275904543
4861346543
2503786543
9472552643
6226292643
3059683643
7884365643
2014538643
8656804743
6045355743
0635436743
7497467743
6512739743
8041420843
5967055843
6365665843
4382838843
2297929843
4918590943
0168211943
9752741943
1092276943
2531997943
7401169943
2119531053
6327212053
7314803053
5238125053
1257265053
9097338053
0843240153
0025102153
9698663153
1880526153
9572708153
5607009153
7703509153
2446789153
9411283253
0778455253
8239667253
1178149253
9202810353
0696620353
2064813353
1437034353
9978376353
6768976353
8482596353
7151577353
6494358353
7610458353
6695301453
2332902453
8320915453
4117795453
5950937453
6129158453
8157212553
1051852553
3868734553
8405064553
9766196553
9832107553
5138360653
3911303653
4799546653
8921447653
6563887653
2562170753
3806971753
4317015753
5746637753
0618698753
8351699753
3944800853
4533391853
6759472853
7594643853
5915722953
4453292953
3083454953
5527696953
1789048953
4172388953
3112490063
1866374063
5875036063
2082066063
6813508063
6786053163
9739925163
7557916163
0701456163
9357250263
7436711263
5999285263
4950946263
0239896263
6727099263
2990402363
4066588363
9224319363
3419899363
9511320463
3398872463
5854473463
0156204463
6972214463
7544105463
2668637463
1480332563
5139182563
9212583563
8477625563
4945457563
6538118563
8001170663
9111861663
0821614663
2692046663
6930847663
1381397663
2135819663
8270479663
6740720763
8543331763
2255213763
5624983763
0490545763
0321797763
0802488763
0463830863
6014641863
7848152863
8976024863
8184994863
6693945863
5030900963
7642951963
3200081963
4101202963
1763163963
2360844963
4979143073
0215073073
8040395073
7528737073
2907288073
0358460173
6173902173
9782684173
9288615173
3165356173
3649439173
8038140273
5893890273
4052021273
8546482273
6661884273
3203245273
7985151373
6244951373
4634942373
5976527373
0855957373
8789278373
1602500473
7077473473
9493093473
0514116473
0991908473
1435768473
2776313573
7119045573
5526865573
6482475573
6351536573
2311276573
6451221673
4598231673
7465991673
2529004673
3313624673
2157168673
5264030773
3542262773
0887534773
8056325773
6500666773
1003857773
4440087773
1714239773
9609159773
8623740873
1120621873
7279782873
3985017873
1809818873
4869614973
8264406973
9366247973
8602198973
0461369973
4505692083
5424575083
0652485083
6922586083
0580257083
6646968083
4469740183
5007511183
1284331183
1933775183
1438496183
5330098183
2345530283
6147811283
0022343283
6966434283
5723358283
1571878283
4277200383
2453932383
9829763383
8158883383
4941624383
7306345383
8463301483
2765501483
7999162483
2837644483
3270447483
8913139483
7286950583
4092822583
0953084583
3192197583
4030248583
3684679583
2818022683
9695773683
9560724683
9108025683
3770606683
0248579683
6291814783
8174755783
4865186783
3212068783
0252190883
5314484883
0705976883
9487847883
7068229883
7329500983
5839201983
5580391983
6619923983
9179135983
8691585983
0454885983
2604357983
8802088983
6764080093
9043561093
2661761093
3026775093
0293727093
3857382193
7269692193
2411754193
9295194193
4673396193
3305228193
8599510293
8721602293
5567832293
9844934293
6918375293
4436178293
8304010393
0186132393
6870063393
1953226393
7825429393
8178943493
2504563493
7422276493
5091786493
5760817493
4445677493
0727330593
8216611593
7350564593
2901295593
7741828593
6132559593
1347302693
5680244693
1932515693
9074999693
0967601793
1529405793
3832966793
9955048793
5278558793
9730262893
0100733893
3469553893
1202853893
1015187893
2076650993
6611490993
4290652993
5685762993
0587424993
6887156993
4383977993
5158979993
3609642004
1311764004
5787347004
1571667004
9958397004
4869209004
5753243104
4800894104
6506685104
0600166104
9107258104
2297188104
0941501204
3578084204
7382215204
8189345204
5849846204
9736131304
1711351304
1135403304
3531273304
0513826304
7531107304
2959727304
3016282404
7662993404
9800916404
6801438404
9449362504
4092517504
0890527504
6263657504
1324339504
6348441604
7962152604
1456872604
7124974604
2554319604
5739589604
0098860704
9130290704
8595193704
1004117704
8474408704
5467738704
3310578704
4194750804
5875661804
7015034804
6281225804
8025856804
4223020904
6684460904
9747453904
2415835904
3971476904
2672709904
0026640014
9495521014
7852833014
8271596014
1139728014
3148979014
0585700114
7740871114
6754784114
6270358114
1077068114
1703661214
4394122214
9364283214
4260537214
5652987214
2218199214
2390811314
4479481314
8587554314
4286045314
0621789314
2651012414
7415232414
5089383414
2823225414
7978855414
6144836414
0958199414
3332680514
3913341514
6042164514
9546675514
1768006514
0002758514
2570390614
7202375614
5995296614
1977507614
7111657614
3484558614
5706460714
0230922714
3507423714
9073415714
2825347714
3769210814
5864131814
4962382814
8318003814
0830083814
2344664814
3190108814
0627434914
6433746914
8904727914
4539167914
7055578914
6280923024
6653963024
4627594024
1645885024
9422098024
4320639024
7775291124
0168205124
8222837124
3369967124
2386059124
1059790224
5038491224
0298013224
6739314224
1980474224
8762525224
2053036224
6255172324
7726583324
5997655324
7102546324
7564448324
3804058324
8235620424
5190740424
5462560424
3680782424
2558304424
7047904424
4962828424
2365089424
9017120524
4087601524
3509851524
8473715524
7384116524
1561330624
7916081624
0431242624
1190692624
4943363624
3429914624
3507416624
2533917624
6915268624
7352591724
8608602724
0014433724
5578175724
6705007724
6166859724
5111669724
1373542824
2929103824
4213956824
9151886824
8893969824
0891631924
9206224924
5041808924
3891420034
2008252034
0666784034
1513045034
2342410134
1466160134
9333816134
7183487134
7829759134
5177930234
3036841234
6988942234
0554277234
4363468234
6777288234
8948689234
6109570334
6611380334
3435442334
8952073334
2017974334
0069606334
0145767334
4900539334
9949741434
8267713434
6430653434
1388535434
9792409434
0103990534
7518961534
5921112534
2422649534
1837099534
3222801634
9036364634
5820066634
6307127634
0657848634
8290278634
4745722734
8422032734
5584892734
4599014734
9258636734
1176317734
7084513834
9971953834
3750745834
8114175834
1698279834
8281061934
3365324934
8846184934
6899735934
7779326934
2354598934
8834810044
9910686044
0585996044
7669037044
6764518044
6075349044
3457200144
2071521144
9563002144
1441224144
6969424144
5294505144
4556918144
7742610244
3643770244
8451366244
2319459244
6523679244
8872492344
2044146344
7438547344
6882267344
4020887344
5385928344
0122181444
1798353444
7904204444
3414394444
9374625444
5808556444
4206108444
5523223544
7251753544
2780063544
4249263544
0856135544
1936926544
9464996544
6492050644
4634611644
9343938644
1183219644
7613763744
3038773744
9709235744
1660647744
8781178744
1886730844
4117241844
0242312844
0905644844
1637495844
3794376844
7307882944
5190284944
2128565944
8555617944
7023730054
8953650054
7103161054
7358022054
9204082054
2726523054
3915936054
5068697054
3780588054
7967841154
3002333154
4141225154
3189855154
5712176154
8635919154
0794952254
5406514254
1791824254
4815785254
4686396254
1210437254
5144021354
4532753354
6960765354
6208296354
8273209354
9831874454
8997565454
1548127454
8164908454
2936238454
3460019454
4708929454
4655230554
0939480554
4562462554
9389193554
5379844554
3225488554
9785560654
8447771654
8878533654
9066443654
2191707654
7249040754
6912904754
3696025754
2629776754
9521211854
6623322854
0337497854
1587719854
5470869854
6857551954
0360373954
0051144954
2734685954
7815606954
1429997954
3446703064
6185354064
0482135064
4934766064
0274668064
6609042164
9614543164
3828606164
1727118164
4491978164
0078729164
1016902264
1552654264
7857195264
5541047264
3879878264
4728840364
9247680364
8699332364
0762064364
7211315364
5303795364
5356151464
8525461464
2632474464
0835975464
3125977464
5643519464
8396940564
2874280564
6165071564
2719692564
9627773564
8532834564
1858445564
9765559564
6375813664
4523484664
1012725664
2240935664
8663096664
6150428664
9277862764
1401083764
7530554764
4188476764
7349268764
7905129764
6224149764
5234204864
9422307864
6093237864
6509508864
2781900964
5857426964
3496617964
6642427964
1960057964
5237379964
3093189964
2202771074
9550202074
4599983074
2161826074
5409487074
2245099074
9894770174
6418411174
3127327174
0214577174
5640358174
4816358174
7020210274
7976340274
2335082274
1607623274
6106615274
9501549274
1790470374
1359811374
3774894374
0427905374
3497136374
2565238374
4172632474
6387046474
3186567474
8307869474
3253502574
0983873574
2507485574
5710439574
6318333674
7338704674
5095055674
9861156674
9376777674
1723788674
0089629674
2658540774
6924791774
3675164774
5832384774
8321955774
4751497774
0618751874
8743654874
7404305874
7486078874
9938488874
6057989874
7119399874
1268340974
1299981974
6844012974
9196803974
4448295974
9892176974
6210197974
0867302084
2676833084
5728215084
3332125084
6876675084
4733276084
0115118084
4912661184
8810442184
0136562184
6147693184
9289794184
5666936184
8924646184
2881963284
8950114284
6326256284
9985327284
2167387284
7993708284
0444648284
1654266384
9018837384
8848918384
7461679384
4371150484
1293534484
6029574484
7399698484
2105944584
6541385584
0479456584
8600207584
7084027584
5219800684
8796311684
9882752684
4659353684
3956495684
6704409684
9683651784
8060981784
1519293784
1892849784
7438020884
2566591884
3041592884
0540033884
4897074884
7682426884
3772746884
0608371984
1175871984
1775932984
8033852984
3264863984
4954099984
2997570094
4470901094
5341472094
0726828094
7256469094
3933130194
7591431194
1903282194
4069495194
8030326194
4396649194
5942000294
8109031294
4425833294
9127004294
9630105294
7665276294
1231557294
4908968294
3520990394
2717612394
9152129394
1054371494
0716077494
2483897494
6577229494
6739542594
5859623594
7677865594
8631068594
6698898594
7846309594
2323469594
8355381694
3781143694
4361234694
4488184694
1819945694
0413350794
3987251794
2863114794
0342586794
8884827794
5526752894
8679154894
9394365894
2208487894
3182618894
3444269894
9685512994
5902913994
0176716994
2096466994
8512248994
0548710005
5122030005
6032561005
7009881005
1308243005
9471615005
8162255005
6560476005
4580628005
5773050105
6755321105
0229742105
1695452105
8202115105
4546407105
8987398105
5014165205
9933996205
1788827205
3206239205
7751379205
3342304305
8764634305
2804226305
2115067305
3823167305
1992148305
7187839305
6329220405
0714172405
3920823405
5061954405
9954075405
2417506405
9198781505
2573932505
3656554505
0334705505
9843717505
4683149505
4208302605
3894663605
8720798605
8443929605
4965310705
7811211705
2289254705
6835797705
2544528705
2321680805
9212791805
0978232805
4159892805
0557063805
5440184805
1312646805
5347670905
3230251905
0279548905
4367891015
0792862015
8015925015
8665137015
2140498015
2776159015
9851800115
8927543115
5428193115
0399594115
7860085115
5175268115
6370512215
9919632215
9572342215
5121334215
4263584215
9884895215
0872726215
6016090315
2638351315
3521372315
6926874315
8137100415
4614871415
8338632415
4727613415
7290229415
9980730515
3841981515
8032512515
6484213515
8857476515
5966888515
0506531615
7353341615
1093083615
6719864615
4502256615
9685088615
4644339615
7082192715
7948334715
4439645715
9345916715
5350563815
7606667815
1284977815
8409708815
6993459815
1295710915
2558423915
1412205915
6841145915
3266766915
9701757915
7103628915
7061888915
0159059915
2937840025
3594506025
4101327025
4767480125
8835671125
2499873125
1146955125
6915156125
9248557125
9868848125
9239920225
3983253225
7924673225
4434254225
5515388225
8656710325
9070653325
5312897325
0281469325
1365599325
3849350425
6486831425
7971791425
4978062425
9341034425
7765144425
8391237425
5612558425
5606210525
1420120525
8291363525
6792973525
0415604525
8260944525
5043026525
5904609525
6608565625
1112736625
9429446625
2374439625
3452271725
2254524725
7697686725
4087557725
0850138725
6023289725
9724201825
2736764825
7510425825
0647917825
2186982925
3869192925
1639075925
3672407925
8303308925
7522319925
2870802035
9169003035
1883373035
7996915035
5246118035
2510091135
3615483135
1374783135
5855215135
0090476135
7622528135
3407949135
8946550235
7587750235
9468865235
2296747235
4356689235
8815521335
7639494335
5731016335
1075131435
5752222435
1899852435
3383064435
0305775435
6499187435
7860987435
2711289435
6549850535
7402034535
8123126535
8788396535
0326027535
2981671635
5657662635
6928705635
8168247635
1159908735
9224458735
3085129735
0762699735
6036901835
6161522835
8434482835
4028474835
1243735835
7985806835
3340236835
4004630935
4271131935
9670341935
6097342935
4612173935
5808964935
1361298935
1954401045
5035383045
1476088045
3238698045
8335269045
9990922145
3746532145
2588814145
9103377145
9662389145
8462611245
6017922245
4779703245
5840445245
0046186245
6627317245
0342067245
8257097245
7878100345
7590301345
6957931345
3199486345
6390578345
0174989345
8909512445
5367382445
8113993445
0033255445
5676276445
2116470545
4300352545
5127764545
9981545545
6053895545
1063600645
5282411645
9425171645
8511132645
0785423645
2803837645
8598620745
6718770745
5449021745
4825932745
1220866745
2462958745
7570079745
1421043845
7521984845
0091794845
3604897845
6738101945
4453563945
9352824945
7714347945
3755497945
6630718945
9018019945
8139449945
4898041055
2993662055
6807783055
0223985055
0466226055
5399956055
7944297055
4613580155
3976641155
1164314155
7899254155
6334046155
0403438155
7408661255
2393171255
3133812255
1831158255
8126878255
9267022355
7694416355
5633647355
4425757355
5509909355
3724940455
4882744455
5255874455
1136307455
9586768455
1042499455
5741240555
1573401555
6660202555
4150103555
5565535555
3514527555
2031627555
3309093655
0218334655
0854075655
7558886655
6052317655
2641843755
9000304755
7125635755
6771166755
0938519755
1410960855
7272570855
8289281855
5787405855
2475395855
0181272955
8811513955
8045863955
2567935955
1348116955
3965966955
9350537955
6274689955
8393701065
1758581065
9089972065
5205853065
6718654065
5980799065
2868070165
4882085165
6354007165
8917887165
2331360265
0604021265
8095508265
3051438265
1540219265
7483560365
1027741365
3945923365
6106184365
3286625365
7576606365
2559247365
8578141465
1926395465
7698595465
1251646465
6302368465
4316933565
7104696565
0117847565
9671497565
4733278565
5494110665
6277960665
2755712665
0525282665
8979784665
4188718665
3897519665
4653420765
9136143765
0458904765
6766305765
8965766765
5216007765
0660100865
9143810865
7005012865
3564072865
9832623865
5368443865
4091815865
8870335865
3111952965
7445404965
2907056965
5519368965
9522960075
1283492075
7347153075
9613214075
4054744075
5401722175
6226964175
9429566175
1534839175
5654199175
6849661275
7668972275
6079423275
8702946275
6621609275
2753950375
1836222375
0450353375
6108174375
9329425375
8291179375
0211670475
0562851475
0697222475
7623845475
7556817475
2143018475
7035430575
8962694575
2069767575
7880848575
9919369575
0385142675
1000933675
4171054675
2545645675
9290196675
3430377675
9866698675
8696061775
8182503775
3318785775
0577395775
3050769775
6296531875
9817451875
4942485875
3078926875
5194548875
2387109875
4845579875
8770880975
6955283975
5983036975
6795537975
3476608975
7451058085
7334988085
9549049085
6612749085
7313772185
4819333185
0981006185
2088208185
2160669185
1902280285
3393290285
7210373285
3585944285
9197235285
1864556285
0643802385
4687182385
8431875385
6413616385
4403197385
4792997385
9905478385
9744320485
5531583485
6274485485
0889417485
7367121585
2244192585
3667513585
8090004585
1759165585
5499339585
7179910685
1626151685
7871264685
4016466685
5932957685
9737849685
4248901785
3700042785
9408752785
8326414785
5173577785
3717858785
2631778785
4563250885
1145321885
8503113885
6275016885
5088136885
0729638885
0940761985
9566542985
2124233985
6873824985
6144474985
5057685985
4596729985
2820299985
3101110095
0895163095
9537184095
3684335095
8759835095
1477217095
6223841195
9570682195
7236903195
1707674195
8649616195
4466330295
0175461295
7442742295
5689093295
2922137295
2232530395
5769911395
8063743395
2000585395
1678738395
4047268395
2620924495
1501094495
4130546495
3458938495
3964709495
1615659495
3072814595
0586164595
3742005595
2228386595
0318249595
8828059595
0824590695
7966023695
7733755695
2267856695
3297328695
6541778695
2494082795
5816482795
6287433795
8646973795
5593607795
1961467795
6389387795
6158210895
5836346895
9555796895
9711418895
4919128895
9406490995
0025571995
4834364995
8380655995
4395806995
9916250006
6229353006
6172825006
0696987006
8403599006
7659601106
8427232106
1432817106
7317447106
5148088106
7746920206
4812970206
4568190206
5844303206
2469016206
7207976206
5953717206
9090328206
6025243306
7398435306
6450629306
8726579306
1257190406
1865083406
9196274406
8854856406
7685008406
5791499406
8375410506
1742660506
9139331506
6186002506
6064104506
5230776506
3021002606
3675563606
3231584606
5551095606
0180868606
7510721706
2188183706
1925554706
8495045706
4877646706
4504748706
3107461806
9761373806
5246894806
0681998806
2946049806
0388359806
2013981906
9331112906
4357934906
0705215906
2580557906
4345360016
0806312016
2383207016
5760227016
1221489016
7036270116
4275852116
3313792116
1560543116
2724936116
2992919116
8974440216
0441831216
7137086216
6252668216
9602598216
6369920316
7109213316
1812154316
9184407316
8673848316
7633429316
9538299316
6856463416
4616764416
5967446416
3471027416
9599938416
0408889416
4396690516
9720054516
0843474516
2099605516
3900185516
7365750616
0072171616
5298762616
8568715616
5166119616
3275700716
2511482716
0243123716
8929677716
1337678716
5451550816
7822261816
8584683816
4467934816
6712178816
1665829816
7638911916
4988691916
2663862916
6051396916
4810237916
7793830026
8302984026
1535306026
0359176026
5827229026
8681890126
4442341126
4384165126
0508036126
4836127126
1213218126
6148500226
8260261226
9558452226
9021147226
9883739226
0444360326
5935861326
5555774326
4361905326
5646335326
5399347326
2277877326
1339751426
0673683426
6527545426
2741456426
6038688426
8012133526
1754724526
3262395526
1800747526
6989028526
5476498526
7494589526
6549492626
0058993626
2692134626
8896606626
4627027626
2896560726
3710312726
3125682726
0926792726
6476153726
4323011826
2850582826
5618674826
1994325826
1107208826
0776368826
4315041926
3754813926
3007575926
7282687926
6974978926
8117389926
5764651036
7052454036
9175594036
4763738036
5060201136
0250282136
8809923136
6524624136
0237305136
3485577136
0616898136
0382543236
7201404236
1475615236
9956175236
3316846236
5294966236
5289686236
3963680336
2856381336
7140922336
9413182336
1792092336
9881648336
0432930436
8081772436
3688443436
7447565436
0055427436
7214059436
4841610536
9458314536
9645266536
9076739536
6551049536
8532020636
7156533636
1873126636
1903097636
2769379636
9727940736
2477011736
4001563736
3633815736
6394295736
5338107736
6780919736
6828881836
5024812836
1137452836
5072285836
3536058836
8519769836
8197491936
0942832936
1528773936
4693556936
9545608936
4919418936
1991830046
2536031046
4859272046
2650325046
1198555046
6716096046
9277728046
7604431146
6465751146
1478382146
6161763146
2622694146
0948425146
4022365146
0957346146
2235242246
5371623246
3497923246
1086695246
0630150346
2420701346
8003462346
4289039346
0040740446
5703122446
4990614446
6115777446
8368578446
9049888446
9627739446
3718460546
7088951546
8344591546
0522567546
8171638546
5405320646
7677240646
7351201646
0566644646
9214705646
1322316646
8793287646
4138948646
6553110746
7153380746
9003181746
1847092746
0884004746
5261086746
5952409746
3279379746
2669641846
7519873846
4733504846
9839656846
3542937846
1573763946
8170136946
6884386946
3921358946
8485959946
5634572056
3010613056
9779424056
4376867056
3468108056
1594149056
9987163156
8738747156
8019509156
9195839156
1618001256
4551971256
0865917256
4027809256
2143429256
2184690356
9911061356
3346212356
6691014356
1005346356
3254187356
3892888356
2598630456
7074712456
8740204456
9152245456
0323466456
0919292556
2902365556
9722876556
5873957556
4980450656
0106751656
5809362656
1286916656
6767397656
4771089656
5320331756
6233233756
1657353756
7463894756
8048075756
9864567756
1506828756
7345943856
3939275856
8992726856
0377586856
5535428856
6445138856
5609780956
2493043956
0455764956
7821725956
6207609956
8810080066
8861942066
6359862066
1444775066
4001026066
8705848066
2304958066
5043631166
5596374166
7770645166
5661175166
3930858166
9061269166
2171199166
0995070266
4587522266
3815332266
6961733266
8349883266
8228654266
5629218266
4279511366
1814503366
8067154366
0934337366
5700318366
7168322466
1570203466
2124885466
3599266466
7853669466
5787571566
9293442566
7015393566
3383224566
1407876566
9229661666
9310595666
6636486666
4459067666
3702239666
8712411766
3759994766
6648957766
2418268766
9300070866
0542622866
2225125866
0252706866
2797757866
4866198866
4122509866
7854749866
0478440966
9786801966
7626162966
9135064966
1729169966
0731041076
3687791076
2974033076
0123415076
3024427076
7042659076
6509140176
6645284176
3808205176
8679055176
4442806176
2301617176
5817998176
8955102276
0723193276
6490764276
3110874276
5188256276
4583918276
7372258276
2666403376
8136344376
6717835376
7843376376
6773507376
8850290476
7581381476
5112143476
5202945476
2936979476
1960589476
3537111576
6278251576
4764672576
7421148576
1113588576
4208829576
7914522676
8406653676
9947814676
0469736676
6892478676
3092342776
9641372776
4433555776
9255965776
9068216776
5085536776
4056330876
4218546876
1630066876
9513307876
1799597876
3362019876
5324180976
3878991976
7352772976
2039524976
1571464976
5766925976
6489141086
1978364086
3381184086
4153684086
7260516086
8547637086
2300698086
0757520186
8398611186
9574981186
0228091186
6395482186
3831469186
4609852286
6533065286
1826037286
2746287286
0295651386
5142072386
3851023386
1133964386
3608726386
3194911486
6901241486
9376513486
4410355486
5319857486
9426980586
2868873586
0611935586
5585816586
2357758586
8155709586
1940103686
5101794686
3543855686
7989896686
5384907686
8034318686
5325549686
8682310786
1169430786
0014224786
7798185786
0970949786
0954781886
1486291886
9677902886
4620493886
2053546886
4070177886
1784602986
7432693986
5890805986
2025466986
9062477986
8256038986
0419902096
9908533096
5017063096
7565455096
8888816096
7239877096
6052052196
0591553196
7995844196
3223974196
9240097196
2849708196
8658589196
2572290296
4134495296
3755636296
0697119296
1089969296
7504399296
1328662396
7782783396
5214264396
7928017396
4706257396
9096008396
0550488396
6773070496
4248191496
8935991496
8282324496
3879535496
3894726496
8123300596
6690121596
2338803596
4967586596
8212437596
1154847596
2805101696
6030832696
2117115696
9414626696
2983348696
4191273796
9604644796
2307025796
8411537796
0165789796
4035710896
0261840896
8539702896
6471503896
6306934896
5483475896
1666221996
2943251996
2572162996
3149744996
0137538996
1840419996
8288702007
0704493007
0551545007
6986268007
5355878007
1258071107
8443172107
1389914107
7888544107
3114038107
6079598107
1103559107
1610631207
4492464207
3991887207
7302489207
8850260307
3009141307
0375052307
9439963307
3087975307
5293685307
6622816307
2199220407
2206612407
7463324407
9663345407
4343847407
5229478407
0056539407
7561200507
2747324507
1644745507
6819467507
7977619507
8880011607
6796842607
4417793607
8625946607
9965809607
6294223707
5735053707
2378993707
7896455707
1141086707
4524529707
0632931807
8532371807
5002124807
9574834807
0471737807
2552208807
9696010907
5519355907
0435126907
1927496907
6762988907
9878270017
7217101017
7512514017
5113235017
7213849017
6607659017
8089569017
3603804117
9322755117
3768097117
5741568117
8094689117
1308130217
3085651217
4744515217
0760307217
1482369217
8541799217
9686273317
3125395317
6949008317
1062418317
5778628317
6688420417
5327711417
5597071417
4931473417
0594344417
2170056417
5026907417
1433417417
8455800517
7467852517
3567662517
0835743517
1430987517
2181338517
3777283617
8466035617
4008616617
5831836617
7034580717
6154161717
0965683717
3360406717
7690956717
6148847717
2889542817
0957214817
2306886817
1753777817
9215499817
3413970917
6231921917
5799102917
6826452917
9614062917
8229895917
9927328917
6061011027
0184062027
4256443027
1041977027
6371448027
7694178027
0790399027
0416381127
9540313127
5397823127
5900955127
0978826127
2822496127
2506133227
6525925227
3377375227
5959566227
8698457227
6497202327
7205232327
8066893327
8128114327
4619678327
9740169327
2588799327
3812933427
8789465427
4085216427
9273886427
9000597427
3151070527
1924271527
1552922527
5628582527
9175555527
0501688527
2423720627
9892254627
6363694627
7489307627
1787558627
4072500727
2243601727
5382871727
1338094727
8874945727
8937236727
9751218727
7217748727
6217430827
8560491827
6683133827
4882153827
7130895827
3448648827
1359280927
1610863927
0262555927
0746676927
4138437927
2605769927
4129780037
2713144037
5448835037
7911556037
3814657037
8920368037
0480510137
7256123137
2265064137
2177906137
9097626137
0265196137
4311296137
6859239137
3574111237
1238221237
3729691237
7276834237
7885095237
5837507237
8418827237
4105148237
4796961337
7933343337
3178463337
2576746337
1201709337
8670571437
9319502437
1784264437
1542446437
8754838437
8539288437
9964420537
5283160537
0321303537
3995734537
7467205537
4058355537
0041450637
2644992637
3066085637
6972547637
6234528637
4013879637
0327870737
8192152737
0699553737
4680604737
2030467737
9607087737
7398614837
1567986837
0850028837
5929949837
5406251937
6463212937
9181023937
0573651047
1218162047
2545862047
4249954047
4622205047
3802526047
5762656047
3287817047
5018300147
1633181147
5814716147
3772147147
0739977147
9166950247
1324042247
2984184247
3434781347
4404173347
3355404347
2712085347
5151517347
7580632447
0651966447
8827608447
2050259447
7749659447
6863530547
0262233547
6794015547
9598246547
7054496547
7942777547
3006098547
7415119547
9711354647
7778474647
1564727647
3921829647
4597199647
2174890747
2891332747
1913372747
4127743747
0409815747
9164148747
3979060847
4905581847
5675313847
8688785847
9453258847
8946369847
1336510947
7386421947
6090503947
3420634947
4663757947
0398038947
6802849947
1736700057
4481380057
6500247057
0884991157
4521664157
6239764157
2360185157
2953595157
2807310257
0328541257
5457492257
8073223257
9281804257
7450006257
9037948257
7527120357
8611127357
9495337357
9384639357
0117449357
6928080457
8496405457
7876897457
7211318457
8701851557
1429513557
0182924557
6043906557
3159622657
9140682657
5508073657
6642635657
2235156657
3352769657
6575672757
8990413757
5346754757
5868489757
3413299757
7031999757
4669821857
8172972857
1069665857
7763716857
9893036857
2024078857
7049131957
3130773957
8577004957
8587195957
1395267957
3674297957
2918858957
3245529957
4337532067
3647024067
7031285067
3903146067
5573978067
5569929067
7292900167
8709340167
9175412167
8389433167
6408976167
4050488167
6210782267
7169773267
2798574267
2540255267
8195738267
1670838267
2434809267
3452542367
6841693367
9523677367
3755180467
5481961467
9732792467
2067333467
2464197467
5481059467
2652891567
0948124567
0896865567
5374306567
3633366567
1220029567
9908901667
5192391667
4123453667
2075664667
7316275667
6184246667
0315917667
4519130767
3261541767
9026734767
3501765767
4710226867
8346327867
1179657867
1846418867
9456589867
8953314967
5932645967
8147566967
4059787967
0583198967
6569879967
8264970077
9330841077
6226336077
5665448077
6473029077
2454452177
8716293177
1871105177
2325628177
1686249177
0132279177
0731710277
7548863277
1949137277
5367169277
0668592377
7322934377
6085884377
8333087377
1805059377
1903610477
7924551477
9858113477
6600723477
4368625477
5109396477
5042868477
5247281577
9700732577
8011642577
4136094577
4370918577
4478069577
2910140677
1855304677
4584866677
4262017677
3616989677
1846071777
3739802777
5533424777
7757627777
3299718777
6982390877
7197842877
0003962877
9291575877
6334357877
3500530977
7975460977
9047701977
2125911977
2787775977
9851485977
7628309977
5050712087
1773593087
9301336087
2639419087
7525081187
4966812187
0099046187
6845327187
5276322287
7643052287
2252673287
8809074287
0459527287
5554430387
4800840387
8312501387
6077361387
2961254387
1490528387
0035378387
2726049387
0539859387
6098750487
1917963487
1407425487
0228267487
4655798487
2793441587
9820172587
9305603587
4894904587
5253995587
3376156587
1810676587
0644200687
2442583687
7131176687
8303567687
7809988687
8445290787
5636690787
3586383787
6456574787
9817594787
4979225787
9582017787
7021860887
5163703887
3227154887
9116928887
6738139887
0288784987
1118894987
7958947987
3180409987
6357643097
4990093097
0154605097
1495666097
0972487097
8056197097
0223318097
2898949097
3538212197
8237455197
4657737197
1801377197
6280808197
9639640297
9472881297
5065274297
0611925297
6113406297
0833288297
1290390397
4883721397
0479394397
3568156397
1984856397
4340696397
7170784497
6346115497
6460735497
3355226497
6168368497
4535009497
7509477597
2686577597
8369779597
5745431697
9729261697
8107922697
5274043697
9254953697
0270165697
1012020797
9715853797
3393534797
8556356797
5421168797
4202698797
7773939797
6785640897
0818701897
2149581897
3040202897
3691402897
6910594897
6991117897
7867060997
1971732997
4724382997
8451944997
3044245997
8044441008
2551133008
1983025008
7185766008
9826800108
3067890108
6362531108
4718902108
2334345108
5152516108
5305161208
0838672208
8817505208
8501776208
9169987208
1735958208
6674169208
9141750308
6918333308
9470044308
0668417308
7513588308
4406370408
3423711408
1840232408
1096124408
7938776408
8071307408
1974978408
1171012508
8613092508
7905523508
1386514508
3785408508
0486398508
9582489508
5160399508
1079291608
6740743608
0877057608
5522618608
4661428608
0353941708
5799024708
9909654708
2218845708
2703206708
3649187708
2230410808
3223433808
6742875808
3429985808
7644056808
4195658808
0926903908
5116613908
9299223908
6597264908
1050786908
8620010018
3028523018
2292343018
8480463018
5177785018
0071216018
9530517018
6709738018
3775979018
8156721118
5689372118
4803013118
3945765118
0450697118
4191091218
1123262218
4268663218
3734455218
7529126218
2698307218
9398218218
3553509218
7475182318
0204564318
4593165318
1234106318
7094777318
0258258318
9702530418
7849550418
8242252418
6708547418
2915587418
1010848418
8566562518
4976506518
8988436518
5301279518
9053480618
0379942618
3287634618
8836994618
9849827618
2927969618
8710789618
1594990718
1438531718
1668914718
7914897718
9417779718
4747030818
1328172818
6162444818
9701625818
7643416818
4080359818
5687820918
2862601918
7658284918
3396358918
2268491028
1827812028
9296372028
8869366028
3933547028
2026118028
5214999028
5803961128
1048484128
9032619128
7879579128
5366000228
0007784228
3743094228
0354535228
8440978228
0922220328
1411841328
1781643328
6153398328
3095240428
5170521428
0533152428
6957013428
6621257428
4119819428
7178863528
8139183528
2932774528
7758235528
6895906528
1445618528
2814068528
9791910628
6204381628
2310223628
5633754628
7220605628
2928450728
9579033728
7642465728
3486426728
0261177728
9332868728
2064332828
9765792828
4882334828
5039715828
4575847828
3972699828
8981630928
4568751928
3581876928
2209996928
1457109928
0685231038
0168623038
7232244038
9005907038
1852757038
1424869038
2783871138
4994242138
0761884138
6136485138
7002067138
9648128138
6298569138
6884300238
6046073238
9720483238
5787664238
9592316238
2673628238
4568042338
2586934338
1808165338
2167696338
8989558338
7852040438
9178460438
7331511438
4257312438
2949922438
5565903438
7318345438
3636399438
7626701538
0493721538
4235891538
6270674538
8749516538
1716437538
3059178538
3478200638
0199155638
6411195638
5300456638
9460338638
1180181738
3847203738
7875825738
5455346738
8425039738
9657370838
0112082838
8327324838
4689966838
8963807838
0259412938
5403822938
3152263938
4064795938
8775617938
5444537938
7670919938
0534669938
1946450048
0619360048
8027901048
9524893048
3358658048
4400261148
1939043148
8193675148
9377416148
1873707148
0986157148
6426448148
8815851248
7706592248
4322973248
7539835248
4481298248
7145209248
3690049248
8461480348
2074672348
1545514348
3863815348
5032739348
0770910448
2187091448
7159452448
5448606448
6737866448
2864129448
2956320548
3140942548
4817884548
0271075548
5306047548
1699468548
2988713648
6310034648
3665576648
5087747648
5126887648
4916159648
8207580748
3131334748
4556285748
6678096748
2763037748
6012628748
5790971848
9845783848
1302196848
3258927848
0383308848
9225170948
2363790948
1772321948
6199782948
5970138948
5853078948
6381553058
4962074058
3890194058
5941305058
2441916058
6358819058
4266653158
3555753158
2870686158
9973967158
1317677158
5866529158
6114210258
4273170258
3756563258
7713624258
0947468258
1969749258
6389100358
7333320358
8500802358
1246893358
9221395358
4839436358
7657938358
3511601458
2279961458
3805342458
5693833458
3002055458
1604688458
0284549458
9312620558
9437621558
8088041558
9634704558
7197377558
4521438558
1505470658
7091562658
4472924658
6135225658
0852441758
0290732758
8183246758
4722117758
2611487758
5197518758
6826160858
0016555858
2007148858
5801298858
4704259858
2482822958
7474353958
9748095958
5524086958
9613479958
2439290068
5904862068
6343182068
0335965068
8602227068
4017409068
0506429068
1008293168
3912104168
9453856168
7881927168
8231088168
1158739168
2821594268
3284116268
5465687268
6837471368
6994792368
1672973368
0820356368
4358708368
2595029368
3337959368
8392636468
1263477468
0245838468
3060660568
2950311568
5028402568
2142553568
9954132668
2606742668
5889323668
6542376668
7537008668
7673168668
1374020768
3477851768
4796681768
9403503768
6019015768
9784548768
7376839768
5518530868
8610540868
7911771868
8976212868
8754963868
7467246868
6625841968
5230804968
0717594968
1102935968
8633255968
5202767968
9898387968
4349649968
7866630078
4525361078
8419274078
6659595078
2798686078
1776249078
1227652178
4790405178
2614807178
9160538178
0965119178
9141431278
4273334278
3952825278
9635726278
0092896278
6907417278
2020677278
5456061378
5723552378
4384883378
8894215378
4685667378
4606528378
1997389378
0344723478
4329284478
5580175478
7412985478
1757086478
1315150578
6572790578
8205363578
0067025578
9554947578
2597500678
2241852678
5948277678
0742348678
3128499678
8609710778
6830950778
0178801778
4010112778
2385492778
8391744778
7563289778
9296141878
5025341878
5360262878
3039803878
1241563878
2408054878
8556676878
6133999878
4430572978
7086914978
3911066978
9583298978
4043990088
7784004088
9388995088
1190057088
9435870188
3549121188
5672234188
2516715188
7725365188
7205736188
5951848188
2994421288
8667143288
5489745288
4038986288
5891129288
3883581388
7741191388
5210243388
0945386388
3106607388
2372428388
8084730488
4705193488
9055664488
2439065488
5637137488
3767278488
3608610588
1533340588
4221726588
0517236588
3329837588
8762359588
4184570688
8521951688
6650081688
8354622688
0493403688
6064854688
1265015688
5904876788
2528378788
7940598788
0786769788
1931602888
6402512888
2601005888
8878768888
0246879888
7171440988
9812391988
5435454988
4011106988
9373589988
6256700098
5792351098
1261402098
4447525098
9126546098
3974888098
8724170198
5945980198
6511922198
1576045198
2759850298
7601313298
6474657298
3510367298
7380797298
1282008298
3314471398
5719775398
7019946398
9269207398
8622767398
6001039398
8308989398
9088522498
0109004498
8998494498
4607955498
3028048498
5777142598
3495092598
6923635598
9886285598
0564918598
5213811698
7059415698
8348166698
4655507698
0833637698
3877798698
1496739698
9803649698
2332189698
4851762798
6462103798
6468323798
9920275798
2041319798
7549311898
0692683898
1824434898
2143864898
2135077898
7498880998
0337293998
7003158998
8730429998
9484951009
7753812009
7491392009
5118926009
7370383109
9005725109
6323786109
7598959109
6455540209
6178692209
8630733209
2526818209
1673870309
5697541309
9509491309
4040925309
4375236309
1566367309
5131808309
8941160409
5974570409
4384201409
4637182409
0512495409
2779448409
6320199409
4214883509
8151414509
0327656509
3958277509
5908048509
0801680609
5520341609
3596592609
8912353609
4975675609
1539236609
9785137609
4036051709
8839783709
0682774709
2256366709
1084629709
3447459709
8899900809
9649506809
6240607809
0063768809
0997089809
8422151909
3793691909
7061875909
8868439909
3834249909
3018150019
5836032019
1220144019
3931994019
6528808019
8971311119
0437061119
6667275119
5579457119
9844638119
8547849119
8852850219
7983923219
9061053219
2936655219
7898446219
4312329219
1055932319
9757306319
4992507319
0391147319
9774167319
2268780419
1469672419
4149913419
1355035419
2527197419
0824298419
7410710519
9173260519
0080491519
6676133519
2259604519
3019751619
9102843619
0395405619
2458667619
7844497619
8105284719
6886515719
5664325719
3924016719
8758428719
4493888719
6381722819
2091762819
3885862819
5045172819
1116343819
9629736819
2533666819
4676979819
1104502919
5700243919
8038564919
9921864919
6721974919
4579125919
7766549919
7846624029
3167664029
9810465029
8143558029
5315519029
9957729029
1024350129
7553291129
2961304129
0732408129
8065518129
6632340229
7311862229
5856844229
0700837229
1473197229
0327610329
1076435329
2831555329
5480286329
7656057329
6068529329
2660039329
7503970429
3351983429
2485414429
9134667429
8526649429
7833170529
4629941529
2347732529
5185155529
4719087529
0990811629
8787072629
3982482629
1242287629
9678329629
8908191729
8849822729
0749613729
7122093729
9661705729
0863256729
8313450829
5237913829
6006773829
4494796829
6407827829
5299238829
2011321929
4307472929
7080364929
6292084929
3278115929
4530906929
0164046929
5845199929
7428371039
8306063039
1209625039
9862545039
6752106039
3641896039
5386588039
0541509039
7649390139
9356992139
1915633139
7601746139
6805291239
4942894239
8400785239
3400156239
1625586239
3619227239
2889928239
5192679239
1421400339
3295993339
5978754339
8466916339
0448078339
4877422439
5717334439
6553754439
2191578439
0043379439
2590825539
2132216539
6906466539
1160417539
6023937539
2348057539
8074089539
3718510639
2153102639
1021433639
9387263639
4860504639
9021045639
3694130739
7472763739
0205357739
7369338739
1772850839
8057611839
6415463839
2457773839
0734145839
7930129839
9736120939
3154850939
5163831939
9512032939
5233392939
7917205939
0379790049
3176301049
2840271049
4561155049
7608985049
4098167049
0897113149
1859584149
4155026149
2283649149
6344879149
9767800249
0507102249
4003744249
6296437249
7964268249
1158798249
9530479249
8082370349
3966271349
8796724349
2249464349
9192495349
0212521449
8476843449
3162593449
5579936449
7275296449
5730590549
7822912549
6687354549
5704465549
3516109549
6939002649
0768982649
8603335649
3415748649
3570968649
9211981749
9680833749
6944543749
7721655749
8340496749
2308219749
5614252849
9469114849
6100015849
9823527849
4336787849
1471879849
1801453949
2995334949
5446965949
4751636949
8622692059
2765923059
8695306059
0077836059
6139076059
8514386059
8250930159
5621461159
3241376159
5419017159
5029199159
3481030259
9345611259
5870702259
2112764259
1597785259
4240058259
6035981359
0888603359
2543274359
9903718359
2754869359
3847720459
0609263459
7926484459
7702557459
9648531559
4668112559
1383805559
7795175559
2670546559
6267998559
0576010659
6197640659
2201793659
3339474659
5054228659
0582219659
1920259659
9059580759
9498202759
4640462759
1977124759
4435349759
6938890859
0454121859
4580342859
2355354859
8166457859
7131939859
0029811959
5156942959
1216572959
0671567959
6388468959
3155241069
0727752069
4638013069
2721534069
1689117069
4462299069
1897761169
5423622169
7264822169
6922473169
3120717169
3830367169
0117678169
0286480269
8213153269
5377904269
0149385269
6771252369
7592713369
4604414369
5813044369
2085495369
7379009369
6832139369
4497850469
9460481469
1093916469
6986626469
0983747469
8129529469
0084910569
9353765569
9591658569
8006678569
1935569569
2569352669
1644084669
0401526669
4227277669
3263908669
8845258669
1631900769
2953002769
1567323769
0287206769
2819176769
8534407769
5050877769
4774397769
7972838769
9288094869
3322565869
3703389869
9042230969
6943240969
7655690969
6584731969
0575583969
8328226969
6393310079
9137752079
2416895079
7086706079
1452338079
6960889079
2276230179
8990062179
6031203179
0362903179
2437593179
0383054179
3289647179
3117019179
3642911279
4828366279
9774076279
4015217279
0105830379
3378322379
9022682379
8934213379
8910706379
3282456379
7239168379
4011698379
1771962479
5838315479
5204037479
3652188479
5725709479
7802001579
3794441579
1869791579
8755882579
1194423579
5511914579
8488937579
0249939579
4146120679
6713561679
1088844679
2394854679
5677486679
9944609679
6515571779
0386132779
5560613779
3873643779
7887977779
0934520879
4961181879
0525294879
7959436879
8829343979
2653475979
1698756979
1947947979
3567087979
5243418979
7700028979
2925400089
4178580089
8233471089
5749463089
3099434089
1306601189
5124881189
2709162189
9710944189
4558575189
9696886189
1582138189
1039312289
3998553289
6424907289
8684468289
4385559289
8272669289
1817780389
1327073389
6504924389
4123135389
0856959389
6189599389
1748811489
3073005489
9283155489
8569096489
7635827489
6265040589
3234732589
5079753589
7046244589
5961397589
6402228589
4852731689
5362966689
7730527689
1251219689
3126260789
5507360789
6781611789
9362242789
6518442789
2400634789
6595026789
2007899789
0455002889
4198303889
3690674889
2914915889
7818687889
8350148889
7472389889
0310620989
2643080989
9217556989
8341717989
4487318989
3624788989
5581220099
6869754099
6417047099
1600978099
4204719099
7118150199
4189660199
2284212199
6820563199
8474504199
5378235199
2062947199
0782219199
5228721299
3063422299
0364572299
8796295299
6801186299
1049308299
7544681399
9553123399
3436824399
8245745399
3029656399
9540760499
0950342499
0646693499
9315954499
6892677499
6666518499
4881859499
4302440599
3443053599
4966545599
9875378599
9004670699
7092931699
2027483699
7143596699
2616308699
5433689699
4250114799
2195985799
1760796799
5996877799
7335618799
0623069799
5502801899
2371021899
1748233899
3357095899
7227538899
7084103999
4748374999
6459755999
9632446999
3805897999
9999879999
1812099999
