1478
1333
4008
6086
9836
7252
8573
9513
9170
7966
1256
7955
7678
2859
8294
5593
4642
5632
9445
1739
0082
3811
8436
3166
4284
2092
1502
1681
1165
8179
6227
1818
5822
7471
5001
2603
2795
7505
1049
3202
5173
0403
7877
6854
7817
2375
6600
3498
7724
6869
8580
5357
4636
3339
2863
5299
0853
2453
8758
2121
0460
6653
1262
2012
5210
8645
7034
5114
2786
6664
6538
9051
0604
6775
0663
5994
8990
7162
3506
8184
2804
7729
3334
5768
8983
3897
8057
6712
4273
1566
4826
4446
7898
9973
6131
5913
3723
7020
3320
6450
0947
1488
5058
5845
4707
4301
9574
5836
8626
4832
6659
9007
2772
3102
8846
0237
2085
4583
1698
2396
7039
3477
8110
9622
5189
0248
0650
9301
6541
8307
6072
2850
6860
0141
6392
2927
5067
6241
6385
9194
2469
4761
5519
1340
1743
2400
3033
2231
5361
3956
8351
7323
7733
0792
4368
4510
8919
4219
2228
9825
9590
0454
4594
4993
8061
9358
8270
7697
3029
2537
8974
4357
0528
4579
9367
4199
6147
9910
5308
2716
3962
0312
3266
3691
0547
9589
1106
6803
0809
2941
7740
0785
5707
1617
9214
4067
3255
0372
9842
6921
4989
0138
1329
6128
0531
1555
1030
1965
2521
4435
2464
3040
4180
8442
5283
2654
0669
9280
9761
4625
5570
9426
8701
6095
4970
1906
4113
9635
9999
8599
5442
7156
7491
8368
1871
7330
5625
9646
7349
8632
0096
5646
2137
2660
7881
3481
8767
9984
0459
9068
3888
7611
9708
5584
7487
1734
2938
5190
7105
3565
3687
6463
3749
4422
7688
4758
8213
0075
7265
4051
3343
6015
7206
1891
0931
3744
7043
9293
9119
1023
6409
6782
9757
7418
7344
8289
0221
2315
5426
0928
0127
7556
1152
6376
6937
8822
6527
8835
0715
9183
0864
9432
2148
7902
8008
1324
3671
0800
9279
0016
6404
1205
0776
2076
2609
5980
3730
3905
1720
6316
1677
1411
3552
1044
0386
8514
7562
8425
0395
3417
5274
4290
3024
6948
5435
4174
8193
5979
6238
4845
6796
3155
2247
1952
1497
5751
3618
4914
1887
2382
3878
2548
