6520000000
5901800000
8481479100
1547594200
4210860300
0254926400
3462818400
0569240010
7735373210
2513411510
4622453510
5780735510
4168097610
9486547710
1207453810
2348483910
0634712120
1967746320
3521969520
7073736820
8715508820
2690591920
7256081230
3499798330
9119412430
0936664430
0641330530
8653270630
9979023730
6245367730
5353133830
2183807930
5573851040
1818622140
9678514240
3932035240
4725925440
4413277440
7867202540
2774648840
1182386940
5196952050
3008803150
6314020350
1270155450
2429651650
7830229750
4182225850
6065197060
2024980260
9159443660
1772431760
7981182760
2699774760
3448396860
8037063960
7942995960
7655256070
3898529070
5269874170
4551787170
5522895270
5941515570
9807288570
8198978770
8046751970
5925002380
9064632380
4856886380
9703617380
7694526480
7497324680
8105369680
9313669680
7300941780
8807417090
6506138190
4839309290
0288879790
0094141990
3776994990
6352555990
8609781001
0084363001
9842582301
8406331401
5142299401
3280221501
3460283501
9523144601
8962937701
0481941111
4366919211
3154305311
5172676311
9098015511
6800145511
0871078511
8332174911
1729619911
8189623021
2530359121
6638267421
3773440721
9206390721
5445706721
5876399131
1968970231
2259534231
0426155531
2472487531
4014318631
8391286831
4548778831
5893033141
1103775141
8871054241
7796807241
7036278341
6450680441
0802400641
1644763741
3293557941
2371663351
1817106451
7613922551
0955719651
9910406751
7664121851
5648074951
7367356951
6975898951
5117540061
1468334161
7145233261
3750114361
4904634561
8266085661
2985811861
0515723861
5298382071
3047031171
7883642271
0587999371
6621826471
6410452871
4577103971
1388410081
3823593081
9796068181
2629448281
2755414481
1057825481
9551639481
4719965881
1939372191
4190747391
5708576491
1534831691
2043992791
4215058791
6327067891
9754862991
4958604102
0477631202
7755145202
0373395402
1697842502
4864751602
3011045602
0428609702
9711917902
5467169012
8299691112
2468487112
6003238212
7683289312
3507789412
9048720612
9656204712
4540045712
2994056712
7906590812
8273112222
8064850422
5062332622
1185092722
2542203822
4333615822
2802320922
9408775922
3918421032
1201588032
2170069232
0891932332
4627373332
2835527632
0029156042
6082149042
5250016142
5389925342
9718941442
8101110842
0653078842
6966463942
7889413052
4450194052
4124426252
5033047352
6737471452
0338836552
3598668752
3523179852
8931242952
6811741162
3389254162
6682560362
3231548462
5086933562
6844305662
1495650862
9840616962
7344395072
1776703272
1229205372
8190538472
4821893572
0774834672
7364678772
6349949972
9135880182
5612134282
8772559382
2216809582
4203924682
7424484882
5917703192
2548976192
0505453292
3186317492
0782762592
1967227592
9977986692
7630287792
4525491992
3352506103
2148196103
6890383203
8788895603
3679476603
5673211803
0126577803
6446224903
8224658903
4042822013
5630728013
9191451213
2755092213
3986661613
6893136713
7668339813
5333261023
7708003023
4059630123
0646046223
6828945323
1615183423
3377197523
5462720723
1006939923
6757023133
2304253333
7114704533
8035165533
0500212733
9532696833
7929100933
6167076043
0463531343
9738797343
3865436443
7240449543
8585052643
2717115743
5478080943
1341818053
9722670153
2363082153
4212566253
3457779253
8240792453
5375344553
6163689553
7056625853
5131122163
5294408363
2586854463
8973887563
7471865663
3434549763
9227361863
9905991273
4983502373
7832915473
4075348473
9281479673
4166880773
1300873873
2411696973
1861047083
6054215183
3415978183
5504020283
8511372383
7214267483
8099713583
2827584783
0997465783
8753984093
3462604293
0059357393
4228213493
0637950693
4070091893
9889538893
2959727993
4437239104
7244102304
1871680504
5236046604
6375988604
4049043704
8860704804
2013575904
7521502214
3536424314
6680303614
2671994714
1173372814
3144160914
0425843914
1081955024
9482046024
6212467024
9398950124
9723458124
8826266324
7291643424
2519037724
5329528724
3258887824
6391630034
9644874034
4346417134
3667235334
2025616534
8103435734
0539555734
5517657834
7957692044
9839820144
0180854144
5943719344
1012394444
4847065544
4991171744
9364509744
9631488944
0127718254
1598321354
3005429354
9505033454
3981983454
2291707654
8761593854
0207126954
1336799064
0587580164
4553941264
5979216464
8352071564
2798202564
1809157564
4760628664
6792761074
6388434274
6104897274
2736190374
0458910774
3130332974
0706032084
9864245284
9879850484
1459368584
6940579684
7998199684
0852943884
5285747984
8114228984
7912386194
8646669194
1265711294
7673820394
3404704494
7483008694
5060983894
7838450305
3943053405
7720177405
2132099505
5201695805
5088958805
2856219805
5574523905
1379597015
3761822115
9227937115
5895984415
8432503615
6016646715
5254472915
0717971025
6403757225
5849181325
7122681325
9954243425
4395835625
8944750725
6669647825
2831024925
4666901035
0970745135
8596188435
6322841535
7784351535
9087178635
7055589735
3020731935
0493412045
6931314045
4916254245
4324710445
1341601645
1748544745
8400866745
6233101155
1556960255
3665535555
4531264655
7149077655
4884195755
8657398755
0601007955
0042828265
3409079265
1510200465
9669262765
0157656765
4737812865
7383749965
8928238075
3296342175
8875665175
2684487175
3027400275
0118109375
9593376575
1812248875
5592413185
1431926285
0060494385
5163766485
3902752685
2760133685
2147622885
6748836985
3252403095
8418695295
6397516395
1813458395
2185160595
6719281595
3661164895
9273006895
8475329895
7095264006
1199635006
6618317206
6145521306
9966851306
5430649606
7102813706
4580088706
3804967806
0350423906
8779064116
3340653216
1051176316
6584697316
6995729316
6235280816
2917835816
7907742916
8404155226
1857429226
5633633326
5908308526
4941440826
0219384926
7765018926
5742909136
9392022436
8227199636
9182403736
5086774836
8684328836
6267375936
4881736936
7422937936
2508261046
9010189046
9565127146
8924473246
3605644546
5477730646
2568970646
5651551646
3791230946
1078947156
4749782256
1292834256
2552768356
0870671456
9842151556
8819943756
5833814756
9826010066
2844492166
6193908166
2468562466
4678759466
6226972566
4136486666
1316688766
8313857476
0763526576
8358601676
0019492676
9478565876
1684019876
2721349876
1930051976
2287846086
0375207086
7176561186
5329285186
1446273586
6232790786
3623315986
7548485096
4493090196
3151296296
9300340396
2037508496
3569806596
7239537107
3355072207
2709496307
2396120507
4535674507
1053409707
9625859707
7597310807
8247210217
4071465317
3612958317
0156521417
9709388417
9703107617
7133960917
7019754917
4457296127
0161275327
6744091427
4007682427
3154781527
7570878527
7416513627
9990964827
3574912037
6906573137
5883861237
6155842437
7860099437
1792247637
6071600737
4692719937
2361368247
2885239347
6939425447
4118553547
8235993547
4274231847
3339902847
8576446057
5420360157
8686582157
8924584157
0734585257
5606897657
6602176857
9487905957
9278733067
2602605067
1943884367
0258113567
8320532667
3689814767
5856377967
0563298967
2815770077
9486123177
7657431477
7509066677
1494617677
5747627777
0442788777
4133158087
3367796187
4980357287
8381004487
8038141887
2221093887
6568182987
5941550097
9095266197
2438843397
5914049597
0898654697
1245325697
1121034797
3720426897
9031301008
0909868008
6427774308
1317462408
1704716408
4751750508
2169311708
2262859018
1674100118
6459033318
2192975418
8933606518
5980553618
5314286618
0982187818
4794979028
0310807128
7228662228
3977289328
6736434528
0582314628
6178516628
9576725728
5790298038
1668465138
1854356138
3138148238
8409822338
4543544838
1230685938
3746355048
3372878048
2403243148
0697083248
2075627248
7319174348
3023781648
1124998648
6599899848
9264744058
0895102158
9916293258
8080815258
7594045358
7283430458
4179509458
9434492558
3816038958
7923027068
6001529268
8645937368
9417059368
0018512568
4328323768
8097456768
8872991968
2546301378
7567914378
0743169478
9050567578
1225738578
3972240678
6156163678
3439211778
8660540978
5105464978
4600912188
2330176288
2208071488
5689690588
5551437788
4441960888
7858768888
1785506988
7071252198
5326145498
5441118698
6985271798
8550122798
4862673798
0312630898
5765683109
1932168109
8993320209
9387705209
5514736209
1925440309
4608642909
4305511119
7847848119
8828767419
4466428519
1820222619
5818301719
1570219919
6451252229
4689166229
1022004529
6853895529
2950918629
3887570729
0345494829
9577562929
4400906039
5255320339
9415011339
8188084339
8761400439
3049363439
3713860639
6563953639
7088296939
7272929149
9140936349
6286618349
5589542449
8552347549
2326732749
5157801949
4323886059
2944337459
2707244659
0002367759
5728259759
6069010859
1496581859
3535675069
8111839069
7610095169
5090477269
0701396369
9352598469
3799180669
0164449869
2453385079
0336089279
4272054379
8549907579
3211124779
8334966779
2965152879
9131753879
0622221189
8769376289
7231877389
7449101489
4034570589
5113254589
6177954589
3074887789
3696005889
0243658989
6874132099
9120624099
0294563399
1683793499
7301785599
3358617599
2676472699
9999879999
