02414031000
04323012000
01232043000
03141024000
01022210100
03431241100
00340222100
02204203100
04113234100
02044420200
04403401200
01312432200
03221413200
00130444200
03011130300
00420111300
02334142300
04243123300
01102104300
04033340400
01442321400
03301302400
00210333400
02124314400
00313420010
02222401010
04131432010
01040413010
03404444010
01330130110
03244111110
00103142110
02012123110
04421104110
02302340210
04211321210
01120302210
03034333210
00443314210
03324000310
00233031310
02142012310
04001043310
01410024310
04341210410
01200241410
03114222410
00023203410
02432234410
00121340020
02030321020
04444302020
00303333020
03212314020
01143000120
03002031020
00411012120
02320043120
04234024120
02110210220
04024241220
01433222220
03342203220
00201234220
03132420320
00041401320
02400432320
04314413320
01223444320
04104130420
01013111420
03422142420
00331123420
02240104420
00434210030
02343241030
04202222030
01111203030
03020234030
01401420130
03310401130
00224432130
02133413130
04042444130
02423130230
04332111230
01241142230
03100123230
00014104230
03440340330
00304321330
02213302330
04122333330
01031314330
04412000430
01321031430
03230012430
00144043430
02003024430
00242130040
02101111040
04010142040
01424123040
03333104040
01214340140
03123321140
00032302140
02441333140
04300314140
02231000240
04140031240
01004012240
03413043240
00322024240
03203210340
00112241340
02021222340
04430203340
01344234340
04220420440
01134401440
03043432440
00402413440
02311444440
14110300001
11024331001
13433312001
10342343001
12201324001
10132010101
12041041101
10400022101
11314003101
13223034101
11104220201
13013201201
10422232201
12331213201
14240244201
12121430301
14030411301
11444442301
13303023301
10212404301
13143140401
10002121401
12414102401
14320133401
11234114401
14423220011
11332201011
13241232011
10100213011
12014244011
10440430111
12304411111
14213442111
11122423111
13031404111
11412140211
13321121211
10230102211
12144133211
14003114211
12434300311
14343331311
11202312311
13111343311
10020324311
13401010411
10310041411
12224022411
14133003411
11042034411
14231140021
11140121021
13004102021
10413133021
12322114021
10203300121
12112331121
14021312121
11430343121
13344324121
11220010221
13134041221
10043022221
12402003221
14311034221
12242220321
14101201321
11010232321
13424213321
10333244321
13214430421
10123411421
12032442421
14441423421
11300404421
14044010031
11403041031
13312022031
10221003031
12130034031
10011220131
12420201131
14334232131
11243213131
13102244131
11033430231
13442411231
10301442231
12210423231
14124404231
12000140331
14414121331
11323102331
13232133331
10141114331
13022300431
10431331431
12340312431
14204343431
11113324431
14302430041
11211411041
13120442041
10034423041
12443404041
10324140141
12233121141
14142102141
11001133141
13410114141
11341300241
13200331241
10114312241
12023343241
14432324241
12313010341
14222041341
11131022341
13040003341
10404034341
13330220441
10244201441
12103232441
14012213441
11421244441
23220100002
20134131002
22043112002
24402143002
21311124002
24242310102
21101341102
23010322102
20424303102
22333334102
20214020202
22123001202
24032032302
21441013202
20300044202
21231230302
23140211302
20004242302
22413223302
24322204302
22203440402
24112421402
21021402402
23430433402
20344414402
23033020012
20442001012
22301032012
24210013012
21124044012
24000230112
21414211112
23323242112
20232223112
22141204112
20022440212
22431421212
24340402212
21204433212
23113414212
21044100312
23403131312
20312112312
22221143312
24130124312
22011310412
24420341412
21334322412
23243303412
20102334412
23341440022
20200421022
22114402022
24023433022
21432414022
24313100122
21222131122
23131112122
20040143122
22404124122
20330310222
22244341222
24103322222
21012303222
23421334222
21302020322
23211001322
20120032322
22034013322
24443044322
22324230422
24233211422
21142242422
23001223422
20410204422
23104310032
20013341032
22422322032
24331303032
21240334032
24121020132
21030001132
23444032132
22212044132
20143230232
22002211232
24411242232
21320223232
23234204232
21110440332
23024421332
20433402332
22342433332
24201414332
22132100432
24041131432
21400112432
23314143432
20223124432
23412230042
20321211042
22230242042
24144223042
21003204042
24434440142
21343421142
23202402142
20111433142
22020414142
20401100242
22310131242
24224112242
21133143242
23042124242
21423310342
23332341342
20241322342
22100303342
24014334342
22440020442
24304001442
21213032442
23122013442
20031044442
32330400003
34244431003
31103412003
33012443003
30421424003
33302110103
30211141103
32120122103
34034103103
31443134103
34324320203
31233301203
33142332203
30001313203
32410344203
30341030303
32200011303
34114042303
31023023303
33432004303
31313240403
33222221403
30131202403
32040233403
34404214403
32143320013
34002301013
31411332013
33320313013
30234344013
33110030113
30024011113
32433042113
34342023113
31201004113
34132240213
31041221213
33400202213
30314233213
32223214213
30104400313
32013431313
34422412313
31331443313
33240424313
31121110413
33030141413
30444122413
32303103113
34212134413
32401240023
34310221023
31224202023
33133233023
30042214023
33423400123
30332431123
32241412123
34100443123
31014424123
34440110223
31304141223
33213122223
30122103223
32031134223
30412320323
32321301323
34230332323
31144313323
33003344323
31434030423
33343011423
30202042423
32111023423
34020004423
32214110033
34123141033
31032122033
33441103033
30300134033
33231320133
30140301133
32004332133
34413313133
31322344133
30203030233
31112011233
33021042233
30430023233
32344004233
30220240333
32134221333
34043202333
31402233333
33311214333
31242400433
33101431433
30010412433
32424443433
34334424433
32022030043
34431011043
31340042043
33204023043
30113004043
33044240143
30403221143
32312202143
34221233143
31130214143
34011400243
31420431243
33334412243
30243443243
32102424243
30033110343
32442141343
34301122343
31210103343
33124134343
31000320243
33414301443
30323332443
32232313443
34141344443
41440200004
43304231004
40213212004
42122243004
44031224004
42412410104
44321441104
41230422104
43144403104
40003434104
43434120204
40343101204
42202132204
44111113204
41020144204
44401330304
41310311304
43224342304
40133323304
42042304304
40423040404
42332021404
44241002404
40100033404
43014014404
41203120014
43112101014
40021132014
42430113014
44344144014
42220330114
44134311114
41043342114
43402323114
40311304114
43242040214
40101021214
42010002214
44424033214
41333014214
44214200314
41123231314
43032212314
40441243314
42300224314
40231410414
42140441414
44004422414
41413403414
43322434414
41011040024
43420021024
40334002024
42243033024
42102014024
42033200124
44442231124
41301212124
43210243124
40124224124
43000410224
40414441224
42323422224
44232403224
41141434224
44022120324
41431101324
43340132324
40204113324
42113144324
40044330424
42403311424
44312342424
41221323424
43130304424
41324410034
43233441034
40142422034
44001403034
44410434034
42341120134
44200101134
41114132134
43023113134
40432144134
43313330234
40222311234
42131342234
44040323234
41404304234
44330040334
41244021334
43103002134
40012033334
42421014334
40302200434
42211231434
44120212434
41034243434
43443224434
41132330044
43041311044
40400342044
42314323044
44223304044
42104040144
44013021144
41422002144
43331033144
40240014144
43121200244
40030231244
42444212244
44303243244
41212224244
44143410344
41002441344
43411422344
40320403344
42234434344
40110120444
42024101444
44433132444
41342113444
43201144444
