04324012000
01232043000
03141024000
01022210104
03431241100
00340222103
00204203100
04113234100
02044420200
04403401000
01312432200
03221413200
20130444200
03011130300
00420111302
02334142300
24243123300
01102104300
04033340400
01442321440
03301302400
00210333400
22124314400
00313420010
02222401010
04131432010
01040413010
13404444040
01330130110
03244111110
00103142110
02012423110
24421104114
02302340210
04211321210
01122302214
33034333210
00443314210
03324000310
00230031311
02142012312
04001043310
01410024314
04341210410
01200241410
03114222410
10023203414
12432234410
00121340024
02032341021
02444302020
00303333020
03212314320
01143000120
03002031020
00411012120
02320043120
34234024120
02110210220
04224241220
11433222220
03342203220
03132420322
00041401322
00400432320
04314413322
01223444320
04104130424
01013111420
00422142420
00331123424
02240104420
00434210031
02343241030
14202222030
01111203030
03020234030
11401420133
03310401134
00224432130
02133413130
04042444130
03423130230
04332111230
01241142230
03100123230
10014104232
03440340301
00304321330
02213302334
04122333433
01031314334
04412000430
01321031430
21230012430
00144043432
02003024430
00242130043
02101111040
04010142040
01424123040
03332104042
01214340140
03123321140
00031302340
02441333140
04300314140
02231000240
04140031240
01004012242
03413043240
10022024240
03203210340
20112241342
02021222340
04430203342
01344234340
04220420440
00134401440
03043432440
40402413440
02311444440
14110300001
11024331001
13433312001
14342343001
12201324001
40132010101
12041041404
10400022101
11314003102
13223034101
21104220201
13013201201
10422232201
12331213201
14240244200
12121430301
14030411301
11444442300
13303023301
40212404301
13143140401
20002121401
42414002401
14320133401
11234114401
14423220011
41332201010
14241232011
12014244011
12304411111
14213442111
11122423111
13031004111
11412140211
33321121211
10230102211
42144133214
14003114211
02434300311
14343331310
30202312311
13111343311
10020324010
13401010411
10312041411
32220022411
24133003411
11042034411
44233140021
11140121021
43004102021
10414133021
12322114021
12112331121
14021312121
11430343123
13344324121
21220014321
03134041221
04043022221
12402003221
14311034221
11242220322
14101201321
11010232324
23424213321
10333244321
13214430421
10123411421
12032442421
34441423421
11300400421
24044010030
11403041031
13312022031
10221003031
12130034031
10011220141
42420201132
34334232131
11243213131
23102244131
11033430231
43442411231
20301442234
32210423231
14124404231
42000140331
12414121331
21323102331
13232133333
10141114330
13022300231
10431330434
12340312431
44204343431
11113324431
14302430041
11211411041
13120442041
10034423041
10443404011
10324140141
12233121141
14142102143
11001133141
03210104141
11341300241
13200331241
10114312241
12023343342
14432324341
12313010341
14222041341
41131022341
33040003341
13330220444
10244201441
02103232441
14012213441
41421244441
23220100002
20134131002
42043112002
14402143002
21311124002
24242310102
21101341102
23010322102
20424303101
32333334100
20214020202
22123001202
20032032202
11442013202
20300044202
21231230302
33140211300
20004242302
22413223302
34322200302
42203440402
24112421402
21021402404
13430433403
00344414402
42033020012
30444001342
22301032012
24210013012
21124044012
20000230112
43414211112
21323242112
20232223112
22141204112
20022440212
22431421213
24340402212
21204433212
13113414212
01044100311
23403131312
12221143312
34130124312
22010310412
14420341413
21334322412
23243303412
20102334412
03341440022
20200421020
24023433022
21432414022
44313100122
31222131122
23131112122
20040143121
02404124122
20330310222
22244341222
24103322222
21012303322
23421334222
11302020321
23211001422
40120032322
22034013320
44443044322
22124230420
24243201423
21142242421
20001223422
20410204122
23104310032
20013301031
22422322032
34331303032
21240334032
24121020132
21030001132
13444032132
22212044132
40443230242
22002211232
24411242232
01320223232
43231204231
31110440330
23024421332
40433402330
22342433331
24201414332
42132100430
24041131432
41400112432
23314143432
20223124432
23412230041
20321211042
22230242042
44144243042
10003204042
24434440142
21343421142
23202402142
20111433142
22020414143
20401100242
22310131342
44224112242
21133143242
23042124242
41423310340
23334341343
22100303342
24014034342
22440020442
24304001442
01213032442
23122013442
32330400003
34244431003
31103412003
33012443003
00421434202
13302110103
30211141303
12124122103
34034103103
31443134100
04322320203
31233301203
33142332203
30001313203
32410344203
40341030303
32200011103
34114042303
31023023303
23432004303
21313240403
33222221403
30131202403
32040233401
24404214403
32143320013
34002301013
31411332013
13320313013
30234344010
33110030113
30024011113
33433042113
34342023113
31201004113
34132240213
11041221213
33400202213
30314233213
42223214211
30104400311
32013431313
34422412314
21331413311
13240424313
31121110413
33030141413
30444122313
32303103413
34212134413
32401240023
34310221023
31224202223
33133233023
30042214023
33423400123
10332431123
32241412122
34100443123
31014424123
34440110223
31304141223
23213122220
31122103223
32031134223
30412320323
32321301320
33230332323
41144313323
33003344324
01434030423
33343011422
20202042423
12111423423
34020004423
32214110034
44123141033
31032122030
23441103033
30300134033
13231320132
30140301133
12004332133
34413313133
33322344133
30203030233
31112011233
03021042233
20430023233
22344004233
30220240333
12134221433
34043232333
31402233333
03311214333
31242400433
33101431432
30010412430
32424443434
34334424433
32022030043
34431011043
31340042043
30204023043
30113004043
33044240143
30400221143
32312102144
33221233143
31130214143
34011400243
31420431240
33334412240
30243443243
32102424243
30033110343
32442141343
24301122343
33124134343
31000320243
32414301443
30323332443
32232313443
34141344443
41440200004
43304231004
40213212004
42121243004
04031224004
02412410103
44321441104
41230422104
33144403404
40003434104
13434120204
40343101200
42202132204
01111113204
41020144204
44401330304
41310311304
43220342304
10133323302
42042304304
30423040404
42332021404
14241002404
40100033404
43011014404
21203120014
03112101014
43021132011
12430113014
44344144010
42220330114
24134311114
41043342114
43402323114
40311304114
23242040214
40101021214
42010002213
44424033214
41333014214
44214200310
41123231314
03032212313
20441243314
42300224313
30231410413
42140441414
44004422414
41413403414
23322434414
41011040020
43420021024
20334002024
22243033024
42102014024
42033200124
44442231124
41301212124
43210243124
30124224224
43000410224
40414441224
12323422223
44232403222
41141434223
44021120320
41431101324
23342142314
10204113324
42113144324
40044330422
22403311421
40312342424
41221323424
43130304422
41324410033
33233441034
40142422034
11001403034
44410434034
42341120134
44200101134
20114132133
43023113130
40432144134
43313330234
10223311234
42131342234
44040323234
41404304231
14330040334
43244021334
43103002134
40012033334
32421014334
30302200432
42211231434
44120212434
21034243433
43443224432
41132330044
40041311044
42314323044
44223304044
11104000144
44013021144
21412002140
43331033144
40240014144
10030231244
22444212144
44303243244
41212224244
24143410344
41002441344
43411422344
40320403343
42234434344
40110120440
42024101444
44433132444
43342113424
43201144444
