04322012000
01232043003
03141024000
01022210104
03431241100
00340222101
00204203100
04113234100
02044420200
04403401000
01312432200
03221413200
40130444202
23011130300
00420111302
42234342300
24243123340
01102104300
04033340400
01442321440
03301302400
00210333400
22224314400
00313420010
12222401042
04131432010
41040413010
13404444040
01330130110
03244011110
00103142110
02012423110
24421104114
12302340210
04211321210
01120302211
33034333210
00443314210
13324000310
00230031311
12142012312
44001043310
01410024314
04341210412
01200241410
03114222410
10022203414
12432234410
00121340024
02032341223
02444302020
00303333020
03212314320
01143000120
03002031020
00411012120
02320043120
34234024120
02110210220
04224241220
11433224220
03342203220
03132420324
00041401322
00400432320
04314413324
02223444123
04104130424
01013111420
00422142420
00331123424
02240104420
00433210034
02343241030
04202222030
01111203030
03020234030
11401420133
03312401134
10223432130
02133413132
04042444130
02423200234
04332111230
01241142230
03100123230
10014104232
03440340301
30304321330
02213302334
04122333333
01031314332
04412000430
01321031430
21230012430
00144043432
02003024430
00242130041
02101111040
04010142040
01424123040
03333204044
01214341143
03123321140
00031302340
02441333140
04300314140
02231000240
14140031240
01004012242
13413043240
30022024240
03203210340
20112241342
32021222340
04430203342
01344234340
04220420440
10130401440
03043432440
40402413440
02311444441
14110300001
11024331001
13433312001
24342343001
12201324001
40132010101
12041041404
10400022101
31314203100
13223034101
21104220201
13013201201
10422232201
12331213201
14240244204
12121430301
14030411301
11444442300
13303023301
40212404301
13143140401
20002121401
42414002401
14320133401
11234114401
14424220011
41332201010
14241232011
12014244011
42304411111
14213442111
11122423111
13031004111
11412140211
33321121211
10230102210
02144133214
14003114211
02434300311
14343331310
30202312311
13111343311
10020324010
13401010411
10312041411
32221022421
24133003411
11042034411
44233140021
11140121021
43004102021
30414133021
12322114021
12112331121
14021312121
11430343123
03344324121
21220014321
43134041221
04043022221
12402003221
14311034221
12242220322
14101201321
11010232324
23424213321
20334244321
13214430421
10123411421
12032442421
34441423421
11300400421
24044010030
11403041031
13312022032
10221003031
02130034031
40011220131
42420201130
34334232131
11243213131
23102244131
11033430231
43442411231
20301442234
22210423231
14124404232
42000140331
12414121331
21323102331
13230133033
10141114330
43022300231
10431330434
12340312430
44204343431
11113324431
44302430041
11211411041
13120442041
30034423041
10443404011
10324140141
42233121141
14142102143
11001133141
03210104141
11341300241
13200331241
10114312241
12023343342
14432324341
12313010341
14222041341
41131022341
33040003341
13330220444
02103232441
14012213441
41421244441
23220100002
20134131002
12043112003
14402143002
21311124002
24242310102
21101341102
23010322102
20424303103
32333334100
10224020202
22123001200
20032032202
11442033202
00300044202
21231230302
33140211300
20004242302
32413223302
34322200302
44203440402
24112421402
21021402404
13430433403
00344414402
42033020012
22301032012
24210013012
01124044012
20000230111
43414211112
11323242112
20232223112
22141204111
20022440212
22431421213
24340402210
21204433212
13113414212
01044100311
23403131312
12221143312
34130124312
22010310412
14420341411
11334322412
23243303414
20102334413
03341440022
20200421020
24023433021
21432414022
14313100122
31222131122
23131112121
40040143121
02404124122
20334310222
12244341222
24103322222
21012303322
23421334222
11102020320
23211001422
40123132322
22034013320
44433044322
22124230020
24243201423
21143242420
24001023422
20410204124
23104310032
20013301031
22422322032
34331303032
21240334032
24121020132
41030001132
13444032132
22212040132
40443230242
22002211232
24411242232
01320223222
43231204231
31110440330
23024421332
40433402330
22342433331
24201414333
42132120030
24041131430
41400112432
23314143432
20223124432
23412230041
20321211042
22230242042
44142213042
10003204042
24434440140
21343421142
23202402142
20111433142
22020414143
30401100242
22310131342
44224112242
21133143242
23042124242
31423310340
23334341343
22100303342
24014034342
22440020442
24304001442
41213032442
23122013444
32330400003
34244431003
31103412003
33012443003
00421334202
13302110103
30211141303
22124122103
04034103103
31443134100
04322320203
31233301203
33142332203
30001313203
32410344203
40341030303
32200011103
34114042303
01023023303
23432004333
21313240403
33222221403
32131202402
32040233402
24404214403
32143320013
34002301013
31411332013
03320313013
30224344010
33110030113
00024011113
33433042113
34342023113
31201004113
34132240213
11041221213
33400202213
30314233213
42223214211
00304400312
32013431313
34422412314
21331413311
13240424313
33121110413
33030141413
30444122010
32303103413
34212134413
32401240023
34310221023
31224202023
33133233023
30042214024
33423400123
10332431123
32241412122
34100443123
31014404122
34440110223
31304141223
23213122220
31122103221
32031134223
30412320323
32321301320
33230332323
41144313323
33003344324
41434030423
33343011422
20202042423
12111423423
34020004423
32214110034
44123141033
31032122332
23441102013
20300114034
13231320132
30140301133
02004332133
34413313133
33322344133
30203030233
31110011234
13021042233
20430023233
22344004233
30220240333
12134221433
24042234113
31402233333
03311214333
31242400433
33101431432
30010412434
32424443434
34334424433
32022030043
34431011043
31340042042
30204023043
30113004043
33044240143
30400221143
32312102144
33221233144
31130214143
34011400243
31420431242
33334412240
20243443243
32102424243
30033110343
32442141343
24301122343
03124134343
31000320243
30414301443
40323332443
32232313443
34141344443
41440200002
43304231004
40213212004
42121243002
44031224004
02412410103
44321441104
41230422104
33144403404
40003434104
13434120204
40343101200
42202132204
21111113204
21020144204
44401330304
41310311304
43220342304
10133323302
12042304303
30423040404
41332021404
14241002404
30100033404
43011014404
21203120014
43112101012
43021132011
12430113014
14344144010
42220330114
24134311114
41043342114
43402323114
40311304110
23242040214
40101021213
42010002213
44424033213
31333014214
44214200313
11123231314
03032212313
20441243314
42300234313
30231410411
42140441414
44004422414
41413403412
23322434414
21011040020
43420021024
20334002024
22243033024
42102014024
42033200123
44442231124
41301212124
43210243124
30124224224
13000400224
00414441224
12323422223
44232403222
41141434223
44021120320
41431101324
23342142314
11204113324
42113144324
40044330422
22403311421
40312342424
41221323424
43130304422
41324410033
33233441034
40142422034
01001403034
44410434034
42341120134
44200101134
20114132131
43023113130
40432144134
43313330232
10221311244
42131342234
44040323234
41404304231
14330040334
43244021334
33103002130
40012033334
32421014334
30302200432
12211231430
44120212434
41034243433
43443224432
41132330044
40041311044
42314323044
44223304044
11104000144
44013021144
21412002140
13331033144
40240014144
00030231244
22444212144
44303243244
41212224244
24143410344
41002441344
43411422344
40320403343
42234434344
40110120440
42024101444
04433132444
43342113422
43201144440
