4534520113
2111131424
0421133255
5251444243
4205514453
2521434201
3020154455
3311151114
4015250154
3125451232
2501512301
0350052322
0502505035
2301223443
5403314034
3331412100
1030200000
4131404450
3335242534
1051513303
1354123111
2005524020
3424540004
3325315205
1534235405
5041203544
0504033043
3145114002
0422520343
0020342544
4145530105
0032331033
0303040240
2420524532
3401031442
1221423052
5000023424
0435550400
0545021142
3452150013
4450331232
5243421411
2122301402
5525103004
3144545423
0324401512
4443120151
3200354114
0101450025
4521040234
2431115325
4333502231
2432011510
2400145451
3355430221
3444252510
5555044022
4010553330
3105150344
3343251041
2453041515
5223222013
0235031231
3312222023
0213304143
3133335111
0024020150
3110201213
5203305512
4521345400
4235545341
5555254351
1224103333
1035442335
0322544251
5155540100
5332430555
1432003051
0430405252
4404225253
3040441321
1125034544
0051343112
5011330352
0110402421
4102132020
5050155020
2553433124
0003254402
1135223240
5331054315
5343324404
4330024351
1502233454
0344532534
5550242055
3000210523
2231305122
1413055113
1202320201
0234044030
1311551445
4230012405
2254230411
4144200251
1244145015
3500403502
5013540121
3014535500
1154345330
3511355324
1410444505
4231232551
4512304014
5502035333
0043525215
0052034222
1255221522
0311002342
0215110545
2420443353
5454015414
1041241540
3102014313
2002255042
4143352043
2041310405
4412040553
3523100123
3434412250
1034251133
4104001434
1523014233
3551510031
2042114153
1020311141
2020212311
2535155501
4043015530
0204153552
0202401343
2315235145
5342021205
3404524335
5121540202
5031322141
2223053450
0202232204
4051543451
1015045433
3225433543
1322155454
0240330514
2154010154
0534353443
1222552350
4154214535
0135513523
3313111255
5345310120
4524551050
5400502053
0511342203
4435202202
2210303435
5544453315
3052341103
1512212144
4540335050
3150220350
4321201300
2434321055
3311240052
2053150532
5022000345
4002141315
2501113514
4213501241
4225244440
0303215024
3532243215
2004342232
3141323331
0153000005
4245501012
1242410401
2552121425
2345343042
2512500511
4301013025
2252312050
5233311303
5310231153
0441223004
3252132534
5030051012
4443403335
1150353205
2114055002
5130105434
4050150203
4255523144
1243252125
5513243430
0544132320
5054423253
1141042304
1505553421
2101021011
3005013155
1114420435
2142204031
4314332403
5132144301
1152455544
2243500314
5414234211
3440233425
2115443014
1415110234
4532225424
0521255552
4301354531
3212025311
2422054141
0014100022
4254532225
5411413545
0415244314
5333433442
2453352301
4410453424
2334133120
4005112352
3133103352
1103531513
3213541033
1240240232
2411050210
0221210133
3520113241
5405211532
1043120044
4510425031
2020102130
1550131301
1041354513
4310040112
2402320122
5123135041
5435101125
5445025553
5541432222
0533310052
1453535352
2215144255
0541351230
4001435414
4432121442
5005351240
3355501354
2320325324
2441005133
1422200414
5150330443
0152205312
0515201455
3224301224
1452242220
3454431040
4511134332
1354025032
3013023204
3533505540
5321440311
2553231335
1354402055
4153322214
2433343223
4351405123
2014400244
5413532315
2533454000
5301100030
1121100545
4102503101
4543141502
1101052421
0213253331
3513122553
4315320333
2023304125
2301445204
5210112012
1550450410
2015431303
0423511423
4230420520
4554452141
1221502134
1215030100
2553122240
3121432435
0051524424
0443434541
0100141100
4515025225
5143024403
1431535044
5122111223
3321041523
1033301454
2124242345
0432132134
2540102224
4241254215
2231550043
5304142144
4031151504
0002412510
1045335224
2324553231
4144300132
4233041124
0112512322
3015004141
3001025544
3031224252
0300104554
3342050434
5104231322
4353113413
0131115211
2010032054
1500042514
3413210442
5231553154
0323123102
0243445354
4323230515
2311414340
3254053304
2145522452
3524042451
3451420145
1533542342
0022055401
4440142413
2355532500
5215155443
0534424214
5034043505
2204201150
2530330345
1441104432
3513311132
1511121010
2145010355
5341524522
5042133211
2333520430
3202343445
5401045131
5540504115
1405122205
3250205101
3134332522
0353441131
3512224400
4424030321
1313313550
3243032253
4455211043
4333444012
4240031340
0421515150
5404004520
2200411024
0535234123
1123154320
1001403220
0142533410
5112345155
3020535312
5420351344
3100523210
1110523123
5024121531
4003424323
3342505513
1130414243
4112555230
0320543015
5244254224
5020022303
1342541502
3112433132
2244513132
1444005242
5212553005
0505325410
5155013310
2514311212
5114124050
1352304321
3052402442
1324340125
2342530023
0334211344
1425553112
1044512001
0100515442
1405300350
5103052535
3201342021
1425224004
4124310013
3330145043
4032203320
4105321545
5014534233
2313554522
4252024302
3251134150
4024455304
3442304250
0242113335
0145152113
2405422431
4540053130
0540215303
2142421115
3442455200
3032514414
3055335035
3025405010
4125143521
5334510451
1542043521
2022012045
3530550254
2535040413
5300434105
1524322540
5514301402
5302450503
5253215230
2223425503
0415351521
0252440112
5452521534
3120244122
1334150302
2352252252
5335002420
5503125105
0502240440
5254102400
0230554545
4302413242
5535420534
5422333130
4025320422
4022225135
1504444152
4100233032
1110011501
0450223511
5214410320
2410103500
2135334151
1220034025
0251021353
2440541244
0354524041
2131202503
5123442552
0451302535
3555415430
1235332412
2554505553
2355004203
1303234110
4454014104
1204134241
0004433001
2425152033
3522411554
5540314521
1352135523
1300312315
0340414430
1345455151
3331211421
