4245344100
4245523210
4245435420
4245300515
4245333052
4245532513
4245125025
4245315443
4245453144
4245252155
4245224542
4245511122
4245352221
4245414215
4245425551
4245555305
4245113501
4245134331
4245442312
4245243435
4245504454
4245401001
4245005232
4245245010
4245321314
4245012034
4245010350
4245102140
4245045524
4245022401
4245230204
4245203323
4245540041
4245141253
4245031145
4245054013
4245420133
4245251530
4245150412
5023344100
5023523210
5023435420
5023300515
5023333052
5023532513
5023125025
5023315443
5023453144
5023252155
5023224542
5023511122
5023352221
5023414215
5023425551
5023555305
5023113500
5023134331
5023442312
5023243435
5023504454
5023401001
5023003111
5023005232
5023215041
5023321314
5023212034
5023010350
5023102140
5023045524
5023022401
5023230204
5023203323
5023540041
5023141253
5023031445
5023054013
5023420133
5023251530
5023150412
3233344100
3233523210
3233435420
3233300515
3233333052
3233532513
3233125025
3233315443
3233453144
3233252155
3233224542
3233511122
3233352221
3233414215
3233425551
3233555305
3233113505
3233134331
3233442312
3233243435
3233504454
3233401001
3233003111
3233005232
3233321314
3233212034
3233010350
3233102140
3233045524
3233022401
3233230204
3233203323
3233540041
3233141253
3233031445
3233054013
3233420133
3233251530
3233150412
5112344100
5112523210
5112435420
5112300515
5112333052
5112532513
5112125025
5112315443
5112453144
5112252155
5112224542
5112511122
5112352221
5112414215
5112425551
5112555305
5112113500
5112134331
5112442312
5112243435
5112504454
5112401001
5112003111
5112005232
5112215041
5112321314
5112212034
5112010350
5112102140
5112045524
5112022401
5112230204
5112203323
5112540041
5112141253
5112031445
5112054013
5112420133
5112251530
5112150412
0145344100
0145523210
0145435420
0145300515
0145333052
0145532513
0145125025
0145315443
0145453144
0145252155
0145224542
0145511122
0145352221
0145414215
0145425551
0145555305
0145113501
0145134331
0145442312
0145243435
0145504454
0145401001
1125001410
0145005232
0145321314
4224335135
0145212034
0145010350
0145102140
0145045524
0145022401
0145230204
0145203323
0145540041
0145141253
0145031145
0145054013
0145420133
0145251530
0145150412
4032344100
4032523210
4032435420
4032300515
4032333052
4032532513
4032125025
4032315443
4032453144
4032252155
4032224542
4032511122
4032352221
4032414215
4032425551
4032555305
4032113500
4032134331
4032442312
4032243435
4032504454
4032401001
4032003111
4032005232
4032215041
4032321314
4032212034
4032010350
4032102140
4032045524
4032022401
4032230204
4032203323
4032540041
4032141253
4032031445
4032054013
4032420133
4032251530
4032150412
3342344100
3342523210
3342435420
3342300515
3342333052
3342532513
3342125025
3342315443
3342453144
3342252155
3342224542
3342511122
3342352221
3342414215
3342425551
3342555305
3342113501
3342134331
3342442312
3342243435
3342504454
3342401001
3342003111
3342005232
0310255150
3342321314
3342212034
3342010350
3342102140
3342045524
3342022401
3342230204
3342203323
3342540041
3342141253
3342031445
3342054013
3342420133
3342251530
3342150412
5252344100
5252523210
5252435420
5252300515
5252333052
5252532513
5252125025
5252315443
5252453144
5252252155
5252224542
5252511122
5252352221
5252414215
5252425551
5252555305
5252113500
5252134331
5252442312
5252243435
5252504454
5252401001
5252003111
5252005232
5252215041
5252321314
5252212034
5252010350
5252102140
5252045524
5252022401
5252230204
5252203323
5252540041
5252141253
5252031445
5252054013
5252420133
5252251530
5252150412
2540344100
2540523210
2540435420
2540300515
2540333052
2540532513
2540125025
2540315443
2540453144
2540252155
2540224542
2540511122
2540352221
2540414215
2540425551
2540555305
2540113500
2540134331
2540442312
2540243435
2540504454
2540401001
2540003111
2540005232
2540215041
2540321314
2540212034
2540010350
2540102140
2540045524
2540022401
2540230204
2540203323
2540540041
2540141253
2540031445
2540054013
2540420133
2540251530
2540150412
1230344100
1230523210
1230435420
1230300515
1230333052
1230532513
1230125025
1230315443
1230453144
1230252155
1230224542
1230511122
1230352221
1230414215
1230425551
1230555305
1230113501
1230134331
1230442312
1230243435
1230504454
1230401001
1230003111
1230005232
1230321314
1230212034
1230010350
1230102140
1230045524
1230022401
1230230204
1230203323
1230540041
1230141253
1230031445
1230054013
1230420133
1230251530
1230150412
0450344100
0450523210
0450435420
0450300515
0450333052
0450532513
0450125025
0450315443
0450453144
0450252155
0450224542
0450511122
0450352221
0450414215
0450425551
0450555305
0450113500
0450134331
0450442312
0450243435
0450504454
0450401001
0450003111
0450005232
0450215041
0450321314
0450212034
0450010350
0450102140
0450045524
0450022401
0450230204
0450203323
0450540041
0450141253
0450031445
0450054013
0450420133
0450251530
0450150412
5304344100
5304523210
5304435420
5304300515
5304333052
5304532513
5304125025
5304315443
5304453144
5304252155
5304224542
5304511122
5304352221
5304414215
5304425551
5304555305
5304113500
5304134331
5304442312
5304243435
5304504454
5304401001
5304003111
5304005232
5304215210
5304321314
5304212034
5304010350
5304102140
5304045524
5304022401
5304230204
5304203323
5304540041
5304141253
5304031445
5304054013
5304420133
5304251530
5304150412
3103344100
3103523210
3103435420
3103300515
3103333052
3103532513
3103125025
3103315443
3103453144
3103252155
3103224542
3103511122
3103352221
3103414215
3103425551
3103555305
3103113500
3103134331
3103442312
3103243435
3103504454
3103401001
3103003111
3103005232
3103321314
3103212034
3103010350
3103102140
3103045524
3103022401
3103230204
3103203323
3103540041
3103141253
3103031445
3103054013
3103420133
3103251530
3103150412
1555344100
1555523210
1555435420
1555300515
1555333052
1555532513
1555125025
1555315443
1555453144
1555252155
1555224542
1555511122
1555352221
1555414215
1555425551
1555555305
1555113500
1555134331
1555442312
1555243435
1555504454
1555401001
1555003111
1555005232
1555215041
1555321314
1555212034
1555010350
1555102140
1555045524
1555022401
1555230204
1555203323
1555540041
1555141253
1555031445
1555054013
1555420133
1555251530
1555150412
2212344100
2212523210
2212435420
2212300515
2212333052
2212532513
2212125025
2212315443
2212453144
2212252155
2212224542
2212511122
2212352221
2212414215
2212425551
2212555305
2212113503
2212134331
2212442312
2212243435
2212504454
2212401001
2212003111
2212005232
2212215041
2212321314
2212212034
2212010350
2212102140
2212045524
2212022401
2212230204
2212203323
2212540041
2212141253
2212031445
2212054013
2212420133
2212251530
2212150412
3014344100
3014523210
3014435420
3014300515
3014333052
3014532513
3014125025
3014315443
3014453144
3014252155
3014224542
3014511122
3014352221
3014414215
3014425551
3014555305
3014113503
3014134331
3014442312
3014243435
3014504454
3014401001
3014003111
3014005232
3014215041
3014321314
3014212034
3014010350
3014102140
3014045524
3014022401
3014230204
3014203323
3014540041
3014141253
3014031445
3014054013
3014420133
3014251530
3014150412
1322344100
1322523210
1322435420
1322300515
1322333052
1322532513
1322125025
1322315443
1322453144
1322252155
1322224542
1322511122
1322352221
1322414215
1322425551
1322555305
1322113504
1322134331
1322442312
1322243435
1322504454
1322401001
1322003121
1322005232
1322213111
1322321314
1322212034
1322010350
1322102140
1322045524
1322022401
1322230204
1322203323
1322540041
1322141253
1322031445
1322054013
1322420133
1322251530
1322150412
3130344100
3130523210
3130435420
3130300535
3130333052
3130532513
3130125025
3130315443
3130453144
3130252155
3130224542
3130511122
3130352221
3130414215
3130425551
3130555305
3130113503
3130134331
3130442312
3130243435
3130504454
3130401001
3130213111
3130005232
3130245010
3130321314
3130112034
3130010350
3130102140
3130045524
3130022401
3130230204
3130203323
3130540041
3130141253
3130031145
3130054013
3130420133
3130251530
3130150412
0310344100
0310523210
0310435420
0310300515
0310333052
0310532553
0310125025
0310315443
0310453544
0310452455
0310224542
0310511122
0310352221
0310414255
0310321354
0310555305
0310113501
0310134331
0310442312
0310243435
0310504454
0310401001
0310023131
0310005232
0310211411
1334111010
0310135114
0310212034
0310010350
0310102140
0310045524
0310022400
0310230204
0310203323
0310540041
0310141253
0310031145
0310054013
0310420133
0310251530
0310150422
4125344100
4125523210
4125435420
4125300515
4125333052
4125532513
4125125025
4125315443
4125453144
4125252155
4125224542
4125511122
4125352221
4125414245
4125425551
4125555305
4125113501
4125134331
4125442312
4125043435
4125504454
4125401001
4125005232
4125211411
4125321314
4141131010
4125212034
4125010350
4125102140
4125045524
4125022401
4125230204
4125203323
4125540041
4125141253
4125031145
4125054013
4125420133
4125251530
4125150412
3554344100
3554523210
3554435420
3554300515
3554333052
3554532513
3554125025
3554315443
3554453144
3554252155
3554224542
3554511122
3554352221
3554414215
3554425551
3554555305
3554113500
3554134331
3554442312
3554243435
3554504454
3554401001
3554003111
3554005232
3554215041
3554321314
3554212034
3554010350
3554102140
3554045524
3554022401
3554230204
3554203323
3554540041
3554141253
3554031445
3554054013
3554420133
3554251530
3554150412
5040344100
5040523210
5040435420
5040300515
5040333052
5040532513
5040125025
5040315443
5040453144
5040252155
5040224542
5040511122
5040352221
5040414215
5040425551
5040555305
5040113500
5040134331
5040442312
5040243435
5040504454
5040401001
5040003111
5040005232
5040215041
5040321314
0025143014
5040212034
5040010350
5040102140
5040045524
5040022401
5040230204
5040203323
5040540041
5040141253
5040031445
5040054013
5040420133
5040251530
5040150412
2334344100
2334523210
2334435420
2334300515
2334333052
2334532513
2334125025
2334315443
2334453144
2334252155
2334224542
2334511122
2334352221
2334414215
2334425551
2334555305
2334113501
2334134331
2334442312
2334243435
2334504454
2334401001
2334003111
2334005232
2334321314
2334212034
2334010350
2334102140
2334045524
2334022401
2334230204
2334203323
2334540041
2334141253
2334031445
2334054013
2334420133
2334251530
2334150412
2043344100
2043523210
2043435420
2043300515
2043333052
2043532513
2043125025
2043315443
2043453144
2043252155
2043224542
2043511122
2043352221
2043414215
2043425551
2043555305
2043113500
2043134331
2043442312
2043243435
2043504454
2043401001
2043003111
2043005232
2043215041
2043321314
2043212034
2043010350
2043102140
2043045524
2043022401
2043230204
2043203323
2043540041
2043141253
2043031445
2043054013
2043420133
2043251530
2043150412
0413344100
0413523210
0413435420
0413300515
0413333052
0413532513
0413125025
0413315443
0413453144
0413252155
0413224542
0413511122
0413352221
0413414215
0413425551
0413555305
0413113500
0413134331
0413442312
0413243435
0413504454
0413401001
0413003111
0413005232
0413215041
0413321314
0413212034
0413010350
0413102140
0413045524
0413022401
0413230204
0413203323
0413540041
0413141253
0413031445
0413054013
0413420133
0413251530
0413150412
5543344100
5543523210
5543435420
5543300515
5543333052
5543532513
5543125025
5543315443
5543453144
5543252155
5543224542
5543511122
5543352221
5543414215
5543425551
5543555305
5543113500
5543134331
5543442312
5543243435
5543504454
5543401001
5543003111
5543005232
5543215041
5543321314
5543212034
5543010350
5543102140
5543045524
5543022401
5543230204
5543203323
5543540041
5543141253
5543031445
5543054013
5543420133
5543251530
5543150412
1015344100
1015523210
1015435420
1015300515
1015333052
1015532513
1015125025
1015315443
1015453144
1015452455
1015224542
1015511122
1015352221
1015414215
1015425551
1015555305
1015113501
1015134331
1015442312
1015243435
1015504454
1015401001
1015005232
1015245151
1015321314
1015212034
1015010350
1015102140
1015045524
1015022401
1015230204
1015203323
1015540041
1015141253
1015031145
1015054013
1015420133
1015251530
1015150412
3055344100
3055523210
3055435420
3055300515
3055333052
3055532513
3055125025
3055315443
3055453144
3055252155
3055224542
3055511122
3055352221
3055414215
3055425551
3055555305
3055113500
3055134331
3055442312
3055243435
3055504454
3055401001
3055003111
3055005232
3055215041
3055321314
3055212034
3055010350
3055102140
3055045524
3055022401
3055230204
3055203323
3055540041
3055141253
3055031445
3055054013
3055420133
3055251530
3055150412
4350344100
4350523210
4350435420
4350300515
4350333052
4350532513
4350125025
4350315443
4350453144
4350252155
4350224542
4350511122
4350352221
4350414215
4350425551
4350555305
4350113501
4350134331
4350442312
4350243435
4350504454
4350401001
4350003111
4350005232
4353245000
4350321314
4350212034
4350010350
4350102140
4350045524
4350022401
4350230204
4350203323
4350540041
4350141253
4350031445
4350054013
4350420133
4350251530
4350150412
0501344100
0501523210
0501435420
0501300515
0501333052
0501532513
0501125025
0501315443
0501453144
0501252155
0501224542
0501511122
0501352221
0501414215
0501425551
0501555305
0501113500
0501134331
0501442312
0501243435
0501504454
0501401001
0501003111
0501005232
0501215041
0501321314
0501212034
0501010350
0501102140
0501045524
0501022401
0501230204
0501203323
0501540041
0501141253
0501031445
0501054013
0501420133
0501251530
0501150412
2404344100
2404523210
2404435420
2404300515
2404333052
2404532513
2404125025
2404315443
2404453144
2404252155
2404224542
2404511122
2404352221
2404414215
2404425551
2404555305
2404113500
2404134331
2404442312
2404243435
2404504454
2404401001
2404003111
2404005232
2404215041
2404321314
2404212034
2404010350
2404102140
2404045524
2404022401
2404230204
2404203323
2404540041
2404141253
2404031445
2404054013
2404420133
2404251530
2404150412
2523344100
2523523210
2523435420
2523300515
2523333052
2523532513
2523125025
2523315443
2523453144
2523252155
2523224542
2523511122
2523352221
2523414215
2523425551
2523555305
2523113500
2523134331
2523442312
2523243435
2523504454
2523401001
2523003111
2523005232
2523215041
2523321314
2523212034
2523010350
2523102140
2523045524
2523022401
2523230204
2523203323
2523540041
2523141253
2523031445
2523054013
2523420133
2523251530
2523150412
2435344100
2435523210
2435435420
2435300515
2435333052
2435532513
2435125025
2435315443
2435453144
2435252155
2435224542
2435511122
2435352221
2435414225
2435425551
2435555305
2435113501
2435134331
2435442312
2435243435
2435504454
2435401001
2435013414
2435005232
2435245011
2435321314
2435112034
2435010350
2435102140
2435045524
2435022401
2435230204
2435203323
2435540041
2435141253
2435031145
2435054013
2435420133
2435251530
2435150412
1442344100
1442523210
1442435420
1442300515
1442333052
1442532513
1442125025
1442315443
1442453144
1442252155
1442224542
1442511122
1442352221
1442414215
1442425551
1442555305
1442113501
1442134331
1442442312
1442243435
1442504454
1442401001
1442003111
1442005232
1442321314
1421134331
1442212034
1442010350
1442102140
1442045524
1442022401
1442230204
1442203323
1442540041
1442141253
1442031445
1442054013
1442420133
1442251530
1442150412
2305344100
2305523210
2305435420
2305300515
2305333052
2305532513
2305125025
2305315443
2305453144
2305252155
2305224542
2305511122
2305352221
2305414215
2305425551
2305555305
2305113501
2305134331
2305442312
2305243435
2305504454
2305401001
2305003111
2305005232
2305215041
2305321314
2305212034
2305010350
2305102140
2305045524
2305022401
2305230204
2305203323
2305540041
2305141253
2305031445
2305054013
2305420133
2305251530
2305150412
0031344100
0031523210
0031435420
0031300515
0031333052
0031532513
0031125025
0031315443
0031453144
0031252155
0031224542
0031511122
0031352221
0031414215
0031425551
0031555305
0031113500
0031134331
0031442312
0031243435
0031504454
0031401001
0031003111
0031005232
0031215041
0031321314
0031212034
0031010350
0031102140
0031045524
0031022401
0031230204
0031203323
0031540041
0031141253
0031031445
0031054013
0031420133
0031251530
0031150412
1133344100
1133523210
1133435420
1133300515
1133333052
1133532513
1133125025
1133315443
1133453144
1133252155
1133224542
1133511122
1133352221
1133414215
1133425551
1133555305
1133113501
1133134331
1133442312
1133243435
1133504454
1133401001
1133003111
1133005232
1133321314
1133212034
1133010350
1133102140
1133045524
1133022401
1133230204
1133203323
1133540041
1133141253
1133031445
1133054013
1133420133
1133251530
1133150412
1203344100
1203523210
1203435420
1203300515
1203333052
1203532513
1203125025
1203315443
1203453144
1203252155
1203224542
1203511122
1203352221
1203414215
1203425551
1203555305
1203113500
1203134331
1203442312
1203243435
1203504454
1203401001
1203003111
1203005232
1203213541
1203321314
1203212034
1203010350
1203102140
1203045524
1203022401
1203230204
1203203323
1203540041
1203141253
1203031445
1203054013
1203420133
1203251530
1203150412
1100344100
1100523210
1100435420
1100300515
1100333052
1100532513
1100125025
1100315443
1100453144
1100252155
1100224542
1100511122
1100352221
1100414215
1100425551
1100555305
1100113501
1100134331
1100442312
1100243435
1100504454
1100401001
1100003111
1100005232
1100321314
1100212034
1100010350
1100102140
1100045524
1100022401
1100230204
1100203323
1100540041
1100141253
1100031445
1100054013
1100420133
1100251530
1100150412
1514344100
1514523210
1514435420
1514300515
1514333052
1514532513
1514125025
1514315443
1514453144
1514252155
1514224542
1514511122
1514352221
1514414215
1514425551
1514555305
1514113500
1514134331
1514442312
1514243435
1514504454
1514401001
1514003111
1514005232
1514215041
1514321314
1514212034
1514010350
1514102140
1514045524
1514022401
1514230204
1514203323
1514540041
1514141253
1514031445
1514054013
1514420133
1514251530
1514150412
4001344100
4001523210
4001435420
4001300515
4001333052
4001532513
4001125025
4001315443
4001453144
4001252155
4001224542
4001511122
4001352221
4001414215
4001425551
4001555305
4001113500
4001134331
4001442312
4001243435
4001504454
4001401001
4001003111
4001005232
4001215041
4001321314
4001212034
4001010350
4001102140
4001045524
4001022401
4001230204
4001203323
4001540041
4001141253
4001031445
4001054013
4001420133
4001251530
4001150412
5151344100
5151523210
5151435420
5151300515
5151333052
5151532513
5151125025
5151315443
5151453144
5151252155
5151224542
5151511122
5151352221
5151414215
5151425551
5151555305
5151113500
5151134331
5151442312
5151243435
5151504454
5151401001
5151003111
5151005232
5151215041
5151321314
5151212034
5151010350
5151102140
5151045524
5151022401
5151230204
5151203323
5151540041
5151141253
5151031445
5151054013
5151420133
5151251530
5151150412
4313344100
4313523210
4313435420
4313300515
4313333052
4313532513
4313125025
4313315443
4313453144
4313252155
4313224542
4313511122
4313352221
4313414215
4313425551
4313555305
4313113501
4313134331
4313442312
4313243435
4313504454
4313401001
4313003111
4313005232
4313321314
4313212034
4313010350
4313102140
4313045524
4313022401
4313230204
4313203323
4313540041
4313141253
4313031445
4313054013
4313420133
4313251530
4313150412
3321344100
3321523210
3321435420
3321300515
3321333052
3321532513
3321125025
3321315443
3321453144
3321252155
3321224542
3321511122
3321352221
3321414215
3321425551
3321555305
3321113503
3321134331
3321442312
3321243435
3321504454
3321401001
3321003111
3321005232
3324210421
3321321314
3321212034
3321010350
3321102140
3321045524
3321022401
3321230204
3321203323
3321540041
3321141253
3321031445
3321054013
3321420133
3321251530
3321150412
3441344100
3441523210
3441435420
3441300515
3441333052
3441532513
3441125025
3441315443
3441453144
3441252155
3441224542
3441511122
3441352221
3441414215
3441425551
3441555305
3441113500
3441134331
3441442312
3441243435
3441504454
3441401001
3441003111
3441005232
3431211451
3441321314
3441212034
3441010350
3441102140
3441045524
3441022401
3441230204
3441203323
3441540041
3441141253
3441031445
3441054013
3441420133
3441251530
3441150412
2152344100
2152523210
2152435420
2152300515
2152333052
2152532513
2152125025
2152315443
2152453144
2152252155
2152224542
2152511122
2152352221
2152414215
2152425551
2152555305
2152113500
2152134331
2152442312
2152243435
2152504454
2152401001
2152003111
2152005232
2152215041
2152321314
4235535134
2152212034
2152010350
2152102140
2152045524
2152022401
2152230204
2152203323
2152540041
2152141253
2152031445
2152054013
2152420133
2152251530
2152150412
0124344100
0124523210
0124435420
0124300515
0124333052
0124532513
0124125025
0124315443
0124453144
0124252155
0124224542
0124511122
0124352221
0124414215
0124425551
0124555305
0124113501
0124134331
0124442312
0124243435
0124504454
0124401001
0225321314
0124005232
0124245000
0124321314
0124212034
0124010350
0124102140
0124045524
0124022401
0124230204
0124203323
0124540041
0124141253
0124031145
0124054013
0124420133
0124251530
0124150412
1421344100
1421523210
1421435420
1421300515
1421333052
1421532513
1421125025
1421315443
1421453144
1421252155
1421224542
1421511122
1421352221
1421414215
1421425551
1421555305
1421113501
0532414215
1421442312
1421243435
1421504454
1421401001
1421003111
1421005232
1341245010
1421321314
0245245113
1421212034
1421010350
1421102140
1421045524
1421022401
1421230204
1421203323
1421540041
1421141253
1421031445
1421054013
1421420133
1421251530
1421150412
5434344100
5434523210
5434435420
5434300515
5434333052
5434532513
5434125025
5434315443
5434453144
5434252155
5434224542
5434511122
5434352221
5434414215
5434425551
5434555305
5434113501
5434134331
5434442312
5434243435
5434504454
5434401001
5434003111
5434005232
5334235040
5434321314
5434212034
5434010350
5434102140
5434045524
5434022401
5434230204
5434203323
5434540041
5434141253
5434031445
5434054013
5434420133
5434251530
5434150412
0225344100
3425335134
0225435420
0225300515
0225333052
0225532513
0225125025
0225315443
0225453144
0225252155
0225224542
0225511122
0225352221
0225414215
0225425551
0225555305
0225113501
0225134331
0225442312
0225243435
0225504454
0225401001
0225523210
0225005232
0225212034
0225010350
0225102140
0225045524
0225022401
0225230204
0225203323
0225540041
0225141253
0225031145
0225054013
0225420133
0225251530
0225150412
1054344100
1054523210
1054435420
1054300515
1054333052
1054532513
1054125025
1054315443
1054453144
1054252155
1054224542
1054511122
1054352221
1054414215
1054425551
1054555305
1054113500
1054134331
1054442312
1054243435
1054504454
1054401001
1054003111
1054005232
1054215041
1054321314
1054212034
1054010350
1054102140
1054045524
1054022401
1054230204
1054203323
1054540041
1054141253
1054031445
1054054013
1054420133
1054251530
1054150412
4224344100
4224523210
4224435420
4224300515
4224333052
4224532513
4224125025
4224315443
4224453144
4224252155
4224224542
4224511122
4224352221
4224414215
4224425551
4224555305
4224113501
4224134331
4224442312
4224243435
4224504454
4224401001
4224005232
4224321314
4224212034
4224010350
4224102140
4224045524
4224022401
4224230204
4224203323
4224540041
4224141253
4224031145
4224054013
4224420133
4224251530
4224150412
3200344100
3200523210
3200435420
3200300515
3200333052
3200532513
3200125025
3200315443
3200453144
3200252155
3200224542
3200511122
3200352221
3200414215
3200425551
3200555305
3200113503
3200134331
3200442312
3200243435
3200504454
3200401001
3200003111
3200005232
1203245010
3200321314
3200212034
3200010350
3200102140
3200045524
3200022401
3200230204
3200203323
3200540041
3200141253
3200031445
3200054013
3200420133
3200251530
3200150412
4453344100
4453523210
4453435420
4453300515
4453333052
4453532513
4453125025
4453315443
4453453144
4453252155
4453224542
4453511122
4453352221
4453414215
4453425551
4453555305
4453113500
4453134331
4453442312
4453243435
4453504454
4453401001
4453003111
4453005232
4453215211
4453321314
2053135102
4453212034
4453010350
4453102140
4453045524
4453022401
4453230204
4453203323
4453540041
4453141253
4453031445
4453054013
4453420133
4453251530
4453150412
4410344100
4410523210
4410435420
4410300515
4410333052
4410532513
4410125025
4410315443
4410453144
4410252155
4410224542
4410511122
4410352221
4410414215
4410425551
4410555305
4410113503
4410134331
4410442312
4410243435
4410504454
4410401001
4410003111
4410005232
4410215041
4410321314
4410212034
4410010350
4410102140
4410045524
4410022401
4410230204
4410203323
4410540041
4410141253
4410031445
4410054013
4410420133
4410251530
4410150412
0002344100
0002523210
0002435420
0002300515
0002333052
0002532513
0002125025
0002315443
0002453144
0002252155
0002224542
0002511122
0002352221
0002414215
0002425551
0002555305
0002113500
0002134331
0002442312
0002243435
0002504454
0002401001
0002003111
0002005232
0002215041
0002321314
0002212034
0002010350
0002102140
0002045524
0002022401
0002230204
0002203323
0002540041
0002141253
0002031445
0002054013
0002420133
0002251530
0002150412
5520344100
5520523210
5520435420
5520300515
5520333052
5520532513
5520125025
5520315443
5520453144
5520252155
5520224542
5520511122
5520352221
5520414215
5520425551
5520555305
5520113500
5520134331
5520442312
5520243435
5520504454
5520401001
5520003111
5520005232
5520215041
5520321314
5520212034
5520010350
5520102140
5520045524
5520022401
5520230204
5520203323
5520540041
5520141253
5520031445
5520054013
5520420133
5520251530
5520150412
4144344100
4144523210
4144435420
4144300515
4144333052
4144532513
4144125025
4144315443
4144453144
4144252155
4144224542
4144511122
4144352221
4144414215
4144425551
4144555305
4144113501
4144134331
4144442312
4144243435
4144504454
4144401001
4144005232
4144321314
4144212034
4144010350
4144102140
4144045524
4144022401
4144230204
4144203323
4144540041
4144141253
4144031145
4144054013
4144420133
4144251530
4144150412
0353344100
0353523210
0353435420
0353300515
0353333052
0353532513
0353125025
0353315443
0353453144
0353252155
0353224542
0353511122
0353352221
0353414215
0353425551
0353555305
0353113501
0353134331
0353442312
0353243435
0353504454
0353401001
0353003111
0353005232
0353321314
0353212034
0353010350
0353102140
0353045524
0353022401
0353230204
0353203323
0353540041
0353141253
0353031445
0353054013
0353420133
0353251530
0353150412
4531344100
4531523210
4531435420
4531300515
4531333052
4531532513
4531125025
4531315443
4531453144
4531252155
4531224542
4531511122
4531352221
4531414215
4531425551
4531555305
4531113500
4531134331
4531442312
4531243435
4531504454
4531401001
4531003111
4531005232
4531215041
4531321314
1341115154
4531212034
4531010350
4531102140
4531045524
4531022401
4531230204
4531203323
4531540041
4531141253
4531031445
4531054013
4531420133
4531251530
4531150412
4502344100
4502523210
4502435420
4502300515
4502333052
4502532513
4502125025
4502315443
4502453144
4502252155
4502224542
4502511122
4502352221
4502414215
4502425551
4502555305
4502113500
4502134331
4502442312
4502243435
4502504454
4502401001
4502003111
4502005232
4502215041
4502321314
4502212034
4502010350
4502102140
4502045524
4502022401
4502230204
4502203323
4502540041
4502141253
4502031445
4502054013
4502420133
4502251530
4502150412
2251344100
2251523210
2251435420
2251300515
2251333052
2251532513
2251125025
2251315443
2251453144
2251252155
2251224542
2251511122
2251352221
2251414215
2251425551
2251555305
2251113500
2251134331
2251442312
2251243435
2251504454
2251401001
2251003111
2251005232
2251215041
2251321314
2251212034
2251010350
2251102140
2251045524
2251022401
2251230204
2251203323
2251540041
2251141253
2251031445
2251054013
2251420133
2251251530
2251150412
5211344100
5211523210
5211435420
5211300515
5211333052
5211532513
5211125025
5211315443
5211453144
5211252155
5211224542
5211511122
5211352221
5211414215
5211425551
5211555305
5211113500
5211134331
5211442312
5211243435
5211504454
5211401001
5211003111
5211005232
5211215041
5211321314
5211212034
5211010350
5211102140
5211045524
5211022401
5211230204
5211203323
5211540041
5211141253
5211031445
5211054013
5211420133
5211251530
5211150412
1341344100
1341523210
1341435420
1341300555
1341333052
1341532513
1341122025
1341315443
1341453144
0144003111
1341224542
1341511122
1341352221
1341414215
1341425551
1341555305
1341113505
1341134331
1341442352
1341243435
1341504454
1341401001
1341003111
1341005232
1341214421
1341321314
1341212034
1341010350
1341102140
1341045524
1341022401
1341230204
1341203323
1341540041
1341141253
1341031145
1341054053
1341420133
1341251530
1341150412
5405344100
5405523210
5405435420
5405300515
5405333052
5405532513
5405125025
5405315443
5405453144
5405252155
5405224542
5405511122
5405352221
5405414215
5405425551
5405555305
5405113500
5405134331
5405442312
5405243435
5405504454
5405401001
5405003111
5405005232
5405215041
5405321314
5405212034
5405010350
5405102140
5405045524
5405022401
5405230204
5405203323
5405540041
5405141253
5405031445
5405054013
5405420133
5405251530
5405150412
2111344100
2111523210
2111435420
2111300515
2111333052
2111532513
2111125025
2111315443
2111453144
2111252155
2111224542
2111511122
2111352221
2111414215
2111425551
2111555305
2111113500
2111134331
2111442312
2111243435
2111504454
2111401001
2111003111
2111005232
2111215041
2111321314
1441035103
2111212034
2111010350
2111102140
2111045524
2111022401
2111230204
2111203323
2111540041
2111141253
2111031445
2111054013
2111420133
2111251530
2111150412
5335344100
5335523210
5335435420
5335300515
5335333052
5335532513
5335125025
5335315443
5335453144
5335252155
5335224542
5335511122
5335352221
5335414215
5335425551
5335555305
5335113501
5335134331
5335442312
5335243435
5335504454
5335401001
5335003111
5335005232
5335321314
4124115114
5335212034
5335010350
5335102140
5335045524
5335022401
5335230204
5335203323
5335540041
5335141253
5335031445
5335054013
5335420133
5335251530
5335150412
3422344100
3422523210
3422435420
3422300515
3422333052
3422532513
3422125025
3422315443
3422453144
3422252155
3422224542
3422511122
3422352221
3422414215
3422425551
3422555305
3422113501
3422134331
3422442312
3422243435
3422504454
3422401001
3422005232
3422245010
3422321314
3134035153
3422112034
3422010350
3422102140
3422045524
3422022401
3422230204
3422203323
3422540041
3422141253
3422031145
3422054013
3422420133
3422251530
3422150412
0532344100
0532523210
0532435420
0532300515
0532333052
0532532513
0532125025
0532315443
0532453144
0532252155
0532224542
0532511122
0532352221
5502135104
0532425551
0532555305
0532113500
0532134331
0532442312
0532243435
0532504454
0532401001
0532003111
0532005232
0532215041
0532321314
0532212034
0532010350
0532102140
0532045524
0532022401
0532230204
0532203323
0532540041
0532141253
0532031445
0532054013
0532420133
0532251530
0532150412
0244344100
0244523210
0244435420
0244300515
0244333052
0244532513
0244125025
0244315443
0244453144
0244252155
0244224542
0244511122
0244352221
0244414215
0244425551
0244555305
0244113501
0244134331
0244442312
0244243435
0244504454
0244401001
4244033414
0244005232
0244211411
0244321314
0244212034
0244010350
0244102140
0244045524
0244022401
0244230204
0244203323
0244540041
0244141253
0244031145
0244054013
0244420133
0244251530
0244150412
3515344100
3515523210
3515435420
3515300515
3515333052
3515532513
3515125025
3515315443
3515453144
3515252155
3515224542
3515511122
3515352221
3515414215
3515425551
3515555305
3515113503
3515134331
3515442312
3515243435
3515504454
3515401001
3515003111
3515005232
3515215041
3515321314
4125235112
3515212034
3515010350
3515102140
3515045524
3515022401
3515230204
3515203323
3515540041
3515141253
3515031445
3515054013
3515420133
3515251530
3515150412
2020344100
2020523210
2020435420
2020300515
2020333052
2020532513
2020125025
2020315443
2020453144
2020252155
2020224542
2020511122
2020352221
2020414215
2020425551
2020555305
2020113505
2020134331
2020442312
2020243435
2020504454
2020401001
2020003111
2020005232
2020215041
2020321314
2020212034
2020010350
2020102140
2020045524
2020022401
2020230204
2020203323
2020540041
2020141253
2020031445
2020054013
2020420133
2020251530
2020150412
