4534520103
2113131424
0421133255
5251444242
4205514453
2521334201
3020154455
3411141114
4015250154
3125451232
0501522301
0350552323
0502505035
3301223443
5403314034
1331412100
1033200000
4131404440
3335244534
3451513203
1314523314
2035524020
3424540004
3325315205
1534235205
5240203544
3514033013
3145114002
0422520343
0020345544
4145530135
0332331033
0343040240
2420524532
3401031452
1221423052
5000023424
0435550400
0545021142
3452150013
4450331232
5543421451
2122301402
5525103004
3144545423
0324401512
4443125121
3200354114
0101450025
4521040234
2431112325
1333102531
5432211530
2400145450
3355430221
3444252510
5515044022
3010513330
3105150344
3343251041
2453041515
0223222013
2235031231
3312422023
0213304143
3333335111
0024020150
3110201213
5203305212
1323545400
4234545341
5555254351
1224103333
1135442335
0322244251
5155544300
1032430555
1432003051
0330435252
4404225233
3040441321
1125024514
0001343112
5051330352
0110402421
4102132020
5050155020
0553433124
1003254402
1135223240
5331054115
0450324403
4330024351
1212233453
0344335534
5550242135
3000210523
1231555122
0414455153
1002320201
0234044030
1311551445
4230012405
2254230411
4144200251
1244145015
3500403502
1013540121
3014335500
1154345330
3113355324
1410444505
4231232551
4514304014
5502035353
0043525215
0052034222
1255221522
0311002312
0515110540
2120443353
5454015414
1041241540
3152014343
2002255043
4143352523
2041340405
4412040553
3523100123
2424412250
1034251133
4104001434
1543014212
2551510035
2042114153
1025311141
2020214311
2535155501
4043015530
4204153552
0202401341
2315235145
5342021205
3204524335
5121520202
0031322144
2223053450
0202232204
4051543451
1015045434
2225433543
5322125454
0240330513
2153010154
0534353453
1242552350
4154214535
0135513533
4353111255
5345310110
4524551050
5400502053
0515342203
4435202202
2210303435
5504453315
3052341103
1512212144
1540335050
3150223350
4321201300
4434321055
3311240055
2053150532
5022010042
4002141315
2501113514
4513501241
4225240440
0303215020
3532243215
2004142232
3141323331
0253000005
4245501012
3242413401
2552120425
1345343042
5252500523
4311013021
2252312040
5233311303
5340231153
0441223004
3250132534
5030051012
4443403335
1150353245
2154055002
5130105415
4040150203
4255223144
1243202125
5513143430
0044142340
5054423253
1141045304
1505553025
2101021011
3005413155
1114420435
2242204031
4304332403
5432144301
2152455544
2233500314
5113214201
3440233425
2155443014
1455110234
4502245424
0521250552
4301354531
3212025311
2412554141
0414100022
4254532225
5411412543
0415244314
5333033442
2453352301
4410453224
2334133120
4025112352
3133103352
1103531513
3213541033
1240240232
2411050210
0321210133
3520113241
5305212432
1243120444
4510425031
2020402130
1550131301
1041354013
4300000112
2402310122
5123135041
5455101125
5445325553
5541432112
0533310052
1453215355
2215144255
0541351230
4001430414
4432121442
5005051240
3355501354
2320325320
2441003143
1422200414
5153340443
0152205312
0015201455
3224301224
1452242220
1414431040
4514134332
1353025332
2513023204
3533205540
5321440311
2553201333
1354402055
4153402214
2433342223
4351405123
2014400244
5413532315
2543454000
5301100030
1121100545
4102503101
4543141502
1051052521
0213253331
3513122555
4315320333
4023304525
2301445204
5210112012
1550450410
2015431303
0423511411
4130420520
4554452141
1211502234
1215030100
2453124240
3321432435
0551504424
0443434541
0100151100
4535025225
5143024133
1331534054
5122111223
3321041523
1033301454
2124242345
0132152134
2530101222
4201204215
4231050043
5304142144
4033551504
0004412510
1045332224
2324553231
4544303122
4233041124
0511511322
3015004541
3111035244
3031224252
0300104554
3342050434
5104231322
1353113412
0131110211
2012032054
0510052514
3413210442
5231015254
0323123102
0243445354
4323230515
2301514340
3254053304
2145522452
3524042451
3451420145
1553542342
0022055401
4440442453
2355532510
5215155443
0534424214
5034043505
2204241150
2530330345
1441104432
3214311135
1531121010
2322000355
5301525525
5012133211
2333220430
3202335445
5401045131
2540504115
1405122005
3210205101
3532332522
0355441131
3512224400
4424030321
2313314550
3243032253
4455211043
4333444012
4240031340
0441515150
5404004520
2220411024
0535234123
1123154320
1001403220
0142533410
5112345155
3520535312
5420351354
2200523210
1410521123
5024121531
0003424323
1342005513
1030414243
4112555230
0320541015
5244254223
3020022303
1112101152
3412433132
2243513132
1424005242
5212553005
0505325410
4105013310
4214310202
5114124050
1352304321
3052402442
1524340125
2343530023
0334211344
5425553112
1043512001
0104515442
1405300350
5102052235
3201342021
1525214030
2124310013
3335145043
4032213323
4105321545
5001534233
3314554522
4202024002
3551134150
4024455334
3442304255
0242110335
0145102113
2402420431
4530053130
0540215303
1142411115
3440425200
3032514414
3055334035
3025405010
4125143521
5334510551
0542043531
2521015445
3530550254
2535040413
5100434145
5524322540
5414241403
5302450103
5253235230
2253425503
0415351521
0212440412
5152521034
3120244122
1334150302
2313252252
3335002420
5503115105
3502440040
5254102400
0230554545
4302413242
5505420534
3322303140
3025320422
3022525135
1504444152
1100233034
1200015551
0430225511
5214415320
2412103500
2135304151
1220034123
0251021353
2440541244
0354524041
2101202503
5123442552
0451302535
3555415433
1235334412
2514505553
2355004203
1302334110
4344014104
1204134241
0004433001
2425052033
3522411554
5540314524
1454135523
1300312315
0340414430
1345455151
3531211421
4043233052
1404513545
4221135104
3430005334
4120253001
4532431200
3551300212
4545222314
4033355242
4012522112
5030332431
5441150524
2425215524
4310130441
5023552444
3031503045
2444101311
4245354305
5251353130
1522021433
3340302004
3423034105
4511252433
3103040501
4422355025
0345012555
4111155513
5415230031
0211543520
3400012140
3101452313
1222323511
0352145505
5120032210
5035425102
3153554431
4250144054
2244022524
5125502331
5421303421
2040123342
4453501152
5532454432
2431430002
1344511420
0255014111
0110041335
4350515211
2050535404
2241451555
2011205422
