4534520113
2111131424
0421133215
5252444242
4205514453
2521434201
3120152455
3001131114
4015251254
3104451232
2501512301
0350052322
0502505035
2301223443
5403314030
3331412100
1030200000
4131404450
3245245534
1051513203
1034123512
2042524020
3424540004
3305510203
5044203544
0550033443
3145114002
1422525343
0020342544
4143535105
0032331033
0303040240
2420524532
3401031432
1221421052
2141043453
0405550444
0545021142
3143125303
4450331432
5243421411
2122301402
5325303504
3144545423
0314401552
4443120151
1220354114
0101450025
4521240234
2431115325
2103203221
1432011510
2400145451
3205420521
3444252510
5515044022
4010523330
3340251041
3453344513
5223222013
0235031231
3312222033
0211304143
2134345511
0024020150
3310205213
5203305512
4521345400
4535545341
5555254351
3224103333
5035442335
0322544251
5155540100
5532430555
1432003051
0430400252
0404325253
3040441321
3125034544
0051343112
5011330352
5110401221
4332232040
5050155020
2553431424
0003254402
1135223240
3331355415
5344324404
4330024351
1015233452
0311532234
5550243055
3000210523
2231005122
4453055143
2202320201
0234044030
1311551445
4230012405
5254230411
4144230252
1244115035
3500303502
5013540121
3014535500
4154345330
3511355324
1410444505
4211222555
4512304014
5502035333
0043525215
0052034222
1255221522
0514002115
0235110545
2525443353
5434015414
1041241540
3201014014
2002255042
4143352043
2041215405
4412040553
3523100023
5434314250
1034251133
4104001434
1523014234
3551410031
2042114153
1024311141
2023212111
0535125001
4043015530
0204151552
0212401343
0315235245
5342021205
3404524335
5031322141
2223054450
0202232004
4055340451
1035345433
4225433514
1312145050
0240330514
2150310154
0034453453
1222552350
4154214525
0135513523
3313111255
5345310120
4524551050
5400502053
0511342203
4435031202
2210303435
1544453313
3053341103
1512212144
4540335050
2100220355
4321201300
2434321055
3311540105
2053150532
5022000345
4402141315
5511133042
4213505241
4225244440
5323215024
3532243215
2004342232
3141323331
0153000005
4245502012
1242410401
4552154425
2345343042
2522250541
1555123024
2252312030
5233311301
5310231153
0441223004
3252122534
5030051012
4443403335
1150353205
2114055002
5130105234
4050150203
4225522144
1443252125
5513243430
0544130320
5054123253
1141042304
1503553421
2101521011
3005013155
1113220415
2142204033
4314132403
5132144301
1152455544
2033500314
2415234211
4440233343
2105443014
1415110234
5202225424
0521255552
4301354531
0212125311
2422154145
0014100022
4454532225
5411413545
0415244314
5333503442
2340332311
4410453424
2334153120
4005112352
3131203052
1103531513
3213541031
1240240232
2411050210
0221410333
3520113241
5401215132
1043120044
4510425031
2020102130
1550131341
2042304510
4300040112
1302320122
0123235041
5235101125
5445021553
5541432224
0503313054
1453535352
2225144255
0541301230
2023435415
4432121442
5305351240
3355501354
2320325324
3422000413
5150330443
0155205312
0555201454
3224301225
1452242220
3454431040
4511134332
1354025032
1013023204
3553505540
5321440311
2553231335
1353402055
4153322214
3433343223
4351405123
2014400244
3413452112
2533454030
5301100030
1121100545
4102503101
4543141502
3125032121
0213253331
3533122452
4315321330
1025304125
2203435404
5210112012
1550450410
2015431303
0423511423
4230420520
4554452141
1143504134
1215030100
2553122240
1121432435
0051024421
3443434541
0100141100
4515025525
0122024231
1431435004
5122111223
3321041523
1003301454
0124442345
0432332444
4241254215
2251554443
5304142144
4031151504
0002412510
1545305222
2324553231
4433041124
3112512322
3015004441
2201025541
3031224252
0300154554
3342050434
5203033222
4353113414
0131115211
2010032054
1500002514
3411210342
5231553154
0323123102
0243445354
4323210535
2311414340
3254053304
5441542455
3524012451
3451420145
1533542342
0025055401
4040142413
2355532500
5215155443
0434422224
2034041525
2204201150
2333333345
1341134432
3532350133
1551001011
2545010305
5341520522
5042133211
1531532130
3202343445
5441045131
5540504115
1405102205
3250205101
3104252342
0353441131
3510521400
4424030321
1313313550
3223032253
4455211043
4333444012
4240031340
0415015150
5404204520
2200411022
5530234521
1123154320
1001403220
0142533450
5112345155
3230535302
0420500504
3100523210
1110523123
5325121530
4503424323
4342503551
1130414243
4112555230
0320543025
2245252224
5022052303
2352045502
3112433132
2244513132
1444005242
5212553005
0505320410
5155013310
2514311212
5114124050
1352304321
3052402444
1314244213
2342530023
0334211304
1425553112
1044512001
0120515442
1105350351
5105052535
3201342021
1425224005
4124310013
3330145043
4032253320
4544302545
5021534253
0213054523
4254424302
3251134150
1004555311
3442304350
1202133534
0145152113
2405422431
2552023133
0042215313
2140421115
3442455200
3032514414
3055330035
3025405010
4115143551
2334100441
2442013521
3530550251
2535140413
5000434105
1524322540
5524200402
5504450503
5253215200
2230405503
0415351521
0252440112
5452551334
3120244122
1300050303
2312152512
3333002420
4504135124
4101010045
5454102400
0230554545
4302413242
5534220534
5422333100
4023350422
4022225135
1504444153
4135230132
1110011501
0450223511
5214413320
2413103300
2135334120
1234033025
0251021353
2450541244
0354534041
2131202503
5123422552
0451302535
3355415434
1212541412
2554505554
2355004213
1303034110
4414314104
1202104254
4004443001
2425152033
3522411554
5053512531
3352135553
1500315315
0340414430
1345455151
1331212421
