4534220123
4541531424
0420131215
5044044242
3114514050
2011434251
5510150435
0335114115
4015231254
2102451232
2501505351
0350153322
1520505032
1301223243
5402110032
5231152204
2415344001
5050513145
3445545534
3021203223
2334023552
0242524020
5424400044
3405510205
5055203344
0454333303
3140115002
2111504234
0020342554
4251543102
0032321033
0323040233
5421023532
2442531102
1223411052
2151043453
0405551444
2545423442
1453440351
1343331431
2245333020
2522304402
5310303504
3144545422
0314401512
4443120151
1220354114
0101400025
4301240234
2431113325
1503201411
1432014510
2410045023
5205420041
3144252510
5513000122
2054020135
3343441343
3453304253
5023222013
0235031231
3310212333
3123303242
1131444511
0344330004
1310335014
5205305522
4444343400
4131533340
3555254355
0224103233
5035442335
0322544251
0553525113
4502330552
0152201051
1430400252
5000225244
0030055345
1405034445
1002134222
5012330353
5110401221
4222333211
1055155320
4534350020
0003254403
3135253252
2331355415
5544124334
4030024051
5025033422
3311432232
5230213055
3000510523
2201005142
1353054043
4202010225
2234154154
1131051545
0100512002
5224534451
5134202350
1254112035
4550542301
3040343401
3034232504
3354305330
3341120015
3440341025
1211123555
5035534044
3535034303
0043511255
1032231032
1253531524
0514244535
1525314545
4524151544
1401021322
5011541500
3201004014
2001555022
4143550043
0142235503
4153253553
0054450140
5104011304
0233125101
4124002434
4400124104
3501115155
2542514443
1024341143
2323215111
5034500101
4043035530
0005052554
4450100020
0315235225
5352011405
3304525445
2432321341
2223054410
0502232104
4255444421
1035315453
4031433511
5551045054
4240410514
2153410154
3024453453
5220555350
2013214522
0535501423
2134340205
4540314230
0540051053
3150142543
1511302205
2400435505
2500330134
1244453315
3003321302
1512211144
3521433314
2140240325
4322201300
2524402045
5044412103
4052450112
1022010331
0502145341
5542133142
4413505541
4225244110
4423315224
3530253214
4114342132
1141323333
0250040202
4205502012
1241250404
4352124325
2221341510
0400412141
1555123024
4252313534
5543213301
3510231150
0441042415
4042324544
5330151012
4433303435
4010453343
4235555535
5530005234
1050251401
3225522140
5443254125
5322240434
0554130450
1141042344
1504153421
2121521001
3005013151
1113230415
2440204033
4314142403
2115550343
5152404505
2033300313
2415233411
0521550132
2105443014
3315114201
2202325424
3521255542
4301454501
2054125311
0422043145
0001105044
4454532225
4021314002
0111544314
5335523424
3122132312
0110413452
2304411120
4044111355
2151203002
3121111530
3243240031
1240223220
2411050210
0221410403
2520110241
3303502134
0013120242
4510422031
2020102130
3442453220
4040104521
4320030142
1351352153
0123235024
5211101343
5245421553
5350432115
0503313030
0451325052
2225540354
0545403230
3213445415
2232141412
5305351240
1355101552
2312012525
3222100513
5100334443
0103020501
0255202425
3244301125
1452245220
3434431011
3231034323
3552121532
1042023204
3513003541
5321444322
2551231345
1133032135
4153322214
5435242203
4351405123
2414320434
3413052102
2533441000
5001130050
1225100041
3102350253
2543145505
3125051121
0213343335
4520225452
4315320314
1015404034
5333435544
0214310440
1050240012
1415531330
4330511203
1230322520
4311252141
1140504153
1215030100
2042142245
1422432443
0351314421
2313125533
1000143100
4525025200
0112024131
1323135404
5122121224
3014025321
5552324110
0122445315
0432132054
3541104211
0135213541
5303145140
0031552300
0103534512
1045350212
2324553231
4033041124
3212522122
3215143444
5531325055
5341212420
4335304155
3342053434
5253233232
4353113410
1133315251
2250002350
3414154523
3451210340
0231353050
0221322005
1523540250
1332410505
5304424454
3213155054
0411201455
3520012424
3451430144
1534542342
0025115401
0240534445
2355522500
5211015033
0530444224
4105142520
4244205154
2303033355
4031144432
4132512401
5551551211
4545010035
5341520522
5042535211
1031500530
3202243551
5524043111
5143101415
3445102302
3254405101
2104135243
0353441130
0011221450
4442015311
1111144140
4204252042
4455211043
0434255332
3030001240
0410305110
0404202520
2550232521
1123154340
1004422230
1102503450
5142342255
3520524003
3403523210
0043523123
3120431550
4503404323
2304240332
3100234430
4422554230
1323543025
2343252224
5204051003
0512055450
3132433134
2043512334
1440000540
3012553005
5414525312
5155013010
2514311212
5513434000
1152300321
3052402442
1454211253
2342530013
0335221304
1425513151
0534002211
1150525431
5545302321
5153552452
3501342021
1405224005
4124214013
3332345043
4002205315
1314015250
5024531515
2412153103
4254424302
0151134203
0054011114
2430122354
1443132021
0105122213
2405411430
2552022443
0342015042
2140421115
1142455201
3434514414
3055335435
3325425010
4115143102
2332200441
2244413541
3330550151
0532500304
1120424535
0533312543
5421425401
5505450513
2233205200
1230455433
0115351521
4251415243
5402151335
3354244204
1324005503
2212254142
3133420420
4304135115
4200231331
5101301154
3233024245
5345143053
5114223040
5431031113
4023350405
2022225135
1204544133
5135215132
1411413504
0450223511
5212412320
2413004352
2125330123
1134035022
4450021413
2250541244
0354534041
3435040550
4223132353
4110053405
1552415522
1512542513
2504504554
2345004213
1300042410
2150355104
4443342552
4002043023
2425152031
4522421055
5053352531
5454140551
1200314312
0345434350
1045455152
1341212111
