4014513040
4354002443
3135400145
1334501524
0351234001
2544411304
5534405154
0455211145
2111544153
1122234214
5451144423
3340434030
3034554023
3553422130
1531025012
3300235412
0531150111
1311030315
4342541254
4540250352
3503433223
3043531511
5124412343
2535032450
3442344532
3253510410
2412133440
1141143001
0224225333
1214251445
0415450242
4050544131
2421011403
1234003202
5404320255
5005024551
3441302450
1005130240
4105452550
5002051400
2124533322
4313131243
3520445252
0430055420
0003301225
5404213442
1440445325
3532553305
4132455113
2512434201
0500241335
3413155312
4105003233
4110220402
4400303111
1401230033
0020313553
3341152225
0105114331
3322232341
4255512532
4454405030
3052301503
0543545401
2030133502
0005443201
4420454001
0050124243
0223251102
2055220304
3455523443
3255102224
1343313242
3040115520
0332153054
0312525143
2323231050
5545401441
5250021040
4441414133
1453443114
2342403121
5342324315
0113134554
5140240213
2403352444
0011343310
1023101314
4524030234
2543302312
3405510104
3100322325
3513335105
2551443503
1350114454
2044552551
0353452525
1310243055
2113421532
4053334452
5322102032
5323150501
1424532102
5215025102
5232404235
0430212051
3121005524
5514522242
4521240000
5022043225
2320522230
3103253000
2221405410
0501115203
0214124000
4121502335
4315004302
3025322514
1435354014
5131335433
5351353230
1345202434
4201351015
2551100034
1330550002
5501533155
2252222123
0144402005
3543212503
1203513334
5321220445
1420000343
0202554350
3132010421
5333255344
4525135021
0315001044
2130105244
1100035100
5511444025
3454045354
2402055051
3301522501
4033232305
1125551452
2554245142
5330110140
3550055535
2212023014
1433325231
0525352220
4245123255
5440051253
5454050522
2405504345
1044344220
5452243331
2520043431
5200501301
1055432151
1431451100
5023503051
5111201205
1050302330
4241501122
2010214534
4512501013
4025550203
4401241241
1012512231
2152503515
1135253221
5115541521
0235101515
0225433444
0154311214
3510303442
1133034041
0131014250
3141021113
3125242042
3051210055
0043520353
0410424115
3225315425
4331231514
3204031053
4323014120
4235245234
0543053143
1324444413
0031200232
2441035553
2202410531
1325142125
4203223513
1524021541
5253131120
2420334354
4304315523
0242300240
2552040210
3431224334
4555013054
2043140135
0034134435
4251255403
0414520421
0521341144
2245432022
3414141031
5554125510
2520420124
5034300313
3420453032
3020150044
4252345150
4321403204
5254204111
1032220410
5021304540
1252450020
5443204300
3531412414
2125110005
3541120350
1011102045
2455530011
4142322030
0152225052
1114345044
3304454144
2144055340
0431552343
2213450453
0210331323
3323551034
0123315300
0302111542
1254140504
5304331110
4353413431
4231315341
5512202420
3103401454
2021122422
4041045444
2402421213
5045553120
0533004324
2035141353
4102553424
5325540310
1344100053
0331333122
2032000554
4223440321
1105312112
5431540054
4130522541
5011010233
3140042234
5030034114
2041203013
4355321002
0352130330
4301534440
0412142503
4202020345
2311115011
1330321153
4102100152
3320200131
5253005434
1312022550
3410502123
0411101352
4235421420
0451123535
0313140022
4010235153
1104531235
4354233225
1233112253
5523342453
4400410220
4103211322
1110141210
1225302001
3231544242
1203232421
5152150245
0404304403
5055215222
1041211320
0445325344
4211435535
2524154133
2142221444
0443111010
0245244053
4253022201
3530204213
0212532412
0504233504
1143330525
3353244540
2325223112
1130313405
0321355451
0500405521
1442455204
3235033131
1534244301
2320401545
1203124142
4053441045
0534442532
5545355003
2434432245
1315254103
2230350225
2202542005
0300102104
2255034505
1450012215
4035152142
3500344004
0033243423
5531511332
5012444442
5034413521
0234322454
1235055355
1254421312
2251424254
3550414341
4051003321
0025121130
1105424023
1341024422
5530524400
2001555112
0324052312
5543410052
0212203551
0115415124
0455135402
5453252013
0113022445
3005244115
1452001132
5233311004
0101540415
0102321101
2055351241
4543424544
2341320100
0141551504
0041225125
3315423300
2545450515
5114430131
2014323203
2104102411
0245011221
0410533034
1243205215
1355420235
5244441550
3254323021
4303442212
3444525015
5021052131
2012150321
3143354151
0104020530
4012253212
1355333513
5051142555
3041430302
0335310033
5101354302
4525204455
1354153341
5203525220
4314242130
0405205250
3401013510
3242230154
0144510142
4505042123
4340512025
4534343352
5022115104
0230040103
4232044511
4323524414
0114252253
4500431142
0334431351
0002133113
1301145332
0354504252
1152105323
1240030432
3225451533
1103555543
3411243102
3000511433
0152441433
3533133551
5220111412
1220244522
2132442320
2222012242
0303035035
2213303130
3332045000
0542423450
3513540344
0240122311
4210051134
4414452324
3504112022
2345514213
3521134512
4452121451
5255330342
1425415511
4240104503
5032535045
1204402133
0440230205
3331101401
2500532513
5313003523
0040002542
5011151224
4212314224
0341440541
3042025331
2114214021
5335345552
1402154525
1224014035
2053015313
3202143230
0421514022
0153200120
5133420203
0450541512
5040123434
4415210313
1532122344
2335454432
1512310502
4104125304
1453524050
1201343443
5410305504
5532130523
3321113323
5150233450
0355045111
2154451155
5510320011
4441120042
2150053023
5300033241
1003042054
5533223035
2103054215
0433403540
3454221200
1552032003
0122354043
3545105132
0120430012
2004330024
3444004241
4542000105
2101131520
0342255510
4044432410
2421242515
1013414355
1512031354
2332011115
0244153422
2531502221
4215100431
2005345430
5224145241
1424123224
5443321422
4220033310
2214230510
1500500254
3412054413
5420510535
5502452311
1210413121
5521213211
5240452145
2101413044
0051455334
2414315335
2003404002
0051512100
5205200025
3112305211
0010451050
5541232044
3554440425
2224520052
0402032224
2313341301
3022424153
3302320434
4111032052
5234152330
3232213043
3054103150
4314554515
2331304055
5211142114
0422040452
1502214130
3455334120
2453553202
1111523530
5445032335
2241534331
1515504530
2115302543
4030305022
4432102210
4120143143
5342533403
0122535531
5013221141
0250400355
0523534245
5225212150
4544301535
0524143015
4133340440
2052313032
1504455402
4151320553
2351521325
5044251032
5515113345
5114014404
0014205414
0535523214
5301202353
3535311540
2233125405
2522325555
4153515255
3410030551
2132331152
5335122413
4154134013
0550023302
1120423351
4344113114
0020542324
3031053452
1442215453
3511255240
1000251511
3154352432
1251535144
4403043405
4450253544
