4534520103
2113131424
0421133255
5251444242
4205514453
2521334201
3020154455
3411141114
4015250154
3125451232
0501522301
0350552323
0502505035
3301223443
5403314034
1331412100
1030200000
4131404440
3335244534
3451513203
1314523314
2035524020
3424540004
3325315205
5534235405
5240203544
3514033013
3145114002
0422520343
0020335544
4145530135
0332331033
0343040240
2420524532
3401031452
1221423052
5000023424
0435550400
0545021142
3452150013
4450331232
5543421451
2122301402
5525103004
3144545423
0324401512
4443125121
3200354114
0101450025
4521040234
2431112325
1333102531
5432211530
2400145450
3355430221
3444252510
5515044022
3010513330
3105150344
3343251041
2453041515
0223222013
2235031231
3312422023
0213304143
3333335111
0024020150
3110201213
5203305512
1323545400
4234545341
5555254351
1224103333
1135442335
0322244251
5155544100
1032430555
1432003051
0330435252
4404225233
3040441321
1125024514
0001343112
5011330352
0110402421
4102132020
5050155020
1553433124
1003254402
1135223240
5331054115
0450324403
4330024351
1212233453
0344535534
5550242135
3000210523
1231555122
0414455113
1002320201
0234044030
1311551445
4230012405
2254230411
0144200251
1244145015
3550403502
5013520121
3014335500
1154345330
3513355324
1410444505
4231232551
4512303014
5502035353
0043525215
0052034222
1255221522
0311002342
0515110540
2320443353
5454015414
1041241540
3152014343
2002255043
4143352553
2041340405
4412040553
3523100123
2424412250
1034251133
4104001434
1503014212
2551510031
2042114153
1025311141
2020214311
2535155501
4033015530
4204153552
0202401341
2315235145
5342021205
3204524335
5121520202
2031322144
2223053450
0202232204
4051543451
1015045434
3225433543
5322325454
0240330513
2153010154
0534353443
1242552350
4154214535
0135513533
4333151255
5345310110
4524551050
5400502053
0515342203
4435202202
2210303435
5504453315
3052341100
1512212144
1540335050
3150220350
4321201300
2434321055
3311240055
2053150532
5022010042
4002141315
2501113514
4513501241
4225240440
0303215020
3532243215
2004042232
3141323331
0253000005
4245501012
3242413401
2552120425
1345343042
5252500523
4311013021
2252312040
5231311303
5340231153
0441223004
3250132534
3030051012
4443403335
1150353205
2114055002
5130105415
4040150203
4255523144
1243202125
5513143430
0544142320
5054423253
1141042304
1505543021
2101021011
3005413155
1114420435
2242204031
4304332403
5432144301
1152455544
2233500314
5113214201
3440233425
2115443014
1455110234
4502244424
0521255552
4301354531
3212025311
2112532141
0414100022
4254532225
5411412543
0415344310
5333033442
2453352301
4410453224
2334133120
4025112352
3133103352
1103531513
3213541033
1240240232
2411050210
0321110133
3520113241
5305212432
1243120444
4510425031
2020102130
1550131301
1041354013
4300000112
2402310122
5123135041
5455101125
5445325553
5541432112
0133310052
1453215355
2215144255
0541351230
4001430414
4434121442
5005051240
3355501354
2320325320
2441003143
1422200414
5153340443
0152205312
0555241455
3224301224
1452242220
1414431040
4514134332
1353025532
2513023204
3533205540
5321440311
2553201333
1354402055
4153402214
2433343223
4351405123
2014400244
5413532315
2543454000
5301100030
1121100545
4102503101
4543141502
1051052521
0213253331
3513122555
4315320333
2023304525
2305445204
5210112012
1550450410
2015431303
0423511411
4230420520
4554452141
1211502234
1215010100
2453124240
3321432435
0551504424
0443434541
0100151100
4535025225
5143004133
1331534054
5122111223
3321041523
1033301454
2124242345
0432152134
2530101222
4201204215
4231050043
5304142144
4031551504
0012412510
1045332224
2324553231
4544303122
4233341124
0012511322
3015004541
3111035244
3031224252
0300104554
3342050434
5104231322
1353113413
0131110211
2012032054
0510052514
3413210442
5231113254
0323123102
0243445354
4323230515
2301514340
3254053304
2145522452
3524042451
3451420145
1553542342
0022055401
4440442413
2355532510
5215155443
0534424214
5034043505
2204201150
2530330345
1441104432
3514311135
1533121010
2322000355
5301525525
5012133211
2333220430
3202335445
5401045131
2540504115
1405122005
3250205101
3132332522
0053441131
3512224400
4424030321
1313314550
3243032253
4455211043
4333444002
4240031340
0441515150
5404004520
2200411024
0535234123
1123154320
1001403220
0142533410
5112345155
3020535312
5420351354
2203523210
1410521123
5024121531
0003424323
1342005513
1030414243
4112555230
0320543015
5244254223
3020022303
1312101152
3412433132
2243513132
1424005242
5212553005
0505325410
4105013310
4214310202
5114124050
1352304321
3052402442
1324340125
2343530023
0354211344
5425553112
1043512001
0100515442
1405300350
5102052535
3201342021
1525214030
2124310013
3030145043
4032203323
4105321545
5001534233
3314554522
4202024002
3551134150
4024455334
3442304255
0242110335
0145102113
2402422431
4530053130
0540215303
1142411115
3440425200
3032515414
3055334035
3025405010
4125143521
5334510551
0542043531
2521015445
1530550254
2535040413
5100434145
1524322540
5414241403
5302450103
5253235230
2253425503
0415351521
0212441412
5152521034
2120244122
1334150302
2313252252
0335002420
5503115105
3502440040
5254102400
0230554545
4302413242
5505420534
3322303140
3025320422
3022225135
1504444152
1100233034
1200015551
0430225511
5214415320
2412103500
2135304151
1220034123
0251021353
2140541244
0354524041
2101202503
5123442252
0451302535
3555415433
1235334412
2524505553
2355004203
1302234110
4344014104
1204134241
0004433001
2425052033
3522411554
5540314521
1454135523
1300312315
0340414430
1345455151
3531211421
4043233052
1404513545
4221135104
3430005334
4120252001
4532431300
3551300212
4545222314
4033355242
4012522112
5030332431
5441150524
2425215524
4310130441
5023552444
3031503045
2444101311
4245354305
5251353133
1522021433
3340302004
3423034105
4511252433
3103040501
4422355025
0345012555
4111125513
5415230031
0211543520
3400012140
3131452313
1222353511
0352145505
5120032210
5035425302
3153554431
4250244054
2244022524
5125502331
5421303421
2040123342
4454504152
5532454432
2431430002
1344511220
0255014111
0110041335
4350515211
2050535404
2241451555
2111205422
2411424354
2525345132
4355351430
1545400205
5003200345
5021414124
3254111051
4541124045
1024213204
0353320524
3234400453
