0330021404
1441132515
2552243020
3003354131
4114405242
5225510353
0012405125
1123510230
2234021341
3345132452
4450243503
5501354014
0122544103
1233055214
2344100325
3455211430
4500322541
5011433052
0551444500
1002555011
2113000122
3224111233
4335222344
5440333455
0331254322
2442305433
2553410544
3004521055
4115032100
5220143211
0314403414
1425514525
2530025030
3041130141
4152241252
5203352303
0104511412
1215022523
2320133034
3431244145
4542355250
5053400301
0122033010
1233144121
2344255232
3455300343
4500411454
5011522505
0010211335
1121322440
2232433551
3343544002
4454055113
5505100224
0134124550
1245235001
2350340112
3401451223
4512502334
5023013445
0050254450
1101305501
2212410012
3323521123
4434032234
5545143345
0332443233
1443554344
2554005455
3005110500
4110221011
5221332122
0024340313
1135451424
2240502535
3351013040
4402124151
5513235202
0251154144
1302205255
2413310300
3524421411
4035532522
5140043033
0531542025
1042053130
2153104241
3204215352
4315320403
5420431514
0324411300
1435522411
2540033522
3051144033
4102255144
5213300255
0353422140
1404533251
2515044302
3020155413
4131200524
5242311035
0124252051
1235303102
2340414213
3451525324
4502030435
5013141540
0030432343
1141543454
2252054505
3303105010
4414210121
5525321232
0543051231
1054102342
2105213453
3210324504
4321435015
5432540120
0503503311
1014014422
2125125533
3230230044
4341341155
5452452200
0200243422
1311354533
2422405044
3533510155
4044021200
5155132311
0243231314
1354342425
2405453530
3510504041
4021015152
5132120203
0012144252
1123255303
2234300414
3345411525
4450522030
5501033141
0413555101
1524000212
2035111323
3140222434
4251333545
5302444050
0555430451
1000541502
2111052013
3222103124
4333214235
5444325340
0450015241
1501120352
2012231403
3123342514
4234453025
5345504130
0245115255
1350220300
2401331411
3512442522
4023553033
5134004144
0423241532
1534352043
2045403154
3150514205
4201025310
5312130421
0303034413
1414145524
2525250035
3030101140
4141412251
5252523302
0211235150
1322340201
2433451312
3544502423
4055013534
5100124045
0141334234
1252445345
2303550450
3414001501
4525112012
5030223123
0255401013
1300512124
2411023235
3522134340
4033245451
5144350502
0005535405
1110040510
2221151021
3332202132
4443313243
5554424354
0104020153
1215131204
2320242315
3431353420
4542404531
5053515042
0150545314
1201050425
2312101530
3423212041
4534323152
5045434203
0102351225
1213402330
2324513441
3435024552
4540135003
5051240114
0455133220
1500244331
2011355442
3122400553
4233511004
5344022115
0504201105
1015312210
2120423321
3231534432
4342045543
5453150054
0004142004
1115253115
2220304220
3331415331
4442520442
5553031553
0100312030
1211423141
2322534252
3433045303
4544150414
5055201525
0340250003
1451301114
2502412225
3013523330
4124034441
5235145552
0414022042
1525133153
2030244204
3141355315
4252400420
5303511531
0520550524
1031001035
2142112140
3253223251
4304334302
5415445413
0023404032
1134515143
2245020254
3350131305
4401242410
5512353521
0443204401
1554315512
2005420023
3114531134
4221042245
5332153350
0354002203
1405113314
2510224425
3021335530
4132440041
5243551152
0043302553
1154413004
2205524115
3310035220
4421140331
5532251442
0332115024
1443220135
2554331240
3005442351
4110553402
5221004513
0315352154
1420403205
2531514310
3042025421
4153130532
5204241043
0111001340
1222112451
2333223502
3444334013
4555445124
5000550235
0013520014
1124031125
2235142230
3340253341
4451304452
5502415503
0134303335
1245414440
2350525551
3401030002
4512141113
5023252224
0334420521
1445531032
2550042143
3001153254
4112204305
5223315410
0242013323
1353124434
2404235545
3515340050
4020451101
5131502212
0413412455
1524523500
2035034011
3140145122
4251250233
5302301344
0314131053
1425242104
2530353215
3041404320
4152515431
5203020542
0515554253
1020005304
2131110415
3242221520
4353332031
5404443142
0103433524
1214544035
2325055140
3430100251
4541211302
5052322413
0421123403
1532234514
2043345025
3154440130
4205551241
5310012352
0243425432
1354530543
2405041054
3510152105
4021203210
5132314321
0315010532
1420121043
2531232154
3042343205
4153454310
5204505421
0513531420
1024042531
2135153042
3240204153
4351315204
5402420315
0504052510
1015103021
2120214132
3231325243
4342430354
5453541405
0502210240
1013321351
2124432402
3235543513
4340054024
5451105135
0050421222
1101532333
2212043444
3323154555
4434205000
5545310111
0455042335
1500153440
2011204551
3122315002
4233420113
5344531224
0341323011
1452434122
2503545233
3014050344
4125101455
5230212500
2110303543
3221414054
4332525105
5443030210
0140100400
1251211511
2302322022
3413433133
4524544244
5035055355
0105043201
1210154312
2321205423
3432310534
4543421045
5054532150
0232524040
1343035151
2454140202
3505251313
4010302424
5121413535
0423324215
1534435320
2045540431
3150051542
4201102053
5312213104
0234150301
1345201412
2450312523
3501423034
4012534145
5123045250
0000230511
1111341022
2222452133
3333503244
4444014355
5555125400
0054123515
1105234020
2210345131
3321450242
4432501353
5543012404
0035345544
1140450055
2251501100
3302012211
4413123322
5524234433
0040513544
1151024055
2202135100
3313240211
4424351322
5535402433
0521302304
1032413415
2143524520
3254035031
4305140142
5410251253
0325102541
1430213052
2541324103
3052435214
4103540325
5214051430
0215334324
1320445435
2431550540
3542001051
4053112102
5104223213
0021525341
1132030452
2243141503
3354252014
4405303125
5510414230
0553103432
1004214543
2115325054
3220430105
4331541210
5442052321
0152222121
1203333232
2314444343
3425555454
4530000505
5041111010
0125230342
1230341453
2341452504
3452503015
4503014120
5014125231
0400004534
1511115045
2022220150
3133331201
4244442312
5355553423
0220053152
1331104203
2442215314
3553320425
4004431530
5115542041
0234530215
1345041320
4450152431
3501203542
4012314053
5123425104
0432431005
1543542110
2054053221
3105104332
4210215443
5321320554
