3534101121
3034322334
1043331332
4124054024
5335032523
5452552253
4003104054
3523225015
2241001200
5023005552
1304520404
5450011335
3352355035
3155055314
0542031330
1030054501
1530410414
2020323214
1440121143
1151510445
4320010051
3152514551
3305252052
0433534041
3003050123
1413441430
5315105012
1511053132
4235251453
1225313303
2325431055
3150420133
2522443305
0552200545
2052204350
2453411202
1310523320
0412212312
5214231305
4205224131
5142332322
5222400115
2530255554
2100040030
4500114330
0031420112
5020135434
0501555150
4415202435
0253343454
1415001353
5133455332
4112235030
0555305101
1140345241
4213212201
1432413500
3344253101
1102203215
4523525301
2135244023
4514341011
3541152314
2531140251
3441310043
1425304125
0124141541
2111432353
3512145323
3502420451
1145233351
4231404104
0122044353
5113111255
3544304412
3141240205
4454302510
4032033255
4225233220
1150404400
2505503043
0351331153
5515410200
5001303431
4421510504
0221352552
3010314105
2202022024
2314232124
0305213425
3034230442
1001552235
2213233552
3454555122
2512214434
4314140505
1325225442
5314454423
0234112230
0313550352
5322220550
2405142340
2102325150
1242032401
0210454012
0543053213
1445135514
5200343510
1121320222
5353242151
5103124103
5424030314
4524324553
4344151050
5405234010
4025120023
1534425022
5211100223
4033140410
0130511124
2311300454
0422431442
0440303205
4541435542
1451132420
3333311440
1241214025
4103513021
5531203324
0254001423
1254433125
4213003310
2243150142
1303423202
2105411311
0132452404
5551535023
5111225121
4152521403
1133042005
1505101500
4355554324
4055543432
1254311052
5230141445
1530222100
0255522015
4322125202
1453044224
4542511245
4042321525
5301024544
1341445410
2000402134
0415353334
2333015221
4211132145
5140252515
3224541004
2331154130
4104133313
0033332515
3125402345
3505043354
1452251104
3301104201
0534543135
0420543022
3530500532
3150201322
1230555315
1515355543
1202040242
0413305020
5525123455
2424105224
2423045013
0002110000
3101531510
3054442403
3310341534
2041325403
0135320540
4453245544
1522541113
4340332413
2232325245
5545230125
2254150304
0105000414
0540524034
3232535103
2024112143
2223302411
3512502000
1031305044
3354200213
2445221032
0010033402
1021250155
2013551441
5112504242
2153525535
0353123043
5043440231
5203331044
0043242421
1002315355
2240510523
5544413343
4543504520
0140021252
5115003501
4524042430
3204120045
3435515054
5550050002
5523334335
1200514254
0204304140
0323005435
3251421221
4302351112
1200102013
0221511340
4202505334
5030524353
3440322551
5022111321
3320243453
0512015041
3042132033
2151453520
2450503451
2301235312
2434022402
3431441155
0203010531
2215530235
4522450040
1035242214
4015354210
0402350221
0445551400
3131024420
3411034503
2522522232
0000455203
2422450535
4033223002
1434200051
4133244112
0032025533
3155100050
3144105503
1212354151
2345011415
3531212541
1441140332
3200403442
2311413001
3013113424
2404420210
3135312112
3055133111
5410035240
5401311100
1354041140
4324504441
0151342335
4321021213
0454213150
3214010322
2334143014
5002213142
0441432131
3534534250
2330224411
4052052011
0440414453
1310302142
1401454313
2123252244
4113530543
1135034134
5544502154
4341200340
0343114114
0150412542
1135103422
4400551033
4451005055
2514333203
5213522434
1532530321
5135422051
2125532100
2445312424
5134553000
3535223233
5505314521
0544110552
3431255300
0334414302
4150023341
2103031422
1331501011
4303522140
3143323315
5503035111
2044300035
5232544524
1352323511
5240305133
5302041001
3434003544
5104340455
1343254533
1330431241
2004032550
2052415514
1251330534
2235304332
4104001105
2340105355
2255420444
4005205513
3234440511
3233002252
4524251202
0410052125
5120142202
4410110442
5341133535
1045554342
5452403034
5244455255
5004121232
3445153025
2340533242
3432331214
2152530012
3442054110
5351214232
2305540121
0241023445
0242441503
2510041342
3213121513
0350515210
3003411035
1322033044
0213425305
0210330341
4342442354
0553101234
5212242143
1450144555
3505332405
1555532552
0144215334
3001142522
5513345402
0351240024
2530404225
5122314410
3222151430
4310204003
0131205253
0230435420
4015445004
1402501541
2115250402
0011501505
3443400304
4503430224
1443512350
0235021301
5023103240
3225254505
4111555414
2054124001
1120113035
1012400443
5450223523
4500423115
5005400322
0253234313
2413220323
0045340313
3514051555
3543340150
0134125415
3120150151
3524310231
1244250510
3335044245
2500334052
3014204531
1410515131
5314322215
4013542325
0015231140
2115045155
3340012204
1210143104
1352412023
4420134211
5232053412
1510211223
3521130102
0102455025
1442405152
3052540144
3211045431
0215402524
2424351351
5453530130
0344535005
4531151425
3412343445
3525321144
4030301150
0024214215
5002434505
2010153053
5102112534
4404544302
0145134243
5233350503
4533010145
1511121054
1144023530
0030443344
4034155241
4240034122
4304345233
2313024050
0154430251
5021232001
5044044300
3240051041
3423112332
2314405540
5325013130
2414254045
0111123200
0201133051
2014503112
5010250330
4012424332
0414040233
0502322343
2352340200
0003521314
0100244504
4114313144
5530353141
5055441550
3110532221
5501012453
5444523221
2025245331
1313534415
1454425431
3411452242
2315122531
2041543554
5453304443
1044402220
5224325320
0245245050
3011430020
5201523302
4322403522
4425415243
0423100153
0320150245
0320321000
2351003333
4555121312
4324223335
0132301231
2150235443
3113154340
1420230405
0421203511
2545014103
4255015400
2250221155
4445500212
5510402311
0250253231
5540531501
3023343501
5025550511
3301415124
4101442441
3215514443
0034313023
5131011042
4515034451
2042555020
1430342323
1153221010
3315335350
4443451511
2420524540
3444241520
3040203010
3144443052
2023421120
4152143224
0121533433
4022302203
3222212154
5441231454
5411540015
1154154212
5545354030
0015513251
4120431304
1203125421
2551344114
3045020502
1104242133
1525452421
3240444335
3302524013
4431343030
0225115122
1521244240
4251313215
4550350420
3223404023
3242313532
2244222341
5304532331
4041141101
2523433410
5033001404
1324114520
3333130554
0341054321
5140104021
1220024433
5015012344
0512433154
3043225254
3020511412
4411523153
4134411533
0335450033
1543102445
3050035525
3104351243
5035152105
4512020514
5051125345
3343531323
4202154543
2201115505
0302144432
3455344002
0324452110
4053410353
5353434142
0332000120
5403253355
0334221244
2402133404
