4534520113
2111131424
0421133254
5251444242
4205514453
2521434201
3020154455
3311151114
4015251254
3125451232
2501512301
0350052322
0502505035
2301223443
5403314034
3331412100
1030200000
4131404453
3205245534
1051513203
1034123512
2042524020
3424540004
3325315205
1534245405
5044203544
0551033043
3145114002
0422525343
0020342544
4143535105
0032331033
0303040240
2420524532
3401031432
1221423052
5140043424
0405150440
0545021142
3234140303
4450331232
5243421411
2122301402
5525103004
3144545423
0324401512
4443120151
3200354114
0101450025
4521240234
2431115325
3333502221
2432011510
2400145451
3355430221
3444252510
5515044002
4010553330
3105150344
3343251041
2453044515
5223222013
0235031231
3312222033
0211304143
3133335411
0024020150
3110201213
5203305512
4521345400
4235545341
5555254351
5224103333
1035442335
0322544251
5155540100
5532430555
1432003051
0430400252
4404325253
3040441321
3125034544
0051343112
5011330352
0110402421
4332232040
5050155020
2553431424
0003254402
1135223240
0331354415
5344314404
4330024351
1025233452
0311532334
5550243055
3000210523
2231005122
1413055113
1202320201
0234044030
1311551445
4230012405
2254230411
4144200251
1244115035
3500403502
5013540121
3014535500
1154345330
3511355324
1410444505
4231232551
4512304014
5502035333
0043525215
0052034222
1255221522
0314002145
0215110545
2420443353
5454015414
1041241540
3402014313
2002255042
4143352043
2041510405
4412040553
3523100023
5434412250
1034251133
4104001434
1523014234
3551510031
2042114153
1020311141
2020212111
2535155501
4043015530
0204151552
0202401343
2315235245
5342021205
3404524335
5021552212
5031322141
2223053450
0202232204
4051543451
1015045433
3225433543
1322145454
0240330414
2154310154
0034353443
1222552350
4154214525
0135513523
3313111255
5345310120
4524551050
5400502053
0511342203
4435202202
2210303435
5544453315
3053341103
1512212144
4540335050
2100220355
4321201300
2434321055
3311240055
2053150532
5022000345
4002141315
2501133514
4213501241
4225244440
0323215024
3532243215
2004342232
3141323331
0153000005
4245502012
1242410401
5552154425
2345343042
0512540511
4301013025
2252312050
5233311303
5310231153
0441223004
3252122534
5030051012
4443403335
1150353205
2114055002
5130105234
4050150203
4255523144
1243252125
5513243430
0544130320
5054423253
1141042304
1505553421
2101521011
3005013155
3114420415
2142204031
4314332403
5132144301
1152455544
2033500314
5414234211
3440233345
2115443014
1415110234
5202225424
0521255552
4301354531
0212125311
2423154141
0014100022
4254532225
5411413545
0415244314
5333533442
2443342301
4410453424
2334133120
4005112352
3133103352
1103531513
3213541033
1240240232
2411050210
0221210133
3520113241
5405215132
1043120044
4510425031
2020102130
1550131301
1041354513
4310040112
1402320122
5123235041
5435101125
5445021553
5541432224
0533313052
1453535352
2225144255
0541301230
4001435414
4432121442
5305351240
3355501354
2320325324
1422200414
5150330443
0155205312
0515201455
3224301225
1452242220
3454431040
4511134332
1354025032
1013023204
3533505540
5321440311
2553231335
1354402055
4153322214
3433343223
4351405123
2014400244
3413232115
2533454020
5301100030
1121100545
4102503101
4543141502
3155042121
0213253331
3503122452
4315321333
1025304125
2103455104
5210112012
1550450410
2015431303
0423511423
4230420520
4554452141
1223504134
1215030100
2553122240
1121432435
0051324424
0443434541
0100141100
4515025225
0152024031
1431535004
5122111223
3321041523
1043301454
0124542345
0432132144
4241254215
2251054443
5304142144
4031151504
0002412510
1545305222
2324553231
4433041124
0112512322
3015004441
2201025541
3031224252
0300104554
3342050434
1104223322
4353113413
0131115211
2010032054
1500002514
3413210442
5231553154
0323123102
0243445354
4323230515
2311414340
3254053304
4145522452
3524012451
3451420145
1533542342
0022055401
4440142413
2355532500
5215155443
0534421214
2034041525
2204201150
2530300345
1441104432
3532350134
1511021010
2545010355
5341520522
5042133211
2333520430
3202343445
5441045131
5540504115
1405122205
3250205101
3134332542
0353441131
3510224400
4424030321
1313313550
3223032253
4455211043
4333444012
4240031340
0421515150
5404004520
2200411024
0535234123
1123154320
1001403220
0142533410
5112345155
3420535312
5420351344
3100523210
1110523123
5020121531
4503424323
3342505513
1130414243
4112555230
0320543015
5240254224
5022022303
1342045502
3112433132
2244513132
1444005242
5212553005
0505325410
5155013310
2514311212
5114124050
1352304321
3052402444
1354345213
2342530023
0334211344
1425553112
1044512001
3100515442
1205300352
5103052535
3201342021
1425224004
4124310013
3330145043
4032253320
4545320545
5003534233
2313554522
4252024302
3251134150
4024455304
3442304350
1242133534
0145152113
2405422431
2542053133
0540215303
2142421115
3442455200
3032514414
3055330035
3025405010
4125143521
2334530451
2142013521
3530550254
2535040443
5000434105
1524322540
5514201402
5304450503
5253215200
2223425503
0415351521
0252440112
5452551334
3120244122
1330250303
2352252252
3335002420
4504135125
4101010045
5254102400
0230554545
4302413242
5535420534
5422333100
4025320422
4022225135
1504444153
4104230132
1110011501
0450223511
5214410320
2413103300
2135334150
1220032025
0251021353
2440541244
0354524041
2131202503
5123442552
0451302535
3555415430
1232531412
2554505554
2355004203
1303034110
4454314104
1204144311
0004433001
2425152033
3522411554
5550412531
1352135553
1300312315
0340414430
1345455151
1331212421
