5235141400
2433115025
4020134324
2025044432
1425503404
0501114550
1150245011
4444404233
1230051304
5243201314
4315552305
1123205433
0440033512
1444553335
0510101442
2153430020
0243232021
5030105503
4223002551
3414111050
2255055525
1540342130
0335332032
0213553423
0135550512
5144244435
0131230351
1033135341
2050521045
4345203052
0520212325
2050232252
1351152540
5515232000
5315411211
0153524200
1054030305
0435414420
2322041113
5205345322
0542252543
0454351011
0455241304
3354505001
1213040213
0522040535
3121501505
4053500135
1024252344
5104533410
2323303241
3003441140
5101400544
1144120132
0132145144
1005330110
1003140454
3105520424
3331243410
0433342540
4410135231
4140554251
3101332341
3253124554
1130432500
0423100101
3412434135
1042534313
5421443525
2525213413
3002310431
3303304312
1011445552
3144222213
5532050350
2324514134
5535514103
5113100025
1250403024
0010313144
3352140034
0312431354
2401224524
1512525540
2525101254
4551553015
1403421002
5400502345
4024341152
4254210244
0040210402
3310125152
2311012410
5141540233
1235440134
4440151313
0342323005
4434255154
4125502113
3420320043
5432454514
0120304415
0504055445
2350420304
5551220105
3431310100
3540402302
0052154435
2224355140
2222253322
2402322403
0222414141
3103013115
5555143553
3305033334
0025233245
2404400053
5141213204
3155455132
3152132402
3230534405
4012250004
3445102035
2143014344
1522054012
1452244152
2543341000
2334102102
2420243034
1314021033
5014552254
1134443322
5043520440
5153312253
5353254030
5133354325
0204522501
5034000232
4354043554
4552100212
5052113310
2120141540
4405153240
5512333542
1550530450
3301454204
0033221010
3222030440
4334203331
1050333531
4523342423
5524425430
3413202244
4110012542
3250321422
0543522114
4220420221
0001414022
2113520555
2301503530
3021555123
2215423150
4401425111
3522435311
1433531554
1212113232
0251134113
4041452414
2002451212
4432231222
1151411445
2145105310
1440020200
1300111535
2214441245
3335423542
4045545020
4502133123
2343255353
3252515542
0343301523
2513242331
3020542350
0553443451
4501035202
1544314442
1524531231
5211041041
4204104545
0214240552
1200242443
2311430141
5111315432
5342344111
2001515455
2115343445
4231401035
3224413303
1541045314
5302125441
2242020011
0300045004
1421125245
4152223503
0544110221
5230352013
3224151434
1410250115
5340545515
3234435044
4512341255
2434200440
0032523233
5014041320
2500300022
4000021453
4233324131
3335214355
4501102334
5352305235
3512513454
3502202051
4241030524
5424510351
4113532012
2112015003
5142414052
2450014235
0151053221
0254423212
0233015234
1545304505
0105301102
5250444502
5233222202
5530004241
2321222230
5054204124
3542134244
3504243255
3124010514
1341333253
0235521125
1355404321
4330030015
2003001033
4015013223
2040335014
1405114114
5443041252
4350335443
3420441401
1135134252
5405240531
3012045521
3423133213
1531032433
5112212121
5442312334
5024354401
0452502020
2235532240
3045035543
4203125300
4043054122
2011120214
1253522333
0021111331
2130150001
4500201110
0502221332
2110103133
5125112044
1032344200
3533141235
2231524053
1313034104
0240300155
0242501431
4541201425
5212400103
0331404343
3434322352
4250340310
2312340325
1000224101
2200234330
0503442103
0124253000
1235513011
5224545202
3341104451
2051533104
2521505342
3455235451
2135122523
3023422025
3211323034
4321121003
3015404413
0203034452
4051344044
2401130432
4412224310
4014414500
5422121120
4144042001
4132300053
0031142055
2440215141
2042410545
2154135155
1254452151
2531351544
0441223135
1515220522
5031325304
0422324254
4211215451
4253331505
1420211253
2124221451
0223433530
1110454043
0441431205
1555252214
4332022124
2304310210
4023355215
5351332425
3152250345
5530110414
4530345105
0334544251
1443305051
4235455203
5503524021
0134402434
5304511042
2244044510
5044423041
1152505354
2522404520
0110221224
2534315333
4412455442
2320552411
5222132255
5020003055
5541103040
0354100350
0433153044
1551105121
0300253152
1054151223
2042303450
3544323520
4205110033
1010540032
4415305514
5141121355
1310204550
1424032122
4141231143
1451000553
3010351230
2451142201
2215144021
0225000323
5015505331
1000555544
0553005510
1054502412
2103542122
5504131504
3205351055
4150511101
3242543100
1424415534
5214324223
1122023331
4421212302
5251203452
1342211501
3531512212
5353110122
2142235532
2400445220
5051004311
1354212025
2025312105
0524434055
1415341141
4144451525
4410413355
5122055424
0431541413
3313544533
1055011054
0001022240
5442430421
1304353424
0240421340
2530023402
3453452310
4314150411
5423552503
5253535211
2541010152
0010402521
0414322455
3231053145
5013121532
4302534552
4401044030
4514234421
4224021315
4104325234
3340410113
3555303123
0435025041
2352544440
5231211523
4113543340
0115133501
4333400324
4244013430
4302412243
5455050144
4043243511
3320231342
1111051150
0255313335
3154001403
1441512521
2534553121
0434234503
1312422415
4251352232
4122443214
5523233154
1331240003
1034420513
1031123420
3233205120
0325525453
1432003110
4525015131
2033314552
3342055210
1220315002
0310530203
2535424215
3252401250
1201321510
3003253405
4545420044
0551531522
3232333414
2545432551
4321145412
0145342225
2325350533
1041400335
0020031100
3512354303
1100035323
4330114140
5532213035
2405011321
5354433133
2151324142
3414053202
2543453234
5430421333
3150022030
0411055333
0351215414
4514445013
2221450405
2552002145
4042142343
4105334353
2132411130
0200143311
3214332400
5444225022
0202235105
1225544345
0411514004
4103131031
5454122515
1443144320
0353220541
2210504212
3030212534
2333051420
3443024415
1501050301
2555551330
0002105224
2445524302
5105004220
3343511224
3425452231
3025150010
1545121411
3543115403
2202531024
0452113443
2412151505
0505031013
1035251442
1103350242
4341155535
1325405040
0332112512
0513410312
3215220301
1203410225
1102154521
4442005305
3200425533
2211233515
4032051531
1114235240
5305452450
3540244023
2230405451
0245152354
3523152142
2453301434
4422313021
0130515050
0345440500
0314503115
5125335550
5200220154
5431535320
3454540225
