3524123131
1034322334
1043331132
4124054024
5335032553
5452551253
1023004154
3523205015
2241001200
5023015552
1304520404
5450011335
3352355031
3155055343
0542031330
1030054501
1530410414
2420223214
1440121143
1151510445
4350010551
3152510551
3305252052
4433534041
3003050123
1423441430
5315105012
1513053032
4235251453
1225313303
2325431055
3150420133
2522443305
0552254545
2051201350
2453411202
1310523320
0412212312
5214231305
5142332322
5222400115
2530255554
2100040030
4500114300
5020135434
0501555450
4421202435
0253344454
3415001353
5533455032
4112235030
0555305101
1140345241
4213212201
1432413530
0345553101
1102203215
1523535301
2135144023
4514341011
3541152114
2521140251
3441410045
1425304125
0124141541
2112432353
3512145323
3502420451
1143233351
4231400102
0122044353
5113111255
3544304412
3144240205
4454312513
5032033052
4225233220
1150404400
2505503043
0351334153
1515410200
5201353431
4421510504
0221352552
3010314105
2202023024
1314232124
0305213425
3034230442
1001552235
2233133552
3454555122
2512214434
4332140505
1325225442
5314454423
4234112230
0313420051
5322220550
3405142340
4102323150
1242032401
0220454012
0543053213
1445135514
5200343510
1121320222
5353242151
5103124103
5424030314
4524424553
4344151550
5405234010
1045120023
1534425022
5211100023
2032140410
0130531124
2321300454
0452431442
0330303205
4541435542
1351132520
3333311440
1241214025
4104513013
5531203324
0254001423
1253433125
4214003310
2243150142
1303433252
2105411311
5132152404
5441535223
3111225121
4152521403
1133442005
1503101504
4355544324
4055543432
1254311052
5230141445
1532222100
0255522015
4342125202
1553044224
3542515255
4042321525
5301024544
5341445410
2000402134
0415453334
2335055221
4251132145
5140252515
3224541004
2331154130
4104133313
0533332515
3125402345
1505043354
1452251104
3301104201
0334543132
0420543022
3530500532
3150201322
1230555315
1515353543
1202040222
0413305020
5515123455
2424105224
2423045013
1003110003
3101531510
3054442403
2310341534
2041325403
0135300540
4453245544
1521541113
4330332413
2232325245
5045230125
0254150304
0105000414
3540524034
2232535103
2024112143
2223302411
3512502000
1031305044
3352200513
2442221532
0011033402
4021250154
2023551441
5112504242
2153525535
0153123044
5043340231
5203331044
0040242421
1002315355
2240510523
5544403341
4543504520
0145021252
5015003201
4524042430
3435515054
5550050002
5523324335
1200214254
0504024140
0323005435
2251423221
4302351112
1200102013
2221511340
4202505334
5030524353
3420322551
5022111321
3320243453
0512115041
3040032033
2151453520
2450503421
2301235312
2434022402
3431441155
0203010531
2211530215
4522450040
2035242214
4015354210
0402350221
5445551404
3131324420
2411034502
2522522232
0000455203
2452050535
4053220002
1434200051
4113244112
0012025533
3154102050
3144105503
1212354151
2344011415
3531212521
1431140332
3200203442
2411413001
3043113424
5404420210
5035312112
3055133111
5410035240
5401311100
1354041140
4324504441
4151342335
4321021213
0454213150
3210010322
2343133014
2002213142
0441432131
3534534250
0330224411
4052052011
0141414453
1310002142
1431454313
2133252244
4013500543
1135034134
5544502154
4341200340
0342114114
0120412552
1132103420
4400551033
4451025055
2554333203
5213522434
1532530321
5123422021
2125532100
2445352424
5134553500
3535223233
5505314521
0544110532
3433255300
0334114302
4050025344
2103031422
1341501011
4303522140
3543323315
5503035111
2044300035
5232544524
1352323511
5242205133
5302041001
3435023544
5104340455
4343254533
5335431231
2000032550
2052415514
1251330534
2205404332
4104421145
2340105355
2255420441
4005205513
3034440511
0233002252
5504251202
0410052125
1420142202
4410110442
3301133535
1045554342
5422403034
1244455255
5004521232
3405153025
2330533242
3432331214
3442024110
5351214232
2305140121
0241023445
0242441523
2540041342
3213121513
0050515210
3003411033
1322033044
5215425102
4210330341
4342412354
0553101234
5242242043
1450144555
3505332405
1555502552
0144215334
0001142522
5540345402
0551240024
2530404125
5122314414
3222154430
4312004003
0131205253
0230135420
4045443004
1404502541
2115250002
0011501505
3443400304
4503430224
2443412350
0235021301
5053103240
3221054505
4111555414
2054124001
4120113035
1012430443
5440223503
4510423115
0253534313
2403220323
0035320313
3514051555
3243340110
0134125415
1120155151
3124310231
1254250410
3035004215
2500334052
3014504531
1410515131
5314322215
4013542325
0015231140
2112045105
3340012204
1113143401
1352412023
4442134211
4232453412
1510211223
3521130102
0103545025
3052540144
3211045431
0215402524
2444353351
1454530030
0354335005
4551151425
3412533425
3525321144
4030301150
0024214215
5002434505
3045153053
5102112534
4404544452
0145134233
5333350303
4533010145
1011121054
1144023530
0030444344
4234155241
4240034122
4303345233
2133520351
0154430254
0021232001
5344044305
3240051041
3323152322
2314455540
5325013130
2414254045
0011143250
3201130351
2014503112
5010250330
4012324332
0414040233
0501322343
2352342200
0001551314
1100244504
4114313144
5130353141
5055441550
3110542223
5501012453
5443524200
5025345331
1313514415
4454425431
3411443242
2315122531
2044543554
5453304443
1024402220
5224325320
4245545050
3011435050
5201523302
4322401522
4425415243
0423100153
0320150245
0320321000
2351003333
4555121312
1324223335
0132301031
2150235443
3113454340
1420230405
0425203521
2545014123
4255015400
2255241125
4445500212
5510402311
3250255231
5550531501
3023343502
5025550535
3304415124
4201443241
3245514543
4434313023
5131011012
1515134451
