0330021404
1441132515
2552243020
3003354131
4114405242
5225510353
0012405115
1123510220
2234021331
3345132442
4450243553
5501354004
0122544103
1233055214
2344100325
3455211430
4500322541
5011433052
0151444500
1202555011
2313000122
3424111233
4535222344
5040333455
0331254522
1442305033
2553410144
3004521255
4115032300
5220143411
0304403414
1415514525
2520025030
3031130141
4142241252
5253352303
0144511412
1255022523
2300133034
3411244145
4522355250
5033400301
0122033010
1233144121
2344255232
3455300343
4500411454
5011522505
0010211335
1121322440
2232433551
3343544002
4454055113
5505100224
0134124550
1245235001
2350340112
3401451223
4512502334
5023013445
0050254450
1101305501
2212410012
3323521123
4434032234
5545143345
0332443233
1443554344
2554005455
3005110500
4110221011
5221332122
0024340313
1135451424
2240502535
3351013040
4402124151
5513235202
0251154144
1302205255
2413310300
3524421411
4035532522
5140043033
0531542025
1042053130
2153104241
3204215352
4315320403
5420431514
0324411300
1435522411
2540033522
3051144033
4102255144
5213300255
0303422140
1414533251
2525044302
3030155413
4141200524
5252311035
0124552051
1235003102
2340114213
3451225324
4502330435
5013441540
0030432343
1141543454
2252054505
3303105010
4414210121
5525321232
0543051231
1054102342
2105213453
3210324504
4321435015
5432540120
0503503311
1014014422
2125125533
3230230044
4341341155
5452452200
0200243422
1311354533
2422405044
3533510155
4044021200
5155132311
0243231314
1354342425
2405453530
3510504041
4021015152
5132120203
0012144252
1123255303
2234300414
3345411525
4450522030
5501033141
0413555101
1524000212
2035111323
3140222434
4251333545
5302444050
0555430451
1000541502
2111052013
3222103124
4333214235
5444325340
0450015241
1501120352
2012231403
3123342514
4234453025
5345504130
0245115255
1350220300
2401331411
3512442522
4023553033
5134004144
0423241532
1534352043
2045403154
3150514205
4201025310
5312130421
0303034413
1414145524
2525250035
3030301140
4141412251
5252523302
0211235150
1322340201
2433451312
3544502423
4055013534
5100124045
0141334234
1252445345
2303550450
3414001501
4525112012
5030223123
0255401013
1300512124
2411023235
3522134340
4033245451
5144350502
0005535005
1110040110
2221151221
3332202332
4443313443
5554424554
0104020153
1215131204
2320242315
3431353420
4542404531
5053515042
0150545314
1201050425
2312101530
3423212041
4534323152
5045434203
0102351225
1213402330
2324513441
3435024552
4540135003
5051240114
0455133220
1500244331
2011355442
3122400553
4233511004
5344022115
0504200105
1015311210
2120422321
3231533432
4342044543
5453155054
0004142004
1115253115
2220304220
3331415331
4442520442
5553031553
0100312030
1211423141
2322534252
3433045303
4544150414
5055201525
0341250003
1452301114
2503412225
3014523330
4125034441
5230145552
0415022042
1520133153
2031244204
3142355315
4253400420
5304511531
0520550524
1031001035
2142112140
3253223251
4304334302
5415445413
0024404032
1135515143
2240020254
3351131305
4402242410
5513353521
0443204421
1554315532
2005420043
3110531154
4221042205
5332153310
0354002203
1405113314
2510224425
3021335530
4132440041
5243551152
0043302553
1154413004
2205524115
3310035220
4421140331
5532251442
0332115024
1443220135
2554331240
3005442351
4110553402
5221004513
0355352154
1400403205
2511514310
3022025421
4133130532
5244241043
0111001340
1222112451
2333223502
3444334013
4555445124
5000550235
0013520014
1124031125
2235142230
3340253341
4451304452
5502415503
0134303335
1245414440
2350525551
3401030002
4512141113
5023252224
0334420521
1445531032
2550042143
3001153254
4112204305
5223315410
0242013323
1353124434
2404235545
3515340050
4020451101
5131502212
0413412455
1524523500
2035034011
3140145122
4251250233
5302301344
0314131053
1425242104
2530353215
3041404320
4152515431
5203020542
0535554253
1040005304
2151110415
3202221520
4313332031
5424443142
0103033524
1214144035
2325255140
3430300251
4541411302
5052522413
0221123403
1332234514
2443345025
3554450130
4005501241
5110012352
0243425432
1354530543
2405041054
3510152105
4021203210
5132314321
0315010232
1420121343
2531232454
3042343505
4153454010
5204505121
0513531423
1024042534
2135153045
3240204150
4351315201
5402420312
0504052510
1015103021
2120214132
3231325243
4342430354
5453541405
0512210240
1023321351
2134432402
3245543513
4350054024
5401105135
0050421222
1101532333
2212043444
3323154555
4434205000
5545310111
0455042335
1500153440
2011204551
3122315002
4233420113
5344531224
0341323011
1452434122
2503545233
3014050344
4125101455
5230212500
0554141321
1005252432
2110303543
3221414054
4332525105
5443030210
0140100400
1251211511
2302322022
3413433133
4524544244
5035055355
0105043201
1210154312
2321205423
3432310534
4543421045
5054532150
0232524040
1343035151
2454140202
3505251313
4010302424
5121413535
0423324215
1534435320
2045540431
3150051542
4201102053
5312213104
0235150301
1340201412
2451312523
3502423034
4013534145
5124045250
0000230511
1111341022
2222452133
3333503244
4444014355
5555125400
0054123515
1105234020
2210345131
3321450242
4432501353
5543012404
0035345544
1140450055
2251501100
3302012211
4413123322
5524234433
0040513540
1151024051
2202135102
3313240213
4424351324
5535402435
0521302304
1032413415
2143524520
3254035031
4305140142
5410251253
0325102541
1430213052
2541324103
3052435214
4103540325
5214051430
0215334324
1320445435
2431550540
3542001051
4053112102
5104223213
0021525341
1132030452
2243141503
3354252014
4405303125
5510414230
0552103432
1003214543
2114325054
3225430105
4330541210
5441052321
0152222131
1203333242
2314444353
3425555404
4530000515
5041111020
0125230345
1230341450
2341452501
3452503012
4503014123
5014125234
0400004534
1511115045
2022220150
3133331201
4244442312
5355553423
0220053355
1331104400
2442215511
3553320022
4004431133
5115542244
0000000000
0000000001
0000000002
0000000003
