0534104121
3034322334
1043331132
5335032523
5352552253
4003104054
3521225115
2241001200
5023015552
1304540404
5450011335
3352355035
3155055313
0542031330
1530410414
2020323214
1440121143
1151510445
4320010031
3152514551
3305252052
0433534041
3003050123
1423441430
5315105012
1511053132
4235251453
1225313303
2325431055
3150420133
2522443305
0552204545
2032204350
2453411202
1310520320
0412212312
5214231305
4205424131
5142332322
5222400115
2530255554
2100040034
4500114330
0031420112
5020135434
0501555150
4415202435
0253343454
1415001353
5133455332
4112235030
0555305101
1140345441
4213212201
1432113500
4344253101
1102203215
1523025301
2135244022
4514341011
3521152314
2531140251
3441310013
1425304125
0124141541
2111422353
3512145323
3502420451
1145233351
4231404104
2122044353
5113111255
3544304412
3141240205
4454312510
4032033255
4225233220
1150404400
2505503043
0351331153
5515410200
2001303431
4121510504
0221352552
3010314105
2202022024
1014232224
0305213425
3033235442
1001552235
2233433552
3454555122
2512214434
4310240505
1325225442
5314454423
0234112230
0333550352
5322220550
2405142340
2112323150
1242432401
0220454012
0543053013
1445135514
5200343510
1121320222
5353242111
5403124103
5424030314
4224324553
4144151020
5405234010
4025120023
1534425022
5211100223
4033140410
2130511124
2311310454
0422431442
4440303205
4541435542
1551132420
3333311440
1241214025
4103513021
5531203324
0254001423
1254433125
4213053310
2243150142
1303423252
2105411311
0132452404
5551535023
5111225121
4152521403
1133042005
1503101500
4355514324
4055543432
1254311052
5230141445
1534222105
0255522015
4342125252
1053044224
3542514255
4042321525
5301024544
5341445410
2000452134
0415353334
2333055221
4211132145
5140252515
3224541004
2331154130
4104133313
0033332515
3125402345
3505043354
1452251104
3301104201
0534543135
0420543022
3530500532
3150201322
1230555315
1515355543
1202044242
0413305020
5025123455
2424105224
2423045013
0002110000
3101531510
3054442403
3310341531
2041325403
0135330540
4453245544
1522541113
4350332423
2232325245
5545230125
0254150304
0105000414
0540524034
2232535103
2024112143
2223302411
3512502000
1031305043
3354200313
2445221532
0030033402
4021250155
2053551441
5112504242
2153525535
0353123043
5043440231
5203331044
0040242421
1002315355
2240510523
5544413343
1543504520
0140021252
5115003504
4524042430
3204120045
3435515454
5550050002
5523334335
1200514254
0204303140
0323005435
3255421221
4302351112
1200102013
4221511340
4202505334
5030524353
3440322551
5022111321
3320243453
0511015041
3042132033
2151453520
2301235312
2434022402
3431441155
0203010531
2255530235
4522450040
1035242212
4015354210
0402350221
0445551400
3131024420
2410034513
2522522232
1000455203
4422050535
4033223002
1433200051
4113244112
0032025533
3155100050
3144105503
1212354151
2344011415
3531212541
1441140332
3200503442
2311413001
3033113424
2404420210
2135312112
3355133131
5450035240
5401311100
1354041140
4324504441
0151344335
4321041213
0454213150
3214010322
2334143014
5002213142
0441432131
3534534250
2332224411
4052052011
0442414453
1310002142
1501454313
2123252244
4113530543
1335534134
5544502154
4341200340
0343114114
0150412542
1135103422
4400551033
4451005055
2514533203
5213522434
1532030321
5135422051
2125532100
2441312424
5134553000
3535223233
5505314521
0544110552
3431255300
0334414302
4151023341
2103031422
1341501011
4303522140
3143323315
5503035111
2044300035
5232544524
1352323511
5240305133
5302041001
3434003544
5104341455
1343254533
1330431231
2004032550
2052115514
1251330534
2235304332
4103001105
2340105355
2255420444
4005205513
3234440511
3233002252
4524251202
0420052125
5320142202
4410110442
4341153535
1045554342
5452403034
5245455255
5004121232
2340533242
3432431214
3442054110
5351214232
2305540121
0241023445
0242441533
2510041342
3213121515
0350515210
3003411035
1322033044
0213425104
0210330341
4342442354
0553101234
5212242043
1450144555
3505332405
1555532552
0144215334
3051142522
5513345402
0351240024
2530404425
5122314410
3222151430
4310204323
0131205253
0230135420
4015445004
1404502541
2115250402
0011501505
3443400304
4503430224
1243512350
0235021501
5023103240
3225254505
4111555414
2454124001
1120113035
1052000441
5450223503
4500423115
4005400322
0253234313
2413220323
0045340353
3514051555
3543340150
0134125415
3120155151
3524310234
1244250410
3355044245
2500334052
3014204531
1410515131
5314322215
4013542325
0015231140
2115045155
3345012204
1210143114
1351412023
4422134211
5232053412
1510211223
3521130102
0102445525
1442405152
3052500144
3211045431
0215452524
2424351351
5452130130
0344535005
4501151425
3412343445
3525321144
4030301150
0021214235
5002434505
2010153053
5102112534
4404544352
0145134243
5333350503
4533010145
1511121054
1144023530
0030443344
4034155241
4240034122
4303345233
1310024050
0154430251
5021232001
5044044304
3240053041
3323112332
1314405540
5325013130
2444254045
0111123200
0201133051
2014503112
5010250330
4012424332
0404040233
0502322243
2352340200
0003521314
0100244504
4114310144
5530353141
5055441550
3100532221
5501012453
5444523221
2025245331
1313534415
4454425431
3411452242
2315132501
2041543554
5453304443
1044402200
5224335320
2245245050
3011430020
5201523302
4322403522
4425415243
0423100153
0320151244
0320325000
2351001333
4555121312
4304223335
0132301031
2112235443
3113154340
1420230405
0421203511
2545014103
4255015400
2050221355
4445500212
5510402311
2250253231
5540531501
3023343501
5025550511
3301415124
4101442441
3215514443
4034313023
5131011013
4515014451
2042555020
1430342323
1153221020
3353335550
4443453511
2420524540
3444241523
3040203010
3144444052
2023424120
4152143224
0121533433
4122302203
3222212154
5441231454
5411540015
1154154212
5535352030
0015513251
4120431304
