0440343010
1551454121
2002505232
3113010343
4224121454
5335232505
0545053333
1050104444
2101215555
3212320000
4323431111
5434542222
0042512205
1153023310
2204134421
3315245532
4420350043
5531401154
0344253152
1455304203
2500415314
3011520425
4122031530
5233142041
0453214513
1504325024
2015430135
3120541240
4231052351
5342103402
0423105005
1534210110
2045321221
3150432332
4201543443
5312054554
0343400551
1454511002
2505022113
3010133224
4121244335
5232355440
0320213411
1431324522
2542435033
3053540144
4104051255
5215102300
0532420204
1043531315
2154042420
3205153531
4310204042
5421315153
0154523125
1205034230
2310145341
3421250452
4532301503
5043412014
0354034510
1405145021
2510250132
3021301243
4132412354
5243523405
0542124311
1053235422
2104340533
3215451044
4320502155
5431013200
0001221550
1112332001
2223443112
3334554223
4445005334
5550110445
0340152530
1451203041
2502314152
3013425203
4124530314
5235041425
0135003404
1240114515
2351225020
3402330131
4513441242
5024552353
0033331254
1144442305
2255553410
3300004521
4411115032
5522220143
0123250241
1234301352
2345412403
3450523514
4501034025
5012145130
0321124134
1432235245
2543340350
3054451401
4105502512
5210013023
0005040055
1110151100
2221202211
3332313322
4443424433
5554535544
0101441201
1212552312
2323003423
3434114534
4545225045
5050330150
0532202442
1043313553
2154424004
3205535115
4310040220
5421151331
0052102323
1103213434
2214324545
3325435050
4430540101
5541051212
0334535001
1445040112
2550151223
3001202334
4112313445
5223424550
0020405430
1131510541
2242021052
3353132103
4404243214
5515354325
0350025454
1401130505
2512241010
3023352121
4134403232
5245514343
0311020301
1422131412
2533242523
3044353034
4155404145
5200515250
0401153222
1512204333
2023315444
3134420555
4245531000
5350042111
0114155415
1225200520
2330311031
3441422142
4552533253
5003044304
0444332521
1555443032
2000554143
3111005254
4222110305
5333221410
0223133342
1334244453
2445355504
3550400015
4001511120
5112022231
0025234151
1130345202
2241450313
3352501424
4403012535
5514123040
0503011522
1014122033
2125233144
3230344255
4341455300
5452500411
0545222434
1050333545
2101444050
3212555101
4323000212
5434111323
0035113243
1140224354
2251335405
3302440510
4413551021
5524002132
0230414102
1341525213
2452030324
3503141435
4014252540
5125303051
0412111155
1523222200
2034333311
3145444422
4250555533
5301000044
0204304114
1315415225
2420520330
3531031441
4042142552
5153253003
0302532413
1413043524
2524154035
3035205140
4140310251
5251421302
0232045514
1343150025
2454201130
3505312241
4010423352
5121534403
0521303300
1032414411
2143525522
3254030033
4305141144
5410252255
0441354445
1552405550
2003510001
3114021112
4225132223
5330243334
0441101513
1552212024
2003323135
3114434240
4225545351
5330050402
0250142204
1301253315
2412304420
3523415531
4034520042
5145031153
0200503335
1311014440
2422125551
3533230002
4044341113
5155452224
0132325333
1243430444
2354541555
3405052000
4510103111
5021214222
0115450153
1220501204
2331012315
3442123420
4553234531
5004345042
0141235100
1252340211
2303451322
3414502433
4525013544
5030124055
0344301235
1455412340
2500523451
3011034502
4122145013
5233250124
0124110050
1235221101
2340332212
3451443323
4502554434
5013005545
0150103552
1201214003
2312325114
3423430225
4534541330
5045052441
0351340122
1402451233
2513502344
3024013455
4135124500
5240235011
0403301341
1514412452
2025523503
3130034014
4241145125
5352250230
0032150012
1143201123
2254312234
3305423345
4410534450
5521045501
0134242131
1245353242
2350404353
3401515404
4512020515
5023131020
0405205453
1510310504
2021421015
3132532120
4243043231
5354154342
0031452525
1142503030
2253014141
3304125252
4415230303
5520341414
0322015120
1433120231
2544231342
3055342453
4100453504
5211504015
0303033205
1414144310
2525255421
3030300532
4141411043
5252522154
0310312143
1421423254
2532534305
3043045410
4154150521
5205201032
0153121443
1204232554
2315343005
3420454110
4531505221
5042010332
0553245155
1004350200
2115401311
3220512422
4331023533
5442134044
0145130232
1250241343
2301352454
3412403505
4523514010
5034025121
0502131240
1013242351
2124353402
3235404513
4340515024
5451020135
0355311304
1400422415
2511533520
3022044031
4133155142
5244200253
0052315051
1103420102
2214531213
3325042324
4430153435
5541204540
0424415212
1535520323
2040031434
3151142545
4202253050
5313304101
0320441523
1431552034
2542003145
3053114250
4104225301
5215330412
0012243403
1123354514
2234405025
3345510130
4450021241
5501132352
0520452001
1031503112
2142014223
3253125334
4304230445
5415341550
0111251324
1222302435
2333413540
3444524051
4555035102
5000140213
0322343244
1433454355
2544505400
3055010511
4100121022
5211232133
0033524340
1144035451
2255140502
3300251013
4411302124
5522413235
0044004003
1155115114
2200220225
3311331330
4422442441
5533553552
0103350420
1214401531
2325512042
3430023153
4541134204
5052245315
0415054211
1520105322
2031210433
3142321544
4253432055
5304543100
0331133450
1442244501
2553355012
3004400123
4115511234
5220022345
0415500040
1520011151
2031122202
3142233313
4253344424
5304455535
0113402022
1224513133
2335024244
3440135355
4551240400
5002351511
0051434233
1102545344
2213050455
3324101500
4435212011
5540323122
0243411330
1354522441
2405033552
3510144003
4021255114
5132300225
0222251502
1333302013
2444413124
3555524235
4000035340
5111140451
0203322503
1314433014
2425544125
3530055230
4041100341
5152211452
0443021104
1554132215
2005243320
3110354431
4221405542
5332510053
0101224412
1212335523
2323440034
3434551145
4545002250
5050113301
0055541212
1100052323
2211103434
3322214545
4433325050
5544430101
0123542454
1234053505
2345104010
3450215121
4501320232
5012431343
0403534032
1514045143
2025150254
3130201305
4241312410
5352423521
0410041332
1521152443
2032203554
3143314005
4254425110
5305530221
0222524023
1333035134
2444140245
3555251350
4000302401
5111413512
0151322250
1202433301
2313544412
3424055523
4535100034
5040211145
0352051045
1403102150
2514213201
3025324312
4130435423
5241540534
0430204220
1541315331
2052420442
3103531553
4214042004
5325153115
0000000000
0000000001
0000000002
0000000003
0000000004
0000000005
0000000010
0000000011
0000000012
0000000013
0000000014
0000000015
0000000020
0000000021
0000000022
0000000023
0000000024
0000000025
0000000030
0000000031
0000000032
0000000033
0000000034
0000000035
0000000040
0000000041
0000000042
0000000043
0000000044
0000000045
0000000050
0000000051
0000000052
0000000053
0000000054
0000000055
0000000100
0000000101
0000000102
0000000103
0000000104
0000000105
0000000110
0000000111
0000000112
