0330021404
1441132515
2552243020
3003354131
4114405242
5225510353
0012405115
1123510220
2232021331
3345132442
4450243553
5501354004
0122544103
1233055214
2344100325
3455211430
4500322541
5011433052
0551444500
1002555011
2113000122
3224111233
4335220344
5440333455
0331254322
1442305433
2553410544
3004521055
4115032100
5220143211
0314403444
3041130141
4152241252
5203352303
0104511512
1215022523
2320133034
3431244145
4522355250
5053400301
0122033010
1233144121
2344255232
3455300343
4500411454
5011522505
0010211335
1121322440
3343544002
4454055113
5105100224
0134124550
1245235001
2350340112
3401451223
4512502334
5023013445
0050253450
1101304501
2212415012
3323520123
4434031234
5545142345
0331443233
1445554344
2550005455
3005110500
4130221011
5220332122
0024340313
1135451424
2240502535
3351013040
4402124151
5513235202
0251154144
1302205255
2413310300
3524421411
4035532522
5140043033
0531542025
1042053130
2153104241
3204215352
4315320403
5420431514
0324411100
1435522211
2540033320
3051144433
4102255544
5213300055
0303422140
1414533251
2525044302
3030155413
4141200524
5252311035
0124552051
1235003102
2340115213
3451225324
4502330435
5013441540
0030432343
1141543454
2252054505
3303105010
4414210121
5525321232
0543051231
1054102342
2105213453
3210324504
4321435015
5432540120
0503503311
1014014422
2125125533
3230230044
4341341155
5452452200
0201243422
1312354533
2423405044
3534510155
4045021200
5150132311
0243231314
1354342425
2405453530
3510504041
4021015152
5132120233
0012144252
1123255303
2234300414
3345411525
4450522030
5501033141
0412555101
1523000212
2034111323
3145222434
4250333545
5301444050
0555330451
1000441502
2111552013
3222003124
4333114235
5444225340
0450415241
1501520352
2012031403
3123142514
4234253025
5345304130
0245115255
1350220300
2401331411
3512442522
4023553033
5134004144
0423241532
1534352043
2045403154
3150514205
4201025310
5312130421
0303044413
1414155524
2525200035
3030311140
4141422251
5252533302
0211235150
1322340201
2433451312
3544502423
4055013534
5100124045
0341334234
1252445345
2303550450
3414001501
4525112012
5030223123
0255401013
1300512124
2411023235
3522134340
4033245451
5144350502
0005535405
1110040510
2220151021
3532202132
4443313243
5554424354
0104020153
1215131204
2320242315
3431353420
4542404531
5053515042
0150545314
1201050425
2312101530
3423212041
4534323152
5045434203
0142351225
1253402330
2304513441
3415024552
4520135003
5031240114
0425133220
1540244331
2041355442
3152400553
4203511004
5314022115
0504201105
1015312210
2120423351
3231534432
4342045543
5453150054
0004142004
1115253115
2220304220
3331415331
4442520442
5553031553
0100312030
1211423141
2322534252
3433045303
4544150414
5055201525
0342250003
1453301114
2504412225
3015523330
4120034441
5231145552
0414022042
1525133153
2030244204
3141355315
4252400420
5303511531
0520550524
1031001035
2142112140
3253223251
4304334302
5415445413
0024404032
1135515143
2240020254
3351131305
4402242410
5513353521
0443204421
1554315532
2005420043
3110531154
4221042205
5332153310
0354002223
1405113334
2510224445
3021335550
4132440001
5243551112
0043302553
1154413004
2205524115
3310035220
4421140331
5532251442
0335115024
1440220135
2551331240
3002442351
4113553402
5220004511
0315352154
1420403205
2531514310
3042025421
4153130532
5204241043
0111001340
1222112451
2333223502
3444334013
4555445124
5000550235
0013520014
1124031125
2235142230
3340253341
4451304452
5502415503
0134303335
1245414440
2350525551
3401030002
4512141113
5023252224
0334420541
1445531032
2550042143
3001153254
4112204305
5223315410
0242013323
1353124434
2404235545
3515340050
4020451101
5131502212
0413412455
1524523500
2035034011
3140145122
4251250233
5302301344
0314131053
1425242104
2530353215
3041404320
4152515431
5203020542
0555554253
1000005334
2111110415
3222221520
4333032031
5444443142
0103433524
1214544035
2325055140
3430100251
4541211302
5052322414
0221123403
1332234514
2023345025
3534450130
4455501241
5310012352
0243425432
1354530543
2405041054
3510152105
4021203210
5132314321
0315210232
1420121343
2531232554
3042343505
4153454010
5204205121
0513531420
1024042531
2135153042
3240504153
4351315204
5402420315
0504052510
1015103021
2120214132
3231325243
4342430354
5453541405
0502210240
1013321351
2124432402
3235543513
4340054024
5451105135
0050421222
1101532333
2212043444
3323154555
4434505000
5545310111
0455032335
1500143440
2011254551
3122305002
4233410113
5344521224
0341323011
1452434122
2503545233
3014050344
4125101455
5230212500
0554141321
2005252432
2114303543
3221414054
4332525105
5443030210
0140100400
1251211511
2302322022
3413433133
4524544244
5035055355
0105043201
1210154312
5321205423
3432310534
4543421045
5054532150
0232524040
1343035151
2454140202
3505251313
4010302424
5121413535
0423324215
1534435320
2045540431
3150051542
4201102053
5312213104
0235150301
1340201412
2451312523
3502423034
4013534145
5124045250
0100235511
1211340022
2322451133
3433502244
4544013355
5055124400
0054123515
1105234020
2210345131
3321450242
4432501353
5543012404
0435345544
1440450055
2551501100
3002012211
4113123322
5424234433
0040513540
1151024051
2202135102
3313240213
4424351324
5535402415
0521302304
1032413415
2143524520
3254035031
4305140142
5410251253
2325102541
1430413052
2541124103
2052435214
4103540345
5214051430
0215334325
1520445430
2431550541
3542001052
4053112103
5104223214
0021525341
1132030452
2243141503
3354252014
4405303125
5510414231
0552103532
1033214543
2114325054
3225430505
4330541510
5431042021
0152222141
1203333252
2314444303
3425555414
4530000525
5041111030
1235341353
3451503015
4502014120
0400004534
1511115045
2022220150
3133331201
4244442312
5355553423
