4534520113
2111111424
0421133215
5254444242
4205514453
2521434201
3520154405
3001131114
4015251254
3104451232
2501512301
0350052322
0502505035
2301223443
5403314030
3331412100
1030200000
4131404450
3245245534
1051513203
1034123512
2042524020
3424540004
3305510203
5044203344
0550033403
3145114002
1422525343
0020342544
4143535105
0032331033
0303040240
2420524532
3401030432
1221421052
2141043453
0405550444
0545021142
3143120353
4440331432
5243421411
2122301402
5325303504
3144545423
0314401512
4443120151
1220354114
0101450025
4521240234
2431115325
1103201221
1432011510
2400145421
3205420421
3444252510
5515044022
4010523330
3340251041
3453344513
5223222013
0235031231
3312222033
0211304143
2134345511
0024020150
3310205213
5203305512
4521345400
4431545340
5555254351
3224103333
5035442335
0322544251
5155540100
5532430555
1232003051
0430400252
5404325253
3040441325
3145034544
0051343112
5011330352
5110401221
4332032010
5050155010
4512431421
0003254402
1135223240
3331355415
5344324404
4330024351
5025233432
0311532234
5550241055
3000210523
2231005122
4453055143
2202320205
0234044030
1311551445
4230012405
5254230411
4144230252
1244115035
3500303502
5013540101
3014533520
4154345330
3511355324
1410444505
4211222555
4512304044
3505035333
0043525215
0052034222
1255531524
0514002115
0235110545
2522443353
5434015414
1041241540
0201014014
2002255042
4143352043
0045205405
4412040553
4523100022
5434314250
1232252133
4104001434
1523014234
3454410031
2042114153
1024311141
2023212111
0535125001
4043015530
0254151552
0253401343
0315235245
5342021205
3304524335
5031322141
2223054450
0202232004
4055340451
1035345433
4225433514
1314145050
0240330514
2150310154
0034453453
1222552350
4154214525
0135513523
3313111255
5540310120
4524551051
5400502053
0511342203
4435001202
2210303435
1544453313
3053321103
1512212144
4540335050
2100220355
4321201300
2434321055
4311244105
2053450532
5022000345
4402141315
5541133042
4213505241
4225244440
5323215024
3532243215
2004342232
3141323331
0153000000
4245502012
1242410401
1152124425
2345343042
2502252141
5555123024
2252313030
5233311305
5310231153
0441223001
3542122504
5030051012
4433403335
1150353205
2114055002
5130105234
4050150203
4225522144
5443252125
5513243430
0545130320
5014133533
1141042304
1503553421
2101521011
3005013155
1113220415
2442204033
4314132403
5132144301
1152455544
2033500314
2415234211
4240233343
2105443014
1415110234
5202225424
0521255552
4301354531
0212125311
0442153145
0014100022
4454532225
5411413545
0415144314
5333503442
2340332311
4410453424
2334133120
4005112352
3151204052
1103531513
3213541032
1240240232
2411050210
0221410333
3520113241
5401215132
1043120044
4510425031
2020102130
1450131351
4042103521
4320030142
1352320122
0123235041
5235101125
5045421553
5541432224
0503313054
1453535352
2225144255
0541301230
2023435415
4432121442
5305351240
3355501354
2320325324
3422100413
5150330443
5155235312
0555201454
3224301225
1452242220
3404431040
4513134332
1354023032
1013023204
3513503540
5321440311
2553231335
1353402055
4153322214
3433343223
4351405123
2014400244
3413452112
2533451030
5301100030
1121100545
4102503101
2543145505
3125052121
0213253331
3533122452
4315321350
1025304125
2103232544
5210112052
1550450410
2015430303
0423511423
4230420520
4554452141
1143504134
1215030100
2553122240
1121432435
0051024421
3443434541
0100141100
4525025525
0122024231
1431435004
5122111223
3321041523
1003301454
0124442345
0432332444
4241254215
2251554443
5304142144
4031151504
0002412510
1545305222
2324553231
4433041124
3112512322
3015004141
5201025541
3031224252
0300104554
3342050434
5203033222
4353113414
0131115211
2010032054
1300002510
3411210342
5231553154
0323123102
0243445354
4323210535
2311414340
3254053304
5441542455
3524012451
3451420145
1533542342
0025515401
4040142413
2355552500
5215155443
0434422224
2004041525
2204201150
2333333345
1421124412
3532350133
1551001011
2545010305
5341520522
5042135211
1531532530
3202343445
5441045131
5540504115
1405102205
3250205101
3104152342
0353441131
3510121400
5422030321
1313313550
3223032253
4455211043
4333454012
5250031340
0415015150
0404204520
3400412014
1530234521
1123154320
1001403220
0102533450
5112345155
3230535302
3100523210
1110523123
5325121530
4503424323
1424250354
1130414243
4112555230
0320543025
2245252224
5004052303
2352045502
3112433132
2244511132
1444005442
5212553005
0505322410
5155013310
2514311212
5114324000
1352304321
3052402444
1344244213
2342530023
0334211304
1425553112
1044512001
0120515442
1105300351
5130052555
3201342021
1425224005
4124310013
3330145043
4032253320
4544302545
5021534313
0213054523
4254424302
3251134150
1014055031
3442304350
1202133534
0145152113
2405422431
2552021133
0542215333
2140421115
3442455200
3032514414
3055330035
3025405010
4115143551
2334100441
2444013521
3530550251
2535140413
5000434105
1524322540
5524504401
5502450503
2253215200
2230405503
0415351521
0252440112
5452551334
3120244122
1300051303
2012154514
3333005420
4504135124
4121010045
5454112404
0230554545
4302413242
5534220534
5422333100
1023350422
4022225135
1504444153
4135230132
3110011501
0450223511
5214440320
2413203302
2135334120
1234033025
0201021353
2450541244
0354534041
2131202503
5123422502
0451302535
3355415432
1212541412
2554505554
2355004213
1303034110
4414314104
0202104252
4004443001
2425152033
3522411554
5253512531
3352135553
1500315315
0340414430
1345455151
1331212421
