0254233
1305344
2410455
3521500
4032011
5143122
0343545
1454050
2505101
3010212
4121323
5232434
0431220
1542335
2053442
3104553
4215004
5320115
0500515
1011020
2122131
3233242
4344353
5455404
0402254
1513305
2024410
3135521
4240032
5351143
0210520
1321031
2432142
3543253
4054304
5105415
0322523
1433034
2544145
3055250
4100301
5211422
0535045
1040150
2151201
3202312
4313423
5424534
0504321
1015430
2120543
3231054
4442105
5453210
0001402
1112513
2223024
3334135
4445240
5550351
0042424
1153535
2204040
3315151
4420202
5531313
0055523
1100034
2211145
3322250
4433301
5544412
0520252
1031303
2142414
3253525
4304030
5415141
0352022
1403133
2514244
3020355
4130400
5241511
0551502
1002013
2113124
3224235
4335340
5440451
0013051
1124102
2235213
3340324
4451435
5502540
0450111
1503222
2012333
3123444
4234555
5342001
0314114
1425225
2530330
3041441
4152552
5203003
0101140
1212251
2323302
3434413
4545524
5050035
1034231
1145342
2250453
3301504
4415414
0523120
0225130
1330241
2441352
3552403
4003514
5114025
0230103
1341214
2452325
3503430
4014541
5125052
0414343
1525454
2030505
3141010
4252121
5303232
0145205
1250310
2301421
3412532
4523043
5034154
0512450
1023501
2134012
3245123
4350234
5401345
0541014
1052111
2103230
3214341
4325432
5430503
0205331
1310442
2421553
3532004
4043115
5154220
0335455
1444500
2555011
3005122
4111233
5224344
0152041
1203152
2314203
3425314
4530425
5041530
0243350
1354401
2405512
3510023
4021134
5132245
0140433
1251544
2302055
3413100
4524211
5035322
0311315
1422420
2533531
3044042
4155153
5200204
0223411
1334522
2445033
3550144
4001255
5112300
0420005
1531120
2042221
3153332
4204443
5315554
0133354
1244405
2355510
3400021
4511132
5022243
2515202
0201025
2333000
1431414
1034152
1400551
5555252
0000333
1212050
2443041
3144131
5522515
3045003
5521420
0525343
0113533
3241505
3351310
5251114
4302124
