5125005
1253134
2210524
2225305
3251320
4033325
5035502
3522050
2214002
2050215
3045115
3240032
3311240
0512200
1520521
1552200
2114121
1522441
2445014
4043504
2012304
0033250
2305253
3425522
2151431
5541244
1155403
5120255
4024321
1112315
4211215
2422113
0143151
4354001
2333512
5052514
4131052
3531113
5124132
3210513
5102331
4405112
0253145
0122340
2421045
4423110
0014414
2052252
3244453
3533344
3150044
3330315
0242312
1504104
1513015
3032233
5130410
1010142
5454535
0400241
5205411
2140203
4143033
5414324
5303105
5403404
4015043
0524523
4052100
3335434
2231344
4142210
3410430
0422031
1121124
3234011
5115020
3303551
5111513
4251443
4454224
0335225
5312545
1430155
3020303
3003020
4301013
3031141
2105140
2503222
0211251
2030000
3513135
2520130
1514532
4332531
1530320
5531221
5004244
2100352
4315154
2354110
5241135
0150335
3253423
5553040
0433501
0320111
5552152
0515355
1415101
1324540
4500200
1431513
0130554
0313233
5055053
1202041
3125214
0021012
4213332
5315332
5040401
5432030
2444333
4554412
2312353
4153311
3104445
1041323
3555231
5510054
0451103
1303430
0105323
2401355
4244141
4514311
4000433
0055530
0302054
0245000
2003410
5443212
5011432
3414050
1225210
2232402
1021435
5230350
4435340
4132024
2353324
1540313
0042405
1302402
0200025
3402543
4134534
4350555
4411550
3451354
4422505
2542134
1442242
0440124
5302120
2413453
0424451
1013221
4320242
2304530
1235123
3344015
2023541
4225334
1201500
5342021
0434304
2243555
5223533
3222204
4044255
0425444
5345544
5252522
4521154
0252133
0141122
4143300
1351031
3441311
4502053
5540143
1450022
5224203
1033355
0005034
4250451
0534230
0134143
0501502
1244450
1323053
1330234
5310445
4130101
0505514
2555545
3101525
5334423
3533005
3112422
2401235
0452421
1145550
4123454
3344500
3152202
2044550
0113542
3204152
0341404
1104215
3345342
2551001
2035251
5521302
2321420
2534045
1054342
0500452
4545425
