5435553
0505542
0030024
1400034
0410415
5254335
5112050
2401132
0302033
1145544
4242043
4044150
0542035
3422114
2525405
3434055
4324505
3052322
1050533
3113222
5023155
5321215
5111342
3431440
0343100
4041222
1101105
5531040
1123434
5450254
3534412
3101231
3015521
1455420
5403154
0200000
4125030
3000345
0524510
0245412
4404301
0552424
1250144
4355304
3231102
0142303
0510342
1301050
3040131
3514400
1421522
2121301
1522201
5043542
2512543
5144451
2210120
5200452
3024423
1431301
2345551
2130030
5051110
2442410
2204343
5504223
0354042
4203022
5022121
0420153
0412202
3251355
1025110
4132121
5302102
2045043
2015534
5533001
2514155
0155315
3021044
0214052
4435210
1202425
5515011
1334250
4452514
4144215
5434123
4412453
1245032
3502220
1042233
0444021
2222054
1033014
0001511
2540201
0423321
1343121
3040402
1021453
3330203
5012504
2034012
0533135
3304110
3511255
2333440
2124222
3225131
1312241
4314324
3055105
3015250
3025352
4032140
5424031
4053551
0242530
4221141
2330104
3412330
0430541
4215144
4425224
3300041
3252211
1553152
1254153
0350255
4320001
0221450
3445500
4501415
0133351
3535324
2254500
5224300
5122445
0311545
4213310
0151404
2010305
1331554
4105454
3403503
5155202
5315432
2340322
5135113
2413354
0034232
4205534
4550420
3153040
3351531
1510003
2110443
0305223
0454435
4003400
1554031
1235245
2301424
1214551
4311133
2231253
5035335
3213513
2444240
1414042
4403235
3543445
2313005
0524344
3520530
1100512
4352152
1334313
0541134
2555025
0203204
4115503
0423012
5232214
5502353
2332525
2052234
5340340
3343054
4551243
5451003
5040314
2220115
4230431
5211021
1104123
1442313
2503211
1032401
2455441
5243403
5523523
0110111
1150325
4002015
4530552
0131520
4340414
1211214
3131013
3144534
1003320
4544004
3154013
1011035
5004441
0013243
3102340
3322442
2102555
5240525
2541332
1205351
4120243
4443145
3545333
5405125
4532332
1323330
2153132
5513230
2353413
