4323215
3225120
5143504
2120525
1254555
1313105
1113252
1535022
2431233
0233303
3125234
4222133
2201002
2312501
3552334
3314322
4510043
0340100
0453204
0145040
5421430
5512454
4533211
5444222
5320331
5105013
0405512
2005244
3541501
4100450
3112103
2243044
2510200
4015120
2153231
1251320
2114105
1014531
1523304
1555314
5523430
4025341
1001021
0005353
3434055
4330351
2242401
0504423
3552221
1404141
4135115
1331442
4552432
5431314
0251425
1325003
0105335
0132250
5501000
3023520
2345132
0502544
4153341
4342524
1520152
5141423
2224252
3422503
5034041
4305251
5042325
0150513
0203054
1353050
4255233
4444330
3124551
2455111
5254124
2554013
0520415
5303443
0324030
5010440
1032551
5401155
4422032
3333003
4121134
4002234
2012052
0051332
2051424
4452515
5540351
0252213
1021353
1433332
0411241
1101200
0020134
5342150
4245421
3300242
2333104
2004310
3500025
1124310
5553553
3413510
3001013
4021205
0043555
0443020
5245235
0203111
2540403
2210345
4133424
0144201
2221300
4441122
2013435
3033131
1302235
2515421
4440535
2330120
5311015
5114244
4535254
5042033
1131111
3541145
5250130
1240034
4213455
5415304
3144434
3014214
3440250
4420404
0412325
1030205
2123143
5404303
3412322
1543412
5423045
4054400
2045353
0341324
3300340
5235144
1102445
3153355
1222541
2350353
5210151
0545553
3324543
2341515
3355514
1410311
5102522
0222342
2502130
2234514
1344441
3240312
3430443
3315031
3534132
4205302
4444153
4513120
2133354
0110001
2435400
0421451
0522031
2423321
2452041
3334405
5055054
4142312
4431503
3221223
5501211
3501530
2425455
2111554
4231010
3132350
0020522
3422014
2200414
0555045
4334240
5052113
4524325
1232205
2534542
0354121
3255540
5053202
1541055
0332412
4013542
4113133
1412343
0511212
4311433
0051101
3005402
5230223
5435531
0214112
3133024
5350444
3210503
0315224
5154412
4153002
1044544
0231445
5130032
3321152
4040111
1212430
5151542
5525502
0534540
2503523
1450102
2214020
4304004
1045410
1400524
1522240
1400433
5032505
2322215
1155123
3234451
1243243
