0313243
2505553
2130203
1345535
0100113
2212101
0222030
4243220
2231455
3500051
4435403
0021103
1033313
5212152
1544352
3434355
4334155
5524400
0325415
5411140
5315423
2051403
0123304
5201430
3512445
3201521
0243001
0214045
5043435
5450454
0151545
3321111
2445023
1240033
4342101
5220054
4111550
5001352
3321410
0234411
1532331
4402430
1255141
5350543
3533130
0042041
2135150
3303041
2112235
4252552
2254531
5323311
1321404
4321022
2032125
0533555
5302254
4540442
3224443
2114041
5125334
0430040
1021421
2502410
2242144
5153031
1451015
2223022
5332042
1344213
1441125
3052501
2320552
3042422
1535040
4005223
1225353
5443532
0255305
1032240
5132414
0504142
2120531
2452512
1311554
2313030
1220425
0211214
0035454
0013251
3113434
1335120
0040012
5422203
5234523
0330322
0331233
0552323
4154421
5001044
4024102
1551214
5550135
1330101
3541205
5243513
3115113
3104200
4554244
3025035
4440245
4220231
5144344
5245210
5010510
3251342
4022140
3142355
1054153
1505312
4541511
2434234
0054131
0422221
4525344
1353025
2000215
3352433
3431541
4452014
1412004
5531020
2420320
3150134
1432544
0015300
5514303
4235540
3144132
3131024
5313505
4212314
5245104
1233202
0212553
3002133
3425514
5450122
2555442
3115002
1343410
1100324
5025545
5405111
4033524
3453152
1113521
3510013
4403505
2144025
1134405
1414310
3045244
3353224
2300402
1142520
3410323
5140432
1030532
2024014
4515411
4135331
0455232
4414252
4200000
4424533
4041053
4050315
3203250
2354310
1151502
4101413
3403311
2303343
3404032
3330300
4133212
2542114
2011332
0144453
2535201
5524225
5553041
2551240
3453115
2004500
1103140
1520250
2401154
3230515
1102242
2121345
1523133
0510504
5132505
0310155
0103423
2505125
4311134
0155520
5141251
1205434
1424441
3522512
5054000
4532003
2514124
2443451
2355354
3444050
4123053
3314222
0304514
4351100
0355051
2040321
4010442
4503335
1502005
1125055
0411402
3253440
5204345
0541330
1451301
