14541342
54002444
15500330
15123302
51534001
42015534
03425104
13224113
20112501
35301540
43341451
24534135
15041031
04033432
31154203
53422130
50025052
20531412
30144421
12023355
44545202
14234552
03432253
33531510
23201511
02112050
43342522
45105520
04143240
35303311
43135411
12514423
30214013
25013510
04243410
51355124
14250225
35432342
50544231
53410123
52045121
21011403
31043002
04320255
03024431
01302450
15235230
50131442
55442450
03051420
13453102
54252021
13121253
25401204
30413215
13301225
33202242
40445305
14111115
23045212
31553305
14400122
22015025
32155113
32344351
55021300
35535231
05315413
25424210
45512231
50241335
10012321
05003233
24430545
20120452
14000415
03454242
42524440
33033214
14451514
50154355
40124025
42141011
02545113
01230031
20313353
04232215
33514121
35111330
55510140
42231241
04504020
23104213
04343523
33205443
05011425
30433502
05442201
14433004
45112344
50320533
30145042
55255344
32223445
53153403
05041542
05333554
55302120
42342154
43313242
15345244
40150101
00114100
32153024
11130541
44250151
33452115
12042210
11234343
12525133
31231022
00042145
45401455
01345503
05544350
33325343
15004104
13011102
14305404
51111243
42404033
10103245
50202015
34245021
05002412
13132354
33434524
04311232
40045553
03343415
23323110
41433311
22521220
52113320
24020234
43552312
35531104
05253315
25545054
55155410
35540212
35243541
02530105
03231300
02322421
40233533
02325105
12050404
04413143
42445415
40144450
33420543
51041150
44542551
03454525
44215335
05343050
35522014
34351105
03431114
24150513
01232121
03324334
00415322
40115155
53230422
44125300
24055301
25150511
24532502
33105232
20504324
02542025
05020102
32244425
32001514
52401325
20105550
12312505
22251314
31331354
14022242
03130005
20240000
01033110
23102422
22103213
45122115
12253513
30544540
11530242
03205432
43134303
05125224
32543253
10512003
14113030
30255204
53312335
30430351
54104512
02212520
51113351
34423323
32320550
04513300
01022531
02145341
40334244
42003451
25031451
03115251
01321012
40001004
41511054
22235134
43252500
51100034
10331405
34552245
43021325
43543534
40524335
10223504
01114515
33415000
25344123
54125525
54521152
22405142
12444234
44401035
33211353
25301030
32413434
33132140
22121431
41441213
15552450
32441102
22253435
41313411
34434234
13404301
20452154
13340112
52034233
24045530
21255101
55311201
54410500
31123542
14515011
52053115
30501401
40043013
11034022
51255450
51230105
54333015
25322241
10222340
40324100
41224404
05245315
01522502
43231225
52152204
40403222
50240154
40213250
04342014
40351534
25142120
10503310
25423251
12024034
51042121
24041124
00532220
53323204
44550032
01012235
20332400
45110550
52521551
05241223
45352243
51051532
34504254
10530150
25335352
55152555
44032455
54142310
22000111
02310341
01000351
31031455
11201205
01141434
50102330
31545413
42031242
51000420
05500441
10135215
03543353
34104331
00353342
32233303
22104242
25500203
04231400
44131221
02502233
41051503
21124103
12244440
23013543
54512113
14122420
02401332
15331325
53314030
35221134
33110432
33421201
55503535
41422050
34025434
35253421
50555212
24202021
04220130
24315220
34224533
43213415
13513254
14010340
24120344
22135514
23034551
53403411
54451550
44132400
42340335
21244010
54003522
51332312
35455513
54405341
44023541
23220345
10353230
34010053
21253042
15403412
15151544
01125153
25254512
52353540
04405024
45153204
25140424
44510230
30441133
14504525
04444455
25022355
34121554
13055345
53534145
10511114
22442553
25433330
14215312
23411440
52022023
32400423
21050045
11304423
53023322
20350414
10244232
45534155
43103530
34210145
42251442
32514532
30203135
15222005
33242303
01440550
23410011
10043201
22412245
43403345
03003001
05354151
42225015
04102202
41141235
05255235
35025505
22005200
51501234
14531050
54431252
13132434
03052334
00535355
32021412
44214301
41022230
32124305
33500454
45521301
30221515
55013054
41425324
34310005
23000542
22221150
31253555
33312035
41334202
45303003
20341545
35350144
23555105
14550324
20400425
51402544
05430240
53515400
35503022
45334013
52350302
40515543
52110514
11324145
52234450
30032453
20222413
00252503
43314455
33254033
23212553
04054224
00341023
11102053
55031313
11300440
32120100
14233041
24303445
50435223
55351222
05212143
30134020
55133401
54200213
55333115
32040530
43120134
32535230
04155142
14414552
05333133
51115210
20553521
11105521
33541015
50445403
42054215
24324052
24442111
04045511
25424523
45554431
25415131
13120220
35330435
03300120
35405155
43221042
13545535
40532431
01513225
15454500
52433140
25452534
50414205
54304103
32052322
42212403
04425515
23454044
31210401
13522221
50120211
00143053
00523215
00300514
00335021
32402510
03352210
23332542
52511455
41202323
13333035
54533132
50005402
34230312
24012222
12431013
35300433
42232030
42454121
21452300
40412012
31015313
00520035
33355452
21314304
35053153
41014152
45433141
01010554
24200350
24315454
45042301
13144511
32110224
52423543
02533012
13244255
31335143
50203142
01153214
12451052
31344044
30325001
41320321
34034120
21122425
12245353
33043334
51244553
00155430
45425404
22430020
45553120
24413355
52030410
15440202
02150455
22321003
51434422
34455424
30224122
45004214
21225232
11552534
30312252
42243343
01544352
21510152
04511544
30051511
30133334
52502305
31120111
20211122
03452451
52445034
50422424
43100505
22552433
00554110
41415041
22340343
34330221
30343122
03411030
44223231
03524511
30403440
40040024
10201450
25200332
12314530
14354411
53304501
25542433
02023120
11340051
14455223
53123111
32200500
35230044
14005553
34454240
43155323
42420112
54312441
35345200
21501343
50421141
34554402
11155054
11520514
03214103
33345524
31555050
41241511
22420410
42425253
53222214
02400201
45133452
22443104
41505010
53233201
35100323
15220053
13443521
15412324
21032204
44540124
11242105
12333221
50400011
21134223
22132311
15500255
00050423
55531323
20052010
21303531
50523453
12134035
40010310
12321522
32252411
31442032
15132012
15020131
05404205
54211010
55140542
32015151
04525003
22143552
40355055
32432301
00454053
03045133
22330454
30051343
14030452
30515344
02251055
50453405
12104130
24135051
23312024
00204541
53504052
45325542
04150331
44154514
54544333
13033320
10003030
20111312
32202231
41303302
22525331
15241413
35201152
35032524
25204405
44344325
24432103
01134443
34531335
11055435
31352041
14303144
13442042
15002343
02404314
45431130
54323314
34111203
35214342
14352333
00222302
50342233
51350522
12505332
51204240
40300334
52224002
10451041
11054312
22551505
31311420
31431045
02110313
20214431
11131500
21435333
13251311
10325451
45055252
45244332
14324101
52322512
40205110
40310132
10440435
25453022
00001251
50542414
31052134
03551424
55515502
01215244
23041354
11423354
41535430
14030513
55454353
50445311
22044402
02334111
45202054
14234111
34103050
23151132
22012132
21543341
40511422
10255124
25310305
12150133
44242544
10424315
24411421
44100042
03223552
31523130
03330240
32304045
30450312
02350520
44301350
25503003
50225420
00122044
25524244
31530423
35044403
01352025
23111504
14252150
02155541
20031235
44053502
13210331
23240534
05451313
44444043
52510023
00133112
13305014
54044505
54130433
15250010
55124443
02105404
13352553
55555021
43305221
01020412
11145422
51453013
45040133
12355001
31204430
42530504
10141523
41240023
51212131
25535425
05511533
51243114
51115002
13521433
40502141
23150230
50153130
44335540
14503151
15015103
30111043
52343432
35420021
21542215
31301210
55540015
15114231
54441304
40555445
51340310
41414123
05102155
23542204
10302112
12532444
55101021
34113414
01400133
30000205
11213020
40540440
05300002
11140304
25114045
04521243
21551031
10345320
50054155
25025040
53331531
12210054
43414414
10502552
43004135
23354320
55124235
01450003
24202432
53550241
23530322
04054044
01123033
02035442
45210214
54011234
21305515
34225440
44023423
24143105
05535034
11524200
32130253
01421321
50405531
31005125
55443045
24322030
20523044
52254324
34243254
53201103
44053031
24141352
35022251
02421444
42132525
11313253
31002513
24533414
03505040
53030303
53101545
12141141
05514114
00151000
35452402
11311130
45210525
23045245
12213402
50014515
50344524
13445150
21522540
24345133
13435502
10410443
53205023
23143425
35223120
54024241
33140441
42513001
01440320
31320223
41533513
25115033
12021313
15215541
14423425
00124532
15553143
53235554
04532354
00034340
21501112
23423035
02353131
22513540
53144004
44424332
21544441
11043445
41403552
20231351
33025550
52305253
53125445
21403200
54053250
51042243
04121415
20020521
20445444
04132523
32525545
40411520
43543402
41030345
24251223
53414312
42501124
41523155
54335044
11011335
42554350
05114022
34312104
41312111
15434155
42235122
02105310
25213232
50230534
00010201
20054143
55225351
02004553
34142535
43032043
51521055
51544220
01435411
21024251
52142152
31242355
13012444
15014225
51552442
40035114
52311143
31053344
20230043
41103124
00434535
34355512
05310452
40122223
51354415
11441225
15350042
42432125
45321424
40500303
23122051
51450235
30500523
43040220
41151140
34024010
30034332
21203524
23333153
41152132
14540401
45234020
24351241
55144154
20104054
00213404
43531053
03244144
52241000
30421254
53520044
04203324
31414551
04001101
02042005
33505314
03011145
25231545
55420432
11422411
33502100
43450254
02240252
44301413
32314215
33255330
43320403
14422535
12411211
02351204
12031024
55332531
30152225
32420545
53050055
