14323205
53225155
04143104
41033545
13323412
14110432
31254055
41310155
01222552
54231023
12241533
10033323
03125234
32503413
12501002
05153550
52552334
23141322
54352452
44510043
11315104
45343015
00451204
41112131
25532222
50313545
25515452
03233240
34514450
45322331
22053241
24133042
54122531
00154312
25215003
42143553
10145252
01005242
22004342
04534232
14141505
04100451
21320521
45202102
32243244
54012540
00034451
52512205
01053253
32242150
32024105
03505323
53054125
54010122
51524533
15014151
41503054
32542421
31503304
41555514
24435043
15523420
43124311
41054021
40020151
43501541
02251455
14203221
43434035
12113213
51211522
22200112
35213145
20524123
42534220
53445201
04232302
01331441
13150412
34523342
43112410
25312533
45431314
23221235
42234142
00555000
24010401
41530043
40131425
53414545
15245223
35132250
15535000
15023301
43003134
40533030
00520541
20410555
52031442
43430101
53502400
41042004
04442524
00502152
11252124
02350553
43241030
03120340
35453003
05141010
43342420
45125122
35044035
53521224
44433422
52305351
11152214
25542434
34212404
23252423
22012325
20250521
11432504
11550153
44345054
12302442
10532252
35344241
20105054
05303504
44404330
03114551
51142523
31003452
52455504
00013335
23342502
55514424
22554013
10524212
20145443
43032150
15324030
42350003
15125033
35433143
50423002
20543012
31551153
35424011
24245415
42024043
34101134
13221011
02215144
55222202
44351244
52500130
23142344
04152331
30002320
30012553
55115314
44235513
52211321
01240401
31350202
24255404
20402411
11451441
34315153
15141301
14313350
14405445
32121242
52201113
24345304
44102013
53040330
11534325
33334554
25443351
13305201
55004015
21525313
35105012
24420425
21401201
45443140
02104402
40114420
42511132
41304103
10451113
45324554
14052135
04255031
54400501
51023250
15124531
52005535
25103311
43345242
02554441
33032213
13204421
05425221
55425430
41103522
15550025
50525011
11243053
15300334
10142041
32335430
33155340
23413534
15425514
11340141
43425240
42325432
00201345
00042231
24512011
12422122
54542121
24533120
33001033
01552321
23511021
21453015
22452023
01051511
45432255
00334220
55332530
24031514
21101031
05105202
20321013
00512522
41251512
24243314
05533353
32412014
52454520
33054144
54331101
32205543
50300133
21210020
50032034
42115345
24022051
22500301
53032341
40425333
22425352
20050240
42230404
33422155
14424424
33034330
04501551
31014342
04511325
43052505
12120033
45042312
30201200
24144200
31142445
55521433
02535223
30145204
55400041
24241552
21515035
21104154
14015051
02424245
40541104
01354235
25055430
54311410
34451535
31512112
14505025
11013521
20335331
22151050
45151543
22542045
13544343
01405335
31125530
33100225
04402143
14020500
02040225
03231005
31444553
45111535
40015105
00210110
02034512
03541533
05313210
15255342
53115043
45243022
54421015
03014130
51223141
32054412
01325154
11224102
35402531
15444203
05213031
13232435
44315520
30441142
31331023
01001320
04003420
02432421
45205134
43211044
51231154
33002332
22103424
14135111
05022353
35041521
31235423
50352015
21323305
55225350
01250530
54554253
44140223
30005503
04222000
41401512
30123355
24304512
40515201
34504022
04413115
40022435
01514430
14440250
25221103
22244051
00141253
44325402
52455415
12514554
13554503
25030055
05132544
54143011
50320252
54354341
23343435
12154055
44011230
45441045
50503244
14014012
20222120
24520114
51515023
24123553
53113305
32150314
44215324
40312141
13022053
23524401
31410231
50551310
00423352
12105123
45434413
02343155
13302310
51214214
10212551
05350111
44204355
53403151
52520542
54101110
55010504
55011250
32350343
33010441
31220032
30351403
23511532
54430315
21334422
52411004
10552233
10441434
12305540
34435214
15513234
34050543
02540322
05010543
41452450
45114052
33135451
31300144
00415413
04120121
12134044
20454531
42522455
01512143
31104031
50230300
04242443
21122413
02400133
45333501
12332011
01440452
40121304
30303120
33244320
20414121
55501105
40132340
02303041
41013443
24533434
34231044
05140453
12314515
00225205
42420451
12343332
24214240
15311345
50153431
53321140
11030352
44053232
23424253
53151554
20214505
25005455
20023225
53350014
12002004
54443343
22153532
20054152
45201253
53442324
40253351
03245105
23151215
22125201
10053544
32213103
44500442
51140210
05325045
43522232
13323123
52404254
44243201
03401430
13554131
24043533
05315435
50442230
55140444
35323451
55120135
41123234
20311444
10031231
03312304
21324445
13351255
43131352
13344454
54224032
04412203
43512000
20223243
00311053
32513504
01140344
40005424
01220435
53250331
31205005
25423030
42253225
32525131
03452042
51315510
14130220
52023114
11253410
34302255
11035032
50431355
22021040
43154204
05342113
21541240
55303043
10103315
30224001
43544150
42302024
10230045
04353044
21110303
20114515
11042022
21232131
05512241
34440012
10101341
41202535
33203552
11501423
20401124
04355330
15232525
25201540
24502500
30531115
13244000
12432310
05035250
35030432
01553101
24505235
55341231
11412433
40544535
05251002
00233114
24021343
20453300
02045141
42205010
03232012
43513313
50134021
02142232
42411440
13530305
33540213
12522244
30311302
00044003
32323335
25321353
04450152
11110513
45504142
01524044
33541051
51055222
51505342
23305220
42121500
23400033
31451322
42050032
31314514
54004304
33444115
51115040
31404223
54051002
53240545
10234143
40300215
55413212
10223024
41020320
51514351
25554311
05244424
43413021
35515340
13400154
10243112
32114225
14331544
40521021
50535551
30205432
01152420
44221454
53251101
41055343
42023510
30333211
23025020
01454325
32344025
14045132
11545255
10304101
23320442
52314233
51451245
05355414
25321225
21204203
04345503
20213340
33420510
42002214
12055203
50534204
54534440
11352052
44341411
45452154
50102243
54102353
12421525
53135520
41332210
10413405
51301435
51201432
44114241
02314254
34342222
00543500
11530430
40222323
35201411
00404524
30150024
12212435
05201124
54423132
32545333
55154123
14250144
02053403
11125451
03550524
05505150
50430020
52024320
31411400
21200350
11552305
02441510
15022144
05532125
43200523
11154100
40135510
44145155
53333233
25402022
43455052
05321532
35030124
12433341
23300400
34313030
53202221
22430202
52405055
42000244
53134531
13525545
21044215
25015212
20431542
30220413
21355532
21541120
30111234
31543225
45442555
35053515
30035245
30544043
21130251
01532033
21322043
31321304
14214133
04434454
30043042
01035013
30510224
52033050
22254334
03504045
25155321
01445031
35335522
14553210
01101515
55234205
04255153
23230322
25003102
04500014
20240125
33551404
15540511
04125524
30425344
34424140
02344312
32041354
50150145
33242514
03102131
20022304
55540002
45230251
40330032
55000325
02220054
03223404
53302505
05120305
00020534
42002511
22132115
51422414
02335102
15401233
50245230
42035121
35445101
11403215
24350125
45545403
30130503
53241232
14542034
33215253
22331135
14121552
52210455
40444114
55213523
40044410
33021120
04543442
35415545
32024201
35502054
33532442
12351221
52231024
51035153
33335115
51305100
03430503
30312321
31521510
23314002
04521203
55153222
35204313
23352111
12230230
33450405
15102352
20344131
00000212
45510500
52530411
24245541
32453420
21313252
42303322
30152103
43520015
20505511
33143102
03541214
21434540
01414054
15533135
44450315
40011013
32312001
42444431
02113022
25523241
34122024
12020423
05254513
52334142
21045554
14451220
40550332
13503531
20340454
10130001
35235355
53020211
24001145
10031402
44322523
41422544
22110110
24113154
02204500
51144335
33011125
32223511
44250130
45524345
25334000
34555421
41431211
44545311
13004214
42410521
13010240
10334253
53312421
30322515
33354520
00152035
40013555
55202010
03224142
43014202
05440330
44403004
51332555
04523015
32301222
21131444
41215441
13415302
02131201
35520113
53253435
52243452
32434532
20203233
55133444
53304453
51042051
45030234
03310022
41241300
20552254
32340534
01123140
41500415
41353134
31452111
23030113
22333553
31020111
14042103
11433334
34421251
43025551
54135405
32252220
55454442
23555142
31233331
44133555
51003513
53430313
34530050
13443040
54222212
12452501
25231450
14030451
11420223
25012004
12540104
03443221
13112225
04044522
31405524
25104245
04310234
35054301
50415032
31040133
22032553
14320321
53045413
34034101
51120005
22441403
02131333
52142100
43553052
54253502
52155512
13215550
52222343
22553423
20442305
12045044
51343324
53535144
22112352
50221152
32240311
50122112
55151044
43033345
42105350
01134112
15414320
10140520
50244554
51532403
41021050
10245315
55250243
20104435
34411341
23510155
04124433
12525454
14330313
00322400
35252230
01433400
34132313
43342350
03021422
50543455
13444522
15431152
13133442
34143300
22302210
01220315
14200403
40224522
33133041
10135130
15224440
41021505
01000002
25043410
35111433
12015330
55035243
04301112
10355425
32153151
10301550
20510354
10410542
03401344
25531512
11004540
21050434
23131103
40354010
53235412
51445125
05404301
43141543
33515434
55450553
01244211
54210335
15041415
34540535
40252442
02522410
43412132
34025213
14324155
45052401
43153433
51345312
25552540
03055311
40110414
40140201
03000251
22533525
13100534
15053354
30404050
00121530
32553250
42403305
21032224
24413212
42411353
23033024
50314303
11021330
50341005
35534302
02051120
35210552
41135502
43334324
10511142
35000040
00431535
22445224
40443223
45351023
11211214
22340540
45354405
03011455
44453123
23103050
35354134
04330245
44032345
54024404
22011311
34114545
35355241
34045410
50041501
25113401
24055350
23455110
33422003
25014523
25420204
55300420
