43035014
12530522
24025133
25410222
03025220
14050024
32151400
10053122
05513411
13254504
04150110
52531000
54240531
54404415
41124105
02423053
45234135
22550011
42454224
51003252
01141021
55543115
14405423
32223035
01035501
55554422
02105132
44145143
44511150
51553334
32521231
53110124
51512515
05500253
15115555
12001205
33433103
30545512
15355353
31505025
02324513
11320140
31402215
50152051
03343432
13042155
22014141
52155243
42333413
10420531
04230454
40410335
05102034
31331125
10124333
50253405
00444302
14432312
12140235
12211030
15221445
21300310
20131533
41011323
21203142
23515551
30004250
51314151
45005541
00515445
22113040
32442420
24335245
04134550
00004444
25543520
02212322
21441054
45552042
23413534
53012403
15024324
50303321
54003042
52320035
33300002
35433152
53152210
22210003
03221152
21322454
44255020
00352123
44454431
43344023
35202333
14143214
44553203
40501354
42043544
01415230
11353500
25054213
04301005
00040015
52020553
54121302
40343503
55425002
43503455
30240340
20133325
53232221
31214545
32204111
44205251
30211013
55431514
55344050
34410101
50335310
25245305
44524310
13311244
45030430
23534032
05351542
25451341
33355234
51225444
34122524
33144342
21040402
04242244
11232043
55101423
11114412
43401540
12135432
20224450
02051335
23021411
11544133
23450555
42342351
25022100
31155453
45113201
00534204
40322222
54432540
43130141
24314232
10415114
03523343
34010355
41220212
34541233
22505104
35320421
03404533
15502401
32522344
13243310
31033131
10435041
44330104
50441132
20102534
