03340304
14451415
25502520
30013031
41124142
52235253
03500412
14011523
25122034
30233145
41344250
52455301
01252120
12303231
23414342
34525453
45030504
50141015
05544312
10055423
21100534
32211045
43322150
54433201
04214440
15325551
20430002
31541113
42052224
53103335
00113514
11224025
22335130
33440241
44551352
55002403
01400144
12511255
23022300
34133411
45244522
50355033
05055552
10100003
21211114
32322225
43433330
54544441
04030155
15141200
20252311
31303422
42414533
53525044
04303252
15414303
20525414
31030525
42141030
53252141
05024420
10135531
21240042
35351153
43402204
54513315
03015253
14120304
25231415
30342520
41453031
52504142
03453525
14504030
25015141
30120252
41231303
52342414
01131234
12242345
23353450
34404501
45515012
50020123
05533250
10044301
21155412
32200523
43311034
54422145
02333044
13444155
24555200
35000311
40111422
51222533
03514521
14025032
25130143
30241254
41352305
52403410
01025441
12130552
23241003
34352114
45403225
50514330
04332210
15443321
20554432
31005543
42110054
53221105
04105500
15210011
20321122
31432233
42543344
53054455
02432311
13543422
24054533
35105044
40210155
51321200
00032351
11143132
22254213
33305304
55521210
00001344
11112455
22223500
33334011
44445122
55550233
01502430
12013541
23124052
34235103
45340214
50451325
02115331
13220442
24331553
35442004
40553115
51004220
01451241
12502352
23013403
34124514
45235025
50340130
02323153
13434204
24545315
35050420
40101531
51212042
01314004
12425115
23530220
34041331
45152442
50203553
04022543
15133054
20244105
31355210
42400321
53511432
04221351
15332402
20443513
31554024
42005135
53110240
02243151
13354202
24405313
35510424
40021535
51132040
05022134
10133245
21244350
32355401
43400512
54511023
01112343
12223454
23334505
34445010
45550121
50001232
03041401
14152512
25203023
30314134
41425245
52530350
02325430
13430541
24541052
35052003
40103214
51214325
03244124
14355235
25400340
30511451
41022502
52133013
01341332
12452443
23503554
34014005
45125110
50230221
01224032
12335143
23440254
34551305
45002410
50113521
01154454
12205505
23310010
34421121
45532232
50043343
00230540
11341051
22452102
33503213
44014324
55125435
02051055
13102100
24213211
35324322
40435433
51540544
00452250
11503301
22014412
33125523
44230034
55341145
02515442
13020553
24131004
35242115
40353220
51404331
03532423
14043534
25154045
30005550
41310201
52421312
05142105
10253210
21304321
32415432
43520543
54031054
00354323
11405434
22510545
33021050
44132101
55243212
04315531
15420042
20531153
31042204
42153315
53204420
00543024
11054135
22105240
33210351
44321402
55432513
03511103
14022214
25133325
30244430
41355541
52400052
05225122
10330233
21441344
32552455
43003500
54114011
04312304
15423415
20534520
31045031
42150142
53201253
00542240
11053351
22104402
33215513
44320024
55431135
04440002
15551113
20002224
31113335
42224440
53335551
03345045
14450250
25501301
30012412
41123523
52234034
03142353
14253404
25304515
30415020
41520131
52031242
00140425
11251530
22302041
33413152
44524203
55035314
05053330
10104441
21215552
32320003
43431114
54542225
04251035
15302140
20413251
31524302
42035413
53140524
04444251
10555302
21000413
32111424
43222035
54333140
03323515
14434020
25545131
30050242
41101353
52212404
05020345
10131450
21242501
32353012
43404123
54515234
02520202
13031313
24142424
35253535
40304040
51415151
00420030
11531141
22042252
33153303
44204414
55315525
02141211
13252022
24303033
35414544
40525355
51430301
00124244
11235355
22340400
33451511
44502022
55013133
02204315
13315420
24420531
35531042
40042153
51153204
01431522
12542033
23053144
34104255
45215300
50320411
00350041
11401152
22512203
33023314
44134425
55245530
01413205
12524310
23035421
34140532
45251043
50302154
05312221
10423332
21534443
32045554
43150005
54201110
01541400
12052511
23103022
34214133
45325244
50430355
04123220
15234331
20345442
31450553
42501004
53012115
03151340
14202451
25313502
30424013
41535124
52040235
00544235
11055340
22100451
33211502
44322013
55433124
03333131
14444242
25555353
30000404
41111515
52222020
02020114
13131225
24242330
35353441
40404552
51515003
03202232
14313343
25424454
30535505
41040010
52151121
03555211
14000322
25111433
30222544
41333055
52444100
03412013
14523124
25034235
30145340
41250451
52301502
01355452
12400503
23511014
34022125
45133230
50244341
04451254
15502305
20013410
31124521
42235032
53340143
00305115
11410220
22521331
33032442
44143553
55254004
04431043
15542154
20053205
31104310
42215421
53320532
02443140
13554251
24005302
35110413
40221524
51332035
02103444
13214550
24325001
35430112
40541223
51052334
03522112
14033223
25144334
30255445
41300550
52411001
00505533
11010044
22121155
33232200
44343311
55454422
03405050
14510101
25021212
30132323
41243434
52354545
05210544
10321055
21442100
32543311
43050322
44101435
02201220
13312331
24423442
35534553
40045004
51150115
01411554
12522005
23033110
34144221
45255332
50300443
05340551
10451002
21502113
32013224
43124335
54235440
00233302
11344413
22455524
33500035
44011140
55122251
04143133
15254244
20305355
31410400
42521511
53032022
05134401
10245512
21350023
32401134
43512245
54023350
01334503
12445014
23550125
34001230
45112341
50223452
05304004
10415115
21520220
32031331
43142442
54253553
01203143
12314254
23425305
34530410
45041521
50152032
00510352
11021403
22132514
33243025
44354130
55405241
04202411
15013522
20424033
31535144
42540255
53151300
00122400
11233511
22344022
33455133
44500244
55011355
05435545
10540050
21051101
32102212
43213323
54324434
00411142
11522253
22033304
33144415
44255520
55300031
02414025
13525130
24030241
35141352
40252403
51303514
04015425
15120530
20231041
31342152
42453203
53504314
05044043
10155154
21200205
32311310
43422421
54533532
02352532
13403043
24514154
35025205
40130310
51241421
02315110
13420221
24531332
35042443
40153554
51204005
04335342
15440453
20551504
31002015
42113120
53224231
04422334
15533445
20044550
31155001
42200112
53311223
04112122
15223233
20334344
31445415
42550500
53001011
00454141
11505252
22010303
33121414
44232525
55343030
02554004
13000115
24111220
35222331
40333442
05513014
10024125
21135230
32240341
43351452
54402503
03230033
14341154
25452255
30503300
41014411
52125522
01122311
12233422
23344533
34455044
45504155
50011200
03242555
14333000
25004111
30515222
41020333
52131444
05004132
10115243
21220354
32331405
43442510
54553021
04034150
15145201
20250312
31301423
42412534
53523045
04500521
15011032
20122143
31233254
42344305
53455410
05154500
10205011
21310122
32421233
43532344
54043455
02002053
13113104
24424215
35335320
40440431
51551542
04041215
15152320
20203431
31314542
42425053
53530104
04150213
15201324
20312435
31423540
42534051
53045102
01530015
12041120
23152231
34203342
45314453
50425504
00005201
11110312
22221423
33332534
44443045
55554150
01233410
12344521
23455032
34500143
45011254
50122305
05101542
10212053
21323104
32434215
43545320
54050431
05421403
10532514
21043025
32154130
43205241
54310352
04053012
15104123
20215234
31320345
42431450
53542501
00434424
11545535
22050040
33101151
44212202
55323313
05040023
10151134
21202245
32313350
43424401
54535512
00224313
11335424
22440535
33551040
44002151
55113202
02135105
13240210
24351321
35402432
40513543
51024054
04553433
15004544
20115055
31220100
42331211
53442322
05205454
10310505
21421010
32532121
43043232
54154343
02003522
13114033
24225144
35330255
40441300
51552411
03300455
14411540
25522051
40033102
41144213
52255324
03001320
14112431
25223542
30334053
41445104
52550215
02250103
13301214
24412325
35523430
40034541
51145052
05331500
10442011
21553122
32004233
43115344
54220455
03010530
14121041
25232152
30343203
41454314
52505425
03334345
14045450
25150501
30201012
41312123
52423234
01030432
12141543
23252054
34303105
45414210
50525321
05155015
10200120
21311231
32422342
43533453
54044504
04410414
15521525
20032030
31143141
42254252
53305303
04245004
15350115
20401220
31512331
42023442
53134553
01445323
12550434
23001545
34112050
45223101
50334212
24454100
15455211
20500322
31011433
42122544
53233055
02210235
43321343
24432451
35543502
40054013
51105124
01100021
12215132
23322243
34433354
45544405
50055510
01524555
12035000
23140111
34251222
45302333
50413444
00211433
11322544
22433015
33544100
44055211
55100302
03054534
14105025
25210130
30321241
41432352
52543403
03135252
14240303
25351414
30402525
41513030
52024141
03123001
14234112
25345223
30450334
41501445
52012550
05321025
10432130
21543241
32054352
43105403
54210514
05003051
10114102
21225213
32330324
43441435
54552540
05521534
10032045
21143150
32254201
43305312
54410423
02534323
13045434
24150545
35205050
40312101
51423212
12352223
23241131
33024220
54145133
25510000
10041002
30325111
45220350
11544544
01212010
43251513
52444333
04502331
31131120
11353342
23203134
12120222
04352045
15310435
51401550
05513210
23432405
34300441
20020045
13440440
21035455
02232201
55050041
31140233
22241452
34511545
34202254
44453555
01413123
11433511
32111103
00123150
21434223
05444031
23254333
54321520
50105152
12221334
32555240
42350101
50301000
02520551
05555554
11532003
01050113
