14323205
30055353
04102104
15011052
13323112
04140032
31254045
41310155
01222552
04131022
12241533
40513323
03155234
32503414
12501002
14311130
52552334
20331322
54352452
52510013
51215404
03342315
00452234
41112531
25402422
50313543
10510441
53233340
31514450
44322331
22053241
24102042
50045042
00154312
45215113
42143353
10145254
01005242
22004342
04534232
55122505
04100451
33545032
10454001
32243244
54012540
00024451
45551045
01053203
32242150
32024105
03405323
50051123
54010122
01524530
15412531
44513454
32542421
32123321
41555514
24435043
10143520
43124311
41054021
40020151
43501211
02251455
14203221
43434035
12113213
51111524
22202112
44213345
00500123
42534220
54445241
04232302
01331441
13150412
34523342
25201411
24352223
45521303
21522335
41234142
00555000
24010431
41130123
41131425
51414545
10545122
04110454
15535000
13023331
40533030
03520141
20410555
52035441
15430101
53502400
41042302
32133254
00502055
21252124
02350550
43241030
13242131
35153013
05141010
40303431
05325112
33302454
53521225
44533422
52305351
11154214
42142434
34212404
24442033
22114325
01230341
11433501
51220103
34342024
12312442
23432252
35341240
20205054
15313404
44404330
43145051
51142523
31003452
52455504
00013335
20341503
55544424
22254013
10524212
53010205
43532120
15324030
35322503
41110053
35433143
50423002
20543012
31521153
35424011
24244433
42024043
54121134
13221011
02215144
15122202
23341224
52500130
23142344
25142235
32002020
24112505
00113314
44235513
52211321
01240401
31350202
24255404
20402411
11451441
34315153
15141301
15333250
14405445
32121242
52011501
20412024
44102013
53052325
11534345
10430414
24442351
13305201
55004111
04345340
35105014
24125224
01532251
44443140
02104402
40114420
42511132
41304123
14451113
45324554
14052155
04255031
54400501
51023250
23320521
52005535
35003310
43345242
02554441
53232013
13204421
05425221
54422425
41103522
15250022
14532434
11243053
15300334
50142041
32431433
44055020
23413534
15125514
11340141
43425240
32322552
00521545
00042231
44512014
12422122
54544145
24533120
33001033
01555321
24311021
21413015
32552553
20550240
40143241
31311003
55333532
24031514
21103131
55102252
20321313
40212522
41221512
21203314
05533353
00412243
52404230
33054144
05241103
32205540
50310135
21210020
30032034
42115345
24022051
22500303
13032331
40425333
22425352
54343553
42231444
53412123
14454324
33034310
04501551
11014313
04511105
43012555
12120033
45042312
30201200
24044200
31142445
55551031
02515023
30145304
45400041
44240252
21315035
21104151
14044055
02420245
40321104
01554533
55055430
54311410
34451535
31512112
14214523
11013021
20335331
22151050
44151543
22552045
13502343
35031233
31125430
33100225
04202443
01512143
24043404
03450021
31444553
45111335
40015105
00210110
01033112
05152450
05313210
15255342
53325003
45243024
34051415
03114134
52223141
05203534
01355154
11224102
35002541
15445103
05213031
33102132
44315521
22441142
03331354
01303322
03003400
00432421
45205131
43211244
54231154
35005332
22103224
14155111
05022353
35041521
31235423
50352015
21353304
55225300
04104210
54554253
50525153
50214003
04224000
51401012
21142155
24304512
40515201
34504222
04213115
30024234
34334235
12044255
21424003
22244051
00141233
44325402
23455105
12534554
13554503
32220223
00132504
54143011
50320222
54354341
23030430
10105030
44001530
05400035
50503244
14014012
00441250
24520114
51545020
54125533
53113300
00250323
44235354
45312144
03025553
34143300
31410231
50551310
00423352
12105123
45434413
02323155
13000310
55214202
10212151
05055201
44204355
53403151
52520542
33034434
50042433
55021244
32350343
33033441
11050035
30351403
23531332
55430314
21324424
03421004
10551233
15441434
12355220
34435214
24515225
34050543
02540322
12531115
41452450
45124055
33135451
31302544
00415413
05130121
12134044
20451541
22221235
14020500
31104031
54110304
11242304
21422412
02430133
45333501
11332011
01440452
40404522
30303140
02344425
10441121
24551102
40132340
02303041
01032135
31030345
21231044
25140532
12314515
00225205
42420451
12043332
20214240
55311345
50453431
53321140
21230500
24003234
23424253
53151354
20244505
55401435
30013025
53350014
02013405
22402344
22053532
20054152
45001253
50132145
40253351
03245425
23451215
22125201
10053544
32213103
44100344
51120210
55325025
24552230
13333123
02112254
44543201
03401430
43501430
23223553
05315451
51442235
45040145
35323451
41404204
51141234
20310444
12301231
03304304
23335445
13351255
43131352
13544454
54224032
04412203
23512000
53431522
21511035
32514504
55410442
40005424
05510435
53250331
32205005
25423130
42255225
24525131
03452042
03513510
32330125
52023114
11253410
24305053
10231032
50431055
25151444
43154204
05342113
21541342
55303043
13113025
30225041
03044150
42301544
14230004
04353044
21110305
20223253
10542220
25532041
01212312
32440014
10101345
41202005
33203532
11501423
20401024
04354330
15232525
54501034
24505510
30525135
33210300
12432310
00035250
35230432
31523501
32305233
23222420
13355435
03240545
05111002
43352113
54031323
20453300
02045141
42205010
34323523
33510343
50134021
02232531
42411440
13530305
23540213
12522244
30311332
03043003
33323335
25341355
04450152
23533405
45554132
01544044
33541051
52054222
51505342
25505223
42121530
22400433
31451322
42020032
31310310
14120352
33134215
53115044
15105243
54051002
43013252
10234143
40300215
55413212
10223324
41020320
51514351
25554311
53004054
15315324
35515340
13400154
00243152
34155505
14331544
40521021
50534551
50203442
15150453
43223455
53251501
41055343
42023510
30233211
23025020
01454225
52334415
14025134
41545255
10304101
23320442
52314233
51421040
32325414
25004225
21203231
01345534
52515315
33420510
42002214
12055203
50535204
54334440
11352052
44341411
14420424
40022100
52102352
12421525
53154540
41332220
10413405
51300435
01201432
44114241
04014211
32210422
25534114
11510234
41523233
30502335
00334525
30150024
12213435
05250114
54422132
33545333
35244122
14200145
05023445
11125451
03550524
45505150
50440350
52524320
35411100
21200350
11553305
02442510
15021142
35532215
43200503
11154100
40135510
44041315
03333233
44432125
42455052
05321532
35303424
42530041
43340404
34113030
53202221
22430202
54405554
20130312
53034531
13525545
21045410
21055212
44411522
40200415
21355532
21041120
30111111
31043225
05445545
30253515
30133245
30544043
21130252
04332030
21322043
35231300
14514133
04434454
25043341
01035015
30510224
52033050
22254334
03504045
24150321
01445031
35335152
14523010
01101515
51234105
05254553
23233022
25003103
54533301
20140125
33551424
15540511
04522524
30424344
34424140
02334352
32041354
50150145
33242514
15102141
20022304
55543502
45231251
40330032
54000325
02220054
03223134
23305505
05120305
10030513
42202143
32452155
41422544
02335102
02501301
50245230
42035124
25445154
15403215
04355121
45545403
30100503
53141115
10302035
33215253
20331134
11451550
54230455
40444114
55513121
40044410
54241120
04523442
05035544
33454204
15502054
34532242
52351211
52333024
30542502
42344115
51305100
00130503
40302321
31432520
23314002
05531220
45153222
35204313
43312111
12230230
33450405
14515352
20344131
00000012
45510500
43135434
24245541
02453420
21313252
05143200
30152103
23050015
20505511
33143102
03541214
21434241
01414054
15553135
44450315
00011014
32312001
42444421
01115220
05544202
31122024
12020423
00234510
52114142
21145551
14451240
41014432
53525412
30340453
20350001
25235355
55340211
23001145
10031402
14142522
40353545
22110110
24513154
02204520
55144335
30201125
32220511
44250130
34024145
25334000
34550421
41431111
40550302
13004514
42414511
13010240
10334253
53112431
51012101
33354520
03152035
55222040
03254102
43222232
05440333
44403004
41332555
04423015
45101142
24534401
41235213
13415302
02431203
35520155
51253055
52241452
32434531
10202533
55123414
53304453
53040052
45030233
03310022
41241300
23214121
30220534
01123140
41500415
41153134
31552111
30331042
34443012
21155113
25012433
11435334
34421251
31015502
54135205
32454412
55125322
20115423
51233333
44133555
51403513
53444543
34530050
13443040
54222214
12352501
20521450
13510551
11420223
55012004
12540104
03443521
33012225
04044522
31100544
25201540
44300233
33251353
50415432
31040133
22032553
15134321
51045413
34034101
04120005
22444403
04133333
52140400
43553052
54253502
52155512
13215550
52222343
24553443
25442305
14045043
51343324
53535144
35152250
50111452
30244312
50422210
25525034
43033503
54410020
50105132
15414320
10010522
50244554
51532403
41324050
12245315
55250243
20104435
34411341
23500151
03124443
12525452
14340313
00322400
35252230
01433400
34132313
43342350
03021422
52543435
13444222
14435453
12133442
31501205
22302200
11424315
14101403
30020324
03133541
11132130
15224440
41021505
01000004
25144532
35211433
02015330
51324511
34301112
10355425
55105150
10301550
40510354
10410542
00401344
35531512
11004540
21050454
23131103
40144023
41330443
31405125
05404301
43541543
31415040
55450553
05242212
04221323
15042415
44540535
40252442
02522413
43415132
34025213
20124145
45052401
43153413
51345312
25352510
03055311
45410414
42155131
12000251
22533525
13120534
45053354
30404153
50320450
32553250
42403305
21032224
24111242
42411353
35453054
50344303
11021330
52341005
42333310
02051120
35210552
41135002
43234324
12453142
35030040
22245524
40440223
45351023
11211214
22340540
45054405
03011454
44122123
23103050
35354134
04330245
15035025
55024404
22011311
34114555
35355241
34445410
50041501
25213401
24005350
23435110
33422003
25014523
25240204
55300420
