42030014
40250502
50225151
14212440
05025020
03201411
32151400
30051122
15230201
33254504
04130543
45510313
31533321
02322452
33310230
13423003
02105344
22520011
11152242
11031550
05111025
20532144
21401320
53051015
31105501
52103235
05431103
45311104
21352033
43120104
54355500
11015404
41321232
14115532
23323342
12502423
30521513
15533052
25355405
14324024
44453250
31413225
50143021
02441030
12333122
42314041
12253354
35343410
10440535
00045454
24410415
25214034
01302114
51220320
55255112
15142345
11101302
22044222
10310252
15221421
01253131
20131443
41054323
41122233
23553251
32234252
01212555
35321243
33343524
40401434
30102012
43112350
04545025
50015125
00553430
52513140
31441054
34233035
05524132
44344100
11335355
23004353
54304042
55000434
30440244
35400150
33515545
35042002
05133334
24143214
43332055
52024303
54434031
21244445
34325315
45504535
04041551
02303401
41241312
20311131
10344333
51124410
04202301
30014311
33130421
34544402
51540443
12455213
40424455
24030300
31114105
53352125
03250042
20205330
23535224
50313003
25032211
55154250
33022530
00434510
04301325
14052131
41035241
03455235
43512332
45243543
25403541
50023554
44121521
34355041
42335434
54542204
32200053
50551345
23142140
53231213
50135422
22125553
42150315
04013213
25550524
14551115
42540351
24221205
53440342
22432502
00504200
40202220
55412301
12000145
13501210
24100153
02214523
01424040
52511554
34452453
44405124
01310221
51342511
43054444
02422344
41505000
21413452
40033105
13444111
33245133
13003512
