54323215
51225125
05143504
42133310
34343112
12120125
32255542
41313103
31115252
51535522
12231533
10033323
04125234
32222113
12501002
21012511
51552334
21141323
53314322
44510043
30340550
45314015
02552104
11110135
32545040
31452110
25514452
44533240
35444222
45322331
32003223
30105022
02123541
00334342
33105413
42145553
30033454
50405512
22004343
04534232
33541501
04100450
21320521
02512103
32243044
24012340
02041133
02510205
02153232
33211452
35024105
00505323
04054115
54110122
51524533
10044451
41503304
11053010
31313554
41555214
24302033
15523420
33025341
41003021
40000251
43532541
02251355
11203221
43434035
15103013
14330352
12232401
30213145
40504123
43554221
11404141
34453205
13135105
01351402
04052432
45033302
43112410
22312533
45431314
10252435
43244144
00552000
20010401
21325003
40105335
51414545
55514021
15134250
15311000
33023000
53005051
22021150
00522544
21423214
55004544
31450000
21155245
01244534
04342422
33500152
11222124
52244252
33241030
03422340
31433032
05141020
43411423
45145122
34034041
53521224
30032020
02305351
15122244
52342432
34212444
23452353
25052325
20550521
11432014
10532153
44344054
14003453
33532202
25344243
00203054
15305504
44404333
01314551
51212503
01002452
02043410
52455554
00013335
25242502
55254124
22554013
10524412
30325543
45142312
10324030
33103003
04010440
52422123
50423002
20545012
25401555
51422313
24125414
03411011
44101134
13221511
02315144
51204401
44002244
52500130
21142441
24122335
21345550
40012043
35530411
44254513
52251421
01034501
33350203
24255404
20402411
15452421
34315153
02442321
14542350
14400445
32121442
53105133
22332354
54102322
50040330
41534355
11311121
25353451
20111225
13002314
00235252
24013042
24413424
21001204
45443440
02104402
33554410
42333415
45234003
15341454
10521055
50004015
14255021
44445545
25410451
02001545
55025235
01303314
43345242
02554441
43032213
11401020
35400341
51025424
01151103
15500223
42325211
11223053
25300312
40302012
32101300
33155240
23413534
34545405
11340122
40225240
42525032
00241144
30502230
15512211
12422102
44043421
14035110
13001033
02212330
34041314
22425552
20442543
01031541
44452252
40134222
53334530
14031525
21110031
05403242
20321013
02552222
40351512
24243311
02223505
33414053
52354200
03054344
34051104
35435525
50550453
24213020
53032534
05145345
04022031
22500301
52232005
41445333
21450012
20050243
22022514
33423154
14424524
30204531
04501553
31014342
04511135
53050505
52120033
11552442
35200100
20144201
31222455
54525430
02535213
10345224
45210242
04121122
21515035
21104124
44415051
02424225
43042004
01352235
15055433
51311415
33450534
31513512
12515421
14133521
20335331
24151050
45151041
22543045
13041343
11521252
31025530
53130221
04202142
10020503
54240424
04435301
11353552
25211535
40015104
00210112
45025552
44241204
05330210
15255342
55115013
45253024
34421015
03014130
51113241
52034312
01505541
11224302
35402533
14144033
15423031
13242130
30105425
40041015
31131023
02512225
15003125
41430153
45235134
42111244
51233154
33001332
22101424
12150111
05522403
55341523
30141534
00122115
01133005
55225350
01251530
54154253
24140213
35551153
04222505
04432512
35123355
24304512
50315001
00210013
33013212
22102033
01114423
53440210
25223103
22244151
00141252
44420402
32445214
20412315
13554502
51230055
55432444
54143001
35320035
54350541
33442435
10454355
05005250
15425045
50503444
12444413
20222420
24510114
54513553
44122523
53113305
32150314
44215324
10111441
13120452
23520401
32410231
40541313
00421350
12105120
21434430
43143115
00303340
23214011
10212531
05030151
44102025
43503151
42520244
01430105
52010514
55051253
42350323
40213430
41240242
30351403
41511524
54400035
21220355
50011024
31541233
10441034
02321054
34432044
30010034
34154545
33430330
23340130
40450045
45114052
43031445
31300144
00415412
01520051
42132154
40050131
42552455
03015243
24333300
50230303
04333143
22523434
02300433
45433501
15232041
01445452
43121304
50303122
30254320
23414151
55501105
40132141
22302145
41023445
12335434
04235044
25120042
12314515
10423203
42320401
11343330
44214250
15035355
50152431
54321340
40443522
44105431
03424253
53151554
30214505
21005410
44013255
53330014
32032524
54443343
52123551
20051152
15225155
00042221
40253351
03345005
22151215
22125101
40053542
12213103
42200422
51550210
03115531
53522042
43323123
51400224
42140155
01515450
12024532
24043533
05315425
51304223
50144044
34323452
00420134
41140543
21211442
13031231
41312345
01324111
13311255
23131352
03352454
54454032
12544104
50552520
43205545
32333051
12113344
00340353
20035442
05220432
54211301
31205004
55323030
25503112
42434121
05412050
50252255
14115311
40023114
13355050
34322245
24132455
50331505
22031040
45154201
05342113
11205243
55303043
54231413
02234511
40354150
12302024
14210500
04351044
21110303
25144530
11042022
01252101
15431215
04240010
10104301
41455504
33203442
11001412
24441304
04354420
03223522
55202540
24502500
30531111
11443050
52241410
03030550
54130532
01553101
24505254
55440211
11412223
40544135
05250052
00233214
24024023
20353302
52045141
42215011
34131200
03513313
50144021
24140442
10511440
22045305
03545513
25334224
50312202
03404003
52313310
54341325
03455142
11102551
44135443
02434045
32551031
51052351
54505342
21435403
32151125
25404113
10055222
42050012
31230520
54000304
22440025
51125140
11104540
54055003
03145452
13254243
00300525
55013412
10125054
45020320
55514331
05504330
05244425
41154132
35515344
43402405
10143225
12114414
14315544
40221221
50035550
30255302
41122200
40222551
23451501
12150340
23253423
00313241
15225023
23223332
31304035
14405132
01243203
10303101
23321445
42054233
11451345
55355414
25321220
31242113
32334503
10513040
51131310
42303211
12355201
50534204
54044150
42312434
12341011
50412254
50101242
40405303
14220141
23535230
41332420
15413405
20045523
51201334
40135515
00114210
34332121
30243500
31530433
35112522
35301431
30403114
12150024
42203535
05201114
55421132
32144333
54142114
10152450
02021303
11145451
05450524
05113140
20430210
22524320
31411400
23200350
15550305
02421510
55220004
41535125
42100523
14014103
53110540
04243555
50334233
22402220
23250000
21022102
13010144
12433241
51514200
34315030
53245254
22230202
52405055
14551523
12000113
35020124
21044212
25415212
23130543
30220423
21355532
25545320
20111532
33542024
42442530
35053515
30001245
30543053
34133235
05135033
21351333
30320304
14214234
24454554
30123540
01005153
30550225
53023550
22254334
13204025
43135324
01445041
40322322
14552015
01104515
43231100
14440143
13240321
55121403
02504014
41240300
21531044
12540511
04055554
20224344
34124110
30344441
32041552
50450145
42343511
03100141
32202253
55544002
45230131
45330022
55101321
54403531
03223404
53302303
25525535
03525321
02132343
05232315
51324412
52335102
13322232
00445120
42015121
35445101
21403315
24350125
45515403
35100015
53041102
14502434
53032053
41331130
00133513
12410151
35434113
55232222
40044420
33124021
04543532
04011502
34544211
35524154
32034132
12551452
34403520
50201053
33335115
51325131
23115500
32012415
31521135
23301044
03101243
51153220
35542443
13352111
12441235
30130402
15402352
20443131
34000311
45520510
52533401
24255241
32453120
51313452
23501422
44152301
43220215
30102214
33553301
00431434
21534140
01414354
10555135
41140311
40001453
52211032
31454431
02113022
25523241
50421134
04430423
30354014
52313142
24043544
14451200
40510332
13503031
34020202
10530001
34225315
25405021
24201145
10035400
14321433
41352542
23110054
04512151
05245233
52124315
35221234
52215225
44250130
44524142
22104450
34555451
41401231
34525303
32004434
42410352
23414240
30334253
43313441
33502525
33345520
00152034
10533532
51202010
13231022
43004502
03451335
44433004
53431452
05523012
33144303
22451324
41255411
13415304
02211201
13525110
53253035
20203435
45024511
21203233
41133434
53243413
53013321
15034014
03310023
41341205
20552104
22414304
23045014
44510415
43153234
50455111
25030213
42514525
25035141
44042103
52221341
31021251
43325555
53534425
01212055
12504245
22453145
31233341
20113155
51503513
53010433
34530050
13443543
14222212
44203502
25231450
23334305
11010220
35002001
51542404
03433120
13412525
01040122
31432324
25102144
24310234
24053211
50535030
34413133
22233553
14523311
50040455
00451213
55320253
22441403
02030334
52142100
13553052
54553300
52255133
13535554
44221052
11330143
15342205
02055015
51353324
53534144
14112204
45355500
34240342
53152112
55551045
53540345
44105200
11134124
15414320
31443444
10244554
53440502
41024050
10245315
05550543
03104435
34511322
23504255
04120322
32425450
31052053
00424100
35252410
23455510
25004231
33342351
03021422
01553415
13454332
55433135
13133412
45540354
12022250
23230514
10200403
30224055
31332241
21043055
15244440
31420502
01000002
20423222
32111433
42015350
55535340
04301222
01121431
31042155
13301510
24511001
10430542
43051040
25531512
31334204
21050434
23531123
05413523
03235412
01335325
03000235
05341301
45421543
33013521
03244431
25024353
04234353
21241515
15541415
44420535
40255443
43422414
45412112
54425223
14324155
53405211
40124453
11305312
15152540
05055311
40310414
12043204
53222201
42531322
13100534
15153154
30404351
50120151
02513250
42423305
22532251
44341310
15111353
23033025
20415333
03402020
51042035
32540525
50001110
35210554
11135502
45404454
32411141
35040032
11520313
35315232
04343224
00531424
11251214
22340540
45350405
21011355
45552133
23103250
35353333
02230245
40032335
55024441
11003130
34111511
10234110
13042505
50515325
25132131
14354331
20405105
33112002
20454041
25440234
55300420
35311142
55243230
43242223
42501154
31100121
04323545
53052143
45015230
24234052
43541450
02215020
54431251
33054522
05324202
32352342
32531313
24344304
05031504
23312120
55302551
51541143
42453043
01140243
42100040
22054405
54414403
