14323205
30055355
12003303
15011050
13323214
54210241
35254445
01001405
01222502
01330542
12041552
40513323
00105232
50313515
12101002
14310130
52552334
20041323
54352452
02500213
51215404
03342115
00352234
41212551
25402422
22113242
20510443
53203340
34224421
04324131
20053203
24112042
40045442
01154330
45214143
42143353
24003453
53342214
11024343
04234232
55121255
04105314
43425242
10454033
32243241
54012541
00024451
33551233
01052243
35252150
32524132
03405333
52455143
01323423
02525430
15452521
43203012
32542421
32123321
41555514
25435023
10103114
43124311
43054051
04031010
43513441
05242314
14203251
43334035
12413213
51115524
22202112
54013250
20501142
42504330
54444141
04200302
23515440
13150412
34523342
45205411
05435545
55521504
12135135
31234542
00555000
22010431
44503152
41131441
11510545
11245122
45133504
42025015
40113530
00502341
43253140
03335424
54320220
53502404
45552342
14150051
00222005
11253224
30215041
41242030
03341441
35153013
21121010
34300001
05305112
30312351
53021425
44533422
02305351
11132210
42442534
34212404
21142333
01210344
14433501
51250103
43041312
12312442
20343222
55343230
20205054
32353404
44404330
43145051
51142523
33203452
42455104
00013335
43441505
55503424
22254013
10524212
53010205
50544214
55144034
05315003
31110053
35433143
50423002
20553010
31521153
35424012
50244413
02024043
44121114
13221011
02324314
10442201
04333254
52500350
23542345
25225235
32002020
21111503
00345514
44235513
04111533
01240401
31350202
12252203
20402411
53450005
44424000
55441201
40254512
14405415
32121242
01015140
31322101
44102013
53053222
21534325
00533414
24442351
03304200
55004115
04355340
35205034
31140434
01532251
33533133
32132554
42114420
24013455
34054014
13451513
45324554
34002125
34255032
50442400
25343432
24100324
52405535
31155401
32345220
02514441
53232011
13204421
05425221
53445421
41153522
15250024
10532134
11243053
44040334
15240042
32105433
41055210
23413534
15125511
01432112
03242540
35540310
00521545
02042234
44512014
30033115
34533530
33001033
54555311
23410521
31504450
32552553
20550240
00123553
35322533
53233505
21045250
21103131
02033311
20221113
40212222
45220320
01453334
05533353
33414355
55543120
14051445
55241103
22303540
24310100
01200020
32214435
22115345
24022051
22505303
13052331
40425333
20425312
15343451
22423550
53412223
11025544
54031323
04501551
31014313
04511105
43012555
12120033
45053321
30201300
43205101
31142445
55525031
02515023
30145304
45400041
44240253
25315015
21154541
54443545
04410555
40521102
15551502
55055430
54235450
34340535
30512112
54013142
11015021
21335431
22151050
24150543
22552045
52511013
45033231
35125240
35100225
04202443
14542143
24043404
21420015
21243215
45111335
42015105
00230110
41030222
10442552
05223200
15255341
13345000
42243124
35051415
33514121
54213332
05203534
04351053
15512032
11445000
05453031
22154124
44315521
54554120
53330531
21443302
32402223
02232522
04300134
13211543
54131151
35005332
22303145
04154401
05022353
25041521
31235323
50152015
33420510
04550443
54502210
54554253
50325153
00114025
55524035
51401012
21142155
24304512
00011101
14122422
04213115
34122430
34344203
12044255
40251401
02244021
00141243
24125403
30455104
13524503
30220223
04135504
04143011
00311222
34353303
23030430
12505010
44001530
20550035
50503204
13012312
20212554
24520335
41522320
51105333
43111220
00554323
44225354
35412144
03025551
34443320
31420231
50351310
13003532
12155123
45434413
10320155
55151045
55514200
10252155
04050500
25152325
55340152
45023044
33032504
50032433
55021244
32350345
33030441
11050035
30311403
53531332
55430314
02450332
03421204
12531441
15441434
33334024
34435124
50305043
02430224
44130424
41452440
45010124
23135455
43302523
00115413
05130121
12134040
20451531
22221235
25101414
30303011
54314344
11302304
21022412
05510133
40323501
20332144
01440452
40404523
20140111
02343025
54425503
24531202
40132340
12303042
11043110
31033345
21231044
22412113
12314515
21551151
42220541
12333332
20214240
34124555
50453431
13313101
51530533
21035535
23524253
23151354
20244505
34431455
30031420
52350004
04413523
22403444
44233035
20052142
40001253
10322040
40255321
00155434
23451215
22125201
10053544
42203504
44100142
51120210
24425005
41231101
13535043
02112254
44540201
04040125
14212323
25223543
05511451
51412235
41344145
43523254
41404203
01141224
25314244
12301231
11304032
04415442
13351255
23433351
14544454
51224232
00412303
54023433
53434522
21541432
41514504
11405443
40005424
55210425
53250331
32225005
25423130
02255225
21525111
03452042
03513511
30331125
52003051
11253410
30103251
01550022
50431055
02104402
43154204
02344113
32004541
55102052
13113025
12223534
01044511
42341144
14210004
24153024
41113305
23325333
10542220
24532331
02212350
03131304
10101345
41202045
35515522
11501423
24401024
04354435
15234525
54541032
21500550
30520234
33010100
12432310
45231450
35410402
31513001
23252400
24502233
23240134
05141123
43300314
40303440
20533201
02445341
32440025
31513425
33310343
50134021
30143005
42411040
13530305
23540213
12522244
40311034
03043003
33323325
25301355
04450112
51333040
30154135
01540044
33241021
52054222
51505342
33055211
13143230
32000544
31451322
42020032
31312510
14120352
33134215
33115044
15104223
44051002
40413154
14420041
40300215
55313212
10223324
41020340
51514351
15554311
41004154
15315324
15515110
13400154
00242052
54142302
14331544
40521021
50534551
53405254
15152254
43223455
51211120
41055343
42023510
10114211
23025020
01454225
53334415
14025134
41545255
53304143
23320442
52314233
51421440
32225414
25504034
54004001
31343534
40032000
55340431
42002214
42330403
50535204
52134440
11432052
44341411
34451234
35022531
13105320
12421525
53101541
24332225
10413405
51303354
01401130
45331242
24014211
32310322
21534104
11514232
41523233
03402155
42231334
40152022
11232435
05050114
44443132
33545335
24221522
14205145
05023445
11125451
03550524
13132202
50440350
22511524
32401100
21204350
13503222
02440510
15421150
35532215
15200530
11154100
50135520
04541315
43022133
44432145
42455252
35245531
35503314
32530054
15040045
34113030
53202221
22430202
34505520
40334302
53044540
13524115
03003410
22235242
10350321
40200415
22355532
00415450
42122131
21445224
05021212
24252515
40433245
30544043
15255302
04332030
21321043
43435210
14114103
43430352
25025141
01035015
12532120
52335051
24454434
03504045
13144344
04415031
30335452
14523050
41101515
51133134
01254533
23233422
25003103
15332341
11140244
31551424
11540511
04522524
50124444
53524140
02244352
32041354
50130245
52155512
55112141
20023304
02543502
05201252
52201434
35341540
02320054
23343031
23305505
05120305
10030513
02234103
52414454
21520114
52530512
52020301
50245131
25032112
25130104
15403245
00413124
45545403
30100503
50241125
04353241
33215253
30240351
11431550
54230055
40444114
10543331
22045014
22231120
20123122
05035244
31204244
15502054
54322345
52351211
52233023
30502505
42544412
15351134
52140400
01312421
55435320
23014002
05531220
03153152
55200313
43315232
12230230
33453105
14515352
20344130
00000022
45110500
43500435
24245540
42453421
21313252
12251055
32152343
53311130
20305523
33142102
43501325
21434241
01414054
14553355
41350321
10011014
32322052
42544221
04144420
55234355
31122024
12020423
00334510
05114142
25342004
14451240
41114432
53525412
10240433
20430010
03034354
34045222
23000245
13031402
14142502
45353545
52111110
35043553
05402504
10144331
30204131
54000311
34251130
44040523
35334001
34550421
41431111
50020552
54402514
52423111
05044030
10334253
53112431
51022100
33354520
03152535
15223102
03221014
45442215
42301133
44305204
00332335
15440233
45150532
25554400
01235213
53415302
02431403
25554152
51253555
52241442
32434531
10502533
23422434
03520255
31051052
35110214
03310022
44241300
23214152
32350150
01123140
40550115
51424321
01552011
30231032
32013132
11315113
25012433
14014454
34421253
31015532
54105205
30454412
55325322
25142425
52335140
42130555
51403513
21400521
03255122
53242044
54222214
12352501
20521450
02110511
52422125
51352103
12540352
03443030
30012225
04034122
31220105
33211510
24130233
03214031
10415432
31040133
22032553
20224305
51032451
11434131
23500001
22444453
02131145
14345025
43553055
50253302
33254311
13205550
52222343
45530040
55232001
44243041
55143325
53535144
05112250
50111452
33243523
50421530
40122250
23331552
54510010
50400132
15414300
50140524
52254554
42532402
41324050
10245310
15100440
20104455
34411341
25550251
03144453
02515151
14330213
12322400
33252230
31433200
34132313
43342350
03021432
52543435
13444222
13053453
15133442
31501205
52351505
11424315
14501421
10035201
03130243
14002102
15224420
41021505
01002304
25144532
21411120
22015330
51324511
34301112
10355425
45135150
55302552
10305554
00410542
00401344
35131511
10002120
21050454
23131103
41324424
11330453
31405125
05404301
43541543
40310053
55450553
20255433
03221321
12042415
44555535
00252444
45322413
45411452
34025213
20424145
45042101
53123413
51341312
25352510
53041154
41410414
01323155
12000151
25545155
13124534
30024350
33104322
10420404
42153210
42402325
11003223
25321121
22451353
35413554
50344303
11321330
51344005
22333310
02051520
24210312
41135002
43234314
12553142
50033041
55045543
34145151
45351023
11211214
22340540
45054405
33551450
43120123
23103050
24353123
44014245
12033024
35044204
22011301
34544052
31305241
34445410
50031234
25213001
24034340
23405110
33422003
25014523
25030204
55300420
