14323205
30055355
14003300
15013050
53020111
51200252
22110331
41532405
01522502
01330511
52301343
40512553
00042352
24153303
12101004
54540405
52050531
24415213
05331452
02000213
53245252
03442115
40541033
41242552
03415223
10413443
50110344
23203333
34224021
04225300
20053433
24112042
41232410
55455440
50014454
52243140
51134413
53314212
12010440
34234222
54450153
23515130
03423142
10454055
22233244
50212535
00020451
21531414
45052243
35252120
23555215
45005053
31154135
30330234
42525030
10502421
40203012
10513455
32123325
53230004
25435023
15135554
42114310
42554403
04031010
43513441
13452052
05440502
44045442
31535223
50054530
22202112
55140222
40215240
42504032
54244251
33101312
21344420
22451334
34525142
35205411
01435525
50521304
14505535
31234542
00550000
25011134
44500152
44301144
12512255
11215122
44140513
42025015
45413535
45314221
43254140
44105411
54020220
53502403
45552342
11153551
00222025
13553504
32515044
01542330
00334133
35453015
42034455
34300001
01411354
30312351
15520242
04533424
04501351
11340550
34132131
21212404
21104033
21545004
43320311
11155003
54402522
12312433
30243220
42143353
20205054
32353414
34424450
22013233
41522121
34203452
10435204
00010335
44251235
55525524
25254001
00524212
13010215
43145051
32445554
34041005
31110050
42352012
53424354
20243010
25520113
05424151
21244413
50024122
24121115
13231011
02324314
52322241
04333254
30500350
23442345
20225235
35004022
23111503
00345514
53415005
32201315
11430401
31350202
12252203
20402414
52143203
44344000
51441104
10242404
54443312
22021212
52104000
53231121
32102013
53053222
51544025
05530434
12211302
03334030
55504115
13520301
42055135
32040024
01231253
53542534
00145034
31413543
12415531
34054014
20554231
45354554
35411445
34254032
32004241
12521022
43431513
50403335
01555011
25345210
12445510
53052501
02204402
05025021
25412051
41103522
10250524
10122322
11043013
44040330
15240042
35113453
41055010
33113534
15125513
22532433
03512540
35541012
00525545
52041451
44512014
30033115
32130552
03003035
34140332
23440522
32512124
54354533
22350040
04133105
34342513
01432241
01034341
21253141
41320133
30221113
40204342
15545100
50153214
05533353
43414355
45140000
34150340
05212203
40130530
45310100
01200020
40023120
25115345
24000051
23531542
43050331
44455333
20425312
41424420
24520540
51010203
41025544
54031323
05201521
31024303
04014145
13154543
12120033
21022134
34232300
33405301
31102445
41514511
51220323
33035454
55443001
24242150
55315015
20114141
24443045
04410555
43003542
25501102
55555430
50233453
34340435
52552101
54513040
15042235
21335431
23153414
01100342
43143045
52511113
23300135
13222535
35120225
04201443
13510153
24043404
21020015
01152212
35121404
42210105
00230111
41030222
40422515
04213210
15555341
50340014
42533112
35522310
03544131
22335440
05203204
01304451
13303205
05322004
05153031
32531305
44315521
54254114
54103430
01455305
32214243
05032322
20320323
22422352
14114051
21005105
13150135
51112140
23053353
55001500
55035540
10031051
33220510
25400443
55343534
55454253
53325153
24101034
45524055
41421012
00150250
24304512
40011444
44430020
45243315
50445421
31033500
53540315
00251402
22234011
20142253
44225503
35455104
15504503
01223201
40103504
00404045
11432500
43214013
03430430
02305122
44501210
20050035
03145000
13012312
30121441
33325040
51124041
51345342
43201052
40544322
44122354
44412144
01440430
34443324
32155112
50444540
10013224
32255023
25024405
35151211
22151155
15413210
14235415
04054500
25152324
22353401
44023044
33510521
50422233
13021242
22053345
33030441
11055325
50311021
43331321
55430314
02414032
03421204
12032005
14523213
03432024
02434324
50305043
35534440
41412425
45115133
05312533
23215425
43302024
00115313
55430031
12134042
20401531
12345151
22441442
30503011
54314324
11302304
51022412
24411220
40303501
20332144
50450532
42321252
21140111
01343025
35100514
24535121
50132310
00313042
51043515
41001032
25231440
22444113
12344515
03251313
42220541
10323330
21451221
34124555
01343443
03140044
51530533
13533220
23524250
23252254
20244505
34431241
20533420
55510054
32021433
12403444
53233045
02152430
00001253
13342241
34402221
05145443
33100402
22125451
30053543
40401015
44104143
50421210
50542442
41231101
53535012
12421311
44543221
04040124
14542023
25220543
13511041
34410412
43224124
22514514
41404103
04121033
25314244
52341235
11304010
44050001
11354220
13133351
14544454
02551504
00412303
14223431
54414502
01255432
30314400
40005424
55212422
25353002
32225005
25422130
03355255
51333121
53151332
53511200
00301231
41333034
10252010
33403151
21550122
50431435
52305114
43154204
53351010
51451340
55231054
12113225
12423523
33034533
42340124
14210504
33341434
41213300
53310343
30504510
45402331
45101120
02531141
10101345
44124244
35111242
11501423
10334101
32420043
15234525
51135252
11401055
00134124
13411120
23442411
42242434
54411522
30520234
23052400
24502230
24230134
15141124
24504324
45320400
55335232
04445341
30440550
31511401
35301223
53104521
30125000
42411040
10430305
23340303
13325440
55255201
03023003
04124422
05040541
04450111
31341200
32554145
15540422
12131220
32354521
50235300
13501114
13143230
32002545
31551525
52323052
31315110
31412335
33124215
33152044
31400004
54251000
40413154
02350203
40300215
01513102
10223054
25434343
51214435
15312111
11044152
15210324
45515301
53400244
43553422
11015512
14331544
40425541
02505454
33425434
15102250
43223455
03102501
10351403
05423414
13313105
23024020
04154225
34211153
14025134
41505255
44012103
23320442
02344223
10412031
42240411
00002334
12250302
41445144
01013400
50210411
42002520
52350425
40015002
51334153
51452254
24341411
35533033
14032554
43105320
04341122
53101551
20332225
53433402
31303332
23552443
15104034
24355452
02210322
01553134
11514232
41423233
35542501
42211034
40152522
31445030
05250012
33441132
21454510
44221332
14205145
35023252
11425455
03015101
03041232
35010330
34115234
32404100
05154301
32202422
22542540
15421350
25532215
05301530
14153110
00135522
04502315
54100015
44232041
42455252
25215551
34333341
32231554
12115400
34053121
43200223
05430240
34145520
40331302
13144344
11031130
03003410
20055142
10350321
02541415
22355530
01405553
42132134
20541324
05011013
24552545
00433205
30544043
11022341
14312032
21321043
32530210
35032512
54551243
52035331
01135055
14021424
45033231
23354334
43041505
24534003
04305402
30435252
31523052
01141535
23201205
01252533
13004433
51501150
51114201
41140244
21433354
52320100
02520523
10324435
52554352
03403552
31041324
50120445
52155512
55122141
40152001
22243502
55202515
52242321
04042242
02320154
23341031
22315505
22105241
10030513
02035103
40551334
31103114
02324535
54130202
54245133
45434112
25015144
15503423
00403123
40545403
30100503
02241025
03122125
15250455
40240351
44253550
40530043
45541214
12533332
23045014
54255343
20113022
03035514
31202244
14552414
04322345
41151151
52513021
20503505
03313324
15351134
14421401
25012421
33332524
13034402
45235224
53123152
25051333
43512232
10200233
43455505
14555352
00352150
20000422
21200500
41401435
25440235
42453421
21313252
02212051
44332420
54414131
22505543
33342102
42400325
51434245
01114024
44453125
41351315
51552313
31242031
40134211
42122543
02233335
21122424
12524104
02234550
04151544
10111450
14450241
51354442
53524413
34230423
14130140
23420001
44142202
25405232
43131425
33545335
45353545
05210135
05245344
15402040
12224441
30205131
54003311
54022030
05352045
35334001
50231524
43234334
43550550
54523511
10143432
05044110
15353143
53112435
54332401
13325522
23122055
15223102
03244453
45442214
22051124
42325204
11235313
14441213
24025543
11510045
51505230
53021425
45001501
45441453
51253355
55221342
32434431
10505532
24424534
05500255
21031052
10120014
03054421
10241240
33214152
32531150
01123140
40551115
20021551
21002511
30132032
52035252
43335113
15022144
02004234
30202103
04033532
54105205
30454412
35325322
51503444
42530132
43150453
51253513
21420250
04510432
53042043
54222214
32452500
21521450
02110211
52420125
50052123
35330055
05553320
30012245
12045353
31321105
30411520
04110221
52555224
12432521
31040143
10204253
25304351
34313303
11432132
40124432
22340053
02051045
14345025
03504544
40453340
33254311
13205530
03213541
25502040
32013132
32411002
55142305
53235144
05112510
50141454
33243523
50101132
40022200
23331555
11454004
54405021
14404333
52114523
52403030
43532251
14350054
10214320
15300412
20104455
21211341
31240245
04142053
32503211
14330253
21534302
33252230
33543200
54534304
43342350
24034350
22523235
13444222
22130505
15133442
11143301
02053052
51024215
14541531
10045211
13135243
20410102
55224030
40323552
02225420
25144532
20252320
04015250
50530551
30340141
50545125
45135150
52302555
44435055
52310542
02444201
15051512
03002140
21050454
23131103
51321524
11443145
11240534
41004541
24013355
33304125
35450303
51155424
05221231
52032413
25551202
00252444
01322413
45515452
34005213
40044135
22042301
55133343
51015350
31250531
43000154
41410414
01225153
12000151
25543155
45111325
30041250
31132323
50311205
42204230
43530345
21003225
24433314
22313550
02452415
52044331
01121330
55032155
12333013
42053313
24210312
42125302
52413404
30523344
20311010
55003334
31411521
45350023
11211214
30303240
14541555
33551053
43120123
23103210
24353123
44514425
02143501
35144405
21511333
35344354
31325231
35552455
55020532
25323521
23004340
13405110
33422003
25014523
25030204
55300420
