54323215
53225125
05143104
12120525
31254555
41313105
31115252
51535022
12231333
03125234
34222113
12501002
21012511
53552334
20141323
53314322
44510043
30340110
32545040
25512454
35444222
45322331
32003223
33105413
30033454
50405512
04554232
33541501
04100450
03512103
52510205
54015130
35024105
51524533
11053010
41555214
15523420
33025341
40000251
43434035
14330352
12242401
40504123
11404141
14135105
01331402
45431314
20251435
43244140
40105335
50132230
42445132
00522544
03040145
33500152
52224252
21203033
22300443
43411423
02305351
42023150
25052325
44345054
24254203
03002422
03114551
10325030
52432123
31352124
53122002
44522200
25401555
03451011
35315500
02215144
10202213
54241424
21001200
20450121
02554441
33403330
41124310
32134003
05533353
50550453
00443020
24013002
42332410
15211025
15055432
35332255
44142522
21335140
24235451
02310012
40041042
03535510
11541344
22144434
13440250
33310231
54350541
15153152
34455534
32150314
10111441
00410304
33131120
41221541
21230504
24441231
41300020
42311534
25121044
23240312
52521111
44230245
04005503
00203101
21020055
43250533
55113221
25550000
54443343
55244013
14351113
31010403
00104014
43304401
40013313
40225403
11530411
05220432
03313440
51212300
12102340
42343241
12203554
01033525
40232152
51253442
20413205
22035212
01155043
24242045
12030044
50412051
04251340
24503521
15042114
21405324
35504031
42034321
50331345
52351050
33253004
35353411
00245255
45334542
34001015
04515225
00320223
02412435
41133051
31345333
24544350
45402003
43141215
15410513
14312244
30530535
54101142
41423434
13054224
14044535
11240123
03001353
05011243
00352005
50511520
45425245
21545405
14414400
51040232
32233115
22155501
11302532
11122453
20424342
23321132
52045304
44450412
31421213
50004440
42553025
04224021
13033131
45010122
23222550
34432301
34514114
31523302
15304315
13145021
53020414
13323503
33412542
34325422
11450335
01411150
34423552
55030550
30153540
55300104
13503245
05132141
