12343232
03451204
33044550
55104324
32522511
30422304
51020543
41220412
34521232
01350511
02052344
45510525
04313302
21310545
35111105
30540311
14102002
00142152
50120545
45132551
13245203
23430515
40411513
05333434
15522032
02053021
40000553
12031300
54415350
22213340
15002343
20123344
25311511
10134343
01115024
12001525
55145113
04303355
51450005
34355221
00212013
54334330
21450422
45252010
44011402
42054255
31015331
42332315
45235455
23244120
45041230
45004004
31534513
30033315
21343023
12522441
35205420
04105444
32404011
03230004
44432125
54422011
01255513
11220044
51351014
53240441
25540004
55551432
12005542
43413441
53232543
05254100
20515240
03052222
30003123
13134042
22514114
04453500
22423243
40523052
13155104
53354005
14142122
43254104
45510450
54110513
40304225
35310303
40035433
52550115
45453523
04512415
43134415
05315540
25010335
05521302
01505012
40045245
14221440
13311030
25523010
03151442
01220220
43023142
11533024
51023520
20231212
34504424
20203513
20014302
51444044
40531314
01331333
14143501
34251111
43545030
14441132
45534330
25135200
13424430
25354443
10302414
00550440
23513503
25203245
22553553
15230143
21412143
41552134
00141400
10435420
14514350
54300202
45200423
43242031
45203303
54041213
54253044
33145543
54523343
31150350
02442002
40142213
42130043
24211404
55415003
02154320
25424501
32332554
31233311
04042331
44355012
52255240
05023205
53302525
15223350
12134035
51113101
22445531
51511122
02502333
50113335
34545303
41354052
14053335
15442300
04444013
43533352
42340225
05450032
11240443
54215415
55235225
30134204
55301120
35242044
42255251
20111354
13253425
31103015
22335453
03043514
05032242
35025021
03542452
20312004
33443333
44313453
53150334
45320234
25353553
41311144
20114112
41123404
20155033
10443105
24420453
12545013
15510540
24222430
25405022
04030405
31044321
10001203
02310420
02241503
34523122
13312112
05221254
14420040
32450153
24131021
20024233
00235521
42504442
15014444
01133535
33050200
21554520
05440543
14243411
35500154
45315201
10433534
01345152
33245402
34024504
20504132
23322323
34503404
34204502
35225034
43112314
41135223
10022111
10110015
44222515
32352204
54441320
53012135
15100002
42221531
05212233
41140520
25142534
01434111
10112530
15234451
10202145
34034032
30304312
50003402
02125212
11551153
21202455
52513205
02403124
22033241
55343213
32312043
02131011
10255551
21434000
43430223
51345343
53405301
12044125
04413242
03220333
23235553
04253223
35441203
22311010
41424230
21342330
52413552
33555325
11531201
03202204
11123231
45554135
02013412
14414043
15132235
45142445
50321502
45324022
42141004
31122020
14340305
50145053
21201501
54201143
13115423
50524410
15145050
32300322
22150403
05240432
14324152
01022100
45352332
44005500
43330541
05553113
01425323
14505523
34353041
34515442
52312234
32105333
10505254
04224441
21110151
14504100
20333532
44154140
34532215
24304331
41413323
04332324
30340320
30513424
54535535
42213235
22202134
52245042
42442250
31502252
22145040
13432054
23313101
34550345
51322241
24042142
35531433
04511034
24300530
14321002
12312021
11412205
04054533
14155045
25045315
51401020
45251533
53220251
25152311
23243231
44222403
33351212
43203544
22214213
04025352
13403220
43214320
20005441
41221053
43201021
24443105
50441025
05221045
33410110
12204503
04121121
33325040
02145234
54534154
50422235
00255302
44322514
32021313
00445154
41510301
41151421
30135141
50010224
34250023
43341253
35313112
12510100
35435114
53132400
13401113
41030010
51104353
01244314
42255122
31224225
30214034
20453051
10331451
11552025
35512221
44201050
52424133
52254211
53455043
51440411
34240152
32001132
25334232
50352443
35233405
51125422
20541435
52034223
51151542
15453415
00350524
44430321
11253243
33105451
55011451
52030522
51520031
51132204
11454304
12435245
24411225
12451544
25421144
12423502
50535001
20143342
52555511
54233133
02241353
44014211
40153202
05030314
11511042
31015025
31245400
54123414
53223413
44050343
12020330
31415202
40323511
22403200
10215132
35505055
35002505
00334230
44343420
00244055
55531504
03121500
12241140
43024353
01452550
13553045
04505420
51340455
05012110
31432431
12355410
33100432
43320100
40431244
01011440
45110034
42344131
43532240
03502101
50335312
12411311
52310051
10054041
03540023
45153100
05122403
23352055
55015504
41402532
55151252
35431340
30202331
22344542
12442215
52440444
22004450
04344200
11324113
42353303
24124003
24051524
54224020
01214145
30551000
44245344
34342035
52154505
22225005
41315435
13550531
20442324
43040312
23502310
03351331
40333134
31230542
02223122
21253312
24345114
42111530
43131234
53314454
30221103
53535334
55131053
02224554
13334523
21534121
03554054
01241424
55055330
12303451
14232322
31030414
53043002
33511544
23442540
30223243
53111240
11101433
51342251
40444453
55044545
20430203
54203351
41303400
10003350
40250104
21530235
14533012
32530005
42115001
22451130
20254042
21055144
23523304
24015123
32315255
24013045
15100241
01100303
51333222
02455145
20054010
21102221
42412004
33303005
21132140
24500322
10120325
42223445
13035455
10450212
10345434
41422424
00311325
41513121
30015352
00213221
15031013
04520145
42032500
51251430
55330441
51315253
00153351
50242524
33410022
33404403
33144134
13414521
43440202
43304530
31441155
00433403
52443315
24144401
33032122
10113130
15211324
53542101
23300244
41433052
13511251
04331245
00425431
14342525
15254244
14430104
13525135
00101515
45121310
05533321
11540254
34401334
44302110
34151024
05302550
23255450
15004224
21525504
00341123
42545224
23434345
04431512
52242012
53035121
25230022
34443244
40052431
00040501
44533531
11524405
55442355
05252415
44544043
32233250
51105150
51204344
15544512
30201452
25402023
02304104
10325003
21423434
02320344
01415214
35051254
50314540
55542454
12131153
23032054
12230434
13052531
04115154
01015031
55401155
31122334
43315555
02110251
15451401
05143310
52203054
31452342
41203111
53300145
22312402
52345401
50214303
15525154
45130552
53500403
24404414
45042121
40421341
10051323
41215042
55532212
34155515
11204202
30210443
20305105
53120254
35243522
15440533
21021512
35334100
25501343
50041034
32200510
31455101
14125201
11042350
05335505
30314431
24250215
10552502
03011304
50530421
30020451
22535332
23102152
45525243
52212120
20432412
50532313
24522250
20513353
25010420
53421422
45433131
55254333
22415452
01335024
03004531
30455514
00524124
00424310
52550341
12050555
55414352
53541510
55222102
11314321
21231354
22543155
01554213
11330210
23511431
03410350
04402541
35420143
25125425
11001131
05150125
45004212
44125532
00401122
34002244
21321305
33522545
31112012
52501241
52355123
15054422
33114341
31301524
21542505
32233102
50131301
50503534
55420524
40544302
33201355
22540033
14213555
10351345
03122025
15350502
50230050
05324051
02020203
42005314
23323214
40155444
42524024
20320152
03133410
43425534
51514310
54033440
14310134
54552401
23522202
31004140
31501154
54100120
12014113
52110433
53333142
50104022
03322442
41144541
05555404
55453041
01445511
14025210
50120030
33420502
11035234
15133142
54244232
10533123
03534221
04210050
44331452
23115524
05404213
01534403
42400405
54434252
01114052
20233425
01112503
35323120
33423051
40234105
30144231
12343344
33013020
33520014
42524352
11013554
55323035
21224535
05203432
43440141
13350313
23050035
40402421
21005251
12243014
50552220
51342503
01053003
31550433
44113023
12122224
14512354
32044301
13145322
52325354
15022452
44234544
34405044
22422113
11252121
34324315
03233345
35524142
44425435
15315342
01101245
42443112
44550210
02032030
41151125
25341011
22021424
30132422
24225341
33330231
44351103
22321221
03051115
33015415
24130313
31314421
12551222
25043254
52514020
21531445
54512141
25040245
32210524
40400035
34154430
10124250
22212525
32321435
12122155
43551415
23150043
02232151
00130132
30253530
13224013
10500413
53005235
22122542
34212501
52302040
05305131
20245520
50221114
42405251
55220311
31031520
20240001
35405230
00002044
40510205
01543241
52131305
30510143
50455255
32525500
32253454
43103215
25021030
03522340
41021305
34112300
03003425
15101514
55435250
32553230
41114212
03515532
54453431
22100114
03103133
12040052
24501055
40012222
35133322
01500542
13500210
41040134
35114531
51025345
01024455
25552041
50240200
32431420
33011233
44151352
53254532
50452142
30352150
24031545
13041404
51200525
55413410
52521215
40102355
00012522
04000011
44252305
53235011
41555355
53124331
34140255
43452414
50100231
14302253
21141412
02454030
31543130
20303522
23211552
24043150
30341042
23525411
35245135
11405445
45341351
32144413
01053215
31325533
25050123
13220121
23410332
35320015
00531150
34133553
22134510
31201210
25351350
50534551
55000432
12153032
51431035
24454254
42533544
42210242
04435001
51054312
43001541
30052445
23031103
24055102
34042423
13205312
03344245
02414535
30454525
35103541
03035253
15504315
51002315
35212153
45155351
33152213
00012411
54052053
44023024
23032301
00303040
40342010
11235510
44010151
43304053
14205233
13421555
41241335
02115345
40025110
40411150
51311532
53140420
24103235
05414155
11204335
40043555
04452433
40212051
43235140
31333155
02301413
02521550
54402552
02041042
54344525
00400340
41043413
42505123
30543515
53053150
10521523
32113240
11400351
23144455
21003033
45003514
14140454
04030142
15543221
20251201
52044134
35344451
43335402
32125055
34541551
52143121
32442423
52122101
05444023
15013003
53413511
41032003
