14323205
53225125
05143104
42323210
13023012
14120335
31254055
41310155
31115252
51035022
12231533
10033323
03125234
31222143
12501002
21012511
52552334
20141323
54352452
44510043
11315104
45324015
00453204
11110135
22541550
31452140
25514452
43433240
35454252
45322331
32043223
33155022
54122541
00334332
15115013
42145553
10145452
52005512
22004340
04532232
33541501
04100451
21320521
05112105
32243244
54012540
00542131
52512205
03313243
33251150
32024105
03505323
04054115
54010122
51524533
15014151
41503334
11053010
31503504
41555544
24402033
15523420
43124311
41054021
40000251
43532541
02251555
14203221
43434035
15103213
14200552
12242211
35213145
40504123
03554220
51444241
44253222
14135005
01331441
34050412
34523302
43112410
25312533
45431314
10221435
42234140
00555000
24410401
41335003
40101425
51414545
35205520
35132230
15535000
11023301
43005011
40523530
00522545
40112235
52051442
33430451
51135255
41244204
04342524
30502152
11252124
12200152
43241030
03120340
31453013
05141010
43441423
45125122
33034004
53521224
30432012
52305351
11152214
52342432
34212404
23052353
25052325
20250521
11432504
10555153
44345054
12302453
10532441
25344242
20205054
15305504
44404330
03114551
51212523
41002451
31033454
52455504
00013335
23242502
55514124
22554013
10524212
20325543
45042312
10324030
34404002
05010441
55434123
50423002
20542012
25451555
55422313
24145415
43420041
34101134
13221511
02215144
55205401
44052244
52500130
23142344
24352335
25345150
30012553
35433411
44245513
52211321
01040401
31350202
24255404
20402411
15452421
34315153
02442321
14542350
14405445
32121242
54113133
21335324
54102320
53040330
41534355
41311551
25443451
11425221
13002314
21525313
24113042
24422425
21401201
45443140
02104402
33554410
42325435
45204303
52441113
01324553
50004005
04255031
44420544
53213450
15004525
55005235
03303312
43345242
02554441
43032213
13401025
35400311
51025424
41103502
15550025
00225211
11223053
05300335
30305012
32131300
33155240
23413534
34123404
11340141
40425240
42505032
00201345
00042230
04512211
12422122
44542121
24533140
33001033
02212332
31011314
22425352
12452543
01051541
44432252
44234222
53334530
24031514
21101031
05003242
20321013
02552522
40251512
24243314
05533353
32412014
52454200
33054144
54331101
32435545
51550553
21213020
50032134
03105345
04022031
22500301
52032041
40425333
21422302
20050240
42230404
33422155
14424424
33034330
04501551
31014342
04511325
43052505
12120033
11550442
30200200
24144200
31142445
54525430
02535223
10345224
45210241
24241152
21515035
21104154
14015051
02424245
43040204
01354235
15055433
54311410
34451535
31511112
12515421
11133521
20335331
24151050
45151041
22503045
13541343
01521232
31125530
33100225
04402143
10020503
02040225
03431301
31454552
45111535
40015105
00210112
05445542
45541204
05330210
15255342
53115043
45243022
54421015
03014130
51233242
52034312
21005443
11224102
35402501
15444203
05213031
13232430
54015525
40441042
31131023
01202240
04003520
41430053
45205134
43111444
51233154
30002332
22103424
15151111
05022403
55041521
30145534
50302055
01033005
55225350
01243530
54154253
24340223
33005502
02222003
41401512
35123355
24304512
50315001
14504023
04413215
21022435
01114422
13440250
25221103
22244051
00141252
44325402
42455215
20414110
13554503
11030055
05132544
54143011
50320252
54354541
23343435
10454355
05035254
15425045
50503444
12244340
20222120
24520114
54513553
44123523
53113305
32150314
44215324
40312141
13121053
23524401
32410231
50551310
00423350
12105120
25434432
02343155
13300310
23214014
10212551
02230151
44202025
43403151
52520523
43420100
52010514
55011200
42350343
40214430
31220022
30351403
23511532
54430315
21234425
50411044
31541233
10441434
02321054
34435214
15513214
34055543
02530420
23340133
41455350
45114052
03031445
31300044
00415413
51522051
42134014
30050531
42552455
01512243
25334400
50230303
01332443
22123415
02400233
45333501
15352041
01444442
40121304
30303120
30254320
24414121
55501105
40132140
32303041
41023443
12433434
31231044
25120052
12314515
40453200
42420451
11343332
24214240
15311345
50153431
53321140
44433522
44003431
23424253
53151554
20214505
25005455
40023225
53350014
22022104
54443343
22153532
20051152
45201253
50042221
40253351
03345005
23151215
22125201
10053544
32213103
42200442
51540210
00035142
53522042
13323123
52400254
45140001
03401430
12054501
24043533
05315435
31304223
55140044
35323452
00420134
41140234
20012444
13031231
03312344
01324511
13351255
43131352
13344454
54254032
12540104
43512000
23202345
32333051
12313304
00540354
40035420
05220432
53250331
31205005
25423030
22253125
42520131
03452050
52002252
14120510
52023114
11253410
34302255
10132053
30431505
22021040
43154204
05342113
11541240
55303043
00105413
33234511
45554150
42302024
13210500
04353044
21110303
25144510
11042022
21232101
15432243
04440010
10104341
41232535
33203542
14201410
21441104
04355330
02232525
55201540
24502500
30531115
12443000
32241410
03030550
35130532
01553101
24505234
55341231
11412333
40544535
05251002
00233114
24021323
20353302
02045141
42205010
03232012
43513313
55134021
54141232
42511440
34045305
03540513
12134244
20311322
00044003
32313310
40301355
03455102
41142513
44134443
02534044
32551031
51052355
54505342
04435403
32151125
25400113
31351322
42050032
31235220
54004304
33442115
51115040
14334550
54051002
53240044
10254143
00300525
55413212
10225024
45020320
51514331
05504310
05244425
41543122
35515344
13400134
10143115
14514413
14331544
40521021
50535551
30255132
01122220
44222554
53251101
41154340
23253423
30333211
23025020
01454325
32344025
14045132
11545255
10304101
23320445
42014233
51451245
55355414
25321225
31244113
34320503
10213040
51133300
42304211
12355201
50534204
54044150
41312033
14341011
45412254
50101243
22302313
12421541
23535530
41332410
10413405
03411014
51201432
44113311
00114224
34332422
30543500
11530430
40112323
35101401
00404524
10150024
12203535
05201124
55423132
32144333
51144125
10150410
02053403
11145451
03550524
05114150
50430020
52524320
31411400
21200350
11552305
02411510
52224004
45532125
43200523
11154103
50115510
44143155
52333233
22402222
25450000
05021532
13030144
12433341
03314500
34313030
53202221
22430202
52405055
10453554
12030113
35030124
21044215
25015212
20130542
30220413
21355532
21545320
20311231
35542024
52442530
35053515
30035245
30543043
21130251
05132033
21301342
33321304
14214133
04434454
30123041
01025153
30510225
52023550
22254334
03504045
25155321
01445031
35315322
14553015
01101515
03234205
14450153
23240322
25003102
01500014
30240125
23531454
15540511
04155544
30425344
34124140
30344440
32041353
50150145
42301514
03102131
32503453
55544002
45530251
40330032
55000321
54403531
03223404
53302502
25525505
40021334
12112545
25232315
51424414
02335102
13502232
50245240
42035121
35445101
11403215
24350125
45545403
35100103
53141112
14542034
33215253
22331135
14121522
52210455
40444114
54230502
40044410
33124121
04543442
04011500
34554211
35524054
33532143
12351422
33440522
55242353
33335115
51305130
23330203
33212055
31521120
23304042
04521203
55153222
35542443
23352111
12230235
30110402
15102352
20443131
24000412
45510500
52533411
24245241
32453420
21313252
20501422
31152303
43220215
30102213
33523202
00541454
21434540
01414054
15535135
21440011
40011013
32212001
42444431
02113022
25523241
30322434
04130423
05254513
52334142
21045544
14451220
40550332
13503031
20340255
10130001
34235355
25415021
24001145
10031400
44351433
41322542
22110050
24113154
05245203
52124345
35221234
22215223
44250130
44524142
02305450
34555421
41431231
44545314
32004434
42410322
13010241
30334453
43313421
30322515
33345520
00152035
00313532
55202010
13235112
43014205
05440335
44403004
53412452
04523015
33344234
42051224
41215441
13415302
02111201
15525110
53253435
55243452
00034511
20203233
55133434
53504453
53043054
15034034
03310022
41241300
20552254
22311523
01123143
41500415
41353134
54452111
24030013
42013555
51020111
44042103
22223511
34021251
43025555
53134405
04242455
55450445
22555142
31233331
20133555
51003513
53410433
34530050
13433543
34222212
44203501
25231450
24534305
11450223
25012004
51542404
03443120
13412225
02044552
31405324
25104144
04310234
21353214
50415032
31013133
22532553
14320321
53045453
11551011
51120005
22441403
02131333
52142100
43553052
54253300
52255213
13505554
34221343
50352423
55342205
12055045
51343324
53535144
14112402
45355030
32140312
50152112
54231023
53543345
44105200
01134112
15414320
42140520
50214554
51532103
41020050
10245315
05250243
20104435
34451341
23510155
04124332
32525411
14330313
00322100
35252230
23455510
25024231
33342351
03021422
50533415
13444522
15431152
13133440
15222354
12322250
01220315
14200403
40224522
31400141
21045132
14224440
01420505
01000002
33020332
35111423
12015330
55035343
04301112
01151451
32142154
10301550
20510354
10410442
03401344
25531512
11024344
21050434
23131103
05423523
03235412
51445125
13500445
05344301
45424543
33013521
33515431
55350553
04204353
24241535
15041415
34540535
40252442
02522014
43412132
54425223
14324155
53001210
43153433
51345312
15352540
03055311
40310414
11033202
53423201
42531325
13100534
15053354
30404050
50121151
02513250
42403305
23532224
44311110
11411353
23033024
50314303
13421331
51341005
32534512
02051120
35210554
41135502
43334324
10511142
35040040
53433322
32325234
01343221
00331021
11211214
22340540
45350405
02011455
45551133
23103050
35354134
04230245
44032345
55024441
11002130
34114511
32204115
34042410
50540521
25102430
24054351
20405100
33410003
20414043
25420204
55300420
