42032014
40250502
22025401
14212440
05015020
05201411
32151400
30001122
20105234
33254504
04150513
03510314
31533321
00322452
25425213
13423003
40205340
22520011
11452242
11031250
03141022
20532144
20415320
51023035
41105501
35112552
05431103
44311153
21352033
43120104
45315500
11245404
42310232
12114530
23323342
32502423
35555512
15535052
11555005
14324024
54453110
31403225
50153021
02441030
12333122
42114041
12253354
35343410
10410531
00240454
45410415
25214034
01302114
51220320
50255112
15142345
14111312
22044222
15310255
15221421
01225131
20131443
41054323
11100140
03523251
32254255
23512525
35321243
55344125
31331534
30102015
00122205
04445055
30415244
20553430
52513140
31441054
34233035
05524132
53333403
53335354
33004353
54004042
55000434
32300002
35430152
40521145
55043003
05133332
24143214
43332050
02325303
44434431
21345401
34325315
45103235
04041551
02303444
41241312
41545230
10304333
51124413
04202302
30010311
33130425
34544402
21540543
12451213
40424455
24030300
31114105
53232121
03250045
22204310
53215221
50311003
25534515
55154250
33022530
00434010
10245523
14052131
44035241
03035435
43511332
45243543
25401541
50023554
51115544
44121520
34350041
23405452
54542204
11232053
50051345
23155150
53231211
52135432
50440231
20124355
04013213
25552124
44351535
42542351
24221205
53422543
22432505
00534204
40222220
55412301
12030145
13501200
24100153
02214524
01434540
52501555
14550452
44405124
01350221
51342511
43052444
32422344
54500023
21013452
40043105
13444111
33245133
13003512
