14323205
30055355
32102104
15011050
13323212
24140132
35254445
01312101
01222522
04331022
12241533
40513323
00105232
50335315
12001002
14311200
52552334
20331322
54352452
52510013
51215404
03342115
00352234
41212551
25402422
50313543
20510443
53203340
31514450
44322331
20053201
24112042
40045442
01154330
45215113
42143353
15145253
01005242
22054343
04534232
55121505
01100414
33535032
10454033
32243244
54012540
00024451
45551045
01052243
32242150
32524105
03405323
50355143
01323423
02525430
15412531
43203012
32542421
32123321
41555514
25435043
10103520
43124311
41054041
40010151
43513441
02251455
14203221
43434035
12113213
51111524
22202112
54214333
00503153
42504330
54445241
04202302
01331441
13150412
34523342
45205411
25040025
45521304
22135135
31234542
00555000
24010431
44503301
41151425
51015545
10345122
15133400
10203031
40112550
00520341
01453105
02035420
15430101
53502400
45542342
30130254
00232005
21252124
02350550
41241030
13242131
35153013
05141010
34342054
05325112
31302451
53521225
44533422
52305351
11132210
42142434
34212404
21442033
01110341
11433501
51220103
11042302
12312442
23032252
55343230
20205054
32353404
44404330
43145051
51142523
33003452
52455504
00013335
43441505
55544424
22254013
10524212
53010205
43522122
55144034
35315503
31110053
35433143
50423002
20543012
31521153
35424012
24244413
42024043
44121124
13221011
02224514
10122202
54333254
52500050
23542344
25225235
32002020
21111503
20115314
44235513
53211424
01240401
31350202
12252203
20402411
13551433
34334053
15141301
15353322
14405415
32121242
52011521
20412125
44102013
53052325
21534325
00233414
24442351
03305200
55004115
04355340
35305014
20124014
01532251
44443140
04152424
45114420
42413132
34054314
24451513
45324554
04002155
34255031
54402501
51023250
24120524
52005535
31103401
43345242
02514441
53232013
13204421
05425221
54423425
41103522
15250022
14532434
11243053
15000334
05242042
32131431
44055220
23413534
15125514
11340141
43425240
35541320
00521545
00042231
44512014
03034105
34533530
33001033
01555321
23410521
21413040
32552553
20550240
40123253
05321533
55332532
21041210
21103331
52112211
20321313
40212522
44221512
01443314
05533353
30414311
52405233
33031144
55241103
32215540
22310104
21210020
44514245
22115345
24022051
22505303
13052331
40425333
22425352
15343451
22423550
53412223
14454324
54031323
04501551
11014313
04511105
43012555
12120033
45053312
30201300
43205101
31142445
55525031
02515023
30145304
45400041
44240252
25315015
21154151
14044055
02410215
40321104
15551502
55055430
54311410
30351535
30512112
54013142
11015021
21335431
22151050
44155543
22552045
13415343
45031233
35125430
35100225
04202443
14542143
24043404
21420015
33244515
45111335
40015105
00230110
41030122
30442552
05323200
15255342
13355003
45243024
34051415
03214134
31203433
05203534
01351154
11224102
12002541
11445000
05213031
33104122
44315521
54534120
23331541
22321120
34402243
00432421
04205134
13211243
54231151
35005332
22103224
14155111
05022353
35041521
31235423
50352015
24315253
05520443
04104210
54554253
50425153
50214005
04224000
51401012
21142155
24304512
40515201
34504222
04213115
30024234
34344200
12044255
21424403
22244051
00141243
44325402
11455104
13524503
30220223
04130504
54143011
00320222
54354342
23030430
12505010
44001530
05400035
50503244
43012212
00441250
24520114
51505020
54125333
43111220
00254323
44225354
35412144
03025553
34143300
31410231
50551310
44333032
12155123
45434413
10320155
13000312
55514200
10212151
04050500
25152323
53445151
52030542
33032534
50042433
55021244
32350343
33030441
11050035
30351403
43531332
55430314
21341423
03421204
50531441
15441434
12345220
34435214
04305443
02540324
12531115
41452440
45124055
23135455
43302523
00315413
05130121
12134044
20451531
22221235
25101414
31304021
54310304
11302304
21022412
02430133
40333501
20332144
01440452
40404522
30303140
02343025
10411123
24531202
40132340
02303041
11043110
31033345
21231044
15110012
12314515
31251111
42220441
12443332
20214240
54345500
50453431
53313140
51530533
24003235
23524453
53151354
20244505
33401440
30013025
53350014
04413523
22403444
22033512
20054152
40001253
10322042
40251351
03245434
23451215
22125201
10053544
02213003
44100344
51120210
54325025
25522231
13333023
02112254
44540201
53511130
34211535
23223503
05315451
51412235
41344145
35323451
41404203
51141234
25314244
12301231
11314034
24435445
13351255
43433351
14544454
54224032
04412203
23512300
53434522
21511432
32514504
15340142
40005424
05510435
53250331
32205005
25423130
42255225
24525111
03452042
03513510
32330125
52023114
11253410
34102053
01550032
50431055
02104402
43154204
05342113
21541542
55003043
13113025
30225041
03044150
42301144
14210004
04153044
41113305
20303333
10542220
24532011
01212350
03333304
10101345
41202045
35505522
11501423
24401024
04354435
15232525
54501034
24505500
30525135
33010100
12432310
45235450
35330432
31523501
32300234
24232420
20252113
13240045
05111002
43352113
40303440
20453300
02045141
32440044
34413423
33310343
50134021
50153101
42411440
13530305
23540213
12522244
30311332
03043003
33323335
25301355
04450152
51333305
45554135
01544044
33541051
52054222
51505342
25555223
33143230
32000544
31451322
42020032
31310310
14120352
33134215
53115044
15104253
54051002
43013154
15424041
40300215
55413212
10223324
41020320
51514351
15554311
41004154
15315324
15535140
13400154
00243152
24155305
14331544
40521021
50534551
53305424
15150221
43223455
53251501
41055343
42023510
30233211
23025020
01454225
53334415
14025134
41545255
10304134
23320442
52314233
51421440
32325414
25504031
51304233
21343534
40032000
33420510
42002214
42330303
50535204
54134440
11452052
44341411
24451234
35022005
52102352
12421525
53104541
41332220
10413405
21300455
01501131
45304241
24014211
32210322
21534114
11510232
41523233
30402335
42231304
40151024
12212435
05050114
54442132
33545333
35244124
14200145
05023445
11125451
03550524
45502150
50440350
22514520
32401100
21200350
11553305
02442510
15021142
35532215
43200531
11154100
40135510
04541315
03333233
44432145
42455052
01225531
35503314
42530044
43340402
34113030
53202221
22430202
31435554
00034112
53044531
13525545
03003410
22235242
11300320
40200415
22355532
20445120
42122131
31043225
05445545
11252515
40433245
30544043
11120252
03332030
21321043
43135310
14014133
44434454
25043341
01035015
30513224
52033050
23244234
03504045
23141352
04425031
30135150
14523010
01101515
51133134
01254533
23233422
25003103
14033301
40140335
33551424
15540511
04522524
30424344
24424140
02334352
32041354
50150145
33342514
55112141
20022304
02543502
05201252
51040434
54000325
02220054
23253134
23305505
05120305
10030513
42234103
52412455
41422544
02535102
52531301
50245230
45032124
25133154
15403215
12450124
45545403
30100503
50241125
04153241
33215253
22330034
11431550
54230455
40444114
55513121
13044410
44241120
04123422
05035244
33204204
15502054
55522345
52351211
52233023
25002502
42544115
32315130
52140400
41312321
35432520
23014002
05531220
03453532
35204313
42311014
12230230
33450405
14515352
20344131
00000012
45510500
43500433
24245541
42453421
21313252
45143215
30152103
23123515
20205521
33143102
53541214
21434241
01414054
10553135
44450315
00011014
32312001
42444221
03115320
55234451
31122024
12020423
00334510
01114142
11145551
14451240
41014432
53525412
30340421
20350001
05235355
34045222
23001145
10031402
14142522
45353545
52111110
24513554
02204520
10144331
30205131
32220511
44250130
34222555
35334002
34550421
41431111
40550302
54303514
12413111
13010240
10334253
53112431
51022100
33354520
02152035
55223040
03254112
45222232
05440333
44403004
45332345
54451441
45151142
25554400
21235213
53415302
02431203
35441155
51253555
52241442
32434531
10502533
23122404
03520255
53040052
45010234
03310022
41241300
23214152
30220534
01123140
40500415
52434045
31552111
30231032
32043132
21155143
25012433
13455434
34421251
31015532
54105205
32454412
55525322
24145123
51232332
42133555
51403513
53454143
03240220
13343040
54222214
12352501
20521450
00110511
52422125
55322122
12540104
03443321
33012225
04044522
31120545
25201540
24130233
33254451
10415432
31040133
22032553
24230311
51005411
34034101
44100001
22444453
04131335
14332025
43553050
54253502
52155512
13205550
52222343
34530050
55232001
44440043
55143324
53535144
25152250
50111452
30242312
50422530
25525034
13031502
54410020
50400132
15414300
50040524
52254554
51532403
41324050
12245315
51250243
20104435
34411341
25500151
03124443
32555552
14340113
10322450
35252230
31433200
34132313
43342350
03021432
52543435
13444222
14053553
15133442
31501205
22302205
11424315
14101403
10035201
03130541
13102130
15224440
41021505
01000004
25144532
35211433
22015330
51324511
34301112
10355425
55105150
52301552
00541554
10410542
00401344
35131511
11004540
21050454
23131103
04324325
11330453
31405125
05404301
43541543
40315053
55450553
05242204
03221321
15042415
44540535
40252442
02522413
45415452
34025213
20124145
45052501
03153413
51345312
25352510
03055311
41410414
41355135
12000151
25533255
13124534
30022320
33404352
10420404
32553250
42203325
21003224
23323121
42411353
35453054
50344303
11321330
52341005
22333310
02051120
35210552
41135002
43234324
12553142
35030040
55045503
30141523
45351023
11211214
22340540
45054405
03011450
43120123
23103050
24353123
04330245
12035024
55024404
22011311
34114555
33355241
34445410
50031031
25213401
24034340
23455110
33422003
25014523
25230204
55300420
