14323205
53225125
04143104
42323210
13023012
14120335
31254055
41310155
31115252
51235022
12231533
10033323
03125234
32503413
12501002
05153550
52552334
23141322
54352452
44510043
11315104
45323015
00453204
11110131
25542223
31452140
25510452
03233240
35454152
45322331
32043524
24113042
54122531
00144312
25215003
42145553
10345452
12505512
22004340
04534232
14141505
04100451
21320521
45202102
32243244
54012540
00432401
52512205
03353243
33222150
32024105
03505323
04054115
54010122
51524533
15014151
41503354
15052410
31503304
41555544
24435043
15523420
43124311
41054021
40000251
43532541
02251455
14203221
43434035
12113213
11211522
22200111
35213145
20524123
42254210
53445201
04230302
34135005
01331441
13150112
34523342
43112410
25312533
45431314
01221435
42230142
00555000
24010401
41330003
40131425
51414545
22245520
35132230
15535000
15023301
43005011
40523030
00520541
50412255
52031442
43430101
53550400
41244204
04342524
30502152
11252124
12200552
43241030
03120340
31453013
05141010
43441422
45125122
35044035
53521224
34433432
52305351
11152214
25542132
34212404
23052453
22012325
20250521
11432504
10555153
44345054
12302442
10532441
25344242
20205054
15305504
44404330
03114551
51212523
41002451
31033454
52455504
00013335
23242502
55514424
22554013
10524212
20145543
45042312
14324030
34055000
05010444
35433143
50423002
20543012
25451555
55024011
24145415
43420041
34101134
13221511
02215144
55222202
44052244
52500130
23142344
24152335
25345150
30012553
25134315
44235513
52211321
01040401
31350202
24255404
20402411
15451441
34315153
15442321
14313350
14405445
32121242
52001133
21335304
44102050
53040330
41534355
33311551
25443451
11425231
13002314
21525313
35155012
24422425
21401201
45443140
02104402
40114420
42511132
41304103
10451113
01324553
52002025
04255031
54400501
51023450
15004525
55005535
03303312
43345242
02554441
43032213
13205424
35400311
51025424
41103522
15550025
50525211
11243053
45300335
13430041
32335230
33155240
23413534
15425514
11340141
40425240
42325435
00201345
00042230
04512211
12422122
54542121
24533120
33001033
02212352
01112324
22425352
22452043
01051541
44432252
00334020
53334530
24031514
21101031
05105245
20321013
02552522
40251512
24243314
05533353
32412014
52454021
33054144
54331101
32435545
51550553
21210020
50032034
00105345
04022031
22500301
52032341
40425333
21422302
20050240
42230404
33422155
14424424
33034330
04501551
31014342
04511325
43052505
12120033
11550442
30200200
24144200
31142445
55521433
02535223
10345224
55210241
24241152
21515035
21104154
14015051
02424245
40541104
01354235
15055433
54311410
34451535
31512112
11515521
11033521
20335331
22151050
45151041
22503045
13341543
01522032
31125530
33100225
04402143
10020503
02040225
03231205
31444553
45111535
40015105
00210110
05445542
05541554
05313210
15255342
53115043
45243022
54421015
03014130
51223141
32054412
21305443
11224102
35402531
15444203
05213031
13232430
54015525
40441042
31131020
01002220
04003420
05430033
45205134
43011444
51231154
30002332
22103424
14135111
05022353
35041521
35145554
50352015
01033005
55225350
01243530
54154253
44140223
30005503
02222003
41401512
35123355
24304512
50315001
14504023
04413115
21022435
01514430
14440250
25221103
22244051
00141252
44325402
42455215
12114430
13554503
11030055
05132544
54143011
50320252
54354541
23343435
10154355
01035254
15115045
50503244
14014012
20222120
24520114
54513553
44123523
53113305
32150314
44215324
40312141
13121053
23524401
31410231
50551310
00423350
12105123
45434413
02343155
13302310
50214014
10212551
05350111
44204055
43403151
52520542
53553100
52010514
55011200
42350343
33010441
31220022
30351403
23511532
54430315
21234422
52411004
10552233
10441434
52322534
34435214
15503244
34050543
02530423
23340133
41455350
45114052
33135451
31300544
00415413
01522051
42134014
30454531
42552455
01512143
51524010
50230303
04242443
22123415
02400133
45333501
12352011
01440452
40121304
30303120
30254320
24414121
55501105
40132140
32303041
41013443
24533434
31231044
25320053
12314515
00225205
42420451
12343332
24214240
15311345
50153431
53321140
41433522
44053232
23424253
53151554
20214505
25005455
20023225
53350014
02002204
54443343
22153532
20051152
45201253
30042221
40253351
03345005
23151215
22125201
10053544
32213103
44500442
51140210
00035442
53522232
13323123
52404254
40143401
03401430
13554131
24043533
05315435
01242223
55140444
35323452
55420130
41123234
20311444
13031231
03312344
01324411
13351255
43131352
13344454
54214032
04412203
43512000
23202345
03331053
32513504
00540354
40002424
04220435
53250331
31205005
25423030
22253125
42522131
03452050
51002142
44140510
52023114
11253410
34302255
10132053
50431555
22021040
43154204
05342113
11541240
55303043
00103113
33234511
43544150
42302024
10230045
04353044
21110303
25124510
11042022
21232101
15522243
34440012
10104341
41202535
33203552
14201413
20441124
04355330
15232525
05201540
24502500
30531115
13244000
12432310
03030550
35130532
01553101
24505235
55341231
11412333
40544535
05251002
00233114
24021323
20353302
02045141
42205010
03232012
43513313
55134021
02142232
42511440
35040305
03540213
12134244
30311322
00044003
32104313
40301355
03455102
41142513
44534001
02544041
33541031
51055222
54505342
24335421
42121500
23400233
31351322
42050032
31314510
54004304
33444115
51115040
31304223
54051002
53240045
10234143
00300525
55413212
10225024
45020320
51514331
55504311
05244424
43413021
35515340
13400154
10243115
44554222
14331544
40521021
50535551
30205432
01151420
44221554
53251101
41055343
23253413
30333211
23025020
01454325
32344025
14045132
11545255
10304101
23320445
42014233
51451245
55355414
25321225
21244113
32325503
20213040
51133320
42304211
12155201
50534204
54034150
11352052
44341011
45452554
50101243
54102350
12421525
23535530
41332210
10413405
11311023
51201432
44113311
02314254
34332422
30543500
11530430
40252323
35201411
00404524
30150024
12202335
05201124
54423132
32144333
55154123
14450500
02053403
11145451
03550524
05505150
50430020
52524320
31411400
21200350
11552305
02441510
10022144
05532125
43200523
11154100
50115510
44143155
52333233
25402022
43455005
05021532
35030124
12433341
53314500
34313030
53202221
22430202
52405055
40400144
42115131
23525545
21044215
25015212
20130542
30220413
21355532
21541320
30111234
31543225
52442530
35053515
30035245
30545043
21130251
32032031
21322044
33321304
14214133
04434454
30123041
01025153
30510224
52033050
22254334
03504045
25155321
01445031
35355222
14553015
01101515
45234205
14450153
23230322
25003102
05500014
30240122
23551404
15540511
04155524
30425344
34124140
30344440
32041353
50150145
33542514
03102131
30022102
55543002
45530251
40330032
55000325
02220054
03223404
53302505
05120305
00021334
42112545
25232115
51422414
02335102
13401232
50245230
42035121
35445101
11403215
24350125
45545403
34130103
53141112
14542034
33215253
22331135
14121552
52210455
40444114
54244524
40044410
33124121
04543442
04011500
35514201
35524054
33532443
12352421
33404522
55012153
33335115
51305100
03330503
32212021
31521120
23304042
04521203
55153222
35244343
23352111
12230230
33450405
15102352
20443131
24000212
45510500
52533411
24245241
32453420
21313252
20501322
35152303
43220215
20100214
33143202
03541214
21434540
01414054
15533135
11240034
40011013
32312001
42444431
02113022
25523241
35322434
12020423
05254513
52334142
21045544
14451220
40550332
13503531
20340454
10130001
34235355
05425221
24001145
10031400
44311433
41322542
22110110
24113154
02202500
51144335
33011125
32223511
44250130
45524245
25334400
34555421
41431231
44545314
32004434
42410320
13010241
30334253
53313421
30322515
43305520
00152035
00313532
55202010
03234152
43014202
05440335
44403004
55342055
04523015
32301422
21131444
41215441
13415302
02111201
35525113
53253435
52243452
00034511
20203233
55133434
53504453
53043054
45030234
03310022
41241300
20552254
31341234
01123143
41500415
41353134
54452111
24030013
42013545
31020111
44042103
10303034
34021251
43025555
52135405
45245254
55454442
22555142
31233331
22133555
51003513
53410413
34530050
13403540
34222212
12241551
25231450
14534402
11430223
25012004
12540104
03443520
13112225
02044552
31405324
25104144
04310234
25253004
50415032
31000133
22032553
14320321
53045413
51521011
51120005
22441403
02131333
52142100
43553052
54253502
52255213
13215550
52222343
50352423
20442305
12045044
51343324
53535144
14112402
45355030
32140312
50122112
54231023
53543345
44105200
01134112
15414320
10140520
50214554
51532403
41021050
10245315
05250243
20104435
34451341
23510155
04124433
12525454
14330313
00322400
35252230
21433300
25024231
33342351
03021422
50533455
13444522
15431152
13133440
34144300
12322250
01220315
14200403
40224522
31204141
10135130
14224440
01420505
01000002
33420332
35111423
12015330
55035343
04301112
00255421
32152151
10301550
20510354
10410442
03401344
25531512
11024344
21050434
23131103
25423523
03235412
51445125
05344301
45224543
54113124
33515434
55350553
04204231
54241135
15041415
34540535
40252442
02522414
43412132
54025223
14324155
33001210
43153433
51345312
25552540
03055311
40110414
11033202
13003201
42531325
13100534
15053354
30404050
50121151
32553250
42403305
23532224
24411010
42411353
23033024
50314303
11021330
51341005
32534502
02051120
35210554
41135502
43334324
10511142
35000040
53434322
22355224
40443223
43341121
11211214
22340540
45350405
02011455
45551133
23103050
35354134
04330245
44032345
54024404
22011311
34114545
12351241
34045410
50441521
25102450
24054351
23455110
33422003
22414543
25420204
55300420
