402020403
340133052
503331114
341003142
410143422
445454345
554502011
203342205
220525350
125344434
405132035
012204150
302224101
435322152
412251213
411531530
355010320
050041445
312523105
501124524
434120255
320400133
133513211
110222545
102313510
331542521
234443013
420141014
024405305
044313253
240251504
031123433
234011132
322452552
030005501
512322001
340321531
005205242
244500123
312545044
404223314
232131324
023512204
142435210
353235451
100442002
314312443
151153334
304111545
113015312
104555020
002451022
125052124
533555442
551215105
051350010
522203522
130300343
001452131
015134203
343504313
523423331
443041125
252330402
500054240
041412342
515441221
210051351
334035215
053354051
033233543
141221425
525511253
511410004
142145153
014432324
144334301
421345301
543101440
311424212
540212414
121020244
314150222
453400454
445555402
524253532
531431055
250303225
021232420
245210031
502140115
152454032
251242232
505033544
454444140
003250535
104501451
000530134
155121513
305243350
030104115
322014435
052521311
201514552
450214221
245025044
510355333
255453440
131154404
015105535
225534415
430415520
223114023
201304512
552540353
411003053
353325224
432502234
044040500
534044030
123230042
335101000
213122130
453032503
222130141
