053305213
104410324
215521435
320032540
431143051
542254102
002232245
113343350
224454401
335505512
440010023
551121134
041105335
152210440
203321551
314432002
425543113
530054224
015224413
120335524
231440035
342551140
453002251
504113302
044442550
155553001
200004112
311115223
422220334
533331445
032322121
143433232
254544343
305055454
410100505
521211010
014050312
125101423
230212534
341323045
452434150
503545201
012115542
123220053
234331104
345442215
450553320
501004431
050433411
101544522
212055033
323100144
434211255
545322300
043513404
154024515
205135020
310240131
421351242
532402353
005041044
110152155
221203200
332314311
443425422
554530533
020514453
131025504
242130015
353241120
404352231
515403342
021530351
132041402
243150513
354203024
405314135
510425240
001450100
112501211
223012322
334123433
445234544
550545055
022142204
133253315
244304420
355415531
400520042
511031153
035020250
140131321
251242432
302353543
413404054
524515105
051451515
102502030
213013131
324125252
435235303
543340414
020301032
131412143
242523254
353034305
404145410
515250521
033154030
144205141
255310252
300421303
411532414
522043525
414443455
040341033
450315500
525052031
213144341
250112044
135000125
