040343310
151454421
202505532
313010043
424121154
535232205
023003333
134114444
245225555
350330000
401441111
512552222
045520222
150031333
201142444
312253555
423404000
534415111
014003252
125114303
230225414
341330525
452441030
503552141
002234253
113345304
224450415
335501520
440012031
551123142
045113005
114324110
225435221
330540332
444051443
552102554
010410511
121521022
232032133
343143244
454254355
505305400
020213245
131324350
242435401
353540512
404051023
515102134
032440204
143551315
254002420
305113531
410224042
521335153
055223225
100334330
211445441
322550552
433001003
544112114
021034111
132145222
243550333
354301444
405312555
510523000
042124311
153235422
204340533
315451044
420502155
531013200
000202550
135315002
222424112
333535223
444040334
555151445
013242115
124353220
235404331
340515442
451020553
502131004
053300414
104411525
215522030
320033141
431144252
542255303
031351124
142402235
353513040
304024451
415135502
520240013
042230430
153341141
204452052
315503103
420014214
531125325
040054010
151105121
202010232
313321343
424432454
535543505
032303434
143414541
254525050
305030101
410141212
521252323
004335254
115440305
220551410
331002521
442113032
553224143
050155354
101200405
212311510
323422021
434533132
545044243
051300335
102411440
213522551
324033002
435144113
540255224
034253451
145304502
250415013
301520124
412031235
523142340
003140145
114251250
225302351
330413412
441524523
552035034
020122534
131233045
242344150
353455201
404500312
515011423
015220352
120331403
231442514
342553025
453004130
504115241
001541200
112052311
223103422
334214533
445325044
550430155
024012200
135123311
240234422
351345533
402450044
513501155
012202402
123313513
234224024
325534131
434042240
501151351
024140041
135251152
240302203
351413314
402524425
513035530
034020303
145131414
250242525
301353030
412404141
523515252
025422510
130533021
241044132
352155243
403200354
514311405
035150420
140201531
251312042
302423153
413534204
524045315
031512413
142023024
220134045
320245143
412353301
523401302
021535404
132040515
243151020
354202131
405313242
510424353
004404344
115515455
220020500
331131011
442242122
553353233
030345020
141450131
252501242
303012353
414123404
525234515
043314151
154425202
205530313
310041424
421152535
532203040
023455300
134500411
245011522
350122033
401233144
512344255
033241424
144352535
255403040
300514151
411025202
522130313
001153322
112204433
223315544
334420055
445531100
550042211
052412320
102513431
213024542
324135053
435240104
540351215
030204232
141315343
252420454
203531505
454302010
025153121
043232342
154343453
205454504
310505015
421010120
532121231
035210143
140321254
251432305
302543410
413054521
524105032
011113215
122224320
233335431
344440542
455551053
500002104
014205503
125310014
230421125
341532230
452043341
503154452
000453100
111504211
222015322
333120433
344233544
555242053
023534523
134045034
245150145
350201250
401312301
512423412
045403013
150514124
201025235
312130340
423241451
534352502
013445035
124520140
235031251
340142302
451253413
502304524
031452243
124503351
225014405
320125510
401230021
552341135
010133243
121244354
232355405
343400510
454510021
505022132
043424134
154535245
205040350
010152401
421202512
532313023
055532541
100043052
211154103
322205214
433310325
544421430
004522423
115033534
503344021
331255150
442300201
553411312
031411351
142522402
253033513
304144024
415255135
520300240
033331552
144442003
255553114
300004225
411115330
522220441
035052435
140103540
251214051
302325102
413430213
524541324
000324405
111435510
222540001
333051132
444102243
555213354
032011450
123021501
234132012
450354234
501405345
015104450
120215501
231320012
342431123
453542234
504053345
004131122
425231213
210353344
331404155
442545540
553020011
001021040
112132151
223243202
334354313
345405424
550510535
004031510
115142021
220253132
331304243
442415354
553520405
013544050
144055001
255100112
300212223
244325332
522434445
042012544
153123055
204234100
315345211
420450322
531501433
013433425
124544530
235055041
340100152
451211203
502322314
055441432
100552543
211003054
322114105
433225210
544330321
024205025
135310130
240421241
351532352
402043403
513154514
050044502
101155013
212200124
323311235
434422340
545533451
002245521
113350032
224401143
335512254
440023305
551134410
011340443
122451554
233502005
344013110
455124221
500235332
015550201
120001312
231112423
342223534
453334045
504445150
052333102
103444213
214555324
325000435
430111540
541222051
030505101
141010212
252121323
303232434
414343545
525454050
051221101
102332212
213443323
324554434
435005545
540110050
044144335
155255440
200300551
311411002
422522113
533033224
012025144
123130255
234241300
345352411
450403522
501514033
022451213
133502324
244013435
355124540
400235051
511340102
015314324
120425435
231530540
342041051
453152102
504203213
032554032
143005143
254110254
305221305
410332410
521443521
005301041
110412152
221523203
332034314
443145425
554250530
051405453
102510504
213051015
313102120
435243231
530354342
051255512
102300023
213411134
324522245
435033350
540144401
054050123
105101234
210212345
321323450
432434501
543545012
113513201
335235424
145240035
555431040
040035115
151140220
202251331
313302442
424413553
535524004
055115230
100220341
211331452
322442543
433553014
544004125
032521345
143032450
254143501
305254012
410305123
521410234
050050442
101101553
212212004
323323115
434434220
545545331
025041154
130152205
241203310
352314421
403425532
514530043
020111522
131222033
242333144
353444255
404555300
515000411
041553555
152004000
203115111
314220222
425331333
530442444
021024231
132135342
243240453
353351504
405402015
510513120
043303221
154414332
205525443
310030554
421141005
532252110
010541033
121052144
232103255
343214300
454325411
505430522
044511103
155022214
200133325
311244430
422355541
533400052
041424242
152535353
203040404
314151515
425212420
530323131
050504301
101015412
212120523
323231034
334342105
545453250
014323131
125434242
230545353
341050404
452101515
503212020
043132503
154243014
205354125
310405230
421510341
532021452
052212015
103322120
214433231
325544342
430055453
541100504
022322053
133433104
244544215
355055320
400100431
511211542
041504044
152015155
203120200
314231311
425342422
530453533
000432034
111543145
222054250
333105301
444210412
555321523
022143130
133254241
244305352
355410403
400521514
511032025
014334052
440433133
325445203
554501021
133253323
044015530
411410440
114223041
252231432
003223540
052452505
430450214
311022513
002041220
504521554
442301344
005342133
511513334
253004355
450510450
435432524
451344341
340141455
500211105
155350551
020300024
231514224
533115435
222502110
023250511
411303424
