454323215
153225125
100143504
342111210
412120525
232054555
341313105
531115252
451535022
512231333
410035323
513125234
434222133
412501002
021010511
053552334
020141323
053314522
344510043
030340515
145324015
202453254
111110135
132545040
031452110
525212454
042533240
534444222
245322331
232002223
033155021
251120541
100334342
233205433
442115553
030033404
550405512
122004343
305534434
433541501
324100451
521320521
103512103
530443244
454052540
502441133
252510205
433251350
532024105
403505323
304054115
054010122
351524533
115014151
441503304
011053010
022102031
115523420
133025341
241043003
540000251
314203221
343432235
015003213
014330352
312243401
130213122
540504123
443554221
031404131
014135205
323331402
403052432
143242542
325312133
445431314
420251435
343244140
300555000
120010405
341325004
240105335
522434520
035132250
515314000
333123000
140021130
352001440
233450142
401244234
504342124
533500151
011222121
252224252
403422440
025240525
243431443
145145122
234034041
102305351
315122244
152342432
423452353
400550511
010532153
344345054
114051453
552523554
233535202
400203054
015305104
424255203
044404330
303214551
355254124
022354013
010504412
030325543
045042313
030032045
310323030
505010440
252432123
515401455
424125414
103451011
213021541
402215144
021345150
200051420
320402414
215152421
402442351
214353025
314542350
514200445
432121243
403103133
121241514
554102320
244321224
350040233
431343523
041414355
425353451
420411221
315001314
421001300
002104402
140133413
303543012
045234003
120031555
150004005
301151552
415004535
355025235
532354441
541032213
435400341
000225211
245313552
435455134
253035154
453423534
132540402
311340142
202333112
244412252
153334530
305403242
205533353
552454200
132353104
550550453
255131534
452512005
341145333
521455412
513131001
441014042
304433424
203002052
235200500
320144201
510342211
145211242
332422145
521515035
524355245
052013435
503005403
043040004
045055443
524133020
012515421
304142425
211133521
020035311
545351043
222503045
221521232
225314244
455341120
431025530
210020503
455530225
254240424
500210112
205035525
001101112
224341342
155115013
023014430
551013341
141505431
422404503
034425455
551435101
505223031
451502245
435013025
542201021
355401024
530203322
515135542
011421215
500102155
555225350
101253530
212032342
055200551
341123355
250315001
111541344
401114423
331001524
213340230
325121103
243230245
333420402
042445215
542335501
023230435
405340053
025232445
520123041
333343351
430320055
210153152
050544545
212444413
545502540
223510114
530412340
044122223
323513320
120452002
355513511
023120154
000421350
243143515
110350444
423214011
410212531
445535131
005153145
142350323
032520333
440230420
233322500
101052205
422212210
245551504
134435344
304413253
022250241
034351212
101435325
150222010
531300044
011210050
013505135
442552455
140542021
421430443
004223022
523522225
044214034
435302433
413314255
422302141
412335434
124330133
253445500
324304522
440350202
543523312
201112304
200425033
043055542
504551301
042141234
503041121
413445344
544545420
441445402
333314425
131220253
222125100
340053544
553213103
335352322
500333225
423103540
441131145
044541032
022215352
330034230
524043533
214205214
413541231
421421545
304120332
523131352
143332454
430142003
115530001
312143032
031205005
201504410
342024122
142223301
042512100
050201141
320152120
502414002
113131120
125142515
131523501
533553023
442200150
212341505
200521401
330514354
123355032
124211543
113144331
520531534
014423130
005322525
254324303
305132301
232110512
134153201
442255314
451122312
033232512
452313310
552130040
522114115
200335450
042450030
322440025
432144150
001130203
000232214
121423111
231121444
453151413
230251315
150035143
313411452
053420301
054143442
143404405
515251410
031145410
311452503
211154340
442221112
013302423
225243305
543501534
235134432
221545255
450101252
122551122
211505054
441104001
345251225
121534250
430233121
534411411
151450314
324231000
303024303
230424524
230041053
310235552
312303543
450224444
241244321
511545113
514534124
540340435
534140233
153040211
201440431
405023250
553254332
135121054
245414153
002310015
454030204
513212313
341205132
402411513
303202135
415354032
224013555
120140350
532003430
334045112
414452104
131201400
351355250
300311335
330130410
322134024
544422013
113412241
320512242
002113331
523045345
400145240
102141415
025050300
155530155
023443423
531324310
153300053
310455131
434505515
405011033
455030112
035413303
204542134
323425041
313110324
515402302
255552042
150023100
434530024
302030344
535132015
544015331
510100310
444043411
301041041
002104254
212325243
023124253
241243012
524301240
553442030
250455145
501044152
203150105
354114245
014311131
423213102
120302325
404532551
104254053
250513433
014154451
054004210
420053104
153423055
115420200
221100030
251231113
214415404
305525151
203311040
000300121
352344314
554252535
024241154
503450513
010430541
103211204
130254231
541410120
340025453
045415224
333542114
111142220
545150131
420525330
504500210
052043223
525343014
215511125
144322510
251242043
555241402
331522011
150215054
422000552
425220534
332241035
225520422
205223415
555543355
410451342
234020320
000201503
331333234
124532012
332231155
505224243
030351305
104444541
215050134
105214320
144512235
224400120
112152333
554331443
153513444
244434104
335042544
322520214
312525315
220344132
410444300
224224335
053353111
201302501
354250313
244202441
135031421
550021022
225042252
110003235
504135510
004304140
410111014
053001325
102420032
512244520
051025442
511413354
144524142
522311053
135501533
144401103
111040243
450342354
314204013
033524044
522122403
345110500
111234245
044253155
522255524
125005044
405442100
444450533
540154054
125453213
351230332
330400353
213255024
533331135
250511230
343111033
324052051
220243453
131414434
441220305
503234455
513051254
105540224
114033502
053245230
022401304
232010201
502055032
414310413
355141341
333320143
240354213
435335201
202040551
432433222
022024531
223004424
234101551
252534311
404321152
254154130
133053334
142530544
521233140
404403035
204300334
055303232
345453050
223130031
541433305
231412215
352032451
231555133
143100222
020523204
025424112
142432052
525504231
225435010
311532435
302215223
111020454
212022034
555124411
324354405
331551443
341255440
003433330
142333204
215245111
331102142
134413550
154135431
054542101
130112525
001510345
151202523
433503210
112453512
051311520
542011515
415042025
054431051
251103424
045150542
535155014
443113341
143015510
035544552
345300114
551114504
021013502
011415532
003345302
451155155
105315412
110205102
011203434
001334020
011050222
134002114
414543143
444324502
021554525
032012324
514553402
041321451
452051021
025541440
121303313
501321424
240403521
323544213
340504050
152155302
354421534
200112422
334000305
004555544
302222504
152405420
411424023
531250401
403533545
114525021
350434415
155315345
413220045
542440144
115435553
340331523
421332544
530411332
540442550
240022415
034014403
552310134
352033013
240231202
513022150
454554352
413134513
353550550
415125400
002352530
353005201
