040501014
151012125
202123230
313234341
424345452
535450513
005253510
110304022
221415131
332520042
443031351
554142404
042515235
153020340
204131451
315242502
420353013
531404124
044423042
155534153
240045204
311150315
422201420
533312531
043022002
154133113
205244224
310355335
421400440
532511551
055135204
100240310
211351421
322402532
433513043
544024154
024300524
135411035
240522140
351033251
402144302
513255413
044412055
155523100
200034211
311145322
422250433
533301544
002342405
113453510
224504021
335015132
440120223
551231354
052321125
103432230
214543341
325054452
430105503
541210014
014033324
125144435
230255540
341300051
452411102
503522213
032144014
143255125
254300230
305411341
410522452
521033503
000120510
111231021
222342132
333453243
444504354
555015405
015314553
120425004
231530115
342041220
453152331
504203442
011342511
122453022
233504133
344015244
455120355
500231400
055134531
100240042
211350153
322401204
433512315
544020420
041330244
152441355
203552400
314003511
425114022
530225133
021022033
132133144
243244255
354355300
405400411
510511522
001001213
112112324
223223435
334334540
445445051
550550102
053411454
104422505
215533010
320044121
431155232
542200343
034231212
145342323
250453434
301504545
412015050
523120101
001351502
112402013
223513124
334024235
445135340
550240451
025525251
130030302
241141413
352252524
403303035
514414140
012554141
123005252
234110303
345221413
450332524
502140020
025124500
130235011
241340122
352451233
403502344
514013455
003215403
114320514
225431025
330542130
441053241
552104352
004510103
115021214
220132325
331243430
442354541
553405052
054543553
105054004
210105115
321210220
432321331
543432442
031445345
142550450
253001501
304112012
415223123
520334234
043424534
154535045
205040150
310151201
421202312
532313423
001530332
112041443
223152554
334203005
445314110
550425221
025442114
130553225
241004330
352115441
403220552
514331003
030222324
141333435
252444540
303555051
414000102
525111213
011113402
122224513
233335024
344440135
451551240
500002351
021335110
132440221
243551332
354002443
405113554
510224005
013430110
124541231
235052342
340103453
451214504
502325015
050305542
101410053
212521104
323032215
434143320
545254431
041112152
152223203
203334314
314445425
425550530
530001041
002404103
113515214
224020325
335131430
440242541
551353052
154104413
105215425
210320530
321431041
132542152
543551203
051024442
102135553
213240004
324351115
435502220
540513331
021203555
132314000
243425111
354530222
405041333
510152444
022151030
133202141
244313252
355424303
400535414
511040525
020454310
131505421
242010531
353121043
404232154
515343205
035210204
140321315
251432420
302543531
413054042
524105153
013102244
144213350
235124001
340135512
451540023
502051132
022542423
133043534
244154045
355205150
400310201
501421312
020230143
131341254
242452305
353503410
424014521
545421030
052244122
103355233
214400344
325511455
430022500
541133011
055413021
100524132
211035243
322140354
433251405
544302510
023151343
124202454
245313505
350424010
401535121
512040232
040343240
151454351
202505402
313010513
424121024
535232135
030112543
141023054
252334105
303445210
414550321
555001432
033330355
144441400
255552511
300003522
411114133
522225244
014122100
125233211
230344322
341455433
452500544
503011055
001452121
113343232
224414344
335525454
440010532
551141010
354015311
105120422
210231533
321342044
432453155
543504200
032231515
143342020
254453131
305504242
410015353
521120404
052052252
103103303
214214414
325325525
430430030
541541141
013525545
124030050
235141101
340252212
451303323
502414433
003143145
114254250
225305301
330410412
441521523
552032034
050554220
111005331
202110442
323221553
434332000
545443115
001014335
112325430
223030541
334541052
445442303
510123214
030501310
141012421
242123542
353234043
414345154
225450205
012233050
123344101
234455212
345500323
450011434
501122545
033303131
144414242
255525353
300030404
411141515
522252020
004324333
115435444
220540555
331051000
442102111
553213222
013020431
124131542
235242053
340353104
451404215
502515320
031421440
142532551
253043002
304154113
415205224
520310335
054220415
105331520
210442031
321553142
432004253
543115304
022013341
133124452
244235503
355340014
400451125
511502230
012455501
123500012
234011123
345122234
450233345
501344450
044044015
155155120
200200231
311311342
422422453
533533504
011004104
122115215
233220320
344331431
455442542
500553053
034552434
145003545
250114050
301225101
412330212
523441323
040315022
151420133
202531244
313042355
424153400
535204511
010441253
121552304
232003415
343114520
454225031
505330142
053450254
104501305
215012410
320123521
431234032
542345143
050202005
101313110
512424221
323535332
434040143
545151554
042433313
153544424
204055535
315100040
420211151
531322202
045543424
150054535
201105040
312210151
423321202
534432313
015153034
120204145
231315250
342420301
453531412
504042523
044211530
155322041
200433152
311544203
422055314
533100425
043140033
154251144
205302255
310413300
421524411
532035522
035523312
140034423
251145534
302250045
413301150
524412201
012532300
123043411
234154522
345205033
450310144
501421255
051550041
102001112
213112223
324223334
435354445
520445550
030434401
141545512
252050023
303101134
414212245
525323350
023214440
134325551
245430002
350541113
401052224
512103035
045251321
150302432
201413543
312524054
423035105
534140210
005012240
110123351
221234402
332345513
443450024
554501135
020021152
131132203
242243314
353354425
404405530
515510041
033444522
144552033
255003144
300114255
411225300
522330411
033405350
144510401
255021512
300132023
411243134
522354245
024245301
135350412
240401523
351512034
402023145
513134250
015300453
120411504
231522015
342033120
453144231
504255342
053045430
104150541
215201052
320312103
431423214
542534325
015501135
120013240
231120351
342231405
453342513
504453024
042305454
153410505
204521030
315032121
420143242
531254343
004105221
115210332
220321443
331432554
442543005
553053110
030050154
141101205
252212310
303323421
414434532
525545043
040155455
151200500
202011011
313422122
424333233
535044344
031025023
142130134
253241245
304352350
415403401
520514512
312300535
140403130
335145241
522042534
230233553
332022014
125332352
445233252
015353303
401245423
544230121
413130403
234322401
504525111
344524352
033314210
025003223
024440212
050413332
221131534
510430245
102303354
100125002
342514414
015035112
531220545
230413040
514121330
432055404
000331035
251514201
035551045
211223455
202435534
253045142
330104334
520402445
100025443
304341243
150301323
012251455
041403320
020534004
533052001
403424000
352313552
003224544
004031423
522213100
102222031
