454323215
153225124
305140504
312120525
231254555
341313105
531115252
351535022
312231333
434222153
312501002
011012511
253552334
020141323
553314322
344510043
230340110
132545044
525512454
245322331
232003223
030033454
550405512
404100450
103512103
252510205
554015130
302153231
535024105
415051010
115523420
540000251
323434035
014330352
443554321
211404141
145431314
420251435
450132230
331424224
042445122
003050145
521203033
243411423
102305351
525344243
100013335
022554013
330325543
105244022
213221511
402215144
355205401
451041101
015125034
320450121
515541535
244452252
205533353
504032441
410104314
110345224
510254200
320343052
221521232
254240424
020513140
035401045
244314514
202443034
102534220
123340501
134550154
542134153
502343425
100101142
352324041
555553111
420412302
000114011
245102522
455010412
023351250
542023312
131120013
421430443
413315053
535210340
340421000
031004330
013242005
203303040
010402433
052353502
434445315
222125102
133022242
324232110
150144455
441140530
112452140
324415555
044503435
541455001
531331134
043520402
240535505
504255313
342541254
343005354
543113541
024000004
244135340
155331523
004131515
540232024
034211121
233130431
404054532
104421201
410233542
421502125
041243241
223054452
553042553
205202215
001252420
144351025
333443400
432011550
513530244
453121444
114443343
411514331
145350433
024224345
455424350
321155414
132102404
134203510
351022435
404334000
013035203
125003341
