534510103
431235424
421133255
255444242
215514453
531344201
020154455
410351114
015230134
125451232
501522301
351550333
532505035
301223143
433344034
331013130
030200000
132104440
325243534
451513202
444524324
035524020
524540004
255011404
325422205
534532405
315545133
240203544
544033013
353321425
145114002
322120323
020345540
110205033
105030052
302331030
243040240
520524532
221423052
003020424
445550400
545021112
452150013
450331232
543421451
140552105
122301402
225003004
325431512
553445231
301345250
443125121
200354114
225351001
012214540
403455025
051531010
411112325
333102531
334524554
432211530
141101551
444232510
145055044
515044423
010513330
213342044
454555020
343251041
453041515
223522013
231134102
235031231
312422022
303530450
024105530
333335111
024120150
253502140
110241213
203305512
102042514
315342530
323545405
254545341
404035323
524321320
535254051
235442335
203112303
145102131
422244251
514404112
032430555
432334522
124410033
432023051
134021433
340435252
502124410
404225233
040441321
014250342
001143112
110412421
142132020
054211145
443130435
231304445
321405504
553433124
111020521
234325413
400152032
355014221
003244402
440544152
135223240
301054112
221511340
300324341
212233453
344535534
445400254
541050214
050302324
000310523
112421354
012033120
254125135
414415113
002320231
234044030
042213132
502113333
311151445
204411310
144200251
500403502
512253201
213540121
001134353
334411044
154345330
523355324
410444505
231232551
502304014
102513044
544501334
042525215
533112314
523105423
250231445
300533015
254225522
510443353
135012114
352401225
023311203
405322215
152014343
552535540
550125200
143352523
213030355
545220553
542544315
341001010
334242121
404144212
105545440
044155311
411452551
232054324
133145155
042151524
050544134
433254413
120214311
425215151
354550211
444351335
051350120
310024235
155530324
043015530
323042352
204152552
202050540
440254243
315235145
025423145
210440444
244125234
101554531
451235034
033352450
311324512
155325153
050003211
340253010
431454300
515303122
331101313
113320203
025122421
453310021
420004110
121520212
031322144
223053450
402340325
411325305
542023323
202232204
051203451
040104024
124115310
224404421
335503152
533005204
400415442
131252212
442505502
001433244
245150323
020021513
230143203
140330513
502230113
154333303
110023432
341222054
100000320
040315404
031431412
534353443
011502231
340414235
501003520
551212535
214441125
105313533
345310110
414530300
114044104
215123310
504040435
143140314
412202412
204112422
055400205
151144221
550241342
542455042
132410222
504453355
052341103
450220350
541424125
151110445
211111041
430323035
211103402
303214020
103501241
033150532
004511151
024042032
254501432
412351141
503231532
135432454
515511015
520340115
142503423
304003005
423501520
232002023
340450102
510132115
024051505
215501543
022435333
242413401
125035315
034143501
221234142
253131311
252312115
152415151
340531143
230132534
232455105
103113234
533520252
513225210
005352040
141231225
352123544
324025354
105431130
333510454
041242420
424050341
314012451
234243454
513143430
054423253
044502055
302355553
222345050
110124034
123534501
241254331
351000144
455023332
514215331
053432501
111214322
521410505
455153254
121042011
342045433
012041222
051042113
221510250
344313222
510500001
521255552
255334214
104342445
241335352
404524040
212005311
212524244
434214313
253421034
015545312
125554345
223320133
333033342
452340452
410453224
113552132
304330144
353253555
424314144
040111552
145331455
550215214
214433531
252152400
122225435
033431123
242153215
244310524
520113241
345255300
320210430
352254130
340305501
215434520
444444411
440024033
235200515
313554005
250504321
504445021
305021334
410335340
205555202
142220012
114132241
232200344
302521052
404300053
153201410
435351521
441105414
512140005
131011305
024553414
311430201
015024001
051445523
531332330
452532031
002001413
011420403
441003143
100115515
034250225
402043414
003512542
402201105
142141140
500232131
335213425
100504123
413115544
141440530
525352225
150053133
551243215
233533012
332040411
423253144
324130440
351352043
014331055
054115032
022410011
544154153
020213025
102450415
453422102
133453300
043150302
112135432
322004042
013304250
301141545
332155004
122551053
314541500
543302341
402425524
420543042
145323504
332134055
355135011
534441543
043403035
113405545
455432223
031553322
412031541
405503441
555353502
423134001
130350021
505420511
551045152
453204434
430505150
345142432
413010012
042012345
324232210
004454033
240333100
430131301
313144323
244022101
123540203
105251514
130454513
151313454
033303314
441431003
034004121
244530243
304314400
522515122
214315225
531011432
300123101
332512243
522333045
045543521
434402433
314015523
202100122
310011304
523212525
522530411
023221331
344253404
431300131
545442150
212014535
510030154
212515003
012402144
530051240
123343022
502331212
333011553
020000443
340241022
323151110
042455431
143054255
301443331
021424214
555100143
435242041
103404332
134534201
411153533
354445354
132523144
531425030
251401111
341542225
412242302
453450345
233201154
413522155
242550535
435541352
505130504
530454434
540530222
231320500
544522444
330422310
243513313
405012200
350012540
231055233
150434025
150405312
012534433
134005542
002203350
243414442
254231252
323032403
325340351
230342413
554324515
411022242
220452040
352551501
013313152
201212155
503034140
225025124
322444131
520314052
411221450
301335421
435120422
530145520
504011220
314543345
003144554
510252053
200325451
441514514
525504230
524203100
452005245
140525441
541214543
524354252
000352312
313452514
110555150
152303351
243002232
511412304
435052505
220312302
345410342
435122543
055212033
400151403
315350032
101255001
124233521
231313221
154341553
425000025
005334435
543344003
325004554
200221305
220434151
200041051
422412224
121332542
221245015
542002350
334130332
344204503
450510555
325134103
522011104
502352411
044435100
055514510
131541024
114254011
153552555
454101204
050042054
254040501
300551124
424533112
100102255
051024302
121111124
124222303
144513135
103523110
115115253
230120211
211550434
005520535
003235043
031155041
020533503
223455223
402403210
504503254
035415350
421301015
255224401
142030234
444113050
511321133
523141244
231440013
112450220
555340541
303210211
120155535
515305452
553404553
001015055
053134225
014100414
533020045
252245114
053055441
420532354
320300234
205415135
035141205
240035425
511230020
551555413
110235554
101402203
350134452
543215005
133205333
134305202
445204315
505121023
041343234
134321042
522251425
015343543
315101320
153021100
421140304
201542230
343124240
551102050
501105342
222141533
045305241
233221220
325403413
450423440
324003305
103240142
312100151
242322253
425111431
545043501
242543552
254204043
423323551
111333411
254123025
521553131
025051353
015502104
305202423
122414310
421444420
552210402
405243123
403511254
042134344
323203222
551034455
520231402
554052422
155443000
030401450
312302305
032122502
154422520
030225142
