005531443
552503233
230522105
131333501
404440134
022034320
143500053
324523454
451153051
112301005
251510314
451534525
050102054
452221202
121224120
513425332
223405001
245234413
025413224
152525541
314010045
250110330
455035303
124053121
444314311
503332050
140232234
330055355
503000225
201401524
355152200
435325214
215024252
044121021
030214413
131002442
511022010
132502301
032120520
343511552
535300550
040333142
130413323
404001330
521111313
120345510
313223513
100544354
202140211
244302343
355102322
521240102
222350534
234451210
544213500
542454444
515113105
034041351
342555120
412442450
241043225
524552323
142141535
541125131
153020420
124220005
411201331
441342304
002312422
555231344
122252235
011042433
004154503
425541040
054400115
305243411
310001504
522015153
213135424
452311151
332234044
205314031
230245023
400205140
233243144
013514201
153051014
114432151
321320241
115250322
001255055
015533530
115150143
534104415
045415455
514544112
510351221
301321403
103115242
553442541
125431435
433550405
331414130
423112255
400555012
200423345
341441542
405012534
420424543
432003012
033051132
224202552
040030411
353344335
550444002
302433115
032530032
354335223
443204123
043323314
011505240
345430253
254353402
320133412
