454323215
153225125
100143504
342111210
412120525
232054555
341313105
531115252
451535022
512231333
410035323
503125234
434222133
412501002
021011511
053552334
020141323
053314522
344510043
030340115
145324015
202453254
021110135
132545040
031445110
525212454
042533240
534444222
245322331
232002223
030155021
251120541
100334342
233205433
442115553
030033404
550405512
122004343
305534434
433541501
324100451
521320521
103532503
530443244
454052540
502441133
252500405
433251350
533024105
403505323
304054115
054010022
351524533
115014151
441503304
011053010
025502031
115523420
133525331
241043003
540050251
314203221
343432235
015003213
014330352
312243401
130213122
540504123
443554221
031404131
014135205
323331402
403052432
143242542
535011123
445431314
424251435
343244140
302530000
421500205
341325004
240105335
521434420
035132250
515314000
333123000
140021130
352001440
233455142
401244234
504322104
533500151
011222121
252224252
403422440
145230535
243431443
145145122
234034041
102305351
315122244
152342432
121452353
400550511
010532153
344345054
114051453
552523554
233535202
145203054
015305104
424255203
303214551
355254124
022554013
010504412
030325543
045042313
030032045
310323030
505010440
252432123
515401455
424125414
103451011
213021541
402215144
021315154
200051420
320402414
245152421
402442351
214353025
314542350
514100445
432121243
303103133
121241514
554102320
244321224
250040233
431343523
041414355
425353451
420411221
315001314
421001300
002104402
140133413
303543012
045234003
120031555
150004005
301151512
415004535
155025235
532354441
541032213
435400341
004525241
245313552
335455531
253035154
443123554
132540402
311340142
202333112
244412252
153334530
305403242
205533353
552454200
132353104
550550453
255131534
452512005
341545333
421255412
513131005
441014042
304433434
203002052
235200500
320144201
510342211
145211242
332422145
521515035
524355245
052413435
503005403
043040004
045055443
124133020
012515421
310510305
211133521
020035311
545351043
222503045
221521232
225314244
455343120
431025530
210020503
455130225
254240424
500210112
205035525
001101112
224341342
155115013
023014430
551013341
141505431
322104503
034425455
551435101
451502241
435013025
542201021
355401024
530203322
515135542
011401515
503102155
555225350
101253530
212032342
054201550
341123355
250315001
150541344
401114423
331001524
213340230
325121103
243230245
320020422
042445215
542335501
023440415
405340053
025232445
500123041
333343351
430320055
210153152
050544545
212444413
545502540
223510114
530412340
044122223
323513320
120422002
355513511
033120124
000421350
243143515
110350444
423214011
410212531
445535131
005153145
142350323
355312413
440230420
233322500
101052205
422212210
245551504
134435344
304413253
022250241
034351212
101435325
150222010
531300044
011210050
013505135
442552455
140542021
421430443
004223042
523522225
044214034
435302433
413314255
422302141
412335434
124330133
253445500
324304522
440353202
543523312
201112304
200425033
123005242
504551301
042141234
503041121
413443344
544545420
441443402
333314425
131220253
222125100
340053544
553213103
335352322
500333225
223103540
441131145
444541032
022215352
530034230
524043533
214205214
412541231
521421545
504145303
523132352
143332454
430142003
115430001
312145032
031205005
201504410
342024122
142223301
042512100
050201141
320152120
501414002
113131120
425152515
135525200
533553023
442200150
212341305
200521401
330514354
123355032
124212543
113144331
520531534
014423130
005322525
254324303
305132301
232110512
134153201
442255314
451122312
033232512
452313310
552130040
522114115
202335450
042450030
322440025
432144150
001130203
000232214
121423111
231121444
453151413
230251315
150035143
313411452
053420301
054143442
443404455
515250410
003145510
311452503
211154340
442221112
013302423
225243305
040500534
235134432
221545255
450101252
122551122
211505054
441104001
314251225
121534250
434233121
534413411
151450314
324231000
303024303
230424524
230041053
310235552
312303543
450224444
241244321
511545113
514534124
540341435
534140232
153040211
201440431
405023250
543254332
135121054
245414153
002310015
454030204
213211343
541002132
402411513
300202135
415354032
224013555
120140350
532003430
334045112
414452104
131251400
351355250
300311335
330130410
322134024
544420310
113412241
320512242
002103331
523045345
400145240
102141415
025050300
155530155
023443423
531324310
153300053
310455121
434505515
405011033
455030112
035413303
204542134
323425041
313110324
515402302
255552042
050023100
434410024
303030344
535132015
544015331
510100310
444043411
301041041
002104254
212321212
023124253
241253012
324301210
553442030
250455145
501044152
203150105
354114245
014111131
423213102
120302325
401532051
104254053
250513433
014154451
054004210
420053104
153423055
115420200
221100030
251231113
214415404
302525152
203311040
404100121
352344314
554252535
024241154
503450513
010430541
103214204
130254231
304410152
340224112
045415224
333542114
111142220
541150131
420525330
500501210
052043223
525343014
215511125
144342510
251242043
555241402
331222011
130015452
422000552
415220524
332240035
225520422
205223415
555543355
410451342
234020320
000201503
331333234
124532012
332231155
505224243
114211302
104444541
215050134
105214320
144512235
224400120
112152333
554331443
153513444
003434100
335042544
322520214
314525315
220344132
410444300
324224335
053353111
201302501
354250313
244202441
135031421
550021022
225042252
110003235
504531510
004305340
410111014
053001325
102420033
512244520
051025442
511413254
144524142
522311053
135501533
144401103
111540243
450342354
414204013
033524044
522122403
345110500
111234245
044253155
522255524
125005044
105442100
453430533
540154054
125453233
351230332
330405353
213255024
533311135
250511230
343211030
324052051
220243453
131414444
441220305
503240455
513051254
105540224
114033502
033245230
022401304
232010201
502055032
414310413
355141341
333320143
240354213
435335201
202040551
432433222
022024531
223004424
234101551
252534311
404321153
254154130
133053334
132530554
521233140
404403035
204300334
055303232
345453050
223130031
541433305
231412215
352032451
231555133
143100222
021523044
025424112
142432052
525504231
225435010
311532435
302215223
111020454
212022034
555124431
324354405
331551443
341255440
003533330
142333204
215245111
131104142
134313550
154135431
054542101
130112505
001510343
151202523
433503210
112454512
051311520
542011555
415042025
054431051
251103424
045150542
535155014
443113341
143015510
035544552
345300114
551114504
021341202
011415532
453345305
451155155
105315412
530232100
011203434
001334025
011050222
134002114
432523143
444324502
005554525
032012324
514553402
041321451
452051021
025541440
121303313
501321424
240403521
343544213
340504050
152155302
354421534
200112422
334000205
004555544
304222522
152405420
411424020
531250401
403533545
114525041
350434415
155325345
413220045
542440144
115435553
340331523
421332544
530411332
540442550
240022415
034014403
552310134
322033013
240231202
513022150
454554352
413134513
353550550
415125403
002352530
353005201
