034023404
145134515
250245020
301350131
412401242
523512353
012201125
123312230
234423341
345534452
450045503
501150014
022542105
133053210
244104321
355215432
400320543
511431054
041534500
152045011
203150122
314201233
425312344
530423455
034244320
145355431
250400542
301511053
412022104
523133215
014403414
125514525
230025030
341130141
452241252
503352303
004511412
115022523
220133034
331244145
442355250
553400301
052533013
103044124
214155235
325200340
430311451
541422502
010211334
121322445
232433550
343544001
454055112
505100223
032514550
143025001
254130112
305241223
410352334
521403445
050254450
101305501
212410012
323521123
434032234
545143345
004453233
115504344
220015455
331120500
442231011
553342122
020332211
131443322
242554433
353005544
404110055
515221100
033104243
144215354
255320405
300431510
411542021
522053132
033152321
144203432
255314543
300425054
411530105
522041210
005302352
110413403
221524514
332035025
443140130
554251241
034350353
145401404
250512515
301023020
412134131
523245242
051154144
102205255
213310300
324421411
435532522
540043033
054041310
105152421
210203532
321314043
432425154
543530205
003422440
114533551
225044002
330155113
441200224
552311335
024554051
135005102
240110213
351221324
402332435
513443540
043301003
154412114
205523225
310034330
421145441
532250552
012324215
123435320
234540431
345051542
450102053
501213104
055410111
100521222
211032333
322143444
433254555
544305000
002045344
113150455
224201500
335312011
440423122
551534233
051432343
102543454
213054505
324105010
435210121
540321232
013523202
124034313
235145424
340250535
451301040
502412151
042102214
153213325
204324430
315435541
420540052
531051103
023021251
134132302
245243413
350354524
401405035
512510140
053012530
104123041
215234152
320345203
431450314
542501425
015053355
120104400
231215511
342320022
453431133
504542244
023315014
134420125
245531230
350042341
401153452
512204503
054114205
105225310
210330421
321441532
432552043
543003154
055551554
100002005
211113110
322224221
433335332
544440443
055035520
100140031
211251142
322302253
433413304
544524415
043231321
154342432
205453543
310504054
421015105
532120210
014102210
125213321
230324432
341435543
452540054
503051105
020233142
131344253
242455304
353500415
404011520
515122031
043051443
154102554
205213005
310324110
421435221
532540332
013144452
124255503
235300014
340411125
451522230
502033341
013255201
124300312
235411423
340522534
451033045
502144150
055130331
100241442
211352553
322403004
433514115
544025220
021520045
132031150
243142201
354253312
405304423
510415534
035323130
140434241
251545352
302050403
413101514
524212025
050302113
101413224
212524335
323035440
434140551
545251002
001535002
112040113
223151224
334202335
445313440
550424551
022300551
133411002
244522113
355033224
400144335
511255440
031121513
142232024
253343135
304454240
415505351
520010402
000550114
111001225
222112330
333223441
444334552
555445003
045440225
150551330
201002441
312113552
423224003
534335114
044402034
155513145
200024250
311135301
422240412
533351523
004000053
115111104
220222215
331333320
442444431
553555542
014211240
125322351
230433402
341544513
452055024
503100135
032012055
143123100
254234211
305345322
410450433
521501544
001421332
112532443
223043554
334154005
445205110
550310221
012545530
123050041
234101152
345212203
450323314
501434425
020511153
131022204
242133315
353244420
404355531
515400042
040512541
151023052
202134103
313245214
424350325
535401430
054445505
105550010
210001121
321112232
432223343
543334454
013030003
124141114
235252225
340303330
451414441
502525552
011015323
122120434
233231545
344342050
455453101
500504212
051353202
102404313
213515424
324020535
435131040
540242151
014004545
125115050
230220101
341331212
452442323
503553434
041331154
152442205
203553310
314004421
425115532
530220043
022452202
133503313
244014424
355125535
400230040
511341151
011420131
122531242
233042353
344153404
455204515
500315020
001000230
112111341
223222452
334333503
445444014
550555125
021223553
132334004
243445115
354550220
405001331
510112442
002221101
113332212
224443323
335554434
440005545
551110050
005244541
110355052
221400103
332511214
443022325
554133430
025454120
130505231
241010342
352121453
403232504
514343015
042415533
153520044
204031155
315142200
420253311
531304422
050125345
101230450
212341501
323452012
434503123
545014234
030143524
141254035
252305140
303410251
414521302
525032413
042040450
153151501
204202012
315313123
420424234
531535345
005104432
110215543
221320054
332431105
443542210
554053321
004251534
115302045
220413150
331524201
442035312
553140423
022343422
133454533
244505044
355010155
400121200
511232311
043310152
154421203
205532314
310043425
421154530
532205041
041513435
152024540
203135051
314240102
425351213
530402324
021404355
132515400
243020511
354131022
405242133
510353244
055551025
100002130
211113241
322224352
433335403
544440514
025235035
130340140
241451251
352502302
403013413
514124524
040442411
151553522
202004033
313115144
424220255
535331300
020051302
131102413
242213524
353324035
404435140
515540251
020414001
131525112
242030223
353141334
404252445
515303550
030004212
141115323
252220434
303331545
414442050
525553101
011030522
122141033
233252144
344303255
455414300
500525411
050101131
101212242
212323353
323434404
434545515
545050020
024325121
135430232
240541343
351052454
402103505
513214010
053403021
104514132
215025243
320130354
431241405
542352510
030122424
141233535
252344040
303455151
414500202
525011313
040550502
151001013
202112124
313223235
424334340
535445451
020530023
131041134
242152245
353203350
404314401
515425512
031242010
142353121
253404232
304515343
415020454
520131505
044123042
155234153
200345204
311450315
422501420
533012531
035541445
140052550
251103001
302214112
413325223
524430334
052232401
103343512
214454023
325505134
430010245
541121350
034145254
145250305
250301410
301412521
412523032
523034143
050435250
101540301
212051412
323102523
434213034
545324145
040225022
151330133
202441244
313552355
424003400
535114511
003140543
114251054
225302105
330413210
441524321
552035432
011341434
122452545
233503050
344014101
455125212
500230323
052330544
103441055
214552100
325003211
430114322
541225433
002150020
113201131
224312242
335423353
440534404
551045515
033400520
144511031
255022142
300133253
411244304
522355415
044214133
155325244
200430355
311541400
422052511
533103022
035240204
140351315
251402420
302513531
413024042
524135153
023534121
134045232
245150343
350201454
401312505
512423010
003505433
114010544
225121055
330232100
441343211
552454322
031004151
142115202
253220313
304331424
415442535
520553040
025523300
130034411
241145522
352250033
403301144
514412255
030351031
141402142
252513253
303024304
414135415
525240520
005122115
110233220
221344331
332455442
443500553
554011004
014220551
125331002
230442113
341553224
452004335
503115440
021210410
132321521
243432032
354543143
405054254
510105305
000000000
000000001
000000002
