440333345
235153235
314025424
141013123
502443000
221054250
305130153
330034335
434415051
245011314
330524511
044534535
320104044
050205433
201114201
531110422
454441311
411334442
025450005
353542451
001333301
440221201
253232102
124523130
051122054
535342234
314111554
131243404
244144124
514452225
103555220
222210503
443145503
351420230
204533423
242211030
233002001
112132410
200141345
335201550
055045140
305415212
101540244
425303352
220355411
413123310
155054511
014504213
244302343
055101223
221532551
401351025
140151452
343320545
012453544
205224021
524131502
402012532
123302235
023011434
341452113
551503525
425422433
513151131
422512145
431205135
540404050
012241255
502325534
211345515
123435522
502031041
021241113
324243031
133414340
510515103
410023250
250413154
313233244
115513415
135135014
504524112
232521342
014025502
430050543
015300101
204000405
043530251
034313252
322550322
521520313
552123455
504254354
154110341
140220212
353525045
351435300
403400114
111401334
434240420
242444431
042105221
523214315
312212023
352354102
445552304
513330050
543003012
030042322
112045355
100202541
153351033
450344520
530431121
215540032
452030214
132324103
000312010
334501400
525042243
003424053
545255440
