454323231
153225125
100143504
342111210
412120525
232254555
341313105
531115252
451535022
512231333
410035323
503125234
034122131
412501002
001103032
053552334
020141323
053314522
344510041
030340115
145324015
202453254
321110135
132345040
031440110
525212454
042533240
134444222
245322333
252505223
030155021
251120541
100334342
233205433
442115553
030133404
550405512
122004343
305434444
433541501
301105411
521320521
103542503
530443244
454052540
502241133
253300400
433251350
535024105
402005323
304054115
354010022
351524533
115014151
441503304
111055410
021002001
115523420
133025421
241043003
540022251
314203221
343432235
015003213
014330352
312243401
130213110
540304103
443554221
031404141
014135205
323530402
403052432
132242442
535010123
445431314
424151435
343244140
302530000
421500205
341325004
240105335
521434422
035132250
515314000
333123000
140021130
352041440
233455142
401244234
504202104
533500151
011222121
252224252
403422440
145230535
243431141
145145122
234034041
102305351
315122244
152342432
221352354
400550511
010532153
354345453
114451323
552523554
233535202
451253014
015305104
424255203
303214551
355254124
022554013
010504412
030325543
045042334
030032045
310323030
505010440
252432123
515401455
424125414
103451011
213021541
402215144
501324151
205051220
420402414
245052421
402442351
214353025
314542350
514100445
432121243
303103133
121241514
554102320
244321224
250050532
431343523
041414355
425343451
420411221
315001314
411001300
002104402
140133413
303243012
045234003
120031555
154004005
301151152
415004535
155025235
532354441
541032213
435400341
015525211
145313552
335455531
253035154
153123554
032540424
311340142
202333112
244412252
122334330
305403242
205533353
552454200
132353104
550550453
255131534
152331300
341445333
221253212
513131005
441011042
100005444
203002052
224523214
320144201
510342211
145211242
332422145
521515035
524355245
052413435
121015514
043040004
045055443
304103020
012515421
310510305
215133521
020035311
545351043
222503045
043521332
225314244
455343120
431025530
210220503
455530225
254240424
530210112
205015525
050401142
224541342
153115013
023014430
551013341
101505402
322104503
034425455
551435101
121502331
435013325
542305021
355401024
530203322
515135542
511401515
552102255
555225350
101253530
212032342
011013552
341123355
250315001
150541345
401114423
333001522
213340230
325121103
233230245
320020432
042445215
542335501
021450415
405340053
025235445
500223041
333343351
430320055
210153152
050544545
212444413
545502540
223510114
530412340
044122223
322513320
120432002
355513511
052020113
000421255
243143515
110350044
423214011
410212531
441535131
005153145
042350323
355112413
440230420
233322500
101052205
422212200
245551504
134435344
304413253
022250241
034351212
101435325
150222010
531300044
011210050
123505150
442552455
140542021
424430243
004223042
523522225
044214034
435302433
413314255
422302141
412335434
124330133
253445500
324304522
440353202
543523312
201112304
200425033
323005242
504551301
152100244
503041121
413443344
544545420
531440402
333314425
131221253
222125100
340053544
553213103
335352322
500333225
223103540
441341145
244541032
022215352
530034230
524043533
214205214
412531231
521421545
304045314
523132352
143332454
430142003
115430001
312145034
031205005
201504410
342024122
142223301
042512100
450201141
320152120
502414002
113131120
425152515
435525000
533553023
442200150
212341305
200521401
330514354
123355032
124212543
113544331
520531534
014423130
005322525
254524303
345332301
232010512
134153201
442255314
451122312
033232512
152203350
552130040
522114115
204335450
042452030
322440025
432144150
001130203
000232214
121423111
231121444
453151413
230251313
350032143
313411452
053420301
054143442
443404455
013250410
044142510
311452503
211154340
142031432
013302423
225243305
040500534
235134432
241545255
454201252
122551122
211505054
144134141
344251225
121534250
434233121
534413411
113450324
324231000
303024303
230424524
230041054
310235552
312303543
450224444
241244321
511545113
514534124
540341435
534140232
153040211
201440431
405023250
543254332
135121054
245414153
004310015
454030204
213211343
051001122
402411510
300202135
415354032
224013355
120140350
532003430
334005112
414452104
131201400
351355250
300311335
330130010
322134024
544420310
113412241
320512242
002104531
523045345
400145240
102141415
025050300
155530155
023443423
531324310
353100053
310455121
434505515
105011033
455030112
035413303
204542134
323425041
313110324
515402302
255552042
050023100
434410024
503030035
535132015
444015333
112002315
444043411
301041041
002104354
212321212
023124251
132250011
323301110
553442030
250455145
501044122
203150105
104114140
010111135
423213102
120302325
401532051
104234052
241514233
014154451
054004210
420043134
151523055
115420203
221100030
251231115
214415404
302525132
203211020
404100121
352344114
554252535
024341154
503450513
010430541
103254204
130254231
300420250
041252414
045415224
333542114
111142220
541150131
420525330
500501210
052043223
525343014
215511125
144300510
251242043
555241402
331222010
140010550
422000552
445220524
332240035
225520522
205223415
555543355
440453345
234020320
000201503
331333234
124532012
332231155
505224243
114211302
104444541
215050134
105214320
144512405
224400120
112152033
554331443
153513444
003434100
335042544
332520213
350325315
220344152
410444300
324224335
053353111
201302501
354250313
244202441
135031421
550021022
225042253
110003235
504531510
004305340
410111014
043001325
102400433
512244520
050045453
511413254
144524142
522311053
135511531
144401003
111340543
450312354
414004013
033524044
522122403
345110500
011234245
044253155
520245524
125105045
105442100
453430533
540154054
125453233
351230332
330400353
213255024
533311135
250511230
423201034
324052051
220213453
131454434
405210302
503240455
513051254
105540224
114033502
013245230
022401304
232010201
502055002
414310413
055141331
103320343
150354213
435331200
202040551
432433422
022024531
223004424
234101551
252534311
404321153
254114130
132053330
131530554
521233140
435403035
204300334
055303232
345453050
223130031
541433305
231412215
352032451
231555133
143100222
020323224
025424112
142443052
525504231
225435010
311532435
302215223
111020454
212022034
555124431
324354405
331551443
341255440
003533330
342101154
215245111
431104143
134313550
154135431
054542101
130112505
001510343
151202523
433303213
112554512
051311520
540014245
415042025
054431051
151143424
045150542
535155314
443113341
543015510
035544552
345200511
551114504
021341202
011415532
413345305
451455153
105315412
211203434
001334025
011050222
134002114
433523143
444324502
105554125
032012324
514553402
041321451
452051001
025541440
121303313
501321424
240403521
343544213
340504050
152155302
354421534
200112422
334050205
004555544
304122522
152405420
411424020
520251401
403533545
514525041
350434415
352314045
413220045
542440144
115435553
341331523
421332544
435421332
540442550
242122415
034014403
552310134
322033013
240231202
513022150
454544352
413134513
353550550
415135405
002352530
353005201
