454323215
153225125
405143504
342123210
412120524
231354555
341313105
531115252
352525052
512231333
410035323
513125234
434222133
412501042
021112031
053552334
020141323
553314322
344510043
230340110
145324415
200453234
111110135
132545040
031422111
525212454
044033240
535444222
245322331
232003223
030455022
152122541
100334342
233105413
442115453
030053454
550405512
122004343
004532233
433541501
104100450
521320521
103512103
532243244
454012540
502441103
252510205
433251150
535024105
403505343
304054315
054040121
451524533
115014151
441503304
412403040
024402043
115523420
133025341
041013221
440500251
314204221
343524035
015141213
014330352
312245401
130413145
540304123
520404431
211304121
314135505
301331402
504053432
043112410
325312533
145431314
400251435
543544143
300515000
123310302
541305003
240105335
335534520
035132250
515311000
433023000
130021135
351001445
233250042
421244234
504142134
333500132
241222124
052224452
403422140
300141020
243411423
045145122
234034041
102305351
414152244
152044432
423455353
420550511
400432153
324344051
114003453
102544502
233533202
450203054
015305544
323254223
144454330
303114551
355254124
022554033
040524012
030325543
045042302
040012044
310304030
505010440
252432123
525401555
424125414
103451011
213221515
402215140
021345150
244051424
320402415
215152421
402142322
212353025
314542350
514400445
432121242
453103133
121240504
554102320
244321224
350040335
431343523
041034355
425353451
430411221
313002314
421001200
022104402
140133413
303540012
045234403
110501555
150004005
341154552
415203541
325025235
232554441
543032213
105403321
000125211
545313552
535405134
423433535
134540405
332340142
242333142
244452252
153333530
303403242
255533353
552454200
154351104
550550424
251032534
452232005
341445333
521450312
313431004
431014342
302413424
203002052
255200200
320144201
510342211
145211242
512422215
521515045
524355245
052123435
523005401
043040004
025055433
104133021
012515251
304225445
514131521
020335331
545355041
220503045
221521232
225314244
455441130
431025530
210020503
455134225
254330424
500210112
205035522
401131111
224041342
455115013
003014130
551223241
121505441
432404505
534435452
550435101
505213031
451502245
205003545
542401444
354101523
530203322
011421015
500102155
515225350
101253530
012032442
331123355
250315041
111241344
101114423
533024524
213440250
325121103
203230244
343420402
042445215
542335511
024230415
405344053
055432444
520123043
533343351
430330055
215133152
050244545
212444413
545502540
224513114
230412340
434502524
323513430
120452002
350513511
332410231
023120144
000424250
243143515
110350244
423214011
445535031
005153045
442350323
032520333
440230420
233352300
101052205
422242210
245551505
335035143
004313253
022250241
034351212
101435325
150222010
530300044
011210050
013505125
442552455
440552021
421430443
004223022
523521225
042214534
435302435
413314255
322302140
412335434
024333130
254443200
324305522
443343232
543523312
202112004
200425043
033454143
301551321
142151235
541041151
313445544
544545420
531542412
333315425
132220253
222125101
340053544
512213103
335352022
510033222
104105042
444152145
054441032
220215355
530035230
521043513
214505212
413031231
351431545
305120332
523131352
103352454
450140003
111530001
352153332
031205055
201504410
312024122
141223301
012522500
550201343
320152120
504414002
113131140
123144510
131423502
533553023
142200150
012341505
200521401
330514054
113355032
124211543
513144045
520131534
114420130
005322555
214324303
505532301
212110512
134153201
242255314
451122312
033202512
542313350
552130040
522114115
210315450
242050030
322440125
432144154
001130203
000132514
121013151
201121544
133233215
150035143
353411152
053420301
351143442
143442405
315351410
035140011
311452503
311154340
442221122
013302423
225243305
143501534
235134432
401545234
150101252
152541123
211135054
444104001
305250245
121514250
432233121
534111411
051415214
204231000
343034303
250424524
200531050
310234552
312303543
450224444
241244321
111555113
514544334
540340435
534140533
153040213
201440431
405023253
203254332
135121054
245414155
002310015
404030254
415212313
301202034
402411310
343201131
415454034
222013550
140140314
102003330
334245114
400402104
511211422
351335212
304311335
331130400
322135304
542322004
113412241
320512242
402023431
523051142
420145240
102141415
025050350
155530155
023443451
531324310
553300053
410454131
434515515
105331233
435030112
030413303
100542132
325424041
053110324
415402302
255552013
350323100
434531014
002453114
515220413
544015335
211501311
444043011
301041041
302504254
232025240
043125153
141243012
003300220
543432030
254455445
443341454
203150105
034114245
314311141
453413402
120332325
401232551
114255053
220513433
014154111
054004210
420055104
152423051
205410205
121300330
251001113
214415204
305525151
203313125
000350121
352301014
554252535
024241254
533420513
010430541
133211204
130254231
541410120
340025354
345415224
333542124
421142220
541553132
420521300
524520150
152043524
525343014
415514120
144322510
251342043
555241102
330222441
100535554
422000552
020220532
233441430
223322422
205223414
501544315
010451342
234020320
000201503
331333234
124532312
332531155
505134343
030251105
104444541
215040134
125214320
144212232
324451125
114152333
550331413
153513444
042034104
335444454
521020214
312520345
440324532
410044400
214224535
053353111
253014501
354250313
344202441
135031421
554021022
224042253
010043235
504435530
504304140
410111314
053001025
403400033
513244500
051025442
511213354
144524142
142311053
035501031
145333501
135040543
450342354
321204013
053224044
501522403
144110500
141231245
044203551
522245521
125000024
005242100
444450533
540153454
125453223
151230332
310400353
323235023
232531305
250505320
334111033
224010050
120245455
131410434
424240325
503235455
353051253
105550224
231232502
353245230
022401304
502055012
414010411
355140351
443320133
240354213
435325201
202240553
422435202
322021531
423004424
234101551
252534311
404321152
254154530
135053304
442530544
221233140
454443035
233400354
055303532
345453050
223132031
544433305
231120035
552032451
231015100
044100225
015525204
025404112
532252051
525504231
225435010
311332435
302042223
411520454
112422034
552334431
122354405
531251443
341215411
011233310
112332203
255241111
101000552
254145431
054542201
135112525
001510341
151202023
533503210
112453112
051311520
540011515
415042025
051431050
253103405
455150542
335155515
443113341
143015520
232542552
345300114
551104304
321013022
011414532
003345302
451055155
105412412
110203102
011103434
001334024
111050222
134002111
214543143
444205202
021553525
032012321
514553402
041321450
222151021
025541440
421303315
500023314
242400521
345530213
043101040
052155300
354421354
050112422
331000300
004555544
324222304
132400420
441424020
451250401
443533145
114424021
302234413
455345345
313200045
143304244
155415553
340231520
423332544
535511332
540442553
220332115
034014403
552310134
354033013
240041202
515022154
454554352
113534513
013550550
433155420
000352230
342505403
202202235
250524223
035215123
524434154
512051540
503150501
201355143
445021513
255011055
