053305213
104410324
215521435
320032540
431143051
542254102
002232245
113343350
224454401
335505512
440010023
551121134
041105335
152210440
203321551
314432002
425543113
530054224
015224413
120335524
231440035
342551140
453002251
504113302
044442550
155553001
200004112
311115223
422222334
533331445
032322121
143433232
254544343
305055454
410100505
521211010
014050332
125101423
230212534
341323045
452434150
503545201
012115542
123220053
234331104
345442215
450553320
501004431
050433411
101544522
212055033
323100144
434211255
545322300
043513404
154024515
205135020
310240131
421351242
532402353
005041044
110152155
221203200
332314311
443425422
554530533
020514453
131025504
242130015
353241120
404352231
515403342
021530351
132041402
243152513
354203024
405314135
510425240
001450100
112501211
223212322
334123433
445234544
550345055
022142204
133253315
244304420
355415531
400520042
511031153
035020210
140131321
251242412
302353543
013404054
124515105
051451515
402502030
213013150
324124252
435235303
540340414
020301032
131412143
242523254
353034305
404145410
515250521
033154030
144205141
255310252
300421303
411532414
522043525
140221230
413320541
524052041
242003341
135102125
