402020403
340133050
503311115
341003112
410143422
045454025
554502011
203342205
220525350
125344434
405112033
012204150
502224343
435322152
412251213
411531530
355010300
050041445
313523105
501124321
434120255
320404133
133513211
110222545
102313500
331542521
234443013
420141014
024405305
044313253
240251504
031113433
234211132
322452552
030005501
442303005
340321531
005205242
244500123
312543044
404223514
232131324
023512204
142435210
353235451
100442202
314312443
151153334
304131542
113015312
104555020
002411023
125052124
533555442
551215105
021350010
532003122
130300343
001452131
015131203
343504313
523423431
443041525
212330402
500054240
041432342
515441221
210051351
334035215
053354051
033233543
141221425
525511255
511410004
142145153
414432324
144334301
421345301
543101240
354424212
540212414
321022243
314450221
151510145
453400454
445555402
524253502
531431055
250303225
025232420
245210011
202142415
155321032
251240232
505033544
454444140
303250335
104501451
000530134
555120513
305243350
030154112
522014535
052521311
201514552
450214221
245025044
510355333
255453440
131154404
015105535
225534415
430415520
223114024
201304514
552540353
411003053
353325124
432502234
044040500
534044030
123230032
335101000
213122130
453032503
222130141
