034023404
145134515
250245020
301350131
412401242
523512353
012201125
123312230
234423341
345534452
450040503
501155014
022542105
133053210
244104321
355215432
400320543
511431054
041534500
152045011
203150122
314201233
425312444
430253455
034244320
145355331
250400542
301511053
412022104
523133215
014403414
125514525
230025030
341130141
453242202
503352303
004511412
115022423
220133134
331244145
442355250
553400301
052533013
103044124
214155235
325200340
430311451
521422502
010211334
121322445
232433550
343544001
454055152
505100223
033311550
143025001
050343105
305241223
410332334
521403445
055105403
140305551
212410012
353521143
434032254
545242352
004453233
155504344
220015455
331120500
442231011
553342122
020332201
114443302
242554433
343005504
452110035
515221100
033104243
144215354
255320405
300431510
411542021
522053132
023152311
144203442
255313533
300420044
522244230
005302352
110413403
221554514
332035025
443140130
554251241
034350353
145401404
250502515
301023020
412134131
523245242
051154144
102205255
213310300
324421411
435532522
540043033
054041310
105152421
210203532
321314043
432425154
543530205
003422440
114533551
225044002
330155113
441200224
552311335
024554051
135005102
240110213
351221324
402333435
513442540
043301003
154412114
205523225
310034330
421145441
532250552
012324215
123435320
234540431
345051542
450102053
501213104
055430112
100521222
322140444
433251500
544305000
002045344
113150455
224201500
335312011
440423122
551534233
001432344
102543554
223014505
324105510
425210121
530321232
131145024
140200535
153012250
502422151
042102214
153213325
204324430
315435541
420540052
531051103
023021251
134132302
245243413
350354524
401405035
512510140
050012430
104123041
215234122
320545203
431450511
542501455
015053355
120104400
231215511
342320022
453431133
504542244
023315014
134420125
245531230
350042341
401153452
512204503
054111205
105225310
210330421
321441532
432552043
543003154
055551554
100502005
211113110
322024221
433335332
544440443
355035501
100140031
201251142
322302253
423413340
544524415
043231321
154342432
105453543
310504054
421015105
532120210
014102310
125213451
232524532
341435043
452540354
503051105
020233142
131344253
242455304
353500415
404011520
515122031
043051443
154102554
205213005
310324110
421435221
532540332
013144452
124255503
235300014
340411125
451522230
502033341
013255201
124300312
235411423
340522534
451033045
502144150
055130331
100241442
211352553
322403004
533510145
544025420
001550015
122031150
243142201
052253312
055304523
510415534
035353130
140434241
251545352
302030403
413101514
524212025
451304113
101413224
211520345
323030430
434140551
545254042
001535002
112040113
223151224
334202335
445313440
550424551
422300301
133411002
344522113
355033224
400144335
211255440
031121513
142232024
253343135
304454240
215505353
550010402
000550114
111001225
222112330
333223441
444334552
555445003
045440225
150551330
201002441
312113552
423224003
534335114
044402034
155043240
200024250
215155001
422240412
503351523
004002053
415111104
220222215
331333320
442444431
553555542
014211240
120554351
230333402
324144513
452055024
503500135
032012055
143123100
254234211
305345322
410450433
521501544
001421332
112532443
223053534
334154005
445205110
553310221
412545530
123050041
234101152
345212203
450323314
501434425
010511153
121022204
242133315
353244420
404355531
515400042
040512541
151023052
202134103
313245214
424350325
535401430
054445505
105550010
210001121
321112232
432223343
543334454
013030003
124141114
235252225
340303330
453514441
502525552
011015323
122120434
233231545
344342050
455453101
500504212
051353202
102404313
213515424
324020535
435131040
540242151
014004545
125115050
230120201
341331212
452442323
503553434
441331124
152442205
204411311
314004421
530320013
022452242
133503313
231414454
353125535
400230040
511341151
011423131
123531242
333042353
344153404
050211515
500315020
001000230
112111341
223222452
334333503
445444014
550555125
021223553
132304004
243425315
354500220
405001431
510112442
002221101
113332212
224443323
335554434
440005545
551110050
005244541
111355012
221400103
332511214
443022325
554133430
025454120
030505231
241010342
352121453
403232554
514343015
042415533
153520044
204031155
315142200
420253311
231304422
050125345
101230450
212341501
323452012
434503123
545014234
030143524
141254035
252305140
303410251
414521302
525032413
042043050
151153521
204202012
315313123
420424234
531535345
005104432
110215543
221320054
332431105
443542210
514053321
004221534
115332045
220443150
351254203
442035312
553140423
022343422
133454533
204535004
305013155
400121200
511232311
043310152
154421203
205532314
310043425
421154530
532205041
041513435
152024540
203135051
314240102
425351213
530402324
421104355
132515400
243020511
354131022
405242133
510353244
055551025
100002130
211113241
322224352
210335401
544440514
025235035
130340140
241451251
332502302
403013413
514124524
040442411
131553522
212032033
313113344
424220255
535535205
220052302
131102413
242213524
053324035
204435140
515540251
020414001
131525112
242030223
343141334
404252445
515303550
030004212
141115323
252220434
303341445
412402100
525553101
011030522
122141033
233252144
344303255
455414300
500525411
050101131
551212242
212323323
323434404
434545515
545050020
024325121
135430232
240541343
351052454
402103505
513214010
053403021
104514132
235025543
320050354
431241405
542352510
030122424
141233535
252344040
303455151
414500202
525011313
040550502
151001013
202112124
313223235
424334340
535445451
020530023
131041134
242152245
353203350
404314401
515425512
031242010
142353121
253404232
304515343
415020454
520131505
044123042
155234153
200345204
311450315
422501420
533012531
035541445
140052550
251103001
302214112
413325223
524430334
052232401
103343512
214454023
325505134
430010245
541121350
034135254
145250305
250351410
301402521
415553034
554024143
050435250
101540301
212051412
323102523
434213034
545324145
040225022
151330133
202441244
313552355
424003400
535114511
013130543
114251054
225305155
330413210
441524321
552001452
011341434
122452545
233503050
344014101
455125212
500230323
052330544
103441055
214552100
325003211
430114322
541225433
002150020
113201131
224312242
335423353
440534404
551045515
033400520
144511031
255022142
300133253
411244304
522355415
044214133
155325244
200430355
311541400
422052511
533103022
035240204
140351315
251402420
302513531
413024042
524135153
023534121
134045232
245150343
350201454
401312505
512423010
003505433
114010544
225121055
330232120
441343211
552454322
031004151
142115202
253220313
304335424
415442535
520553040
025523300
130034411
241145522
352250033
403301144
514412255
030351031
141402142
252513253
303024304
414135415
525240520
005122115
110233220
221344331
332455442
443500553
554011004
014220551
125331002
230442113
341553224
452004335
503115440
021210410
132321521
243432032
254543143
405054254
510105305
