0000000000
1145000000
3636060000
1244151000
4452456000
6362341100
3215261100
5203533100
6563614100
5512423200
0614535200
6530016200
4521632300
3633615300
0261011500
6164362500
1223024500
5445540600
1650644600
6013405600
5622250010
0026004010
4533621110
2412152110
0305303110
2336451210
2215332210
4443006210
2460221310
0031242310
6121035310
1643145310
1355550410
5554411410
1146636410
3104052510
6410563510
3660144510
6220625510
3366420610
0321163610
0222345610
6012006610
6434143020
0353444020
3556065020
1065122120
2041355120
1161203220
0312252320
4404662320
5301130420
6415512420
4360013420
2026416420
4455230520
2020611520
2603326520
4261252620
5614214620
4126306620
0540506620
3466231030
4235013030
1501455030
2514316030
1162566030
0236442130
2323513130
0635056130
3155314230
1600265230
5266540330
0116641330
3324453330
3261545330
2064601430
5530502430
0502124430
4316464430
5045135530
6341226530
1442064630
3030125630
3641013040
5345604040
4046426040
2100401140
1053212140
6303644140
6034240240
4466324240
6245554240
3262036240
1535360340
0465435340
3201126340
2423152440
5153225440
1516501540
5652002540
6430332540
2036462540
3322546540
2552263640
0251660050
6123231050
6460050150
5354026150
2113100250
5426662250
3431505250
6664605250
3550422350
0316215350
4042520450
2515041450
4606203450
6611426450
1135443550
6246311650
1354302650
2535156650
2340222060
0060644060
4621110160
6152513160
6625165160
3125620260
4001041260
0543416260
0663503360
2030534360
3006106360
4212400460
0204161460
5050353460
3411334460
6204646460
4424223560
2532654560
1302636560
3503062660
4130135660
5065440001
1605646001
5120554101
4604255101
0206422201
2624013201
0011413201
2355211301
3166021301
4111534301
5456154301
0143242401
4016365401
2261506401
5304660501
4645451501
1562023501
0252115501
6601102601
3430112601
0553056601
6542320011
2163005011
2210436011
6036166011
1111112111
3325334111
3150561211
4652642211
6234254211
5035516211
2451300311
5300645311
3230440411
6606431411
0464454411
1202003511
6616313511
0415544511
1643221611
1421260021
2460062021
2263614021
5333501121
5161022121
6105223121
2623463121
0456636121
4560446121
1662350221
3245650221
3413401221
0041610321
4211321321
1226345321
5514103421
4233565421
2344556421
1531334521
6325415521
3033203621
3214145621
3022665621
2604341031
3212524031
4053400131
0350521131
3154316131
5613656131
1336621231
6561155231
4420136231
6542502331
1262212331
3515444331
5325026331
4221144431
0405016431
2021530531
0531261531
4006612531
0121330631
1156150631
4363143631
1343432041
0430353041
2012135041
6226661141
5236255141
4325540241
4302552241
2554164241
1334315241
4141306241
5604130341
6412032341
2513233441
3665563441
2650404441
6060226541
4225000641
5144644641
1300510051
4635121051
3126056051
0523342151
3654205151
1240633251
0361224251
2632630351
5403013351
4136563351
2132031451
3351651451
1005214451
2366602551
0640045551
6414621651
0645366651
5501466651
0510653061
1556014061
5042523161
0446104161
6064035161
3526236161
3546230261
5102111261
2033024261
5631241361
0024462361
2250205361
6313060461
4164236461
6451443561
3102325561
1524521661
1310461661
5255332661
4403554661
0615430002
2106640002
4324041002
3054215002
2351135102
0214126102
4031066102
1560232202
5156103202
3364646202
2441121302
4303412402
6443333402
2100465402
2055020502
4522561502
3454504502
3112535502
2200364602
5342156602
6401551012
5253362012
4513204012
2044660112
1636504112
6534402212
5465243212
1104524312
2566356312
3426513412
3011223412
6352264412
4265625412
0245455512
2133146512
0423610612
1002132612
3645042612
5510035612
6245412022
3132153022
0563424022
4446405022
6110345022
1453511122
6054551122
4653030222
2222224222
1315066222
4626552322
6122633322
0032043322
5135305322
3433265322
1650406322
3524030422
3005454422
5440664422
5336231522
0046264522
6331560622
2630651622
0256523032
4161463032
4342635032
3240250132
4214333132
3146425132
5633120232
1303603232
3652361332
6620514332
1224165332
0160320432
5500246432
4153651532
6326022532
5131214532
5224306532
0464042632
2012352632
5606312042
4250542042
5421114042
5410420142
5061631142
0113064142
6155436142
4056613242
2621605342
1262340442
6040101442
4544322442
0435622542
4505116542
0306200642
2234523642
6664053642
1421356642
1330321052
1541140152
3036111152
1363653152
6203045152
0045501252
0101652252
3350013252
2425453252
6502535252
4030255252
1532010352
2444230352
6465206452
2662414552
1611065552
6543626552
4060356552
0656441652
3266134652
5216050062
0361165062
0422026062
2565002162
3230602162
4602246162
6410111262
0551334262
4015631362
5315512362
5023445362
1641031462
0634155462
1013340562
2246561562
0621102562
6121322662
3501413662
1145253662
2410614003
6551252103
1020302203
4605323203
4411655203
0500141303
5134651303
1012163303
0026236303
6304446303
5163566303
3025520403
4551601403
2364333403
5244025403
2662055403
3636226403
2233250503
6313301503
1114410603
6332024603
0146241013
3416653013
2301054013
1231130113
5526123113
5643463113
3606654113
5112361213
0432206213
4620060313
2205112313
3545045313
0363532413
0612314413
1524256413
4661522513
1542662513
6453122613
5630663613
4335414613
2055646613
2352500023
3404360123
0603022123
2530513123
6225104123
5250210223
3642131223
0130162223
0154623223
5425351323
4243666323
1506061423
6011142423
5113432523
0345363523
2564245523
6466044623
1141625623
1631552033
2004423033
1516130133
4344501133
2122426133
6302430233
5064012233
1553544233
3116066233
6560263333
0010005333
3333336333
1036600433
0155505433
6453113533
3441643533
2654034533
5323454633
0601515633
4105235633
3063510043
6151221043
3525632043
5231144043
1110054043
6624530143
5301006143
3221461243
1451526343
4462610443
6314602443
4123243443
2646346443
0546150543
3035051543
1010625543
3150330643
1406562643
0212453643
4536435643
4043052053
6520403053
5660136053
1153551153
4411033153
4252334153
1165615153
6056555253
2201253353
4462105353
4354262453
3341425453
3506400553
3402242553
4024114553
5523315553
5565220653
5011304653
1210546653
4356120063
6265313063
6635465063
2316545163
0154040263
2640342263
1062664263
1436456263
1440411363
1644324363
3202005363
6360104463
2403635463
0212516463
5260421563
5522051563
6141004563
3615206563
3324211663
0433361663
4216640004
5346533004
2246035004
1434001104
0642662104
3040436104
6653031204
2542202204
2165526204
3422110304
6230223304
0256314304
1101350404
6524160404
6322306404
5255126404
0331403504
6006542604
4555102014
3531646014
3312010114
0020251114
5334262114
2135403114
5401434214
2550026214
5651556214
2222641314
6063653314
5342236314
5063064414
2506215414
0314131514
1520412514
4633335514
1056465514
2664100614
3162551614
1246505614
0204201024
5621543024
0602564024
6103116024
1143030124
6636040224
0066113224
4540054224
3313320324
4664416324
5112600424
4200561424
0525312424
6655354424
1460535424
1001645424
3244522524
4651024524
1204446524
4042311624
5300655624
3432426624
5145061034
6134634034
2232415034
3666302134
2435244134
3504605134
0052425234
4240166234
4110222334
4015053334
0443255334
1425002434
0414550534
1365161534
1021121634
5462613634
1613333634
1065034634
6251236634
1365254044
0562046044
3455113144
2616443144
4662144144
6501525144
0660611244
1615422244
2124314244
3303144244
6445665244
5356101344
3523204344
1503656344
5054566344
4444441444
0231032444
5546013544
2106133544
2411216544
5452345644
3466341054
2613562054
1352223054
5064345054
2253323154
4121015154
6224460254
4305531354
5103122354
5232152354
5211664354
6145346354
2320334454
3610155454
0033606454
1414354554
6042454554
3150664554
4530210654
4545662654
6113243654
2406056654
2454652064
1601111164
6516451164
1166204164
5420366164
0100543264
3536363264
4323205264
2361460364
3163452464
1255143464
5626624464
6600500564
6405350564
5005260564
4514342564
5424430664
0115124664
2041016664
6234542005
3303663005
4102234005
0032310105
1463420105
5442601105
6155062205
6641464205
0425145205
6055620305
1646052305
5256323305
3061343305
6433536305
5536443405
4310245505
1626116505
3511550605
5016521605
2120442605
1565305605
1362412015
1654633015
3435025015
4000150115
2014544115
4006335215
3253256215
0612021315
4140313315
1432363415
5502344415
4125426415
0136520515
6561630515
5041202515
4234066515
6305401615
3544131615
1014400025
5050114025
1042246025
3151141125
5245014125
5262465125
3020322225
2402503225
1333104325
0513125325
6663541425
0541452425
6026253425
6216654525
5663210625
0164331625
2635631625
6310256625
4624240035
6612003035
3663434035
6023364035
5550640135
0005562135
1522055135
4366516135
0260604235
6416206235
2351042335
2645110435
1414260435
1213011435
3200531435
6334125435
5406321535
5130001635
2546623635
0121411045
0544213145
4632304145
6001405145
2215355145
3604221245
5311343245
6002611345
2424464345
4554115345
3340565345
2130456345
2500020445
0653530445
3116262445
4142160545
0603463545
0353355545
4263602645
1426534645
6144512055
1266123055
6630232155
5326030255
1404151255
2063261255
5315232255
3512616255
3244400355
6506354355
5225262455
0321644455
3232326455
0450166455
4256431555
2110103555
5555553555
3004033655
2061515655
4245345655
2326350065
1201235065
5134506065
2245436065
2563131165
1450261165
1231023265
5143615265
4465044365
1111606365
4431312465
3052432465
5464152565
3320003565
3343524565
1532565565
6222140665
2551204665
4654425665
0336616665
2031322006
2525525006
2656260106
1126201106
3215613106
1511464106
6354562206
4263153206
0366154206
1132545206
1053636206
5360204306
5621331406
3143304406
6535134406
4024653506
2444614506
6232605506
4406015506
5413046506
3402040606
0461223606
4250063606
5223101016
4311426016
3444366016
0151440116
6442215116
0661306116
4564560216
3322112216
6340123216
4241514216
0105260316
1416642316
0253433316
5166053416
6100016416
1055321516
2450305516
4552533616
6034353616
1361446616
5562622026
4015536026
1565231126
4346242126
4400624126
2034431226
5605005226
6351316226
0220510326
6254001326
3606433326
2142444326
2416120426
1654622426
2503440526
3533643526
1152156526
0221556526
2156012626
6153200036
3311102036
5413515036
2441532136
5232441236
6525641236
2246003236
0531101336
6665202336
4534226336
3026310436
6200352436
2131663436
3056045436
1340310536
0622233536
3063166536
5201620636
5010260636
5455462636
0040434636
1405303046
0320625046
5222266046
3415666046
3164142146
1020043146
3451050246
5543351246
0004326246
6166410346
4041254346
5332511446
3634400546
0424041546
2165541546
6213234546
2343021646
4610161646
3512604646
1233616646
4433340056
6021662056
0534564056
0615325056
0112302156
5036424156
2302166156
2610640256
4114455256
1003131356
6655154356
1422401456
1644513456
0265030556
3561311556
5106544556
0334402656
2124265656
3623526656
4062401066
3640651066
0330032066
4335650166
1204414166
1123532266
1110242266
5552330366
2314023366
4303364366
3260555366
0646136366
0012251466
3335244466
5541165466
6556526466
6633212566
2025103666
6666665666
