02324510
13435621
24546032
35650143
46061254
50102365
61213406
04444110
15555221
26666332
30000443
41111554
52222665
63333006
01445004
12556115
23660226
34001330
45112441
56223552
60334663
00262156
11303260
24414301
33525412
44636523
55040634
66151045
02050041
13161152
24202263
32313304
43424415
50535526
61646630
05100104
16211215
20322326
31433430
42544541
53655652
64066063
00604052
11015163
22126204
33230315
44341426
55452530
66563641
06142225
10253336
21364440
32405551
43516662
54620003
65031114
06654333
10065444
21106555
32210666
43321000
54432111
65543222
02644461
13055502
24166613
35200024
46311135
50422246
61533350
01131262
12242303
23353414
34464525
45505636
56616040
60020151
01525323
12636434
23040545
34151656
45262060
56303101
60414212
04346351
15450462
26561503
30602614
41013025
52124136
63235240
04312012
15423123
26534234
30645345
41056456
52160560
63201601
01360623
12401034
23512145
34623256
45034360
56145401
60256512
06236604
10340015
21451126
32562230
43603341
54014452
65125563
02501442
13612553
24023664
35134005
46245116
50356220
61460331
05411622
16522033
20633144
31044255
42155366
53266400
64300511
03110313
14221424
20332535
31443646
30554050
51665161
62006202
02353646
13464056
24505160
35616201
46020312
50131423
61242536
05123031
16234142
20345253
31456364
42560405
53601516
64012620
05215121
16326232
20430343
31541454
42652565
53063606
64104010
01214642
12325053
23436164
34540205
45651316
56062420
60503531
04532406
15643510
26054621
30165032
41206143
52310254
63421365
00164246
11205350
22316461
33420502
44531613
55642024
66053135
00510566
11621600
22032011
33143122
44254233
51365344
60406455
00143411
11004522
22115633
33226044
44330155
55441266
66552300
00021605
11132016
22243120
33354231
44465342
55506453
66610564
03416243
14520354
25631465
36042506
40153610
51264021
62305132
03006326
14110430
25221541
36332652
40443063
51554104
62665215
03302464
14413505
25524616
36635020
40046131
51150242
62261353
05036536
16140640
20251051
31362162
42403203
53514314
64625425
03563065
14604106
25015210
36126321
40230432
51341543
62452654
05012302
16123413
20234524
31345635
42456046
53560150
64661231
04263534
15304645
26415056
30526160
41630201
52041312
63152423
04251560
15362601
26403012
30514123
41625234
52036345
63140456
06455435
10566546
21600650
34011061
43122102
54233213
65344324
06445663
10556004
21660115
32001226
43112330
54223441
65334552
02033150
13144261
24255302
35366413
46400524
50511635
61622046
05420250
16531361
20642402
31053513
42164624
53205035
64316146
01502211
12613322
23024433
34135544
45246655
56350066
60461400
03641133
14052244
25163355
36204466
40315500
51426611
62530022
03656260
51240562
11250461
64342105
52461006
35213223
66425102
53002120
44503022
65104132
62300602
45354043
16452213
15065040
05632344
43553454
55624355
20300324
66136656
02611111
64613344
16343055
36164311
