56234051
13614132
52445164
64466542
50142540
41366001
50136310
62340120
33532665
30430144
54620255
55320421
12436001
13241346
42551323
32463355
15405351
51164242
15032150
55543660
34644124
03246605
41245515
22242063
26502215
62643651
02301261
62105464
52240602
23625616
14316555
35354202
21365556
25411262
36426213
06130022
30063630
43616264
15301636
03421320
61226403
26346016
06444036
64261103
35313643
14160116
53331255
12513442
60600533
05123353
14203644
46406560
14114444
41062462
34014606
00423664
52112151
26663162
14562221
45205652
44042234
33060011
23464410
31210032
03001566
63001352
22026525
50066226
21124365
56051044
13520165
66552334
05665545
41654610
24323152
31046655
24162415
05162632
11223631
12530530
61331664
54526132
55450462
60515455
44525501
60355211
44130145
13206113
20612306
46113521
32422616
20250412
24005403
26241140
05215106
00600104
36546004
32260421
22633203
64453630
61004266
45643436
21561224
10122224
30341131
36222266
13440403
65344455
43160166
14613020
00013201
10031463
11314016
11163625
50044656
03010246
01336433
53452163
00412514
02652025
23506651
42106214
15622342
43403441
56005331
56414614
53516424
16002522
10452445
44011554
12155503
36621435
02450654
60144121
46465212
54155062
51363236
05504426
44450306
34133211
66124640
30543234
01653224
01644301
45130016
51601143
30234365
06043413
24234512
55655303
45142504
52633122
00432431
33326602
40554542
31656461
02025144
46352312
14641412
25424531
21033046
05534566
20356045
06353563
13045562
66421406
34300314
66336102
26052133
63235233
32564543
32051165
43514060
64503025
55226260
03365204
51343326
34455225
23444344
15261054
40223043
40620350
01441155
35210445
42324023
01406342
62061000
55111534
64363451
42006456
36605220
05563110
65055032
50262034
26200524
64415060
42421514
40445646
40265615
23013034
65530621
22115400
60302242
03023012
00364154
56535146
66620041
46310436
36460651
43363312
22236246
25550223
45041121
00101002
41131650
12662361
56561361
53356536
44060663
40523105
43153400
32130006
14400200
35040510
21146430
04025030
66010315
66140065
25535415
54204305
01212320
43322440
64126326
32415313
51635515
52343545
04330353
16345263
65656140
63432126
35016354
04631444
50024056
36162023
54054111
21465331
45666643
24332660
61526504
60110564
16033304
24440361
12104153
43235120
51403000
10635005
63433526
40533503
41402054
16616666
11522410
04541613
35302065
11034423
31151116
63411511
04566064
63166343
00466250
30325322
53620603
06632551
31120161
54214463
20611525
16335614
53301625
43100635
64046335
22334114
23145052
01260135
52012405
44601031
03342241
41034335
26103456
10364500
34604536
20051250
16166235
63664404
10543311
05531552
21515641
13121205
55446523
11350644
12255232
21250501
03156621
40221366
13554053
31431622
06254320
60203362
20150633
02214210
52500046
42056641
33542253
22604622
25256114
40416133
61510252
30505440
25060300
32646052
52311330
64252456
34161341
31502102
33253550
15553316
06551605
62545336
46225454
65612013
65212611
52622536
65424245
