56234051
13614132
62560464
64466614
04142560
41365002
50126310
61350120
33532665
30430144
54620265
55323325
10432052
13264546
42561326
32103155
15352361
55164242
15062610
52043660
34644124
03246645
43145515
22202013
46402655
62655551
06606621
62105464
54241502
23623616
14116651
34354506
66360556
25411262
61132212
46150562
21015561
61415165
15301636
03421120
61663523
26566020
66444036
24661103
35323643
42420406
53631456
12513536
60400533
05133351
24203644
41401560
12104002
14562462
64014603
06325664
52012154
40243136
24161221
45205652
44025644
33060111
12313402
32215132
63341544
63031322
25036515
50066206
21124365
50454044
04002166
63552334
05665545
41656610
64323152
03554141
04101055
05162632
11233101
12534230
63151040
51526132
42456163
30016250
44422151
60345111
14425343
13106110
20316346
46113526
52452626
20240412
24005403
26241160
05215106
56603234
36556003
32266421
42642204
34453333
63034664
35645133
26561104
10662241
53356431
36022516
13450301
65344445
23563066
14210020
40166501
10040463
51311015
11553645
51044252
03010246
01136433
53422223
00412514
02612025
22506301
45104214
26652342
43402341
10025231
52433542
53516424
16302522
14143455
13035025
12135603
26511435
02350655
60204121
46265213
54155062
44361230
25500422
44316345
34633211
66124631
30543014
41463224
01644301
45021404
51601143
30234362
66233434
01232500
56625153
55342006
50653122
20132463
33126502
44554536
11656464
02025544
46242302
16121312
25424531
21033046
05526566
20056605
03351563
23023433
60451406
34300314
66336101
55250631
63205204
32104543
31052535
43514010
60003315
55256260
03300022
04543226
24435525
23344343
11561355
40226043
43620366
01440153
35210445
40334225
00401332
02436013
55131134
15463064
42006456
36625220
05563040
41505024
54262034
22220223
65415350
62221055
05445606
60265660
20520353
61522421
56165400
40015442
01023412
00364154
56120146
62620001
46310034
36460652
30114204
22305140
00556205
45040122
16604413
03206251
52432261
06535312
56366535
00110623
40525105
06153004
14530116
65500200
35450410
23140030
04035030
12210314
66142165
24536242
53604305
61612330
23322400
64126326
26413115
51630511
24263205
31362453
11345263
65631600
62062146
35446354
04631414
35624056
30161023
54054111
31455436
12663313
24334620
11524514
64630446
16043304
24510053
12461131
43330160
51403000
15630035
03666653
46533563
16001041
46636666
15555652
54541613
35006065
11214425
31251215
35615501
46541421
06061366
40643450
16335205
53360603
23632554
30521661
54214463
20641522
52335632
66011223
42100231
64046235
32434106
23145051
01260065
02422435
45251441
06342241
55034333
24303461
12326530
31204336
22054150
16416440
42664430
50550351
04564552
51515641
33464415
15446523
11140644
63153232
61216362
03155426
10121266
65151553
31131624
06254320
63213061
20655034
02654212
52040545
42014611
33440261
30604662
25252124
43511153
61504650
30502440
21060301
32646042
32311360
34212256
31131340
21425603
33213550
25353516
16051254
62545316
51225454
65612113
10242611
50605526
61424242
21146256
41052023
