06530622
10641033
21052144
32663250
43204366
54315400
65426511
02033205
13144316
24255420
35316531
46400642
50511053
61622164
00442044
01253151
22664266
33005300
44116411
55220522
66331633
01062353
12103464
23214505
34325616
45436020
56540131
60651242
04433631
15544042
26655153
30066264
41100305
52211416
63322520
61113212
12224323
23335434
34446545
45550656
56661060
60402101
02341556
13452660
24563001
35604112
46015223
50126334
61230445
00656466
11060520
22101621
33212022
46323363
55534204
66545354
34323351
10464402
21555503
32666614
43000025
54131166
65222240
04026326
15130430
26241541
30352652
41463063
52504104
63615215
00101533
11212634
22323045
33434156
44545260
55656301
66060412
01405266
12516300
23620411
34031522
45142633
56253044
60364155
03225613
14336024
25440135
36551246
40662650
51003461
52114302
05211345
56352433
20433560
31544601
42655012
53066123
64100234
02206015
13310126
24421230
35532341
46643452
50054563
61165604
00300205
11411316
22522420
33633531
44044642
55155053
66266164
03266430
14300541
25411652
36522063
40633104
51044215
62155326
00124543
11535655
50446016
33050100
46161131
55202322
04313432
00015066
11126100
22230211
33341352
44422433
53563544
66604655
04632403
15043514
26154625
30265036
41306140
52410251
63521362
03110554
14221665
25332006
36443110
40554221
51665332
62006443
04561424
15602535
26013646
30124050
41235161
42346202
63450313
62163132
63124243
24235354
35346465
46450506
50561610
41642021
26626656
00030012
01141123
02252234
43363345
24404454
65515566
05112161
16223202
20334313
31445424
42556535
53660646
64001050
03054611
14165022
25206133
36310244
40421355
51532466
62643500
05660263
16001304
20112415
31223526
42334630
53445041
64556152
03133142
14264253
25355364
36466405
40500516
51611620
62022031
00625135
11036246
22140350
33251461
44362502
55403613
66514024
06264514
10305625
21416036
32520140
43631251
54042362
65153403
06146256
10250360
21361401
32402512
43513623
54624034
65035145
01634340
12045451
23156562
34260603
45301014
56412125
60523236
02465121
13506232
24610343
35021454
46132565
50243606
61354010
04014160
15125241
26236312
30340423
41451534
52562645
63103056
01554432
12665543
23006654
34110065
45221106
56332210
60443321
05503310
16614421
20025532
31136643
42240054
52351163
64462206
04152540
15363655
26304061
14415103
41526214
52630324
63041436
01340031
12451144
23562255
35603366
45014400
56125511
60236622
05645602
16056013
20160124
31201235
42312346
53423450
64534561
05353220
16464331
20505442
31616553
42020664
53131005
64242113
01420002
12531113
23642224
34053335
45164446
56205550
60316661
03546303
14650414
25061525
36102636
40213040
41324155
62435262
06021441
10522553
21343262
32454003
43565114
54606225
65010336
14653315
54346136
65444455
62233223
06442300
05362601
06401522
62611501
61500555
30013122
14002156
16335001
23666041
50434442
13622406
32445635
13543165
55214634
35155210
