56234051
13614132
52460324
64466014
34142560
41365001
50126310
61355520
33533665
31435144
54620265
55320621
10436052
13221546
42551323
32103155
15605361
52164242
15032150
52543660
34644124
03246645
44245515
22202013
46502255
62643551
06406621
62105464
54240502
23625616
14116651
14654200
66365556
25411262
31332212
06130562
21015560
43615264
15301636
03421120
62023623
23366020
06442036
64661103
35333643
41420506
53331466
32543436
60600533
05133353
24203644
40401560
12114044
31462663
64014606
46023664
54312151
46263112
14562221
45205652
44032244
33060011
12336402
31215032
63341514
63031322
25536615
50066226
21324365
56454441
04002166
63552334
05665545
01654610
64323162
01553145
04103005
05162632
12223101
02534230
63151040
51526132
42056162
30616255
44524451
60355211
14325343
13106113
20212366
46113526
32452626
20250410
25005403
36241140
05215106
56603234
36556003
32266421
42641205
24453333
61034064
35445432
23561204
10641241
53356031
36024216
13450105
65344455
23163166
14610020
40013201
10030463
51311015
16563645
41044652
03010246
01336433
53422253
00413514
03612025
02506304
45104214
25622342
43402341
10025631
52433542
53516424
16002522
14442415
10026025
12135503
26611435
02350655
60204124
46165213
54155062
44361230
25504426
44316345
34233211
66124630
50543014
41653224
01144301
45021004
51601643
30244362
26243413
01232300
56655355
55342006
50133125
00132421
33126502
40554532
31656464
02025144
46162302
22121602
25424531
21033046
05526566
20042605
02352563
13545562
60451406
34300314
66336101
26055133
63235233
32564543
33051535
43014003
61403315
55256260
03300022
51243326
24435225
23344343
11161356
40222043
42620554
01440153
35210445
40334223
30405332
62016010
55111134
15463065
42006456
36625222
05563110
44505024
50262534
22220226
64415350
62221056
40445646
60265660
25523033
65534521
56165400
60502442
03023412
03364254
56120146
26620001
46310034
36460652
31314503
22305140
00550244
45040422
10504012
03201251
62432261
06531315
56466535
00110603
40525105
05253004
34530116
34500200
35150510
21140430
04535030
62210331
66140025
24636442
53204305
51612130
43322400
64126323
22415615
01632516
22263505
34302453
11345263
65646600
65062145
35446354
04431464
35624056
30461023
54054111
21465336
12663313
26330650
11524510
61630446
16033304
24420661
12461131
43230160
51403000
15430035
63603656
45533563
66001031
46636666
15532601
04541613
35306065
11214425
31251114
34661501
46540466
06066363
40463450
00331335
53460603
26632554
32520161
54214463
20641522
52335634
56011620
43100635
64046235
22434106
23145051
01260065
12122435
45251431
06342241
55034331
26313461
10016000
34204536
22055250
16416240
42664434
10040351
04061552
51515641
23464415
15446523
11360644
65153232
61256302
04155426
10121266
13254653
31131624
06254320
60313563
20653034
02214112
52000545
42631611
31112231
20604662
25002124
50261153
61510452
30055440
25060306
42646042
32311360
64252056
34161341
30512104
33513550
15353316
16251164
62545316
21225454
65612113
15242611
52606526
66424245
21546256
51052023
41616121
00621454
50501411
21156541
40146154
11363152
03604440
53451612
54513312
33043330
