056346616
160450020
201561131
312602242
423013353
534124464
645235505
016034551
120145662
231256003
342360114
453401225
564512336
605623440
055606564
166010605
200121016
310232120
422343231
533454342
644565453
005155330
116266441
220300552
331411663
442522004
553633115
664044226
061424460
102535501
213646612
324050023
435161134
546202245
650313356
004445442
115556553
226660664
330001005
441112116
552223220
663334331
012322151
143433262
254544303
365655414
406066525
510100636
621211040
052264032
163305143
204416254
315520365
426631406
530042510
641153621
042660525
153001636
264112040
305223151
416334262
520445303
631556414
060411652
101522063
212633104
323044215
434155326
545266430
656300541
060646500
101050611
212161022
323202133
434313242
545424355
656535466
011630454
122041565
233152606
344263010
455304121
566415232
600526343
036362520
140403631
251514042
362625153
403036264
514140305
625251416
063000512
104111623
215222034
326333145
430444256
541555360
652666401
035140156
116251260
220362301
331403412
446514523
550625634
664036045
016653366
120064400
231105511
342216622
453320033
564431144
605542255
033634526
144045630
255156041
366260152
400301263
511412304
622523415
006323561
110434602
221545013
332656124
443060235
554101346
665212450
044321150
155432261
266543302
300654413
411065524
522106635
633210046
024361641
135402052
246513163
350624204
461035315
502146426
613250530
034311614
145422025
256533136
360644240
401055351
512166462
623200503
066312265
100423306
211534410
322645521
433056632
544160043
655201154
032524600
143635011
254046122
365150233
406261344
510302455
621413566
026624212
130035353
241146434
352250545
463361656
504402060
615513101
043131161
154242202
265353313
306464424
410505535
521616646
632020050
063240210
104351321
215462432
326503543
430614654
541025065
652136106
001151624
112262035
223303146
334414250
445525361
556636402
660040513
024565220
135606331
246010442
350121553
461232664
502343005
613454116
016555523
120666634
231000045
342111156
453222260
564333301
605444412
035204162
146315203
250426314
361530425
402641536
513052640
624163051
025342244
136453355
240564466
351605500
462016611
503120022
614231133
051353235
162464346
203505450
314616561
425020602
536131013
640242124
060236136
101340240
212451351
323562462
434603503
545014614
656125025
034140212
145251323
256362434
360403545
401514656
512625060
623036101
012434220
123545331
234656442
345160553
456101664
560212005
601323116
063536353
104640464
215051505
326162616
430203020
541314131
652425242
036061106
140102210
251213321
362324432
403435543
514546654
625650065
050446153
161550264
222661305
313002416
424113520
535224631
646335042
055210563
166321604
200432015
311543126
422654230
533065341
644106452
034241336
145352440
256463551
360504662
401615003
512026114
623130225
025041450
136152561
240263602
351304013
462415124
503526235
614630346
052451300
163562411
204603522
315014633
426125044
530236155
641340266
051025345
162136456
253240560
314351601
425462012
536503123
640614234
061213600
102324011
213435122
324546233
435650344
546061455
650102566
044265251
155306362
266410403
300521514
411632625
522043036
633154140
054122164
165233205
206344316
310455420
421566531
532600642
643011053
035536666
146640000
250051111
361162222
402203333
513314444
624425555
054501252
165612363
206023404
310134515
421245626
532356030
643460141
002253142
113364253
224405364
335516405
446620516
550031620
661142031
040433422
151544533
262655644
303066055
414100166
525211200
636322311
021440252
132551363
243662404
354003515
465114626
506225030
610336141
055025552
166136663
200240004
311351115
422442226
533503330
644614441
025563006
136604110
240015221
351126332
462230443
503341554
614452665
041232442
152343553
263454664
304565005
415606116
526010220
630121331
066243053
100354164
211465205
322506316
433610420
544021531
655132642
020245461
131356502
242460613
353501024
464612135
505023246
616134350
042303400
153414511
263525622
304636033
416040144
520151255
631262366
011514564
122625605
233036016
344140120
455251231
566362342
600403453
033261015
144312126
255423230
566534341
400645452
511046563
622160604
033503413
144614524
255025635
366136046
400240150
511351261
622462302
003563060
114604101
225015212
336126323
440230434
551341545
662452656
052005463
163116504
204220615
315331026
426442130
530553241
641664352
045116032
156220143
260331254
301442365
412553406
523664510
634005621
035340366
146451400
250562511
361603622
402014033
513125144
624236255
001004644
112115055
223226166
334330200
445441311
556552422
660663533
000106642
111210053
222321164
333432205
444543316
555654420
666065531
026135635
130146046
241250150
352361261
463402302
504513413
615624524
040552515
151663626
262004030
303115141
414226252
525330363
636441404
006642115
110053226
221164330
332205441
443316552
554420663
665531004
050540321
161651432
202062543
313103654
424214065
535325106
646436210
031452534
142563645
253604056
364015160
405126201
516230312
620341423
066566062
100600103
211011214
322122325
433233436
544344540
655455651
013401340
124512451
235623562
346034603
450145014
561256125
602360236
021101105
132212216
243323320
354434431
465545542
506656653
610060064
051040431
162151542
203262653
314303064
425414105
536525216
640636320
014503135
125114246
236225350
340336461
451440502
562551613
603662024
041623333
152034444
263145555
304256666
415360000
526401111
630512222
013545032
124656143
235060254
346101365
450212406
561323510
602434621
006120003
150231114
161342225
302453336
413564440
524605551
635016662
013166311
124200422
235311533
346422644
450533055
561644166
602055200
054663354
165004465
206115506
310226610
421330021
532441132
643552243
000013530
111124641
222235052
333346163
444450204
555561315
666602426
032445014
143556125
254660236
365001340
406112451
510223562
621334603
042036645
153140056
264251160
305362201
416403312
520514423
631625534
035413140
146524251
250635362
361046403
402150514
513261625
624302036
046504334
150615445
261026556
302130660
413241001
524352112
635463223
045115650
156226061
260330102
301441213
412552324
523663435
634004546
042445135
153556246
264660350
305001461
416112502
520223613
631334024
056436334
160540445
201651556
312062660
423103001
534214112
645325223
023560143
134601254
245012365
356123406
460234510
501345621
612456032
013533002
124644113
235055224
346166335
450200446
561311550
602422661
002256551
113360662
224401003
335512114
446623225
550034336
661145440
055501203
166612314
200023425
311134536
422245640
533356051
644460162
022364453
133405564
244516605
355620016
466031120
500142231
611253342
003111236
114222340
225333451
336444562
440555603
551666014
662000125
042043340
153154451
264265562
305306603
416410014
520521125
631632236
023023632
134134043
245245154
356356265
460460306
501501410
612612521
054654610
165065021
206106132
310210243
421321354
532432465
643543506
065500631
106611042
210022153
321133264
432244305
543355416
654466520
026404626
130515030
241626141
352030252
463141363
504252404
615363515
030023161
141134202
252245313
363356424
404460535
515501646
626612050
015122456
126233560
230344601
341455012
452566123
563600234
604011345
001202336
115313410
223424521
334535632
445646043
556050154
660161265
003220454
114331565
225442606
336553010
440664121
551005232
662116343
010254052
121365163
232406204
343510315
454621426
565032530
606143641
034256450
145360561
256401602
360512013
401623124
512034235
623145346
001231662
112342003
223453114
334564225
445605336
556016440
660120551
056253024
160364135
201405246
312516350
423620461
534031502
645142613
011615002
122026113
233130224
344241335
455352446
566463550
600504661
062511421
103622532
214033643
325144054
436255165
540366206
651400310
060605021
101016132
212120243
323231354
434342465
545453506
656564610
055461065
166502106
200613210
311024321
422135432
533246543
644350654
052602030
163013141
204124252
315235363
426346404
530450515
641561626
021631311
132042422
243153533
354264644
465305055
506416166
610520200
356063213
160104324
201215435
312326546
423430650
534541061
645652102
065133511
106244622
210355033
321466144
432500255
543611366
654022400
042415666
153526000
264630111
305041222
416152333
520263444
631304555
045056110
156160225
260201332
301312443
412423554
523534665
634645006
012343663
123454004
234565115
345606226
456010330
560121441
601232552
054016006
165120110
206231221
310342332
421453443
532564554
643605665
055165604
166206015
200310126
311421530
422532041
533643452
644054563
061416231
102520342
213631453
324042564
435153605
546264016
650305120
064061414
105102525
216213636
320324040
431435151
542546262
653650303
043344045
154455156
265566260
306600301
410011412
521122523
632233634
053315110
164426221
205530332
316641443
420052554
531163665
642204006
010062143
121103254
232214365
343325406
454436510
565540621
606651032
030160463
141201504
252312615
363423026
404534130
515645241
626056352
046232600
150343011
261454122
302565233
413606344
524010455
635121566
003525220
114636331
225040442
336151553
440262664
551303005
662414116
024056216
135160320
246201431
350312542
461423653
502534064
613645105
020350635
131461046
242502150
353613261
464024302
505135413
616246524
064154533
105265644
216306055
320410166
431521200
542632311
653043422
062122203
103233314
214344425
325455536
436566640
510650051
651011162
025426423
136530534
240641645
351052056
462163160
503204201
614315312
064553315
105664426
216005530
320116641
431220052
542331163
653442204
041014406
152125510
263236621
304340032
415451143
526562254
630603365
041600213
152011324
263122435
304233546
415344650
526455061
630566102
050531216
161642320
002053431
313164542
424205653
535316064
646420105
020626265
131030306
242141410
353252521
464363632
505404043
616515154
022103201
133214312
244325423
355436534
466540645
540651056
611062160
024413302
135524413
246635524
350046635
461150046
502261150
613302261
016326625
120430036
231541140
342652251
453063362
564104403
605215514
022210334
133321445
244432556
355543660
466654001
500065112
611106223
001206026
112310130
223621241
334532352
445643463
556054504
660165615
023650121
134061232
245102343
356213454
460324565
501435606
612546010
044632063
155043104
266154215
300265326
411306430
522410541
633521652
004334022
115445133
226556244
330660355
441001466
552112500
663223611
012235216
123346320
234450431
345561542
456602653
560013064
601124105
014460416
125501520
236612631
340023042
451134153
562245264
603356305
050116113
161220224
202331335
313442446
424553550
535664661
646005002
013416465
124520506
235631610
346042021
450153132
561264243
602305354
051264305
162305416
203416520
314520631
425631042
536042153
640153264
002104445
113215556
224326660
335430001
446541112
550652223
661063334
045321232
156432343
260543454
301654565
412065606
523106010
634210121
031115353
142226464
253330505
364441616
405552020
516663131
620004242
065622541
106033652
210144063
321255104
432366215
543400326
654511430
036365422
140406533
251510644
362621055
403032166
514143200
625254311
000112360
111223401
222334512
333445623
444556034
555660145
666001256
060052603
101163014
212204125
323315236
434426340
545530451
656641562
030422311
141533422
252644533
363055644
404166055
515200166
626311200
040216304
151320415
262431526
303542630
414653041
525064152
636105263
014500556
125611660
236022001
340133112
451244223
562355334
603466445
031335633
102446041
253550155
364661266
405002300
516113411
620224522
032120045
143231156
254342260
365453301
406564412
510605523
621016634
046350056
150460160
261501201
302612312
413023423
524134534
635245645
012354322
123465433
234406544
345610655
456021066
560132100
601253211
006021023
110132134
221243245
332354356
443465460
554506501
665610612
023012623
134123034
245234145
356345256
460456360
501560401
612601514
005450262
116561303
220602414
331013525
442124636
553235040
664346151
036646221
140050332
251161443
362202554
403313665
514424006
625535110
036310243
140421354
251532465
362643506
403054610
514165021
625206132
050335344
161446455
202550566
313661600
424002011
535113122
646224233
043421513
154532624
265643035
306054146
410165250
521206361
632310402
051402141
162513252
203624363
314035404
425146515
536250626
640361030
040422436
151533540
262644651
303055062
414166103
525200214
636311325
063332014
104443125
215554236
326665340
430006451
541110562
652221603
063225306
104336410
215440521
326551632
430662043
541003154
652114265
011522612
122633023
233044134
344155245
455266356
566300460
600411501
016045264
120156305
231260416
342301520
453412631
564523042
605634153
055044255
166155366
200266400
311300511
422411622
533522033
644633144
030154405
141265516
252306620
363410031
404521142
515632253
626043364
044100401
155211512
266322623
300433034
411544145
522655256
633066360
000443204
111554315
222665426
333006530
444110641
555221052
666332163
005410155
116521266
220632300
331043411
442154522
553265633
664306044
066100134
100211245
211322356
322433460
433544501
544655612
655066023
063261123
104302234
215413345
326524456
430635560
541046601
652150012
010255601
121366012
232400123
343511234
454622345
565133456
606144560
001030060
112141101
223252212
334363323
445404434
556515545
660626656
043641544
154052655
265163066
306204100
410315211
521426322
632530433
004542604
115653015
226064126
336105230
441216341
552320452
663431563
010551044
121662155
232003266
343114300
454225411
565336522
606440633
022152163
133263204
244304315
355415426
466526530
500630641
611041052
026226545
130330656
241441060
352552101
463660212
504004323
615115434
002606150
113010261
224121302
335232413
446343524
550454635
661565046
032163544
143204655
254315066
365426100
406530211
510641322
621052433
006665161
110006202
221110313
332221424
443332535
554443646
665554050
020032314
131143425
242254536
353365640
464406051
505510162
616621203
015002325
126113436
230224540
341335651
452446062
563550103
604661214
051136240
162240351
203351462
314462503
425503614
536614025
640025136
031464011
142505122
253616233
364020344
405131455
516242566
620353600
005364504
116405615
220516026
331620130
442031241
553142352
664253463
026611535
130022646
241133050
352244161
463355202
504466313
615500424
020535546
131646650
242050061
353161102
464202213
505313324
616424435
032611146
143022250
254133361
365244402
406355513
510466624
621500035
055220626
166331030
200442141
311553252
422664363
533005404
644116515
064635225
105046336
216150440
320261551
431302662
542413003
653524114
001616601
156324526
242015352
261462044
065212144
024031034
065465643
214563221
645033031
506653256
462622414
423561516
220021346
604030524
245520040
655352532
146162446
515464566
132165631
340605430
654640635
203445351
426505421
120463215
662333240
606241063
231204241
432425403
524611610
111433113
251355405
440111035
311316365
415033210
016444142
443500062
623053145
105242310
100504054
201622102
630646311
464516206
515242426
401130323
234512545
552060516
264511061
156311151
046020112
342400654
122544224
233655335
134505660
132616516
234102304
433132310
341226205
326004333
663101620
563021262
530254633
230363120
260425265
456205204
023062522
543536514
140353345
612430364
451222136
303052456
321550302
062516512
216450426
356604060
261345100
450466241
206546464
041326253
220031233
143020623
633136421
330305064
