016656123
120060234
231101345
342212456
453323560
564434601
605545012
012240616
123351020
234462131
345503242
456614353
560025464
601136505
023444160
134555201
245666312
356000423
460111534
501222645
612333056
026460622
130501033
241612144
352023255
463134366
504245400
615356511
053026411
164130522
205241633
316352044
420463155
531504266
642615300
036142112
140253223
251364334
362405445
403516556
514620660
625031001
043442206
154553310
265664421
306005532
410116643
521220054
632331165
066264206
100305310
211416421
322520532
433631643
544042054
655153165
043206110
154310221
265421332
306532443
410643554
521054665
632165006
052042444
163153555
204264666
315305000
426416111
530520222
641631333
002645246
113056350
224160461
335201502
446312613
550423024
661534135
045065514
156106625
260210036
301321140
412432251
523543362
634654403
036154343
140265454
251306565
362410606
403521010
514632121
625043232
044600315
155011426
266122530
300233641
411344052
522455163
633566204
050223053
161334164
202445205
313556316
424660420
535001531
646112642
041161100
152202211
263313322
304424433
415535544
526646655
630050066
026623162
130034203
241145314
352256425
463360536
504401640
615512051
062615320
103026431
214130542
325241653
436352064
540463105
651504216
066514512
100625623
211036034
322140145
433251256
544362360
655403401
064151041
105262152
216303263
320414304
431525415
542636526
653040630
064115463
105226504
216330615
320441026
431552130
542663241
653004352
031556446
142660550
253001661
364112002
405223113
516334224
620445335
050231430
161342541
202453652
313564063
424605104
535016215
646120326
032032313
143143424
254254535
365365646
406406050
510510161
621621202
004133444
115244555
226355666
330466000
441500111
552611222
663022333
063252445
104363556
215404660
326515001
430626112
541030223
652141334
051343266
162454300
203565411
314606522
425010633
536121044
640232155
024433010
135544121
246655232
350066343
461100454
502211565
613322606
065356030
106460141
210501252
321612363
432023404
543134515
654245626
033236661
144340002
255451113
366562224
400603335
511014446
622125550
006163332
110204443
221315554
332426665
443530006
554641110
665052221
010543065
121654106
232065210
343106321
454210432
565321543
606432654
013342332
124453443
235564554
346605665
450016006
561120110
602231221
005130021
116241132
220352243
331463354
442504465
553615506
664026610
014136603
125240014
236351125
340462236
451503340
562614451
603025562
062542031
103653142
214064253
325105364
436216405
540320516
651431620
063424504
104535615
215646026
326050130
430161241
541202352
652313463
035341522
146452633
250563044
361604155
402015266
513126300
624230411
061302135
102413246
213524350
324635461
435046502
546150613
650261024
043333354
154444465
265555506
306666610
410000021
521111132
632222243
035612261
146023302
250134413
361245524
402356635
513460046
624501150
050100151
161211262
202322303
313433414
424544525
535655636
646066040
025654652
136065063
240106104
351210215
462321326
503432430
614543541
064525240
105636351
216040462
320151503
431262614
542303025
653414136
001001253
112112364
223223405
334334516
445445620
556556031
660660142
055536255
166640366
200051400
311162511
422203622
533314033
644425144
022636532
133040643
244151054
355262165
466303206
500414310
611525421
063450366
104561400
215602511
326013622
430124033
541235144
652346255
043531441
154642552
265053663
306164004
410205115
521316226
632420330
044604131
155015242
266126353
300230464
411341505
522452616
633563020
031620633
142031044
253142155
364253266
405364300
516405411
620516522
032210460
143321501
254432612
365543023
406654134
510065245
621106356
026251345
130362456
241403560
352514601
463625012
504036123
615140234
065013545
106124656
210235060
321346101
432450212
543561323
654602434
011613224
122024335
233135446
344246550
455350661
566461002
600502113
001012520
112123631
223234042
334345153
445456264
556560305
660601416
041410665
152521006
263632110
304043221
415154332
526265443
630306554
014521414
125632525
236043636
340154040
451265151
562306262
603410303
000562351
111603462
222014503
333125614
444236025
555340136
666451240
000303124
111414235
222525346
333636450
444040561
555151602
666262013
031022452
142133563
253244604
364355015
405466126
516500230
620611341
052360240
163401351
204512462
315623503
426034614
530145025
641256136
012423520
123534631
234645042
345056153
456160264
560201305
601312416
056425426
160536530
201640641
312051052
423162163
534203204
645314315
000150512
111261623
222302034
333413145
444524256
555635360
666046401
063335214
104446325
215550436
326661540
430002651
541113062
652224103
006561245
110602356
221013460
332124501
443235612
554346023
665450134
015410150
126521261
230632302
341043413
452154524
563265635
604306046
024012214
135123325
246234436
350345540
461456651
502560062
613601103
020244516
131355620
242466031
353500142
464611253
505022364
616133405
053511034
164622145
205033256
316144360
420255401
531366512
642400623
054256152
165360263
206401304
310512415
421623526
532034630
643145041
001455364
112566405
223600516
334011620
445122031
556233142
660344253
025262630
136303041
240414152
351525263
462636304
503040415
614151526
046566052
150600163
261011204
302122315
413233426
524344530
635455641
036345235
140456346
251560450
362601561
403012602
514123013
625234124
014065302
125106413
236210524
340321635
451432046
562543150
603654261
025621023
136032134
240143245
351254356
462365460
503406501
614510612
026310316
130421420
241532531
352643642
463054053
504165164
615206205
040633636
151044040
262155151
303266262
414300303
525411414
636522525
044665053
155006164
266110205
300221316
411332420
522443531
633554642
041060346
152101450
263212561
304323602
415434013
526545124
630656235
032304653
143415064
254526105
365630216
406041320
510152431
621263542
015524301
126635412
230046523
341150634
452261045
563302156
604413260
006215062
110326103
221430214
332541325
443652436
554063540
665104651
025461266
136502300
240613411
351024522
462135633
503246044
614350155
013463453
124504564
235615605
346026016
450130120
561241231
602352342
050146310
161250421
202361532
313402643
424513054
535624165
646035206
063243252
104354363
215465404
326506515
430610626
541021030
652132141
033630205
144041316
255152420
366263531
400304642
511415053
622526164
015232143
126343254
230454365
341565406
452606510
563010621
604121032
012363111
123404222
234515333
345626444
456030555
560141666
601252000
066620001
100031112
211142223
322253334
433364445
544405556
655516660
023152250
134263361
245304402
356415513
460526624
501630035
612041146
031105401
142216512
253320623
364431034
405542145
516653256
620064360
020311425
131422536
242533640
353644051
464055162
505166203
616200314
064340620
105451031
216562142
320603253
431014364
542125405
653236516
001660564
112001605
223112016
334223120
445334231
556445342
660556453
052312626
163423030
204534141
315645252
426056363
530160404
641201515
060402012
101513123
212624234
323035345
434146456
545250560
656361601
042654210
153065321
264106432
305210543
416321654
520432065
631543106
010502620
121613031
232024142
343135253
454246364
565350405
606461516
045644466
156055500
260166611
301200022
412311133
523422244
634533355
061353642
102464053
213505164
324616205
435020316
546131420
650242531
041535325
152646436
263050540
304161651
415202062
526313103
630424214
036661036
140002140
251113251
362224362
403335403
514446514
625550625
046053415
150164526
261205630
302316041
413420152
524531263
635642304
052403133
163514244
204625355
315036466
426140500
530251611
641362022
060465131
101506242
212610353
323021464
434132505
545243616
656354020
046564634
150605045
261016156
302120260
413231301
524342412
635453523
004142635
115253046
226364150
330405261
441516302
552620413
663031524
020153034
131264145
242305256
353416360
464520401
505631512
616042623
061265412
102306523
213410634
324521045
435632156
546043260
650154301
050214264
161325305
202436416
313540520
424651631
535062042
646103153
066551164
100662205
211003316
322114420
433225531
544336642
655440053
000164465
111205506
222316610
333420021
444531132
555642243
666053354
035433006
146544110
250655221
361066332
402100443
513211554
624322665
043556535
154660646
265001050
306112161
410223202
521334313
632445424
052205304
163316415
204420526
315531630
426642041
530053152
641164263
051222360
162333401
203444512
314555623
425666034
536000145
640111256
021512641
132623052
243034163
354145204
465256315
506360426
610401530
012226642
123330053
234441164
345552205
456663316
560004420
601115531
010250604
121361015
232402126
343513230
454624341
565035452
606146563
025124445
136235556
240346660
351450001
462561112
503602223
614013334
022421601
133532012
244643123
355054234
466165345
500206456
611310560
035102055
146213166
250324200
361435311
402546422
513650533
624061644
036165520
140206631
251310042
362421153
403532264
514643305
625054416
054561561
165602602
206013013
310124124
421235235
532346346
643450450
055155533
166266644
200300055
311411166
422522200
533633311
644044422
003220125
114331236
225442340
336553451
440664562
551005603
662116014
044326126
155430230
266541341
300652452
411063563
522104604
633215015
044462224
155503335
266614446
300025550
411136661
522240002
633351113
062113556
103224660
214335001
325446112
436550223
540661334
651002445
044046243
155150354
266261465
300302506
411413610
522524021
633635132
055120462
166231503
200342614
311453025
422564136
533605240
644016351
051543402
162654513
203065624
314106035
425210146
536321250
640432361
002254454
113365565
224406606
335510010
446621121
550032232
661143343
033006003
144110114
255221225
366332336
400443440
511554551
622665662
035214102
146325213
250436324
361540435
402651546
513062650
624103061
051603611
162014022
203125133
314236244
425340355
536451466
640562500
031316355
142420466
253531500
364642611
405053022
516164133
620205244
063645303
104056414
215160525
326201636
430312040
541423151
652534262
036066151
140100262
251211303
362322414
403433525
514544636
625655040
026016035
130120146
241231250
352342361
463453402
504564513
615605624
025362003
136403114
240514225
351625336
462036440
503140551
614251662
000326545
111430656
222541060
333652101
444063212
555104323
666215434
054663245
165004356
206115460
310226501
421330612
532441023
643552134
024542103
135653214
246064325
350105436
461216540
502320651
613431062
044212016
155323120
266434231
300545342
411656453
522060564
633101605
064403655
105514066
216625100
320036211
431140322
542251433
653362544
012234005
123345116
234456220
345560331
456601442
560012553
601123664
050022605
161133016
202244120
313355231
424466342
535500453
646611564
034502532
145613643
256024054
360135165
401246206
512350310
623461421
062124615
103235026
214346130
325450241
436561352
540602463
651013504
042041632
153152043
264263154
305304265
416415306
520526410
631630521
046224523
150335634
261446045
302550156
413661260
524002301
635113412
024455505
135566616
246600020
350011131
461122242
502233353
613344464
050132566
161243600
202354011
313465122
424506233
535610344
646021455
010412501
121523612
232634023
343045134
454156245
565260356
606301460
050030014
161141125
202252236
313363340
424404451
535515562
646626603
044311540
155422651
266533062
300644103
411055214
522166325
633200436
035201363
146312404
250423515
361534626
402645030
513056141
624160252
015203434
126314545
230425656
341536060
452640101
563051212
604162323
043400032
154511143
265622254
306033365
410144406
521255510
632366621
030634540
141045651
252156062
363260103
404301214
515412325
626523436
012105562
123216603
234320014
345431125
456542236
560653340
601064451
054166406
165200510
206311621
310422032
421533143
532644254
643055365
054304012
165415123
206526234
310630345
421041456
532152560
643263601
056113000
160224111
201335222
312446333
423550444
534661555
645002666
060023226
101134330
212245441
323356552
434460663
545501004
656612115
013555400
124666511
235000622
346111033
450222144
561333255
602444366
022235156
133346260
244450301
355561412
466602523
500013634
611124045
014516266
125620300
236031411
340142522
451253633
562364044
603405155
005404536
116515640
220626051
331030162
442141203
553252314
664363425
034310604
145421015
256532126
360643230
401054341
512165452
623206563
024500026
135611130
246022241
350133352
461244463
502355504
613466615
043104646
154215050
265326161
306430202
410541313
521652424
632063535
061161436
102202540
213313651
324424062
435535103
546646214
650050325
022000350
133111461
244222502
355333613
466444024
500555135
611666246
025003506
136114610
240225021
351336132
462440243
503551354
614662465
013121221
124232332
235343443
346454554
450565665
561606006
602010110
000056061
111160102
222201213
333312324
444423435
555534546
666645650
055345451
166456562
200560603
311601014
422012125
533123236
644234340
033116242
144220353
255331464
366442505
400553616
511664020
622005131
031131264
142242305
253353416
364464520
405505631
516616042
620020153
046130045
150241156
261352260
302463301
413504412
524615523
635026634
014205251
125316362
236420403
340531514
451642625
562053036
603164140
000310230
111421341
222532452
333643563
444054604
555165015
666206126
005641154
116052265
220163306
331204410
442315521
553426632
664530043
012252321
123363432
234404543
345515654
456626065
560030106
601141210
006236213
110340324
221451435
332562546
443603650
554014061
665125102
020220331
131331442
242442553
353553664
464664005
505005116
616116220
042111311
153222422
264333533
305444644
416555055
520666166
631000200
031652515
142063626
253104030
364215141
405326252
516430363
620541404
052431554
163542665
204653006
315064110
426105221
530216332
641320443
063060065
104101106
215212210
326323321
430434432
541545543
652656654
026122304
130233415
241344526
352455630
463566041
504600152
615011263
052444221
163555332
204666443
315000554
426111665
530222006
641333110
042523663
153634004
264045115
305156226
416260330
520301441
631412552
050301346
161412450
202523561
313634602
424045013
535156124
646260235
063411613
104522024
215633135
326044246
430155350
541266461
652300502
055064641
166105052
200216163
311320204
422431315
533542426
644653530
046304361
150415402
261526513
302630624
413041035
524152146
635263250
001624016
112035120
223146231
334250342
445361453
556402564
660513605
013606344
124010455
235121566
346232600
450343011
561454122
602565233
041446430
152550541
263661652
304002063
415113104
526224215
630335326
002035435
113146546
224250650
335361061
446402102
550513213
661624324
045216041
156320152
260431263
301542304
412653415
523064526
634105630
006530660
110641001
221052112
332163223
443204334
554315445
665426556
002543214
113654325
224065436
335106540
446210651
550321062
661432103
045030400
156141511
260252622
301363033
412404144
523515255
634626366
042134122
153245233
264356344
305460455
416501566
520612600
631023011
000616404
111020515
222131626
333242030
444353141
555464252
666505363
044230534
155341645
266452056
300563160
411604201
522015312
633126423
030015143
141126254
252230365
363341406
404452510
515563621
626604032
014451360
125562401
236603512
340014623
451125034
562236145
603340256
050456203
161560314
202601425
313012536
424123640
535234051
646345162
045225236
156336340
260440451
301551562
412662603
523003014
634114125
005112346
116223450
220334561
331445602
442556013
553660124
664001235
030400525
141511636
252622040
363033151
404144262
515255303
626366414
004544050
115655161
226066202
330100313
441211424
552322535
663433646
005452463
116563504
220604615
331015026
442126130
553230241
664341352
013522553
124633664
235044005
346155116
450266220
561300331
602411442
010054136
121165240
232206351
343310462
454421503
565532614
606643025
040331202
151442313
262553424
303664535
414005646
525116050
636220161
006243501
110354612
221465023
332506134
443610245
554021356
665132460
005603060
116014101
220125212
331236323
442340434
553451545
664562656
025505202
136616313
240020424
351131535
462242646
503353050
614464161
060631055
101042166
212153200
323264311
434305422
545416533
656520644
001426102
112530213
223641324
334052435
445163546
556204650
660315061
031505014
142616125
253020236
364131340
405242451
516353562
620464603
030423342
141534453
252645564
363056605
404160016
515201120
626312231
042263064
153304105
264415216
305526320
416630431
520041542
631152653
025046654
136150065
240261106
351302210
462413321
503524432
614635543
041350251
152461362
263502403
304613514
415024625
526135036
630246140
043353021
154464132
265505243
306616354
410020465
521131506
632242610
060440544
101551655
212662066
323003100
434114211
545225322
656336433
064056560
105160601
216201012
320312123
431423234
542534345
653645456
034603346
145014450
256125561
360236602
401340013
512451124
623562235
063505521
104616632
215020043
326131154
430242265
541353306
652464410
013341063
124452104
235563215
346604326
450015430
561126541
602230652
000000000
000000001
000000002
000000003
