023245100
134356211
245460325
356501435
460642540
501023653
612134061
044441104
266663345
611115542
633330066
034450042
125531155
235602266
340013301
450124411
223346434
002021533
113530604
224143014
415254166
200306345
661510454
020500415
131611521
245022631
353033032
466242152
505355265
616056605
051001044
162112153
203223264
214344343
425445411
536556521
640660635
006040521
221262443
332303152
443414231
554525302
665636111
061424254
102533366
215344400
324055514
431366622
560200030
650311141
066543336
100654441
211065550
322106666
433210303
644321112
655432223
130555023
352000240
463151251
304222645
016312625
122423060
233534140
344645250
455056360
566160401
600203512
015253263
126364346
331516565
452620606
043463511
154104626
265615035
306026140
410130250
520241363
632152400
043125126
154265231
410564532
521405602
633016016
013606232
124010332
235121450
346212566
361454013
602565124
062366045
103400154
224511260
321652322
436032412
540143530
651253632
025014424
136125536
240236664
351340052
462451162
503562206
614603306
054116320
206251442
310442556
132664003
440005616
142266243
314436464
300544500
516651610
620062021
105051605
356112015
460203125
501313230
612425351
051230311
253452532
314563641
525604051
536015163
052161216
163232322
604303433
315414342
422525653
530635064
641040100
512146423
102350534
456513163
560624206
456435044
260546215
412061436
523130542
434213650
001642461
110031505
223664665
315205026
445306133
220320113
331461223
443502313
513653443
664064556
001134115
241156336
335260416
445301524
554412660
665523005
000216052
111320161
222532201
363642314
444653422
666105643
534122135
256314604
340426062
512640214
623251325
030063262
143103300
212215412
363325523
404630633
515341015
626652155
033024640
544435055
366350206
400461311
551502426
050365364
161406400
313621620
421062034
535143141
646254254
035640652
146041062
250152104
403304020
613415436
624526540
161234534
202345646
113526151
042635340
153046455
264110565
362231400
416302034
522413104
631524234
042516602
156626413
264030121
305135233
520363456
632404563
064554352
265006503
320110613
431221006
542332350
653443245
060456636
105560060
216601155
431123365
542224415
653345520
026331502
131442612
242553021
353664133
464035246
505116354
626220464
054202501
165313612
206424026
310535130
421646246
532050324
643161464
015022110
126133221
232244335
341355441
452466555
563501661
604611003
036431330
140522444
251633553
362044625
406165202
554266114
545530546
555200222
