016656123
120060234
231101345
342212456
453323560
564434601
605545012
002200616
113311020
224422131
335533242
446644353
550055464
661166505
023441160
134552201
245663312
356004423
460115534
501226645
612330056
066460622
100501033
211612144
322023255
433134366
544245400
655356511
053026411
164130522
205241633
316352044
420463155
531504266
642615300
036142112
140253523
251364634
362405045
403516156
514620660
625031001
043442206
154553310
265664421
306005532
410116643
521220054
632331165
066264206
100305310
211416421
322520532
433631643
544042054
655153165
043206110
154310221
265421332
306532443
410643554
521054665
632165006
052042544
163153655
204264066
315305100
426416211
530520322
641631433
000645246
111056350
222160461
333201502
444312613
555423024
666534135
045065514
156106625
260210036
301321140
412432251
523543362
634654403
036154443
140265554
251306665
362410006
403521110
514632221
625043332
044600315
155011426
266122530
300233641
411344052
522455163
633566204
050223053
161334164
202445205
313556316
424660420
535001531
646112642
041151100
152262211
263303322
304414433
415525544
526636655
630040066
026623162
130034203
241145314
352256425
463360536
504401640
615512051
061215320
102326431
213430542
324541653
435652064
546063105
650104216
062514512
103625623
214036034
325140145
436251256
540362360
651403401
064151041
105262152
216303263
320414304
431525415
542636526
653040630
064115463
105226504
216330615
320441026
431552130
542663241
653004352
031556446
142660550
253001661
364112002
405223113
516334224
620445335
050231430
161342541
202453652
313564063
424605104
535016215
646120326
032032313
143143424
254254535
365365646
406406050
510510161
621621202
004133444
115244555
226355666
330466000
441500111
552611222
663022333
063252445
104363556
215404660
326515001
430626112
541030223
652141334
021343266
132454300
243565411
354606522
465010633
506121044
610232155
024463010
135504121
246615232
350026343
461130454
502241565
613352606
065356030
106460141
210501252
321612363
432023404
543134515
654245626
033236661
144340002
255451113
366562224
400603335
511014446
622125550
006163332
110204443
221315554
332426665
443530006
554641110
665052221
010543065
121654106
232065210
343106321
454210432
565321543
606432654
013342332
124453443
235564554
346605665
450016006
561120110
602231221
005130021
116241132
220352243
331463354
442504465
553615506
664026610
011131603
122242014
233353125
344464236
455505340
566616451
600020562
062542031
103653142
214064253
325105364
436216405
540320516
651431620
063424504
104535615
215646026
326050130
430161241
541202352
652313463
035341322
146452433
250563544
361604655
402015066
513126100
624230211
041302135
152413246
263524350
304635461
415046502
526150613
630261024
045333354
156444465
260555506
301666610
412000021
523111132
634222243
035612261
146023302
250134413
361245524
402356635
513460046
624501150
050110151
161221262
202332303
313443414
424554525
535665636
646006040
025654652
136065063
240106104
351210215
462321326
503432430
614543541
064525240
105636351
216040462
320151503
431262614
542303025
653414136
001001253
112112364
223223405
334334516
445445620
556556031
660660142
055536255
166640366
200051400
311162511
422203622
533314033
644425144
021636532
132040643
243151054
354262165
465303206
506414310
610525421
063450326
104561430
215602541
326013652
430124063
541235104
652346215
043531441
154642552
265053663
306164004
410205115
521316226
632420330
044614131
155025242
266136353
300240464
411351505
522462616
633503020
031620633
142031044
253142155
364253266
405364300
516405411
620516522
032210460
143321501
254432612
365543023
406654134
510065245
621106356
026251355
130362466
241403500
352514611
463625022
504036133
615140244
065513545
106624656
210035060
321146101
432250212
543361323
654402434
011613224
122024335
233135446
344246550
455350661
566461002
600502113
001012520
112123631
223234042
334345153
445456264
556560305
660601416
041410665
152521006
263632110
304043221
415154332
526265443
630306554
014521414
125632525
236043636
340154040
451265151
562306262
603410303
020562351
131603462
242014503
353125614
464236025
505340136
616451240
000303124
111414235
222525346
333636450
444040561
555151602
666262013
031022452
142133563
253244604
364355015
405466126
516500230
620611341
052360240
163401351
204512462
315623503
426034614
530145025
641256136
012423520
123534631
234645042
345056153
456160264
560201305
601312416
056425426
160536530
201640641
312051052
423162163
534203204
645314315
000650512
111061623
222102034
333213145
444324256
555435360
666546401
063335214
104446325
215550436
326661540
430002651
541113062
652224103
006561245
110602356
221013460
332124501
443235612
554346023
665450134
015410150
126521261
230632302
341043413
452154524
563265635
604306046
024012214
135123325
246234436
350345540
461456651
502560062
613601103
020244516
131355620
242466031
353500142
464611253
505022364
616133405
053511034
164622145
205033256
316144360
420255401
531366512
642400623
054256152
165360263
206401304
310512415
421623526
532034630
643145041
001455344
112566455
223600566
334011600
445122011
556233122
660344233
025262630
136303041
240414152
351525263
462636304
503040415
614151526
046526552
150630663
261041004
302152115
413263226
524304330
635415441
036345235
140456346
251560450
362601561
403012602
514123013
625234124
014065312
125106423
236210534
340321645
451432056
562543160
603654201
025621023
136032134
240143245
351254356
462365460
503406501
614510612
026310316
130421420
241532531
352643642
463054053
504165164
615206205
040633636
151044040
262155151
303266262
414300303
525411414
636522525
040665053
151006164
262110205
303221316
414332420
525443531
636554642
041060346
152101450
263212561
304323602
415434013
526545124
630656235
032304653
143415064
254526105
365630216
406041320
510152431
621263542
015524301
126635412
230046523
341150634
452261045
563302156
604413260
006215062
110326103
221430214
332541325
443652436
554063540
665104651
025461266
136502300
240613411
351024522
462135633
503246044
614350155
033463453
144504564
255615605
366026016
400130120
511241231
622352342
050146310
161250421
202361532
313402643
424513054
535624165
646035206
063243232
104354343
215465454
326506565
430610606
541021010
652132121
033630205
144041316
255152420
366263531
400304642
511415053
622526164
015242143
126353254
230464365
341505406
452616510
563020621
604131032
012363111
123404222
234515333
345626444
456030555
560141666
601252000
066620501
100031612
211142023
322253134
433364245
544405356
655516460
023152250
134263361
245304402
356415513
460526624
501630035
612041146
031105401
142216512
253320623
364431034
405542145
516653256
620064360
020311425
131422536
242533640
353644051
464055162
505166203
616200314
064340610
105451021
216562132
320603243
431014354
542125465
653236506
001660564
112001605
223112016
334223120
445334231
556445342
660556453
052312626
163423030
204534141
315645252
426056363
530160404
641201515
060402212
101513323
212624434
323035545
434146656
545250060
656361101
042654210
153065321
264106432
305210543
416321654
520432065
631543106
010502620
121613031
232024142
343135253
454246364
565350405
606461516
045644466
156055500
260166611
301200022
412311133
523422244
634533355
061355642
102466053
213500164
324611205
435022316
546133420
650244531
021535325
132646436
243050540
354161651
465202062
506313103
610424214
036661036
140002140
251113251
362224362
403335403
514446514
625550625
413420352
524531463
635642504
052403133
163514244
204625355
315036466
426140500
530251611
641362022
060465131
101506242
212610353
323021464
434132505
545243616
656354020
046546634
150650045
261061156
302102260
413213301
524324412
635435523
004142635
115253046
226364150
330405261
441516302
552620413
663031524
030153034
141264145
252305256
363416360
404520401
515631512
626042623
001265412
112306523
223410634
134521045
445632156
556043260
660154301
050214264
161325305
202436416
313540520
424651631
135062042
246103153
066051165
100162205
211203316
322314421
433425531
544536642
655640053
000164455
111205566
222316600
333420011
444531122
555642233
666053344
035433006
146544110
250655221
361066332
402100443
513211554
624322665
043556535
154660646
265001050
306112161
410223202
521334313
632445424
052205304
163316415
204420526
315531630
426642041
530053152
641164263
051222360
162333401
203444512
314555623
425666034
536000145
640111256
021512641
132623052
243034163
354145204
465256315
506360426
610401530
012226642
123330053
234441164
345552205
456663316
560004420
601115531
010250604
121361415
232402126
343513230
454624341
565035452
606146563
025424445
136535556
240646660
351050001
462161112
503202223
614313334
022421601
133532012
244643123
355054234
466165345
500206456
611310560
035102055
146213166
250324200
361435311
402546422
513650533
624061644
036165520
140206631
251310042
362421153
403532264
514643305
625054416
054561563
165602604
206013015
310124126
421235230
532346341
643450452
055155533
166266644
200300055
311411166
422522200
533633311
644044422
003220125
114331236
225442340
336553451
440664562
551005603
662116014
044326126
155430230
266541341
300652452
411063563
522104604
633215015
044462424
155503535
266614646
300025050
411136161
522240202
633351313
032113556
143224660
254335001
365446112
406550223
510661334
621002445
044046243
155150354
266261465
300302506
411413610
522524021
633635132
015120462
126231503
230342614
341453025
452564136
563605240
604016351
051533402
162644513
203055624
314166035
425200146
536311250
640422361
002254454
113365565
224406606
335510010
446621121
550032232
661143343
033006003
144110114
255221225
366332336
400443440
511554551
622665662
034214102
145325213
256436324
360540435
401651546
512062650
623103061
051603611
162014022
203125133
314236244
425340355
536451466
640562500
041316355
152420466
263531500
304642611
415053022
526164133
630205244
063645303
104056414
215160525
326201636
430312040
541423151
652534262
036066151
140100262
251211303
362322414
403433525
514544636
625655040
023036035
134140146
245251250
356362361
460403402
501514513
612625624
055362003
166403114
200514225
311625336
422036440
533140551
644251662
000326545
111430656
222541060
333652101
444063212
555104323
666215434
054663235
165004346
206115450
310226561
421330602
532441013
643552124
024542103
135653214
246064325
350105436
461216540
502320651
613431062
014252016
125363120
236404231
340515342
451626453
562030564
603141605
064403655
105514066
216625100
320036211
431140322
542251433
653362544
012234005
123345116
234456220
345560331
456601442
560012553
601123664
010022605
121133016
232244120
343355231
454466342
565500453
606611564
034302532
145413643
256524054
360635165
401046206
512150310
623261421
031144615
142235026
253346130
364450241
405561352
516602463
620013504
042041632
153152043
264263154
305304265
416415306
520526410
631630521
036224523
140335634
251446045
362550156
403661260
514002301
625113412
024455505
135566616
246600020
350011131
461122242
502233353
613344464
050132566
161243600
202354011
313465122
424506233
535610344
646021455
010412501
121523612
232634023
343045134
454156245
565260356
606301460
050030014
161141125
202252236
313363340
424404451
535515562
646626603
044311544
155422655
266533066
300644100
411055211
522166322
633200433
035201363
146312404
250423515
361534626
402645030
513056141
624160252
015203434
126314545
230425656
341536060
452640101
563051212
604162323
043400032
154511143
265622254
306033365
410144406
521255510
632366621
030634540
141045651
252156062
363260103
404301214
515412325
626523436
012105562
123216603
234320014
345431125
456542236
560653340
601064451
054166406
165200510
206311621
310422032
421533143
532644254
643055365
054304012
165415123
206526234
310630345
421041456
532152560
643263601
056113000
160224111
201335222
312446333
423550444
534661555
645002666
060023225
101134336
212245440
323356551
434460662
545501003
656612114
013505400
124616511
235020622
346131033
450242144
561353255
602464366
022235156
133346260
244450301
355561412
466602523
500013634
611124045
014516266
125620300
236031411
340142522
451253633
562364044
603405155
005404536
116515640
220626051
331030162
442141203
553252314
664363425
034315664
145426005
256530116
360641220
401052331
512163442
623204553
024500026
135611130
246022241
350133352
461244463
502355504
613466615
043104646
154215050
265326161
306430202
410541313
521652424
632063535
061121436
102232540
213343651
324454062
435565103
546606214
650010325
022000350
133111461
244222502
355333613
466444024
500555135
611666246
023003506
134114610
245225021
356336132
460440243
501551354
612662465
013101221
124212332
235323443
346434554
450545665
561656006
602060110
000056561
111160602
222201013
333312124
444423235
555534346
666645450
055345451
166456562
200560603
311601014
422012125
533123236
644234340
033416242
144520353
255631464
366042505
400153616
511264020
622305131
032131664
143242005
254353116
365464220
406505331
510616442
621020553
046130045
150241156
261352260
302463301
413504412
524615523
635036634
014205251
125316362
236420403
340531514
451642625
562053036
603164140
006313233
110424344
221535455
332646566
443050600
554161011
665202122
005641154
116052265
220163306
331204410
442315521
553426632
664530043
012252321
123363432
234404543
345515654
456626065
560030106
601141210
006236213
110340324
221451435
332562546
443603650
554014061
665125102
020220331
131331442
242442553
353553664
464664005
505005116
616116220
042111311
153222422
264333533
305444644
416555055
520666166
631000200
031652515
142063626
253104030
364215141
405322252
516433363
620541404
052431554
163542665
204653006
315064110
426105221
530216332
641320443
063060065
104101106
215212210
326323321
430434432
541545543
652656654
026122304
130233415
241344526
352455630
463566041
504600152
615011263
052444221
163555332
204666443
315000554
426111665
530222006
641333110
046523663
150634004
261045115
302156226
413260330
524301441
635412552
050301346
161412450
202523561
313634602
424045013
535156124
646260235
063411613
104522024
215633135
326044246
430155350
541266461
652300502
055064641
166105052
200216163
311320204
422431315
533542426
644653530
046304361
150415402
261526513
302630624
413041035
524152146
635263250
001624016
112035120
223146231
334250342
445361453
556402564
660513605
013606444
124010555
235121666
346232000
450343111
561454222
602565333
011446430
122550541
233661652
344002063
455113104
566224215
600335326
012065435
123106546
234210650
345321061
456432102
560543213
601654324
045216041
156320152
260431263
301542304
412653415
523064526
634105630
006530660
110641001
221052112
332163223
443204334
554315445
665426556
002503214
113614325
224025436
335136540
446240651
550351062
661462103
044030400
155141511
266252622
300363033
411404144
522515255
633626366
042134122
153245233
264356344
305460455
416501566
520612600
631023011
000613404
111024515
222135626
333246030
444350141
555461252
666502363
064130534
105241645
216352056
320463160
431504201
542615312
653026423
030015143
141126254
252230365
363341406
404452510
515563621
626604032
064651360
105062401
216103512
320214623
431325034
542436145
653540256
050456203
161560314
202601425
313012536
424123640
535234051
646345162
045225236
156336340
260440451
301551562
412662603
523003014
634114125
005112346
116223450
220334561
331445602
442556013
553660124
664001235
030400525
141511636
252622040
363033151
404144262
515255303
626366414
004544050
115655161
226066202
330100313
441211424
552322535
663433646
015452463
126563504
230604615
341015026
452126130
563230241
604341352
013522553
124633664
235044005
346155116
450266220
561300331
602411442
010054136
121165240
232206351
343310462
454421503
565532614
606643025
040331202
151442313
262553424
303664535
414005646
525116050
636220161
006233501
110344612
221455023
332566134
443600245
554011356
665122460
005603060
116014101
220125212
331236323
442340434
553451545
664562656
025505202
136616313
240020424
351131535
462242646
503353050
614464161
060331055
101442166
212553200
323664311
434005422
545116533
656220644
001426102
112530213
223641324
334052435
445163546
556204650
660315061
031505014
142616125
253020236
364131340
405242451
516353562
620464603
030423342
141534453
252645564
363056605
404160016
515201120
626312231
042563064
153604105
264015216
305126320
416230431
520341542
631452653
020046654
131150065
242261106
353302210
464413321
505524432
616635543
