152420602
513532601
545614254
562430063
441254040
155110506
035440524
105025446
215130440
232351154
442546463
152566311
532552110
425361514
645262061
640025150
301502240
535126253
422436621
613543062
300502531
562653004
662301660
110515355
011451625
631355352
663221343
050020262
520464454
043534144
014043542
425046654
120011156
235436034
145166140
366155232
245033123
063361322
154363106
455142636
402655326
534041320
142034016
104125505
424360043
625401302
144321324
264163214
265531000
521551122
062624603
342250433
431113403
020100523
043343310
512520464
163152313
324203055
153411363
023220155
053520446
233235113
425642001
630242600
201616345
260032503
021663063
546612542
152052630
225206161
221424340
112401231
304644325
456016453
562024210
560454116
161643400
112522512
325413601
106410630
502015434
351016014
453610324
333200012
424615022
203334320
064324156
310652036
312266631
256044552
352163453
131604625
535252656
162445623
514544152
004355042
236511604
643316120
614161636
526462020
340440053
515214403
665240612
460265351
564213662
022106251
346056062
143542541
516312004
040126460
045264126
540561524
034215421
211525146
113465641
124114654
161114211
445305625
154555254
604420521
366533642
021422254
462443002
350000144
124262405
112246014
661516625
013042415
266356226
011645550
165266434
100614432
156654200
100351444
550446041
542665614
364062316
455563660
161540336
534613043
626516633
503316216
200465256
313133234
331053242
332143306
431646060
521405411
460126644
526015505
254261442
201042164
142063151
335651165
303622205
523566346
400430152
065055334
141331531
401623615
401301010
442612430
016064664
136022643
330413460
613660105
441124366
066460305
360526562
154602023
641232142
454132321
041005522
366014301
520221606
632350511
433601503
524611365
540305466
264523053
135001424
453141104
405002216
153500550
641645306
201320462
635103526
000536540
535045461
400361126
120563503
606303205
321360256
602436304
352002411
353111622
453364546
022141362
224025233
406465562
042014242
132523035
345552635
134600130
320202614
606505666
055635235
654533310
036366144
211160353
304631133
406254314
654326332
430016241
351156520
623423414
404534436
265042045
125222213
133635044
251414603
225564555
354322610
362635125
001232225
024512616
335404110
641364034
213403164
313444456
004223445
224562031
236046111
413115011
236462354
303365223
012445316
010236363
122651021
430543135
123034265
652602636
111621263
360325034
543223052
334321441
250464012
604112146
044245355
621432660
252640542
156235611
666035254
044162653
311211205
564030534
061246426
301653461
464112455
433553264
045666361
226620443
340635440
651226451
351624553
523214141
164401542
506256241
411224535
450161340
331456551
135456300
126150551
233150322
512341563
515206335
345151650
230630461
052205442
365542403
312121143
212103616
150254564
451251612
003260624
212450101
552264002
405610200
251504541
213554223
116636320
104221031
002062423
623122466
214453232
161035606
660324412
245521611
060410556
144533002
232040453
133612611
305026105
525656133
036115650
006455155
346236100
636425463
342534452
332202263
361144033
124305346
225243646
642443264
325022532
231160365
363666650
224513520
155243350
565505104
522633561
400040545
151060544
212310312
105555532
631031400
205240020
624121003
564335620
244603422
544150600
446416560
656641412
264246235
166200143
061510412
410422251
244111333
316131311
063451436
322414545
501014326
321500632
443242223
043140201
056653332
165064203
011562265
215022500
242304102
623304642
611463321
640312405
150043426
653333053
563363461
544024565
025346520
262066624
322346041
026242065
564416224
103256065
324102500
115550211
413621046
253112242
121332445
536560421
532160132
413204206
663022104
146413322
632600252
354135656
035433315
011223604
442362164
242131644
314331022
634330605
464051411
222540514
555623142
102666530
141461005
334465200
550346233
520415336
632132334
060532022
523400045
043601030
101622221
513230314
361631246
366436441
102564044
102245252
200546065
662162562
531420143
614456600
561036050
000051631
544013516
235444362
465424123
445234511
260314343
236302136
262502201
135343246
163002060
512300030
522344655
160066342
162330215
220263324
060244501
311346432
525425165
316603525
456245162
605362363
650104065
014414115
352030322
164356631
103232603
145460436
560134635
244140110
653025542
023015643
206630214
446000131
510616622
125003615
334210350
454226524
065101561
065461653
661555430
466330540
402225640
414121554
433463623
644332230
615653540
440604352
262511351
160642224
321511310
610521433
423450566
613501110
324516461
463310231
044365241
350216213
600113212
624663204
445331460
036540563
165122002
505203553
356555103
615105144
630455614
040023025
116026166
041414461
515466516
635614036
045600413
022354165
620621121
566122626
526430236
356442624
035011062
515155612
162516202
230515030
403556642
253516300
512414350
503004532
552531643
031442633
032644444
645366255
404004150
116346154
663056263
554624411
664645445
530050663
613606443
131262032
310000010
624036246
665502056
203226130
421664636
043655166
413423355
466666003
266604114
636246265
221136156
306466606
662110621
546404346
130366656
036636256
533306101
103444021
324620101
260655641
263421525
603063306
211303401
623150030
030603016
031310346
655430244
220642663
543352422
626505315
341204221
221265662
545311035
431432006
066006555
563125133
143225420
242205556
254556416
021251344
652512025
641253616
112261526
630504121
326321353
654004433
456533425
062464321
015104032
555441260
656414131
203562504
056325321
303041044
033424530
305422454
400611054
666662151
326646302
556165124
430165533
026532130
220324536
231336642
622333126
601605165
044544341
420003551
345510344
012053361
244152004
346020310
644566543
002526122
042466213
131413234
110302645
114464366
566546160
040505054
402353233
643135535
600062055
330104254
055202603
606441150
622142613
430354053
666116352
411633444
366211064
004432302
120436212
246106041
101143343
523654056
453652445
363343504
224422112
634343014
114251603
605556421
664254051
420012033
323043160
024133514
605400033
025550002
256250031
166561330
246336554
344501415
561240441
404106204
666023031
043030612
134136345
633551651
602511460
502121652
610534654
536224355
430210164
465135046
313500326
051021335
351403362
616265133
146663465
332524626
554451351
216531261
441502334
101551366
314256144
660603223
550334361
505162430
531464215
210266505
156005001
302150066
661633012
631410423
350215404
041021416
246543431
400241530
401526556
624013135
111415020
604656655
335566023
640120246
002453644
203020405
023255200
433066314
506342145
511666455
315364643
032315214
236121220
505532242
653531232
002431111
004626013
365350130
330311515
253242430
201055650
454164262
405245413
063224264
466400614
544610406
123216103
352431430
550632100
432216654
302605043
306053554
564636141
415511456
166405265
136134102
245404063
250611162
521022261
363120351
035353103
601114564
134044533
256552365
601465632
010165101
410323202
615251234
413034461
333222121
255423635
010330051
245434506
162623116
566562213
440131013
610250456
126045363
004461533
205161605
143431254
206624656
415634226
151041021
406336113
614450325
040253111
145304330
115561102
353456252
064204610
555360445
146024454
203513111
644164300
404130660
465602462
252133131
132114465
301356303
426034332
440651206
211210521
032302005
452656114
432405246
460340366
336263115
120452463
244015144
203114006
130020000
166512554
155015664
444646341
354666046
156525402
403625431
632012556
160543011
530404602
533133021
211311066
326063221
312051256
460231445
350360334
643660613
355610431
462322521
343452143
104332566
300535313
355131364
021115435
250124155
462532360
046113236
054144050
610060532
121635132
100323550
431560510
334264464
023445134
216141545
116354513
511204054
260622435
105326612
602232510
351544166
105652144
053121513
464635213
255350263
014235501
362041615
060356315
131314153
521266523
310010423
450214256
424555665
005034414
252400424
051545202
321254402
446225201
411010665
356244243
101520204
161211640
546143103
432361600
426501066
121402526
413602156
555053521
166421101
315142120
634241161
411206420
146435033
204450613
240142326
656056140
233044204
523441453
302641501
625044566
336130631
221053305
052466465
540533250
042330536
531255005
243312361
011550134
535205122
464105330
516554630
123630554
232345540
255341115
003003220
304001626
346451304
301145111
504144246
132326363
052122300
130106510
406414225
541355543
154065413
400642310
621426505
025121634
251205325
551310552
310161462
210341250
323213342
146152446
146606232
324554013
615344015
346425526
115620024
626645231
542525000
512603342
543436362
511002343
163324045
642015063
002344500
116540005
014016152
231623566
653400311
565525352
432550303
012460452
136515522
630035026
531626334
365536251
061262100
356200460
233063545
006031350
311120212
111056041
444050553
132332141
201221253
434612266
463520663
621100354
434444616
266063162
320662341
454311001
034501213
444045036
534142412
410153024
004341306
303106436
306222346
035322661
530131266
663111165
405333356
456350656
453445515
325440215
652251105
102230106
235553452
552103505
665252320
003102162
513311440
624235323
466203022
552155460
141165516
512422051
535602524
120125041
625315111
652340143
210545422
214663651
454403143
623126222
635564240
462564131
636233432
320453522
603346164
300315651
502540331
565113314
564354302
304545540
423521215
211252216
612323534
055221040
065660646
622135052
545402151
412305564
130032235
561664426
426342212
316443030
645330522
056316030
013453013
220550140
626324060
613061023
034565632
122165225
140633314
236064033
242154411
210023313
043060560
433231552
041630055
662606035
462210345
153601216
061600260
555665050
425103240
425455010
456522141
143222645
554436503
010132210
335345002
630421042
046224632
505663101
064212533
600121361
510563045
503252351
466352434
233146563
345523206
431611121
505353665
254410040
324433261
626204534
564120015
521141014
540041002
102300451
063302654
404503562
316352161
663134403
222526650
654605551
065354241
530201313
164524160
206635430
564621232
646521555
442442232
213664334
253636526
235151016
424256301
043326004
354534205
332305332
025543156
065003406
115062304
261456002
506123040
122644356
315301536
402364415
441311244
555034136
124153662
615024622
660014520
613322316
621345424
052532053
426226416
516251362
452104126
226301143
303634612
052046345
114204441
346213653
414011230
222646425
255365531
241562115
600553334
362400513
325625616
455532114
653642034
402604661
051346565
332025055
056252526
604423256
405512523
133255336
314605634
165454055
561601515
061563343
344161121
553106640
250206636
216320244
320431655
615522265
541106022
521030115
264220306
424561352
150142152
161425314
656033602
316330203
041303253
633341435
501460051
323225063
516142231
160145464
630044315
425534243
250426023
036401023
451513032
002056516
610412544
523156404
122051412
136403651
442011525
405624544
424052124
601350220
425514162
131046223
410245244
640210010
331364522
325015250
003610533
260300025
226342651
611610330
140036401
135544653
500360264
223505244
241122552
341525664
455006042
142236542
451505653
421640452
010646146
033213506
062256450
643554005
211426661
223623000
250222511
264362123
610654262
234525361
315255353
511543613
446530024
022616006
240350632
312336355
600026603
065261415
653655620
466215536
044650224
663265514
155633066
251353514
505115221
116223561
203641222
641451211
324314232
451042255
313062551
534422064
025020326
216612426
255010355
115253125
235452225
630656001
154355135
620335500
435520045
236105303
656160215
621654110
646353341
121503464
225211126
425600535
503514455
303154124
346306423
140044163
666236521
534362550
046012011
540101145
133350460
333353616
231264301
126444435
256545610
630462166
406011102
205003341
121546145
041406106
056526214
111023130
263606312
010262434
020651560
522364333
330602623
226360502
152621245
436665424
000524251
010113565
425023463
006000046
653435106
612436135
034233060
311064006
100650115
212235230
410631331
333555455
002541055
412160206
163113330
455230333
062123432
564053255
553040410
325551541
434150235
445413445
344655512
060103150
030331132
322001564
120440301
351043535
464143523
246115462
234654020
500566153
101452540
221166210
135532326
305265160
030154406
561323121
111362410
264442461
315154505
601130045
626352625
203233266
212536043
341341620
631306416
062265066
264614505
665143451
442553166
622024440
621461446
054500304
336021134
152340634
315641652
203065061
056561501
334032152
303412314
520653446
636050206
430434324
361334114
546440511
340265022
132155601
442426636
431325230
441055404
663635361
531501031
002406060
524506230
422025004
005533031
366550515
221120625
435123111
203125614
350420233
016225240
352633600
545146532
410441405
014203536
031132451
322612662
340330165
120256620
116363632
226601255
043416635
105662352
541246204
352313220
434114540
064431664
161636564
614346523
432031163
653152501
143041666
456564323
014652400
243330046
240201264
440600643
516331616
001144645
023523621
354026651
633105250
511320305
251163261
651215046
346132055
264434130
100342003
640401420
553212535
365611323
040155342
426660160
521042406
544063332
026661316
411240103
632523401
662321206
652223163
643146016
605343132
504561012
030052644
214405455
341212146
052514634
024353454
234102665
106602604
546061640
416500442
102005114
043454650
223533333
340143641
304013000
151136433
315213013
434166051
502235024
556543354
651404250
465030425
434455506
511065360
163335452
364355463
301236654
416564050
623664521
212212153
021004601
136161153
605631641
566201100
636446336
551466130
124530153
311132563
344224042
236613310
163412126
321535021
440062412
243405600
123024311
551453206
623562453
140500363
462601140
411135302
563011553
556003212
014361160
210055566
103264210
426313364
360042450
424231110
204124423
450025305
310524300
542620323
015233252
012331034
506034263
335606641
650016366
064045103
416035523
031506350
312422425
311461154
312004135
336640026
254446154
652354324
234203211
132433520
143354134
653214462
143506614
610513106
244510252
243661401
522615413
112356406
134242454
201133500
200661513
266560456
045415303
433304365
500242522
631322023
016346601
430264645
435621350
242055205
543424624
445156323
133416442
611153153
240306440
461416313
540522103
042211601
221611534
143565262
521313630
465541224
232432416
004160311
213335663
206266052
315316264
111600502
206351025
416263300
140115200
463103601
636601344
045050142
224230545
522240660
040333606
226655064
365114660
340556356
253313436
526634644
201531424
140354225
300604106
104435410
205016232
245060014
020361205
525302063
561303046
534225116
124131426
115616551
310626414
320006325
023636410
600105453
352565565
616000650
532461541
222002352
262554662
343410502
446363016
506421415
046634515
121224026
316110156
200316104
434202342
050654123
546626605
100135624
261630633
564166363
142251310
015420610
103140512
060412331
500225235
323466033
313006602
325133412
562345112
502411203
645150164
615010001
625051455
611462203
306116543
305461031
161102135
454661625
045163504
650166554
333112053
511433422
201463433
103431145
630363231
443260035
642506226
024005460
455452102
665531516
263005156
432452422
523060631
055303024
400560601
222064146
525300644
464316512
211006533
343231325
260443652
511652664
053130120
012116624
461665542
164040022
243453551
650061111
364553321
650463000
401156631
246642050
403022022
260163036
525332310
062243124
661562644
254234622
313220540
214622315
062151223
053163042
435220401
056411444
644200644
154611450
013030242
665026360
551522016
313515132
314000261
261515563
250433346
152635303
006156663
145245131
000365330
423545320
015621201
451066161
220101431
126261242
205212465
020214440
005316310
445633632
066613145
340664233
654540666
103101304
365445340
400456430
554060223
561650356
651613654
434326425
114110063
031654031
412244322
102442365
260251133
510234546
223204413
204313634
554201566
243541153
462462250
625116325
566445006
555504400
546210125
405234030
130141025
112143260
366104445
520510026
113156524
533535516
163640253
431056136
544445642
654051064
636643553
353054641
456101233
644314666
052625564
061034365
560352240
614266212
314242666
621230201
245135351
414036005
304440434
222111100
155154043
560006611
125313052
441013350
410314610
522043243
136320122
265645266
014125026
614315253
333562236
342115315
530620512
144416056
303324561
222152535
436041446
365230566
020404266
140403535
422166442
622241036
612002221
530140344
360362602
533662302
202244533
021444512
614045611
022506403
112510646
622454606
563044125
360160004
305405504
300221112
506453533
262233415
101213456
606541303
035516405
055001254
426144600
451330461
204662240
006544462
050610211
412315105
130200226
415326341
553616061
053643665
533203634
606412012
512611136
354106112
362011446
546231451
322220224
616436054
