324235105
635666266
215460525
306601221
551255153
612114042
606451402
566633245
161032600
342335600
034320446
462631156
014450216
322055652
050006631
333046436
643004411
351014506
620062031
115255336
204604645
365601455
025504305
136311532
245523632
464246410
150401110
505320111
611054143
254346366
440454501
231231624
133054235
031464240
526445444
310664256
152020552
004262154
532305203
556426250
300140325
552464662
023063614
502543536
153212011
121550611
253034003
500042115
560311364
006642302
344440041
266105651
322306166
133210404
661346112
125413204
610516422
152610463
403501653
653122645
216512353
062630030
663200026
255223120
560263035
560502564
046203562
166364324
031212561
122555420
505041023
464344621
404434432
304006140
421660514
520260463
052012256
224642242
146561215
140523263
101164560
465015341
226053065
334060533
514021604
336352004
254525261
133635022
221402542
460425066
244311013
521652022
446022412
555100502
011421065
045014424
601330655
431442344
163450162
564462401
654403254
351653420
412231241
220254054
030236351
413210215
442266343
014135134
015443050
513651310
305532463
405151605
332154013
400053105
543161232
665224604
110121446
243432530
313564364
525614151
516136561
262061311
501103316
456153431
303312025
635265142
632655164
534540000
640161120
202353544
405340260
544612106
636405045
201065126
361541234
226110166
334113650
000625431
112645535
210644663
114363661
213466101
230365212
540202523
413542152
604515514
056134114
241156336
606230143
402213262
665132515
010105200
063246202
365165552
610352221
320626612
442602620
632120300
134102135
021313440
024121503
512400614
624251325
430304160
145306043
016660403
063325523
456665646
315333516
350240136
245301436
541145455
345010242
435521113
550535626
003465336
441616524
611606033
035551641
645466234
641015260
044031062
513343143
646242666
326424126
124026555
100416645
233223656
032416621
156241006
222224530
262124244
454255034
623433363
601524233
124136221
355452464
042540125
622361056
431014516
164554352
230626006
420110633
423141466
525332330
660643540
066656613
001500034
414302452
451320365
542224415
255645311
650531544
362442213
652566005
656344550
514023322
105126054
311222040
353201561
265050640
351411332
131534442
532006324
455143223
341020151
426533001
636623331
261363403
433556555
416030454
366516130
140435353
143623144
030563415
203136450
102142301
506216630
543550546
043600310
