240510611
355345344
552460113
454046520
163455630
643042155
501002335
450011066
410061122
533666653
513050533
242351633
014406265
654532052
242120340
644623216
036244314
354243114
662531425
460430034
203656355
500263013
600205246
245665055
455001612
606211432
443541236
564144326
151504246
561125144
451352331
416104540
440132423
141335244
520615442
214216333
544212056
425334464
315540041
314552300
312410506
512444252
141025020
462111656
032162015
133631553
106032005
321666050
316003620
625652411
316254655
104320156
455236655
142260452
134011236
114355612
134603322
235126445
002053036
330532003
263426600
032663563
626233115
462401100
426422046
033312623
561016250
265321406
323035600
032541213
604455034
642612426
403421524
043020402
110033135
326646246
233125636
633262335
054660022
313662322
065554452
650525655
220516052
533224211
014121530
642534643
056514635
262503362
663365503
012542661
135130151
153211660
300362254
263615246
042016203
164561461
050151355
424130146
112606366
241141526
114443511
456204415
150635421
550131606
642566220
202464050
325261302
505544520
634110620
031401611
543201540
466202020
511621350
441113416
036641452
230253400
063643164
025236134
100632300
414366434
006463653
232443650
141513350
546315141
056300406
232306261
522406063
211512214
110604211
411515140
001046106
330425145
612151136
446360042
224322531
241240202
532436435
522320516
342654621
363334146
623051101
442302451
103250000
243612161
323660315
411230345
222230221
420653631
554036043
254162616
421620643
565465254
361404354
123443243
452240333
652135254
102035623
046163061
555634532
346405223
631154241
250604360
505366130
026322604
342311415
000620423
126200566
166611634
534022152
110050303
431663151
402530555
510226341
533345066
000243321
535413562
361313500
445241420
222536160
541310535
563523413
344546454
615623465
543550444
030636120
243136243
524563221
064004661
314101314
315022413
501500564
505145505
021264120
405610363
564355545
316356543
321555242
504642544
134426012
164666224
444513501
366225631
026100351
061543032
400234250
224351165
212403514
002252444
320446125
203544104
335054506
461665064
532662200
434256310
461405452
556214320
223114356
002301322
203212605
265156031
125112666
325501230
551152001
224504402
141462445
116360551
160342541
123123014
065046010
235621313
221656204
004110554
612526354
251422564
534204534
553532405
601661260
440422261
516025201
040300255
063122306
013055664
104536503
661241255
653640240
611111453
410614335
265103156
615454642
565030322
606526546
264552123
652003304
630413633
000341515
056532144
402431246
155056342
163050216
641031146
365513125
506321361
303055352
630324334
161126460
556416431
250201213
113222501
232231012
603413301
102015114
646424624
625133552
331561664
140002312
155144402
545525431
333016020
303505615
024645654
022421356
130304640
165351114
366652261
211101232
411610422
113254324
515213034
102341606
222663544
550506662
010326502
521634614
362260640
602054222
010445043
466316362
042215060
412645450
561600023
021440060
016560313
416405164
636653535
464514624
044324544
061456141
060250105
634340466
256034420
126165512
220452334
336531355
223631036
544120015
540230130
534035225
364006502
356062446
216602404
666503353
066066136
205202142
145340664
216245603
200211564
400601225
524046212
646130605
230064141
336210343
226552040
601235535
665525024
320011214
445553264
166113146
615343021
624564030
620164521
661314031
063145051
514160244
560243565
422010436
031105026
254133320
605312545
534521646
600404500
232041565
245032365
326021552
202113211
300514421
631053052
126344130
422165253
226643332
236315330
146122653
355463443
256100124
103416026
221060263
523334240
365023330
011316340
615115046
445436522
332550266
460255223
132065540
164330301
262003553
635266106
241333236
245544253
660354443
453412011
614635520
366636315
501020112
352234203
214342216
564314160
336622526
413433652
353061451
520010151
651112506
340451665
443165500
420140210
306430513
120034456
526262344
561224062
063331023
215664264
025160033
412143006
215435212
363614404
653115121
646116133
143343330
333242460
651022632
311164366
505622052
364535104
122254245
441054302
012463305
535352036
616351060
602025365
346524200
053544563
330466414
660261636
152546516
161632603
200336646
321063536
054536311
346226325
453024243
213331442
040533514
211254463
441301605
036236560
344053432
531112342
606102610
653335030
522512434
001150646
410324656
022624445
434142242
523142131
342513062
216140364
253353224
435526030
412262352
601365124
032500645
303144532
335445022
032314250
452052626
001654510
463650502
005036462
220200622
040154025
326361641
262035350
531143455
633216541
555255366
303533024
221011321
654626563
624440553
403546422
351625233
124625240
502511265
605063664
303112150
641406430
521346621
540041034
051435002
224020606
050112641
225102500
602442062
503655041
000525210
252112363
266506510
522205232
401343461
152164125
145666411
412056453
240023003
055010543
511315226
613404426
350050164
565633011
655252256
230560225
026154505
162262133
244045621
464502556
432354346
144461134
612016445
466133234
010333350
421524211
125320205
365402644
361342665
146336632
431446254
602522231
111564610
122323122
511353364
213156410
034616506
351033363
426541660
245506324
433340632
434565016
152001050
512531141
413530163
322200401
651326004
133425405
463106123
334366303
144041103
654044311
633023110
165045566
054220264
544106403
360600112
264530230
154614453
611004103
625515335
355110432
063033542
515101643
320214036
142224366
332133545
130144113
616644033
552332520
166234522
415662606
024132622
344064613
415136361
141651252
252442145
162302204
662621040
114161055
323603153
023565341
203245516
146610321
336206032
225304333
332601244
605635453
614065363
133301421
434404003
045602660
140416554
451162224
354305516
656306625
352330011
256225542
340204151
012513246
464223543
301610256
321450524
301523143
241664646
356432232
266120533
625244143
630432326
351221156
636514361
264062450
013261263
615100525
524621424
610510404
636612210
156445326
366463216
121305311
160441363
250256550
312221210
566564602
043255215
132161632
240414406
653601464
022310365
332644330
511446546
302024134
554565633
632403123
313556005
315646534
304646110
350416200
660222415
045163450
621106145
404663340
063431666
444036115
532425424
104332210
160146006
105042431
361152016
451303043
415212523
150653040
055206221
632110314
660345150
324144004
153360623
131532115
311126642
210203445
624112213
536324125
052224531
353462166
263312522
015611205
055135510
503130334
661363456
104415655
204461315
620333002
430005461
543002462
365460101
054452551
241124452
034260111
141156611
306136104
510646153
305524312
623235363
253513436
254316101
506033160
064423020
051002165
506401152
223421112
113525050
451241501
552543460
652400660
332305155
130163361
123415531
033325446
104255361
133534631
656055140
404100261
215450135
110263306
655501116
101543205
002442224
155610615
425416410
610550542
004631131
425152155
143132060
266115415
465215401
526352453
423626451
664154510
233344415
146403001
541643513
365641056
442344065
132242026
620026515
565652140
140540126
624462441
551331055
204324662
542154053
655422303
522253600
206053441
414654066
644343652
410042504
460321310
116553422
244455116
516442614
412653212
201304444
535506501
642141401
123451450
024535436
436335665
136222234
252502250
045362212
304062001
234435304
363124225
646152564
512251025
466040421
021453435
013062032
560032533
160523344
014565125
456313155
666610006
430210606
236555551
264200004
025513461
323133466
403041313
410312460
053605103
122123236
105021043
150405545
362336624
503560206
105106254
261402035
051464231
424433560
403625162
414620104
320303413
302163322
212520132
065626232
100410162
214523366
664136441
255623604
243531500
132454101
566246204
522650352
155651561
642606002
432564435
625445200
166056063
544646362
356265006
125363346
664406613
331303225
355064024
331651431
624604255
633466060
510163411
556245135
105500022
111436334
342245541
053503310
300643435
556336116
351240120
242236404
312162531
050246412
030050556
543422514
550464455
224210440
103266343
055041625
406024051
415400356
500116222
344411043
511205005
034556443
033360354
203004025
346000014
161510045
531540303
162540651
661623521
323426234
205305650
246231341
443366561
520505550
005551001
420502613
344145163
602645101
661115262
546656330
625205051
201541010
540362021
220125420
616422351
534533153
642065606
001521434
035606053
416314201
645414015
023352142
622451062
223036314
545013311
526631303
541602134
524302305
402226560
206562621
242260536
320034331
420003024
011636455
313423063
204546635
406160403
606615344
446345353
621644306
535031410
132021324
412311004
245131054
032012521
553504054
406235014
664053325
551243642
001232053
355420550
424005635
001555323
045264604
512414414
560641400
544453250
253254632
642255152
436632136
442103532
114206420
314354131
502532016
223011643
324422610
616536204
050345261
623424565
201165042
212324523
116054034
025050420
454645305
106043354
541364460
021566215
451216464
321232162
310543102
330125264
404210025
636332501
050106034
042441644
343044261
533001306
326566423
432000654
621236026
251360312
410665541
310215124
465556603
516156162
360244242
616621602
644304366
062166102
013514112
265042602
211346114
563105521
354453015
110012056
233562543
161551306
553615555
430624432
642353205
520661566
465562241
342626556
534105341
354441631
041201554
234113634
432656125
256503026
452646041
044361626
045654343
435520222
420151043
010122114
011652021
513113615
511403010
155446033
150013502
000603062
400350111
221264555
112023400
450650316
100020640
432505320
355311423
261453313
622414651
153521365
102622664
554014204
045425153
255465061
500014343
520025336
031063404
660555311
626300534
455142630
020206300
260433501
216461024
436425315
601432414
611103661
400300533
535042123
151506121
043213123
366031464
466362514
334543556
350624514
604213510
234524021
202104566
640246364
030111002
614224045
615610150
352023641
530320043
520042645
533311134
302651503
444010652
204201451
432036601
444464321
045356066
425461623
156565260
535414626
153316065
556005513
663514550
501135121
201203503
311630561
335344651
546060356
433033213
203434461
442621013
652223202
120504164
062343113
201121105
120150432
545201266
502314501
464653454
452015351
236136066
546006545
554603130
311425300
536620460
103231125
510056426
231246346
364150203
103624430
613240122
426164636
653564145
625141614
515262561
236252322
016020322
103204652
230035652
264456405
003346233
260660331
613120031
455124504
200051130
016152233
061525505
563430155
504215102
530531232
225021544
015323141
562256511
605624126
310041340
006034216
156240044
260355062
424206152
452020005
512365323
141500413
636221053
001226216
305431321
644315400
415551332
205260424
555302414
101261031
236563112
161245414
303256136
415325535
466426156
211613106
540354104
000226654
011300200
214600641
035553616
401166065
513630626
511533525
123314602
164211312
160160654
236151256
341466262
651551013
422213254
010416136
006312126
556166640
401312002
643151622
430631364
016240223
232050610
114331562
040540431
126156220
552401336
124550031
130205333
302630442
145361000
041655406
345451404
663230611
306443040
462642235
030621135
346301136
013234400
014653603
560301651
021054653
030166246
633131215
414245031
300045203
536611045
463016035
635155302
056021111
112655143
306016530
626246450
225310014
534650521
154151426
631541542
453661110
320265465
122633055
530102516
254535565
450566301
523410403
360016666
245434140
420243403
106346011
242665434
661002540
403552530
556053634
341350061
340351520
121225553
005230306
036515054
042135333
325612103
136134300
552551512
234602014
063151240
601400341
303210212
034123401
031634262
051542426
405043145
005146541
251463625
355154260
150020235
346604462
251510300
445060234
332364162
561421633
246410244
155163535
405303206
001613624
204632425
206313063
446353610
110220665
510034061
131030033
101153562
303223555
643163313
505340211
235111160
133322362
606120252
641143044
006522065
433403231
662142623
506422243
204166153
466051205
232156523
611660634
255033416
212155301
121606532
333136312
421560004
545435661
134032644
154361242
034365532
514664165
631451556
250632215
014625311
234441220
256010032
420315116
453134526
136400110
354501445
003660661
355526161
261034056
111521223
612415622
310561553
613430544
133103603
363320052
145355455
436440505
150062463
046101425
214611552
103100445
035402363
404335312
303300360
053364016
243066126
332105413
416563645
644442532
006355202
002606411
060646536
526403446
103363412
536363233
225335526
301542551
646433463
521014425
515460462
326313324
454425666
624025123
012030040
501142266
322005044
362454564
526420021
562335412
210362005
036424436
660162342
161356235
666411541
366161335
162514323
406406634
340120501
344316022
266022226
601536650
314363260
165223261
105153223
630543015
445223056
203406202
566045042
150423116
640331401
130233454
136264663
465322063
554340502
654061544
065211146
645100242
153620066
633040004
604006456
446012100
550550253
035243235
652563551
020521103
334056251
413201016
115552554
334220435
035205440
102420220
441526066
642660545
360532266
161362320
530412105
242106655
646041510
252540624
110501436
504460602
661250330
044333045
615005432
050456623
612635263
100564233
645420446
413265620
051334133
622520463
314115235
052004110
053215334
234613265
215006240
233241654
423542354
060204424
431264412
632604616
166462552
220242011
352666605
022143424
643034434
543646225
661024211
145101331
464264206
025215612
526435050
255341132
255665430
421631530
204254214
605254405
641502300
235650046
022022260
264141141
102452515
605011251
626023066
601066511
266201665
420434605
202633630
622046633
330100050
561050601
131145230
523263430
324202226
123062225
140555604
631162163
050362100
023146362
303040626
023601342
562150465
261046443
313233251
122532342
364234650
424355050
112136550
423613000
564321222
535316452
145564562
163404132
251440451
314644223
336241121
052120612
310335434
655416144
326142065
126464204
060410213
244054560
162643446
411602515
421136513
015044154
626450616
141422536
332222602
612246013
046440132
211414520
044430310
101135356
166524016
454331640
413002141
626324412
506454306
026015245
353550321
325656662
110642632
564242432
062061343
256644611
464615133
301464546
031551150
634353144
443616614
524454122
455354553
554122354
101301163
143326103
401202426
441545612
151612142
004154060
023334551
315030255
510655234
366323445
266444355
523216165
405405511
002665226
053446150
113165106
154402024
242223135
204605336
145203625
352255614
131152404
516500456
401414153
124035062
064215356
335555133
440216245
256625154
131626301
450105202
135515211
115066621
566603105
602161004
230222166
504554651
203365265
643202043
560665615
236350103
223253521
644211224
331213011
654143433
312504033
156216252
130600504
455444216
044512345
461443606
150224023
664632334
131644625
115401502
565114233
442521442
562021166
361412423
640611663
461541124
454222400
425504045
016503536
023602524
603352666
405423432
551510416
116413230
241515033
614431001
053526042
433135444
263061234
252626322
102116335
446063523
546532251
613302252
324111561
340622030
462634361
340613346
325333635
004044440
166535443
161023655
244221611
145634102
126431161
504330463
163555165
216316653
665131103
343530332
005364325
663256054
002415430
610144265
532553331
625326320
563366645
311212630
044234032
340445656
041110101
265164310
023506656
445605146
300134663
041603241
515432440
342556313
353266522
250312236
055121463
330652325
345115320
602230164
210055015
335322240
335201515
441252113
226046501
653341356
025404106
446235566
644500135
143000651
626655022
521550136
166252646
623541023
634164454
665035645
060051612
024413262
114234116
110516643
010232546
242446331
120533620
012640115
126511405
564146664
524161100
626561154
131014564
666060562
615232310
526514513
100556414
341633420
305246065
104103016
222062003
311015512
402563166
451106350
235430663
563163046
213551255
432123353
422044542
646265411
062352430
635360510
143644012
200000416
465540315
461263324
655166012
306545466
431330253
416031633
021026031
421615125
456451462
322242505
540023622
523120650
440453142
505026304
520436256
055263162
405651644
456603263
034252665
602316112
546661214
345532626
462365631
000465364
403032264
041325630
343042333
350601001
535561524
436465143
135004355
066660153
253420353
010255451
624360435
325045111
316511416
600633204
204240613
262654015
424051516
620063250
456633201
342432154
233414042
501452620
453450645
650544322
560110540
650465132
116451345
303401433
142014041
463164562
400640054
463410320
555453265
310121026
