023245100
134356211
245460325
356501431
460612540
501023653
612134061
044441104
155552210
266663324
300004430
411115542
522226652
633330066
014450042
125561155
236602266
340013301
451124413
562235520
603346630
002621560
113032600
224143014
335254126
446365235
550406340
661510453
020500410
131611520
242022631
323033042
434244152
505355265
616466305
051001044
162112150
203223260
314334300
425445410
536556521
640660635
006040520
110151630
221262040
332303154
443414261
554525300
665636410
061422254
102533366
213644400
324055514
435166622
546200030
650311141
066543330
100654441
211065550
322106663
433210000
544321112
655432220
026444610
130555020
241666130
352000240
463111350
504222460
011312625
122423030
233534140
344645250
455056360
566160401
600201512
015253233
126364340
230405450
341516565
452620606
563031013
604142120
043463516
154504620
265615032
306026142
410130250
521241360
632352400
043120120
154231230
265342346
306453450
410564560
521605605
632016016
013606232
124010346
235121450
346232560
450343600
561454013
602565120
062366045
103400154
214511260
325622300
436032412
540144520
651255632
025014424
136125536
240236644
351340050
462451160
503562206
614603316
054116222
165220330
206331442
310442556
421553665
532664000
643005111
651103430
142214243
203325351
314436460
305540500
516651611
620062020
023536450
134640563
245051600
356162015
460203125
501314230
612425360
051230310
162341426
203452532
314563640
425604050
536015160
052151210
163262320
204303433
315414540
426525653
530636065
641040100
012146423
123250530
345402050
456513163
560624206
605035310
045324060
156435100
260546213
301650320
412061430
523102540
634213650
001642461
112053500
223164610
334205026
445316130
556420240
660531350
005105660
116216000
220320113
331431223
442542333
563653440
604064550
001134115
110045220
221156330
332260441
443301554
554412660
665523005
000216052
111320161
222431201
333542314
444653422
555064530
666105643
034162435
256314654
360425062
401536100
512640214
623251320
030063260
141104300
252215410
363326523
404430630
515541040
626652155
033024640
144135050
255246160
366350200
400461310
511502420
622613530
050365360
161406400
313621620
424032030
535143141
646254254
035630652
146041062
250152100
361262210
402304320
513415430
624526540
050123020
161234134
202345240
313456350
424560460
535601504
042635340
153046455
264150565
305261600
416302014
520413124
631524234
042515601
153626013
264030121
305131233
416252340
520363450
631404563
064554351
105665460
216006503
320110613
431221026
542332130
653443240
064456630
105560040
216601155
320012260
431123305
542234410
653345520
020331500
131442610
242553021
353664134
464005246
505116354
616220460
054202500
165313612
206424026
310535130
421646240
532050350
643161460
015022110
126133225
230244330
341355440
452466555
563500666
604611003
036411336
140522444
251633550
362044660
403155002
514266110
625300220
112504610
651041323
430650400
445530546
556243552
661362561
