021235105
134356211
245460325
356501435
515162042
501023653
612134061
044441104
566603244
111112541
641333662
034450043
125531156
235602266
300012301
450024066
423346034
002021533
113530605
224143314
415254506
200406345
661510454
022500415
132611522
245322631
353033032
156442162
505355265
616056605
051001044
166162064
203223264
214344143
425445431
526456550
640660635
006040521
201262153
332303152
443414231
554525302
665636361
461421254
102543146
610344400
324055514
431366622
560200030
550311141
066543336
100654441
213065550
322306166
433210003
644321112
655432223
130555023
352000240
463151151
303222645
016312625
122423010
233534110
344645250
566160401
600202512
015253263
466364340
331516565
452620606
043463511
154104626
262615045
306026140
410130250
520241263
032152450
043125426
164265231
410564532
521405602
633013236
013606232
124010332
235121450
346212566
361450013
602565124
025666046
103400154
224511260
321652322
436032412
541143530
651053130
025014424
136225536
240236624
351340052
462450162
563562203
614623306
056615120
206251442
310442556
532664003
241005111
142266343
314436464
300544500
513651610
622062020
105051605
324114013
460203125
501316230
112425351
651230011
253452532
316563641
525604151
516015163
052161216
503133326
604303433
315414342
435155654
330635364
641040100
012146323
102350534
426113163
340624206
235532044
260546212
610061436
423100542
434213650
001625461
110031525
223664665
315205025
440336403
220320313
331461223
443502313
413553443
664064556
001134115
241156336
335260416
445301524
564442660
665523005
000216052
111320361
222332201
363642215
444653422
666105643
534122135
256314604
350122602
512640614
623251325
030063262
143101300
512215432
063325523
404630633
515341015
626652155
023034640
544435055
363350206
400561311
551512426
050365364
161406400
113640124
635143441
646254254
035640652
146041062
250156104
406304020
633415416
624526540
161234534
202345656
233126051
153046455
264110565
362231400
414602034
522413104
631524234
042516611
156626413
264030121
305131233
120363456
636404563
064554352
265006503
320110633
411241006
542332356
650443245
060456636
105560060
216601353
441123365
542224415
655245310
036333501
131442311
242553021
355664130
464035246
505116354
026220464
054202501
165313612
206424026
501244246
532050324
643161464
015022110
156525225
232244335
341355445
452466555
553501661
604611003
136431130
140622444
251633553
362044622
406165202
554266116
545530546
525206222
