016656123
120060234
231101345
342212456
453323560
564434601
605545012
002200016
113311120
224422231
335533342
446644453
550055564
661166605
023444160
134555201
245666312
356000423
460111534
501222645
612333056
026460622
130501033
241612144
352023255
463134366
504245400
615356511
053026421
164130532
205241643
316352054
420463165
531504206
642615310
036442111
140553222
251664333
362005444
403116555
514220666
625331000
043442206
154553310
265664421
306005532
410116643
521220054
632331165
066264206
100305310
211416421
322520532
433631643
544042054
655153165
043206110
154310221
265421332
306532443
410643554
521054665
632165006
052042444
163153555
204264666
315305000
426416111
530520222
641631333
000645246
111056350
222160461
333201502
444312613
555423024
666534135
045065514
156106625
260210036
301321140
412432251
523543362
634654403
036154443
140265554
251306665
362410006
403521110
514632221
625043332
044600315
155011426
266122530
300233641
411344052
522455163
633566204
050223053
161334164
202445205
313556316
424660420
535001531
646112642
041151100
152262211
263303322
304414433
415525544
526636655
630040066
026623162
130034203
241145314
352256425
463360536
504401640
615512051
060215320
101326431
212430542
323541653
434652064
545063105
656104216
066514512
100625623
211036034
322140145
433251256
544362360
655403401
064151041
105262152
216303263
320414304
431525415
542636526
653040630
064115463
105226504
216330615
320441026
431552130
542663241
653004352
142660550
253001661
364112002
405223113
516334224
620445335
050231442
161342553
202453664
313564005
424605116
535016220
646120331
012032313
123143424
234254535
345365646
456406050
560510161
601621202
004133444
115244555
226355666
330466000
441500111
552611222
663022333
063252445
104363556
215404660
326515001
430626112
541030223
652141334
051343266
162454300
203565411
314606522
425010633
536121044
640232155
024463010
135504121
246615232
350026343
461130454
502241565
613352606
065356030
106460141
210501252
321612363
432023404
543134515
654245626
033236661
144340002
255451113
366562224
400603335
511014446
622125550
006163332
110204443
221315554
332426665
443530006
554641110
665052221
010543065
121654106
232065210
343106321
454210432
565321543
606432654
013342332
124453443
235564554
346605665
450016006
561120110
602231221
005130021
116241132
220352243
331463354
442504465
553615506
664026610
014131613
125242024
236353135
340464246
451505350
562616461
603020502
062542031
103653142
214064253
325105364
436216405
540320516
651431620
063124504
104235615
215346026
326450130
430561241
541602352
652013463
035341522
146452633
250563044
361604155
402015266
513126300
624230411
041302125
152413236
263524340
304635451
415046562
526150603
630261014
045333354
156444465
260555506
301666610
412000021
523111132
634222243
035662261
146003302
250114413
361225524
402336635
513440046
624551150
050100151
161211262
202322303
313433414
424544525
535655636
646066040
025654652
136065063
240106104
351210215
462321326
503432430
614543541
064525240
105636351
216040462
320151503
431262614
542303025
653414136
001001253
112112364
223223405
334334516
445445620
556556031
660660142
055566255
166600366
200011400
311122511
422233622
533344033
644455144
021636522
132040633
243151044
354262155
465303266
506414300
610525411
053650326
164061430
205102541
316213652
420324063
531435104
642546215
043531441
154642552
265053663
306164004
410205115
521316226
632420330
024614131
135025242
246136353
350240464
461351505
502462616
613503020
031620633
142031044
253142155
364253266
405364300
516405411
620516522
032210460
143321501
254432612
365543023
406654134
510065245
621106356
026251355
130362466
241403500
352514611
463625022
504036133
615140244
065013545
106124656
210235060
321346101
432450212
543561323
654602434
011633224
122044335
233155446
344266550
455300661
566411002
600522113
001062520
112103631
223214042
334325153
445436264
556540305
660651416
041410665
152521006
263632110
304043221
415154332
526265443
630306554
013521414
124632525
235043636
346154040
450265151
561306262
602410303
000562351
111603462
222014503
333125614
444236025
555340136
666451240
000301124
111412235
222523346
333634450
444045561
555156602
666260013
031222452
142333563
253444604
364555015
405666126
516000230
620111341
052360240
163401351
204512462
315623503
426034614
530145025
641256136
012423520
123534631
234645042
345056153
456160264
560201305
601312416
056425416
160536520
201640631
312051042
423162153
534203264
645314305
000150512
111261623
222302034
333413145
444524256
555635360
666046401
063335214
104446325
215550436
326661540
430002651
541113062
652224103
006561245
110602356
221013460
332124501
443235612
554346023
665450134
013410150
124521261
235632302
346043413
450154524
561265635
602306046
024012214
135123325
246234436
350345540
461456651
502560062
613601103
020244516
131355620
242466031
353500142
464611253
505022364
616133405
053511034
164622145
205033256
316144360
420255401
531366512
642400623
054256152
165360263
206401304
310512415
421623526
532034630
643145041
001455334
112566445
223600556
334011660
445122001
556233112
660344223
025262630
136303041
240414152
351525263
462636304
503040415
614151526
046526452
150630563
261041604
302152015
413263126
524304230
635415341
036345235
140456346
251560450
362601561
403012602
514123013
625234124
014065302
125106413
236210524
340321635
451432046
562543150
603654261
025621023
136032134
240143245
351254356
462365460
503406501
614510612
023310316
134421420
245532531
356643642
460054053
501165164
612206205
040633636
151044040
262155151
303266262
414300303
525411414
636522525
040665053
151006164
262110205
303221316
414332420
525443531
636554642
041060346
152101450
263212561
304323602
415434013
526545124
630656235
032304653
143415064
254526105
365630216
406041320
510152431
621263542
015524301
126635412
230046523
341150634
452261045
563302156
604413260
006215062
110326103
221430214
332541325
443652436
554063540
665104651
025461266
136502300
240613411
351024522
462135633
503246044
614350155
033463453
144504564
255615605
366026016
400130120
511241231
622352342
050146310
161250421
202361532
313402643
424513054
535624165
646035206
063243252
104354363
215465404
326506515
430610626
541021030
652132141
033630205
144041316
255152420
366263531
400304642
511415053
622526164
015232143
126343254
230454365
341565406
452606510
563010621
604121032
012363111
123404222
234515333
345626444
456030555
560141666
601252000
066620401
100031512
211142623
322253034
433364145
544405256
655516360
023102250
134213361
245324402
356435513
460546624
501650035
612061146
031105401
142216512
253320623
364431034
405542145
516653256
620064360
020311425
131422536
242533640
353644051
464055162
505166203
616200314
064340620
105451031
216562142
320603253
431014364
542125405
653236516
001660564
112001605
223112016
334223120
445334231
556445342
660556453
052312626
163423030
204534141
315645252
426056363
530160404
641201515
060402212
101513323
212624434
323035545
434146656
545250060
656361101
042654210
153065321
264106432
305210543
416321654
520432065
631543106
010502620
121613031
232024142
343135253
454246364
565350405
606461516
045644466
156055500
260166611
301200022
412311133
523422244
634533355
061303642
102414053
213525164
324636205
435040316
546151420
650262531
011535325
122646436
233050540
344161651
455202062
566313103
600424214
036661036
140002140
251113251
362224362
403335403
514446514
625550625
046053615
150164026
261205130
302316241
413420352
524531463
635642504
052403133
163514244
204625355
315036466
426140500
530251611
641362022
060465131
101506242
212610353
323021463
434132505
545243616
656354020
041664634
152005045
263116156
304220260
415331301
526442412
630553523
004142635
115253046
226364150
330405261
441516302
552620413
663031524
020153034
131264145
242305256
353416360
464520401
505631512
616042623
061265412
102306523
213410634
324521045
435632156
546043260
650154301
050214254
161325365
202436406
313540510
424651621
535062032
646103143
066551164
100662205
211003316
322114420
433225531
544336642
655440053
000164435
111205546
222316650
333420061
444531102
555642213
666053324
035433006
146544110
250655221
361066332
402100443
513211554
624322665
043556535
154660646
265001050
306112161
410223202
521334313
632445424
052205304
163316415
204420526
315531630
426642041
530053152
641164263
051222360
162333401
203444512
314555623
425666034
536000145
640111256
021512641
132623052
243034163
354145204
465256315
506360426
610401530
012226642
123330053
234441164
345552205
456663316
560004420
601115536
010250604
121361015
232402126
343513230
454624341
565035452
606146563
025424445
136535556
240646660
351050001
462161112
503202223
614313334
022421601
133532012
244643123
355054234
466165345
500206456
611310560
035102055
146213166
250324200
361435311
402546422
513650533
624061644
036165520
140206631
251310042
362421153
403532264
514643305
625054416
054561521
165602632
206013043
310124154
421235265
532346306
643450410
055155533
166266644
200300055
311411166
422522200
533633311
644044422
003220125
114331236
225442340
336553451
440664562
551005603
662116014
044326126
155430230
266541341
300652452
411063563
522104604
633215015
044462424
155503535
266614646
300025050
411136161
522240202
633351313
062113556
103224660
214335001
325446112
436550223
540661334
651002445
044046243
155150354
266261465
300302506
411413610
522524021
633635132
055120462
166211503
200342614
311453025
422564136
533605240
644016351
051533402
162644513
203055624
314166035
425200146
536311250
640422361
002254454
113365565
224406606
335510010
446621121
550032232
661143343
033006003
144110114
255221225
366332336
400443440
511554551
622665662
035214102
146325213
250436324
361540435
402651546
513062650
624103061
051601611
162012022
203123133
314234244
425345355
536456466
640560500
031316355
142420466
253531500
364642611
405053022
516164133
620205244
063645303
104056414
215160525
326201636
430312040
541423151
652534262
036066151
140100262
251211303
362322414
403433525
514544636
625655040
026056035
130160146
241201250
352312361
463423402
504534533
615645624
055362003
166403114
200514225
311625336
422036440
533140551
644251662
000326545
111430656
222541060
333652101
444063212
555104323
666215434
054663335
165004446
206115550
310226661
421330002
532441113
643552224
024542103
135653214
246064325
350105436
461216540
502320651
613431062
044253016
155364120
266405231
300516342
411620453
522031564
633142605
064403625
105514036
216625140
320036251
431140362
542251403
653362514
012204005
123315116
234426220
345530331
456641442
560052553
601163664
050022105
161133216
202244320
313355431
424466542
535500653
646611064
034502432
145613543
256024654
360135065
401246106
512350210
623461321
062124115
103235226
214346330
325450441
436561552
540602663
651013004
042045632
153156043
264260154
305301265
416412306
520523410
631634521
046224523
150335634
261446045
302550156
413661260
524002301
635113412
024455505
135566616
246600020
350011131
461122242
502233353
613344464
054132566
165243600
206354011
310465122
421506233
532610344
643021455
010412501
121523612
232634023
343045134
454156245
565260356
606301460
050030014
161141125
202252236
313363340
424404451
535515562
646626603
046311540
150422651
261533062
302644103
413055214
524166325
635200436
035201363
146312404
250423515
361534626
402645030
513056141
624160252
045203434
156314545
260425656
301536060
412640101
523051212
634162323
043400032
154515143
265622254
306033365
410144406
521255510
632366621
030634540
141045651
252156062
363260103
404301214
515412325
626523436
012105562
123216603
234320014
345431125
456542236
560653340
601064451
054166456
165200560
206311601
310422012
421533123
532644234
643055345
054304012
165415123
206526234
310630345
421041456
532152560
643263601
056113000
160224111
201335222
312446333
423550444
534661555
645002666
060023225
101134336
212245440
323356551
434460662
545501003
656612114
003555400
114666511
225000622
336111033
440222144
551333255
662444366
022235156
133346260
244450301
355561412
466602523
500013634
611124045
014516266
125620300
236031411
340142522
451253633
562364044
603405155
005404536
116515640
220626051
331030162
442141203
553252314
664363425
034310604
145421015
256532126
360643230
401054341
512165452
623206563
024500026
135611130
246022241
350133352
461244463
502355504
613466615
043104646
154215050
265326161
306430202
410541313
521652424
632063535
061124436
102235540
213346651
324450062
435561103
546602214
650013325
022000350
133111461
244222502
355333613
466444024
500555135
611666246
026003506
130114610
241225021
352336132
463440243
504551354
615662465
013121221
124232332
235343443
346454554
450565665
561606006
602010110
000056061
111160102
222201213
333312324
444423435
555534546
666645650
055345451
166456562
200560603
311601014
422012125
533123236
644234340
033116242
144220353
255331464
366442505
400553616
511664020
622005131
031131664
142242005
253353116
364464220
405505331
516616442
620020553
016130045
120241156
231352260
342463301
453504412
564615523
605026634
014205551
125316662
236420003
340531114
451642225
562053336
603164440
000314233
111425344
222536455
333640566
444051600
555162011
666203122
005641154
116052265
220163306
331204410
442315521
553426632
664530043
032252321
143363432
254404543
365515654
406626065
510030106
621141210
006236213
110340324
221451435
332562546
443603650
554014061
665125102
020220331
131331442
242442553
353553664
464664005
505005116
616116220
042111311
153222422
264333533
305444644
416555055
520666166
631000200
031652515
142063626
253104030
364215141
405326252
516430363
620541404
052431554
163542665
204653006
315064110
426105221
530216332
641320443
063060065
104101106
215212210
326323321
430434432
541545543
652656654
026122304
130233415
241344526
352455630
463566041
504600152
615011263
051444221
162555332
203666443
314000554
425111665
536222006
640333110
046523663
150634004
261045115
302156226
413260330
524301441
635412552
050301346
161412450
202523561
313634602
424045013
535156124
646260235
003411613
114522024
225633135
336044246
440155350
551266461
662300502
055064641
166105052
200216163
311320204
422431315
533542426
644653530
046304361
150415402
261526513
302630624
413041035
524152146
635263250
011624016
122035120
233146231
344250342
455361453
566402564
600513605
013006344
124110455
235521566
346332600
450443011
561554122
602665233
041446430
152550541
263661652
304002063
415113104
526224215
630335326
022035436
133146542
244250650
355361061
466402100
500513216
611624324
045216041
156320152
260431263
301542304
412653415
523064526
634105630
006530660
110641001
221052112
332163223
443204334
554315445
665426556
006543214
110654325
221065436
332106540
443210651
554321062
665432103
045030400
156141511
260252622
301363033
412404144
523515255
634626366
042134122
153245233
264356344
305460455
416501566
520612600
631023011
000616404
111020515
222131626
333242030
444353141
555464252
666505363
044230534
155341645
266452056
300563160
411604201
522015312
633126423
030015143
141126254
252230365
363341406
404452510
515563621
626604032
014451360
125562401
236603512
340014623
451125034
562236145
603340256
050456203
161560314
202601425
313012536
424123640
535234051
646345162
045225236
156336340
260440451
301551562
412662603
523003014
634114125
005112346
116223450
220334561
331445602
442556013
553660124
664001235
030400525
141511636
252622040
363033151
404144262
515255303
626366414
004014050
115125161
226236202
330340313
441451424
552562535
663603646
005452363
116563404
220604515
331015626
442126030
553230141
664341252
013522553
124633664
235044005
346155116
450266220
561300331
602411442
010004136
121115240
232226351
343330462
454441503
565552614
606663025
040351202
151462313
262503424
303614535
414025646
525136050
636240161
006243501
110354612
221465023
332506134
443610245
554021356
665132460
005603060
116014101
220125212
331236323
442340434
553451545
664562656
025505202
136616313
240020424
351131535
462242646
503353050
614464161
060631655
101042066
212153100
323264211
434305322
545416433
656520544
001426102
112530213
223641324
334052435
445163546
556204650
660315061
036555064
140666105
251000216
362111320
403222431
514333542
625444653
030424342
141535453
252646564
363050605
404161016
515202120
626313231
