240510611
355345344
552460113
454046520
160455630
643042155
501003335
055011066
410061122
533666653
513050533
242351433
014406265
654532052
242120340
644623216
036244314
454243114
662531425
460430036
205656355
500263013
600205246
246665055
255003612
606211432
443541236
564144326
151504246
561125144
451352331
416104540
440132423
141335244
540615442
214216333
544212556
425334464
315540141
314552300
312410506
512444252
141055020
462111656
032162015
233635553
106032005
311666040
316003620
625652411
316254655
104320156
455236655
144260452
134011236
114355612
134603322
235126445
002053036
330532003
263424600
032663563
626233115
462401100
423422046
033312613
561016250
265321406
323035600
032541213
604455034
642612426
403421524
043020402
110033135
326646246
233125636
633262335
054660022
313632322
065555452
650525655
220516052
533224211
014121530
642534643
056014635
262500362
663365503
012542661
135130101
153211660
300362054
263615246
042016203
164561461
050151355
424130106
112606366
241141526
114443511
456254415
150635421
550131606
612566220
202464050
325261302
505544520
634110620
031401611
502201540
466202020
511621350
441113416
036641452
230553400
063643164
025236134
100612300
414366434
006463653
132443650
141513350
546315141
056300406
232306261
522406063
211512214
110604211
411515140
041046106
340025145
612151136
446360042
224322531
241240202
532636433
522320516
342654621
363334146
623051101
442302451
103250000
243612161
323660315
411230345
222030221
420653631
554236043
254162616
421620643
565465254
321404354
123443243
452240333
652135254
102035623
046163061
555634532
346405223
631154241
250604360
505366130
026322604
342311415
000620423
126205566
166611634
034022152
110050303
431663151
402530555
510226341
533345066
000243321
536413562
361313500
445241420
222536160
541310535
563523413
344546454
615623465
543550444
030636120
243136243
524563221
064004661
314101314
315022413
501500564
505145605
061264120
005610363
564355545
316356543
321555242
504642544
134426012
164666524
444513501
366225631
026100351
061543032
400234250
224351165
232403514
042252444
320446325
203544104
335034506
462665064
532662200
434256310
361405452
556214320
223114356
002301322
243212605
265156031
125112666
325501230
556156001
224504402
141442445
116360551
120342541
123223014
065046010
235621313
221656204
004110554
612526354
251422564
534204534
553532405
601661260
440422261
516025201
040300255
063142306
013056664
104536503
661241255
653640240
611111453
410614335
265103156
615454642
565030322
606526546
264552123
652003304
330413633
000341515
056532144
402431246
155056342
163050216
641031146
365513125
506321361
303055352
630321634
161126460
556416431
250201213
113222501
232231012
603413301
103015114
646424424
625163552
331561664
240002312
155144402
545525431
333011020
303505615
024645654
022421356
130504640
165351114
366652261
211101232
411620422
113254324
515213034
102341606
222663144
550506662
010326502
521634614
362260640
602054222
010445043
466316362
042215060
412645450
561600023
021440060
016560313
616405164
636653535
464514644
044324544
061456141
060250105
634640466
250034423
126165512
220452334
336531355
223631036
544120015
540230130
534033225
364006502
336062442
216602404
666503353
066066136
205202142
145340664
216245603
200211564
400601225
524046212
646130605
230064141
336210343
226552040
601235535
665525024
321011214
445553264
136113146
655343021
624564030
620164524
661312031
063145051
514160244
560243565
422016436
031105026
254133320
605312545
534521646
600404500
232041565
245032365
326021552
202113211
300514421
631053052
126344130
422165253
226643332
236315330
146122653
355463443
556100124
103416026
521060363
523534240
365023330
011316340
615115046
445436522
332550266
660255223
132465540
164330301
262013553
635266106
241433236
225544253
660354443
453512011
614635520
166636315
501020112
352234203
214342236
564314110
336622523
413433652
353061451
520010151
651112506
300451660
241165500
420140210
306430513
120034446
521262344
561224062
066301013
215664264
025160033
412133006
215435212
363614404
653115121
646116133
143343335
333242460
651022632
311164366
505622052
364535104
122254265
441054302
512463305
535352035
616351560
602025365
346524200
053544563
330460414
660261636
152546511
161632603
200336646
323063536
054536611
346226325
453024243
213330442
040533514
211254463
441301605
036231560
344053432
531012332
606102610
653334030
522512634
001150646
410324656
022624445
434142242
523142131
342513062
216140364
053353224
435526030
512262352
601365124
032500645
303144532
335445022
032314250
452052626
001654510
463650502
005036462
220200622
040554025
326361641
262235351
531143455
633216541
555255366
303533024
261011321
654626563
624440553
403546422
351625233
124625240
502511265
605063664
303112150
641406430
521346621
540041034
051435002
224020606
050112641
225102500
602442062
503655041
000525210
252112363
266506510
522205232
401343461
152104125
143666416
402056453
240123003
055010543
511315226
613404426
350050164
465633011
655252256
230560225
026154505
162262133
244045621
464502556
432354346
144461134
612016445
466133234
010333350
421524111
125320205
365402644
311342665
146336632
431446254
602522231
111564610
422323122
511353364
213152410
034616505
351033363
426541660
244506324
433340632
434565016
156001050
512531141
413530163
322200401
651326004
133425405
463106123
334366303
154041103
654040311
633023110
165045566
054220264
544106403
360600112
264530230
154614453
611004103
625515335
355110434
063033542
515101643
320214033
142224306
332133545
130144113
606644033
552332520
166234522
415662606
024132622
344064613
415136361
141641252
252442145
162302204
662621040
114161055
323303153
023565341
203245516
146610321
336206032
225304333
332600244
605635451
414065363
133301421
434404003
065602660
140416554
451162224
354305516
656306625
352330011
256225542
340204151
012513246
464523543
301600256
121650524
301523143
241664646
356432232
266120533
625244143
630332326
351221156
636514361
264062450
013261263
615100525
324621424
610510404
656616210
156445326
366463216
121305311
160441363
250256550
212221210
566566602
043255215
132161632
240414406
653601464
022310365
232644330
511446546
302024134
554565633
602403123
313556005
315646534
304646140
350416200
660222415
045163450
621106145
404163340
063431666
444036115
532455424
104332210
164146006
105042431
361152016
451303043
435212523
150653040
055206221
662110314
660345150
324144004
153360623
131532115
311126642
210243445
624112213
536324125
052224531
353462166
263312522
015611205
055135510
503130334
661363456
104415655
204461315
520633002
430005461
523005462
365460501
053452551
241124452
034260111
141156611
306136104
510646153
305524312
643235363
203513436
254316101
506033160
064423526
351002165
506401152
223421112
113525050
451241501
552543460
652400660
312315155
130163361
123111531
003325446
104255361
133534631
656055140
404100261
215450135
110263226
655501116
101543205
005442224
155610615
425416410
210550542
004631131
425122155
143132060
256115415
465215401
526352453
623626451
664154512
233344415
144403001
541643513
365641056
442344065
132242026
120026535
565652140
140540126
624462141
551331055
204324662
542154053
655422303
522253600
206053441
414654066
644343652
410042504
460321310
116553422
244455116
516342614
412653412
201354444
535506500
342141461
123451450
024535436
436335665
136222234
252502250
045362212
304062001
234435304
363124225
646152564
512251025
466040421
021453435
013062032
560032533
260523344
014565125
456313156
666610006
431210606
236555551
264200004
025513461
323133466
403041313
410312460
053605103
122123236
105021043
150405545
362336624
533560206
105106254
261402035
011464331
424433530
403625162
414620104
320303410
302163320
112520132
065626232
100410162
214523366
664136441
253623604
243531500
132454101
566246204
022650352
155651561
642636002
452564435
625445200
166056063
544441362
356265006
125363346
664406613
331303225
355064024
331651431
624604055
633466060
510161411
556245135
105300022
111436334
342245541
053503350
300643435
556336116
351340120
242036404
312162531
050246412
030050556
543422514
550464455
224210440
103266343
055041625
406124051
415400356
500116222
344411043
111205005
034556443
033360354
203004024
346000014
161510045
531540303
162540251
661623521
323426234
205305650
246231341
243366561
520505550
005551001
420502613
344145163
602645101
661115262
546656330
625200051
201541010
540362021
220425421
316422351
534533153
642065606
031521434
035606053
416314203
645414015
023652142
622451032
223036314
545013311
526631303
541602134
524302305
402226560
206562621
232260536
326034331
420003024
011636455
313123063
254546635
406660403
606615344
446345353
621644306
535031410
132021324
412311044
245131054
032012521
553504054
406235014
664053325
551243642
001232053
355420550
424005634
001555323
045264604
512414414
560641400
544453253
253254632
642255152
436632136
442103532
114206420
314354131
502532016
223011643
324422610
626536202
050345261
623424565
201165042
612324523
116054536
025650420
454645305
106043354
541364460
021566215
451216464
321232162
310543102
330125264
404210025
636332501
050106034
042441644
343044261
533001306
326566423
432000154
621236026
251360312
410665541
310215124
465556603
516156162
360244242
616621602
644304366
062166102
013514112
265042602
241346114
563005521
354453015
110012056
233562543
161551306
553615555
430624402
642353205
520661566
465562241
342626556
534105341
354241631
041201554
244153634
436656165
256503026
452646041
044361626
045654343
435520422
420151043
010122114
011652021
513113615
511403010
155446033
150013502
000603062
403350111
225264555
112063400
450650316
601020640
432505320
355311223
261453313
622414651
451521365
102622664
554014204
045425153
255465061
500014343
520025336
031063404
660555311
626300234
455142630
020206300
260433501
216461024
436425315
601432414
611103661
400300533
535042123
111506151
043213123
366031464
466362514
334543526
350624514
604213560
234524021
202104566
640246364
630111002
614224045
615610150
352023641
530320043
520042645
533311134
302651503
443010662
214201451
432036601
444464321
045356166
425461623
156565260
535416626
150316065
556005313
563514550
501135121
204203503
311630561
335344651
546060356
430033213
203444461
242625013
643223202
120504164
362343113
201121105
120150432
545201266
502314504
464653454
452015351
236136066
546006545
554623130
321425300
536620460
103231125
510056426
231206346
364150203
143624430
613240122
426164636
653264145
625141614
505222561
236252322
016424322
101204652
230035652
264456405
003346233
260660331
613120031
465124504
000051130
016152233
061525505
563430155
504215102
630531232
225521544
015323141
562256511
605644126
310041340
006034216
156240044
260355062
424206152
452020005
522365323
141500413
636221053
401226216
305431321
644315400
415521332
213260424
555302414
101261031
236563112
161245414
303256136
415325535
466426156
211613106
540354104
002226654
011500200
214600641
035553616
401166665
512630626
511533525
123314602
164211312
160160654
536151256
341466262
651554013
422213254
010416136
006312126
552166640
401312002
643151625
430631364
026240223
232050610
114331564
030540431
126156220
552402336
124550011
130205333
302630442
145361000
041655406
345451504
663230611
306443040
462612235
033621635
346301136
013234400
014653603
560301651
021054653
030166245
633131215
414245031
300045203
536611045
463016035
635455302
256021111
112655143
206016530
626246450
225310014
534650521
154151426
631541542
453661110
320265465
122633055
540102516
252535565
450566301
523410403
360016666
245434140
420243403
106346011
342665434
661004540
403552530
556053634
341350065
340351520
121225553
005230306
036513054
042135303
325612123
136134300
553551512
234602010
063151240
631400041
303210212
034123401
031634262
051542426
405043145
005146541
251463625
355154260
150020231
346604462
255515600
445060230
332364162
561421633
246410244
155163535
405303206
001613624
204632425
206313063
446353610
110220665
510034061
131030033
101153562
303223555
643163313
505640211
235111160
133322362
306120652
641143044
006520065
433403231
666142623
506422243
204166153
466051205
232056523
611662634
055233416
212355301
121606532
333134312
421530004
541435661
134032644
150361242
034365532
504664165
601451556
050632215
014625311
234441220
256010032
420315116
450134526
136400110
354501445
003660661
355526161
261034056
151521223
612515622
310561553
613430544
133103603
363320052
145352455
436440505
150062463
046101425
214611552
103100445
036402363
404335322
303300360
053364016
243066126
332105413
416563635
644412531
006355202
002606411
060646536
526403446
103333412
536363233
225335526
301542551
646433463
521014425
515460462
426313324
454425666
624025123
012030040
541142266
322005046
362454564
525420021
562335412
210360005
036424436
660162342
161356235
466411541
566161535
162414323
406406634
300120501
314316022
266022226
601536650
314363160
165223261
105153223
630543015
345223056
203406202
566045042
150423116
040331401
130233454
136264663
665322063
554340502
654061244
065211146
345100242
153620066
633040004
654006456
446012100
550550253
035243235
652563551
020521103
334056251
413201016
115552554
334220435
035205440
102420220
441526066
642660545
160532266
161362320
530412105
242106655
646041510
252540024
110501436
604460602
661250330
044333045
615005432
010456623
614632263
100564233
645420446
413145620
051334153
622520463
314115235
042000110
053215334
234613265
214006240
233241654
423542354
060204424
431264512
632604616
164462052
220242011
352666605
022143424
643034435
543646220
661024214
145101332
464264205
025215612
536435050
255341132
215655430
461631530
204254214
605254405
641502301
235650046
022022260
264101111
102452515
605011251
626023066
601066511
262201665
420434605
202633630
322046633
330100050
561350601
131145230
523263430
324202226
123062225
106555604
631162163
050462000
023146362
303040626
423601342
562150465
261046443
313333241
122532342
364134650
424355050
112136550
423613000
564321222
535316452
145564562
163404132
251440451
314644223
336241121
052120612
310335433
655416144
326102065
126464204
060413213
244053560
162643446
411602515
421136513
015044154
626450216
141522536
332222402
612546013
046440132
211414520
044430310
105135356
166524026
456331640
413002141
626324412
506454306
026015245
353550321
325656662
110642652
564242432
062061343
256644611
464615133
304464546
031551150
634353144
443616614
524454122
455354553
554124354
101301163
143326103
401202436
441545612
151612142
004156160
023334554
315030255
510655234
366323445
266444355
523216165
405405511
002665226
053446100
113165106
154402024
242223135
204605336
145203625
352255614
131152404
516500456
401414153
124035062
064315356
335255133
440216245
156625154
131626301
450104202
135515211
115066621
566603305
642161004
230222166
504551651
203365265
643202043
560665615
236350103
223253521
644211224
331213011
654143433
312504033
156246252
530600504
455444216
044512345
461443606
150224023
664632334
131644625
115401502
565114233
442521442
562021166
361412423
640611663
461541124
454222400
425504045
016503531
023602524
603352666
405423432
554510446
116413260
242515033
614431001
053526042
433135444
263061234
252626322
102116335
446063523
546532251
613302252
324111563
340622030
462624361
340613346
325333635
004044440
166535443
161023655
444221611
145633102
126431161
504330463
163555165
216316654
665131133
341530332
005364325
663256054
002415430
610144265
532553331
625326320
063306645
311212630
044234032
340442656
041110101
265164310
023506656
445605146
000134663
041603241
514432440
342556310
353266522
250312236
055121463
330655325
345115320
602230164
410055015
335322240
335201515
441252113
226046501
653341356
025404106
446215536
644500135
143000651
626655022
521550136
166252646
623541023
634134454
665035645
060051602
024413202
114234116
110513643
010233546
242446331
121533620
012640115
126511405
564146664
521161100
626561154
131014564
666060562
615232310
526514513
100556414
341633420
305246065
104103016
222062003
311015512
402563166
451106350
235430663
563163046
213551255
432123353
422044542
616265411
362352430
635360510
143644012
200060416
465540315
465263324
655166012
306545466
461330253
416031633
021026031
221635125
456451462
622242525
540023622
523120650
400453142
525026304
520436256
055263162
405651644
426603263
034252665
602316112
546661214
345532626
462365631
000465364
403032265
041325630
343032333
350601001
535161524
431465143
135004255
366664151
253420353
010255451
024360425
325045111
316516616
600633204
104240613
262654015
424051516
620063250
456633201
342432154
233414042
501422626
453450645
650544322
560110540
650465130
116451345
303401433
142014041
463164462
400640054
463410320
555433265
