240510611
355345344
552460113
454046520
160455630
643042555
501003335
455011366
410061122
533066653
513250533
242351633
014406265
654532052
242120340
641623216
036244314
454243414
662531425
460430036
205656355
550263013
600205246
246665055
452003612
606211432
443541236
564144326
151504246
561125144
451352331
416104540
440132423
140335244
550615442
214216333
544212056
425334464
315540041
314552300
312410506
512444252
141055020
462111656
032162015
133631553
106032005
321666050
316103620
625652411
316254655
104320156
555236655
144260452
134011236
114355612
134603322
235126445
052053036
330532003
263424600
032663563
626233115
462405100
423422046
033312613
561016250
265321406
323035600
032541213
604455034
642612426
403421524
043020402
110033135
326646246
233125636
633262335
054660022
313632322
065554452
650525655
220516052
533224211
014121530
642534643
056514635
262503362
663365503
012542661
135130151
151211660
300362254
263615246
042016203
164561461
050151355
424131146
112606366
241141526
114443511
456204415
150635421
550131606
642566220
202464050
325261302
505514520
634110620
031421611
543301540
466202020
511621350
441113416
036641452
230553400
063643164
025236134
120612300
414366434
006463653
132443650
141513350
543315341
056300406
232306261
522406063
211512214
110604211
411515140
001046106
340025145
612151136
446360042
224322531
241240202
532236433
522320516
342654621
363334146
623051101
442302451
103250060
243622161
323660315
411230345
222030221
420653631
554536043
254162616
421620643
565465254
321404354
123443243
452243333
652135254
102035623
046164061
555634532
346405223
631154241
250604360
505366130
026322604
342311415
060620423
126200566
166611634
034022152
110050303
431663151
402530555
510226341
533345066
000243321
536413562
361313500
445241420
222536160
541310535
563523413
344546454
615623465
543550444
030636120
243136243
524563221
064004661
314101314
315022413
501500564
505145505
021264120
405610363
564354545
316356543
321555242
504642544
134426012
164666524
444513501
366225631
026100351
061543032
400234250
224351165
232403514
002252444
320446125
203544104
335034506
461665064
532662200
434256310
461405452
552214320
223114356
002001332
203212605
265156031
125112666
325501230
556152001
224504402
141462445
116360551
160342541
123223014
065046010
225621313
221656204
004110554
612526354
251422564
534204534
553562405
601661260
440422261
516025201
040300255
063122306
013056664
104532503
661241255
653640240
611111453
433114335
265103156
615454642
565030322
606526546
264552123
652003304
330413633
000341515
056532144
402431246
155056342
143050216
641031146
365513125
506321361
303055352
620324334
161126460
556416431
250201213
113222501
232231062
603413301
105015114
646424624
625133552
331561664
140002312
155144402
545525431
333011020
363505615
024645654
022421356
130304640
165351114
366652261
211101232
411410422
113154324
515213034
102341606
222663144
550506662
010326502
521634614
362260640
604054222
010445043
466316362
042215060
413645450
561600023
021440060
016560313
616405164
636653535
454514644
044324544
061456141
066250105
634640166
254034423
126165512
220452334
336531355
223631036
544120015
540230130
534035225
364006502
336062446
216602004
666503353
066065136
205202142
145340664
216245603
200211564
400601225
524046212
646130605
230064141
336210343
226512040
601235535
665525024
350011214
445553264
126113146
655343021
624564030
620164521
661314031
063145051
514160244
560243565
422010336
031105026
254133320
605312545
534521646
600404500
232041565
245032305
326021552
202113211
300514421
631053052
126344130
423165253
226643352
236315350
146122653
355463443
556100124
103416026
521060263
523534240
365023330
001316340
615115046
445436522
332550266
460255223
132065540
164330301
262013553
635266106
241433236
235544253
660354443
453512011
614635520
166636315
501020112
352234203
214340216
564314110
536622523
413433652
353061451
520610151
651112506
302451665
441165500
420140210
306430513
120034446
621262344
561224062
066331013
215664264
025160033
412136006
215435212
363614404
653115121
646156133
143343335
333242460
651022632
311164366
505622052
364535114
122254265
441054302
012463305
535352034
616351060
602025365
346524200
053544563
330460414
660266636
152546516
161634603
200336646
321063536
154536611
146226325
253024243
213331442
040533514
211254463
441301605
036231560
344053432
531112332
600102610
653435030
522512634
001150646
410324656
022624445
434142242
513142131
342513062
216140364
053353224
435526030
412262352
601365124
032500645
303144532
335445022
032314250
452052626
001651510
463650502
005036462
220220622
040554025
326361641
562235350
531143455
633216541
555655366
303533024
261011321
654626563
624440553
403546422
351625233
124625240
502511265
605063664
303112650
641406430
521346621
540041034
051435002
224020606
050112641
225102500
602442062
503655041
000525210
252112363
266506520
522205232
411343461
152164125
135666416
402056453
240123003
055010543
511315226
613404426
350050164
465633011
655252256
230560525
026154505
162262133
244245601
464502556
432354346
144461134
612016445
466133234
010333350
421524111
125320205
365402644
311342645
146336632
431446254
602522231
111564610
422323122
511353364
213155410
034616506
351033363
426541660
245502324
433340632
234565016
156001050
512531141
413530163
322200401
651326004
133425405
463106123
334366303
144041103
654040311
633023110
165045566
054220264
544106403
360601112
264530230
154614453
611004103
625515335
355110434
063033542
515101643
320214036
142224306
332133545
130144113
206644033
552332520
166234522
415662606
024132622
344364613
415136361
141651252
252442145
162302204
662621040
114161055
323003253
023565341
203245516
146610321
336206032
225304333
332601244
605635453
414065363
133301421
434404003
065602660
140416554
451162224
354305516
656306625
352330011
256225542
340204151
012513246
464223543
301600256
121450524
301523143
241664646
356432232
266120533
525244143
630332326
351221156
636512361
264062450
013261263
615100525
324621426
610510404
636616210
156445326
366463216
121305311
160441363
250256550
312221210
566564602
043255215
132161632
240414406
653601464
022310365
132644330
511446546
302004134
554565633
602403123
320556305
315646534
304646110
350416200
660222415
045163450
621106145
404663340
063431466
444036115
532425424
104332210
160146006
105042431
361152016
451303143
415212523
150653040
055406221
662110314
660345150
324144004
153330623
131532115
311126642
210423445
624112213
536324125
052224531
353462166
263312522
015611205
055135510
503130334
661363456
104415655
204461315
525333002
430005461
523062462
365460121
055452551
241124452
034260111
141156611
306136104
210646153
305524312
623234363
233513436
254316101
506033160
064423526
051002165
506401112
223421112
113525050
451241501
552543460
652400660
362305155
130163361
123415530
003325446
104255361
233534631
656055140
404100261
215450135
610263226
655501116
101543205
005442224
355610615
425416410
210550542
004631131
425152155
143132060
266115415
465215401
526352453
423626451
664154512
233346415
142403001
541643513
365641056
442344065
134242026
120026515
565652140
540540126
624462141
551331055
204324662
542154053
655422303
522253606
206053441
414654066
644343652
410042504
460321310
116553422
244455116
516442614
412653212
201304444
535506501
652141461
123451440
024535436
436335665
136222234
252302250
045362212
304063001
234435304
363124225
646152564
512251025
466040421
021453435
013062035
560032533
160523344
014565125
456313155
666610006
430210601
236555551
264200004
035513461
323143466
403041313
410312460
053605103
122123236
105021043
110405545
362336624
513560206
105106254
261402035
011464231
424433560
403625162
414620104
320303410
302162322
112500130
065626232
100410162
214523366
664136441
255623604
243531500
132454101
566246204
522650352
155651561
640606002
432564435
625445200
166056063
544641362
346265006
125363346
664406613
331333225
355064024
331651431
624604255
633466360
510161411
556245135
102300022
111436334
342245541
053503310
300643435
556336116
351340120
242236404
212162531
050246412
030050556
543422514
550464455
224210440
103266343
055041625
406024051
415400356
500116222
344411043
151205005
034556443
033360354
203004025
346000014
161510045
531540303
162540251
611623521
323426234
205305650
246231341
443366561
520505550
005551001
420502613
344145163
602645101
661115262
546656330
625205051
201541010
540362021
220125420
316422351
534533153
642065606
001521434
035606053
416314405
645414015
023352142
622451032
253036314
545013311
526631303
541602131
514302305
402226560
206562621
232260536
326034331
420003024
011636455
313423063
204546635
406160403
606615344
446345353
621644306
535031410
132021324
412311544
245131054
032012521
553504054
406235014
664053325
551243642
001232053
356420550
414005634
001555323
045264604
112414414
560641400
544453250
253254632
642255152
436632136
442103532
114206420
314354131
502532016
223001643
324422610
616536202
050345261
523424565
201165042
612324523
116044536
025050420
454645305
106043354
541364460
021566215
451216464
321232162
314543102
330125264
404210025
636332501
050106034
042441644
343044261
533001306
326566423
435000154
621236026
251360312
410665541
310215124
665556603
516156162
360244242
616621602
644304366
062166102
013514112
265042602
241346114
563005521
354453015
110012056
233662543
161551306
553615555
430624422
642353205
520661566
465662241
342626556
534105341
354441531
041201554
244113634
432656165
256503026
452646041
044361626
045654343
455520222
420151043
010122114
011652021
513113615
511403010
155446033
150013502
000403062
403350111
225264555
112023400
450650316
600020643
432505320
355311223
261453313
622414651
453521365
102622664
554014404
045425153
255465061
500014343
522025336
031063404
660555311
666300234
455142630
020266300
260433501
216461024
436425315
601432414
611103661
400300533
535042123
111506151
043213123
366031464
466362514
334243526
350624514
604213510
234524021
202104566
640246364
030111002
614224045
615610150
352023641
530320043
520042645
533311134
302651503
444010662
204201451
432036601
444464321
045356166
425461625
156565260
535414626
150316065
556005313
663514550
501134121
201203503
311630561
335344651
546060356
430033213
203434461
442625003
653223202
120504164
362343113
201121105
120150432
545201266
502314501
464653454
452015351
236136066
546006545
554623130
301425300
536620460
103231125
510056426
231206346
364150203
103624430
613240122
426164636
653564145
625141614
505222561
236252322
016024322
103204652
230035652
264456435
003346233
260660331
613120031
465124604
200051130
016152233
061525505
563430155
501215102
530531232
225221544
015323141
562256511
605624126
310041340
006034216
156240044
260355062
424206152
452020005
512365323
141500413
636221053
101226216
305431321
644315401
415561332
203260424
555102414
101261031
236563112
161245414
333256136
415325535
466426156
211613106
540354004
000226054
011500200
214600641
035553616
401166665
512630626
511533525
123314602
164211312
160160654
536151256
341466262
651554013
422213254
010416136
006342126
556166640
401312002
643151622
430631354
026240223
232050610
114331564
030540431
126156220
552402336
124550011
130205333
302630442
145361000
011655406
343451404
663230611
306443340
463642255
030621635
346301136
013234400
014653603
560301651
021054653
030166246
633431215
414245031
300045203
536611045
563016035
635155362
056021111
112655143
206016530
656246450
225310014
534650521
154151426
631541542
453661110
220265465
122633050
520102516
254535565
450566301
523410403
360016666
245434140
420243403
116346011
242665434
661002540
403552530
556053634
341350063
340351520
121225553
045240306
036513054
042130335
325612103
136134300
552551512
234602010
063151240
601400041
303210212
044123401
031634262
051542426
405043145
005146541
251463625
355154260
150020235
346604462
451510300
445060230
332364162
551421633
246410244
155163535
405303206
001613624
204632425
206313063
446353610
110220665
510034061
131030033
101153562
303223555
643163313
505640211
235111160
133322360
606123252
641143044
006520065
433403231
662142623
502422243
204166153
466051205
232156523
611660634
255233416
212355301
123606532
335136312
421530014
541435661
134032644
150361242
034365532
504664165
631451556
250632215
014625311
234441220
256010032
420315116
453130526
136400110
354501042
003660661
355526161
261034056
111521223
612515622
310561553
613430544
133103603
363320052
145355455
436440505
150062463
046101425
214611552
103100445
036402363
401335322
303300360
053364016
243066126
332105413
416563645
645412532
006355202
002606411
060644536
526403446
103363412
536363233
225335526
301542551
646433463
521014425
515460462
326313324
454425666
624025123
012030040
501142266
322005044
362454564
526420021
562335412
310360005
036424436
660162342
161356235
466411541
566161335
162514323
406406634
300120501
514316022
266022226
601536650
314363160
165223261
105653223
630543015
445223056
203406202
566045042
150423116
040331401
130233454
136264663
465322063
554340502
654061544
065211146
345100242
153620066
633040004
654006456
446012100
550550253
035243235
652563551
020521103
334056251
413201016
115522154
334220435
035205440
102420220
441526266
642660545
160532666
161362320
530412105
242106655
646041510
252545624
150501436
604460602
661250330
054333045
615005462
010456623
612632263
100564233
645420446
413265620
051334136
622520463
314115235
042004110
053215334
234613265
215006240
233241654
423542354
060204424
431264512
632603616
166462052
220242011
353666605
022143524
643034434
543646225
261024214
145101331
464264206
025215612
536135050
255341132
251655440
461631530
204254214
605254405
641502301
235650046
022022260
266141111
102452515
605011251
626023066
601066511
266201665
420434605
202633630
322046333
330100050
561050601
131145230
523263430
324202226
123062225
156555604
631162163
050162100
023146362
303040626
423601342
562150465
261046443
311233241
122532342
354134650
424355050
112136550
413613000
564321222
535316452
145564562
163404132
251440451
314644223
336261121
052120612
310335433
655416144
326102065
126464204
060410213
244054560
162243446
411602515
421136513
015044154
626450616
144522536
332222602
613246013
046440132
211414520
044430310
101135356
166524016
554331640
413002141
626324412
506454306
026015245
353552321
325656662
110642632
564242432
062061343
256644611
464615133
304464546
031551150
634353144
443616614
525454122
455354553
554122354
101301163
143326103
401202436
441545612
151612142
004156000
023334551
315030255
510155234
366323445
266444355
523216165
405405511
002665226
353446150
113165106
154402024
242223135
204605336
145203625
352255614
131152404
516500455
401414153
124035062
064315356
335555133
440216245
156625154
131626301
450105202
135515213
115066621
566603100
602161004
230222166
504554651
203365265
643202043
560665615
236350103
223253521
644211224
331213051
654143433
312504023
156216252
130600504
455444216
044512345
561443606
150224023
664632334
131644625
115401502
565114233
442522442
562021166
361413423
640611663
461541124
454222400
425504045
013503531
023602524
603352666
405423432
554510416
116413230
241515033
614431001
053526042
433135444
263061234
252626321
102116335
446063523
546532251
613302252
324111561
340622030
462624361
340613346
325333635
004044440
166535443
161023655
444221611
245633102
126431161
503330466
663552165
216316654
665131103
341530332
005324325
663256054
002415430
610144265
532553331
625326320
063366645
611242630
044234032
340442656
041110101
265164310
023506656
445605146
000134663
041603241
516432440
342526313
353266522
250312236
153121463
330655125
345115320
602230164
212055015
335322240
355201535
441252113
206066501
653341356
025444106
446215534
644500135
143000651
626655022
521550136
166252646
623541023
635164454
665035645
060051612
024411202
114234116
110516643
010232546
242446331
120533620
012640115
126511405
534346664
524161100
626561154
131014564
666060562
615232310
526514513
100556414
341633420
305246065
104103016
222062003
311015512
402563156
451126350
235430663
563163046
213551255
432123353
422044542
646265411
362352430
635360510
143644012
200000416
465540315
465263324
655166012
306545466
461330253
416031633
421026031
421635125
456451462
622242505
540023622
523120650
440453142
505026304
520436256
055263162
405651644
426603263
034252665
602316112
546661214
345535626
462365631
000465364
463032264
041325630
343012333
350601001
535161523
436465543
135004355
666664156
203420353
012255451
624360465
325045111
316516616
600633204
104240613
262634015
424051516
620063250
456633201
342432154
232414042
501452620
453450645
650444322
560110540
650465132
