016656123
120060234
231101345
342212456
453323560
564434601
605545012
002200616
113311020
224422131
335533242
446644353
550055464
661166505
023444160
134555201
245666312
356000423
460111534
501222645
612333056
026460622
130501033
241612144
352023255
463134366
504245400
615356511
053026411
164130522
205241633
316352044
420463155
531504266
642615300
036142112
140253223
251364334
362405445
403516556
514620660
625031001
043442200
154553311
265664422
306005533
410116644
521220055
632331166
066264206
100305310
211416421
322520532
433631643
544042054
655153165
043206110
154310221
265421332
306532443
410643554
521054665
632165006
052042444
163153555
204264666
315305000
426416111
530520222
641631333
000645246
111056050
222160461
333201502
444312613
555423024
666534135
045065514
156106625
260210036
301321140
412432251
523543362
634654403
036154343
140265454
251306565
362410606
403521010
514632121
625043232
044600315
155011426
266122530
300233641
411344052
522455163
633566204
050223053
161334164
202445205
313556316
424660420
535001531
646112642
021151100
132262211
243303322
354414433
465525544
506636655
610040066
026623162
130034203
241145314
352256425
463360536
504401640
615512051
060214320
101325431
212436542
323540653
434651064
545062105
656103216
066514512
100625623
211036034
322140145
433251256
544362360
655403401
064151041
105262152
216303263
320414304
431525415
542636526
653040630
064115463
105226504
216330615
320441026
431552130
542663241
653004352
031556446
142660550
253001661
364112002
405223113
516334224
620445335
050231430
161342541
202453652
313564063
424605104
535016215
646120326
032032313
143143424
254254535
365365646
406406050
510510161
621621202
004133444
115244555
226355666
330466000
441500111
552611222
663022333
063232445
104343556
215454660
326565001
430606112
541010223
652121334
051343266
162454300
203565411
314606522
425010633
536121044
640232155
024463010
135504121
246615232
350026343
461130454
502241565
613352606
065356030
106460141
210501252
321612363
432023404
543134515
654245626
033236661
144340002
255451113
366562224
400603335
511014446
622125550
006163332
110204443
221615554
332426665
443530006
554641110
665052221
010543065
121654106
232065210
343106321
454210432
565321543
606432654
013342332
124453443
235564554
346605665
450016006
561120110
602231221
005030021
116141132
220252243
331363354
442404465
553515506
664626610
014131603
125242014
236353125
340464236
451505340
562616451
603020562
062542031
103653142
214064253
325105364
436216405
540320516
651431620
063424504
104535615
215646026
326050130
430161241
541202352
652313463
035341522
146452633
250563044
361604155
402015266
513126300
624230411
041302135
152413246
263524350
304635461
415046502
526150613
630261024
045333350
156444461
260555502
301666613
412000024
523111135
634222246
035612261
146023302
250134413
361245524
402356635
513460046
624501150
050100151
161211262
202322303
313433414
424544525
535655636
646066040
025654652
136065063
240106104
351210215
462321326
503432430
614543541
062525240
103636351
214040462
325151503
436262614
540303025
651414136
001001253
112112364
223223405
334334516
445445620
556556031
660660142
055536255
166640366
200051400
311162511
422203622
533314033
644425144
021646532
132050643
243161054
354202165
465313206
506424310
610535421
063430326
104541430
215252541
326063652
430104063
541315104
652226215
043531441
154642552
265053663
306164004
410205115
521316226
632420330
044614131
155025242
266136353
300240464
411351505
522462616
633503020
031624633
142035044
253146155
364250266
405361300
516402411
620513522
032510460
143621501
254032612
365143023
406254134
510365245
621406356
026251355
130362466
241403500
352514611
463625022
504036133
615140244
065013565
106124606
210235010
321346121
432450232
543561343
654602454
011613224
122024335
233135446
344246550
455350661
566461002
600502113
001062520
112103631
223214042
334325153
445436264
556540305
660651416
041440665
152551006
263662110
304003221
415114332
526225443
630336554
014521414
125632525
236043636
340154040
451265151
562306262
603410303
000562351
111603462
222014503
333125614
444236025
555340136
666451240
000303144
111414255
222525366
333636400
444040511
555151622
666262033
036022452
140133563
251244604
362355015
403466126
514500230
625611341
052360240
163401351
204512462
315623503
426034614
530145025
641256136
012422520
123533631
234644042
345055153
456166264
560200305
601311416
056425426
160536530
201640641
312051052
423162163
534203204
645314315
000150512
111261623
222302034
333413145
444524256
555635360
666046401
063335214
104446325
215550436
326661540
430002651
541113062
652224103
006561245
110602356
221013460
332124501
443235612
554346023
665450134
015410150
126521261
230632302
341043413
452154524
563265635
604306046
024012214
135123325
246234436
350345540
461456651
502560062
613601103
020244516
131355620
242466031
353500142
464611253
505022364
616133405
053511034
164622145
205033256
316144360
420255401
531366512
642400623
054256152
165360263
206401304
310512415
421623526
532034630
643145041
001455344
112566455
223600566
334011600
445122011
556233122
660344233
025262630
136303041
240414152
351525263
462636304
503040415
614151526
150630163
261041204
102152315
413263426
524304530
635415641
036345235
140456346
251560450
362601561
403012602
514123013
625234124
014065302
125106413
236210524
340321635
451432046
562543150
603654261
025321023
136432134
240543245
351654356
462065460
503106501
614210612
026310316
130421420
241532531
352643642
463054053
504165164
615206205
040633636
151044040
262155151
303266262
414300303
525411414
636522525
043665053
154006164
265110205
306221316
410332420
521443531
632554642
041060346
152101450
263212561
304323602
415434013
526545124
630656235
032304653
143415064
254526105
365630216
406041320
510152431
621263542
015524301
126635412
230046523
341150634
452261045
563302156
604413260
006215062
110326103
221430214
332541325
443652436
554063540
665104651
025461266
136502300
240613411
351024522
462135633
503246044
614350155
033463453
144504564
255615605
366026016
400130120
511241231
622352342
050146310
161250421
202361532
313402643
424513054
535624165
646035206
063243256
104354360
215465401
326506512
430610623
541021034
652132145
033630205
144041316
255152420
366263531
400304642
511415053
622526164
015232143
126343254
230454365
341565406
452606510
563010621
604121032
012363111
123404222
234515333
345626444
456030555
560141666
601252000
066620001
100031112
211142223
322253334
433364445
544405556
655516660
023152250
134263361
245304402
156115513
560526624
501630035
612041146
031601401
142012512
253123623
364234034
516456256
620560360
020311425
131422536
242533640
353644051
464055162
505166203
616200314
062346620
105450031
216561142
320602253
431013364
542124405
653235516
001660564
112001605
223112016
334223120
445334231
556445342
660556453
052312626
163423030
204534141
315645252
426056363
530160404
641201515
060402212
101513323
212624434
323035545
434146656
545250060
656361101
042654210
153065321
264106432
305210543
416321654
520432065
631543106
010502620
121613031
232024142
343135253
454246364
565350405
606461516
045644466
156055500
260166611
301200022
412311133
523422244
634533355
061303642
102414053
213525164
324636205
435040316
546151420
650262531
041535325
152646436
263050540
304161651
415202062
526313103
630424214
036661036
140002140
251113251
362224362
403335403
514446514
625550625
046053615
150164026
261205130
302316241
413420352
524531463
635642504
052403133
163514244
204625355
315036466
426140500
530251611
641362022
060465131
101506242
212610353
323021464
434132505
545243616
656354020
046564634
150605045
261016156
302120260
413231301
524342412
635453523
004142635
115253046
226364150
330405261
441516302
552620413
663031524
030153034
141264145
252305256
363416360
404520401
515631512
626042623
011265412
122306523
233410634
344521045
455632156
566043260
600154301
050214264
161325305
202436416
313540520
424651631
535062042
646103153
066551164
100662205
211003316
322114420
433225531
544336642
655440053
000164455
111205566
222316600
333420011
444531122
555642233
666053344
035433006
146544110
250655221
361066332
402100443
513211554
624322665
043556535
154660646
265001050
306112161
410223202
521334313
632445424
052205304
163316415
204420526
315531630
426642041
530053152
641164263
051222360
162333401
203444512
314555623
425666034
536000145
640111256
021512641
132623052
243034163
354145204
465256315
506360426
610401530
012226642
123330053
234441164
345552205
456663316
560004420
601115531
010250604
121361015
232402126
343513230
454624341
565035452
606146563
025424445
136535556
240646660
351050001
462161112
503202223
614313334
022421601
133532012
244643123
355054234
466165345
500206456
611310560
035102055
146213166
250324200
361435311
402546422
513650533
624061644
036165520
140206631
251310042
362421153
403532264
514643305
625054416
054561563
165602604
206013015
310124126
421235230
532346341
643450452
055155533
166266644
200300055
311411166
422522200
533633311
644044422
003220125
114331236
225442340
336553451
440664562
551005603
662116014
044326126
155430230
266541341
300652452
411063563
522104604
633215015
044462424
155503535
266614646
300025050
411136161
522240202
633351313
032113556
143224660
254335001
365446112
406550223
510661334
621002445
044046243
155150354
266261465
300302506
411413610
522524021
633635132
055120462
166231503
200342614
311453025
422564136
533605240
644016351
051533402
162644513
203055624
314166035
425200146
536311250
640422361
002254454
113365565
224406606
335510010
446621121
550032232
661143343
033006003
144110114
255221225
366332336
400443440
511554551
622665662
035214102
146325213
250436324
361540435
402651546
513062650
624103061
051603611
162014022
203125133
314236244
425340355
536451466
640562500
031316355
142420466
253531500
364642611
405053022
516164133
620205244
063645303
104056414
215160525
326201636
430312040
541423151
652534262
036066151
140100262
251211303
362322414
403433525
514544636
625655040
020016035
131120146
242231250
353342361
464453402
505564513
616605624
055362503
166403614
200514025
311625136
422036240
533140351
644251462
000326545
111430656
222541060
333652101
444063212
555104323
666215434
054663235
165004346
421330602
532441013
643552124
024540103
135651214
246062325
350103436
461214540
502325651
613436062
044252016
155363120
266404231
300515342
411626453
522030564
633141605
064503625
105614036
216025140
320136251
431240362
542351403
653462514
012234005
123345116
234456220
345560331
456601442
560012553
601123664
000022605
111133016
222244120
333355231
444466342
555500453
666611564
034502532
145613643
256024054
360135165
401246206
512350310
623461421
062124615
103235026
214346130
325450241
436561352
540602463
651013504
042041632
153152043
264263154
305304265
416415306
520526410
631630521
041224523
152335634
263446045
304550156
415661260
526002301
630113412
024455005
135566116
246600220
350011331
461122442
502233553
613344664
050132566
161243600
202354011
313465122
424506233
535610344
646021455
010415501
121526612
232630023
343041134
454152245
565263356
606304460
050030014
161141125
202252236
313363340
424404451
535515562
646626603
044311540
155422651
266533062
300644103
411055214
522166325
633200436
035201363
146312404
250423515
361534626
402645030
513056141
624160252
015203434
126314545
230425656
341536060
452640101
563051212
604162323
042400032
153511143
264622254
305033365
416144406
520255510
631366621
030634540
141045651
252156062
363260103
404301214
515412325
626523436
012105562
123216603
234320014
345431125
456542236
560653340
601064451
053166406
164200510
205311621
316422032
420533143
531644254
642055365
054304012
165415123
206526234
310630345
421041456
532152560
643263601
056113000
160224111
201335222
312446333
423550444
534661555
645002666
060023226
101134330
212245441
323356552
434460663
545501004
656612115
013555400
124666511
235000622
346111033
450222144
561333255
602444366
022235156
133346260
244450301
355561412
466602523
500013634
611124045
014516266
125620300
236031411
340142522
451253633
562364044
603405155
005404536
116515640
220620051
331030162
442141203
553252314
664363425
034314664
145425005
256536116
360640220
401051331
512162442
623203553
024500026
135611130
246022241
350133352
461244463
502355504
613466615
043304646
154415050
265526161
306630202
410041313
521152424
632263535
061121436
102232540
213343651
324454062
435565103
546606214
650010325
062000350
103111461
214222502
325333613
436444024
540555135
651666246
022003506
133114610
244225021
355336132
466440243
500551354
611662465
013121221
124232332
235343443
346454554
450565665
561606006
602010110
000056561
111160602
222201013
333312124
444423235
555534346
666645450
055345451
166456562
200560603
311601014
422012125
533123236
644234340
033116242
144220353
255331464
366442505
420553616
511664020
622005131
031131264
142242305
253353416
364464520
405505631
516616042
620020153
046130045
150241156
261352260
302463301
413504412
524615523
635026634
014205251
125316362
236420403
340531514
431642625
562053036
603164140
000310233
111421344
222532455
333643566
444054600
555165011
666206122
005641154
116052265
220163306
331204410
442315521
553426632
664530043
012252321
123363432
234404543
345515654
456626065
560030106
601141210
006236213
110340324
221451435
332562546
443603650
554014061
665125102
020220331
131331442
242442553
353553664
464664005
505005116
616116220
042111315
153222426
264333530
305444641
416555052
520666163
631000204
031654515
142065626
253106030
364210141
405321252
516432363
620543404
052431554
163542665
204653006
315064110
426105221
530216332
641320443
063060065
104101106
215212210
326323321
430434432
541545543
652656654
026122304
130233415
241344526
352455630
463566041
504600152
615011263
052444221
163555332
204666443
315000554
426111665
530222006
641333110
044523663
155634004
266045115
300156226
411260330
522301441
633412552
050301346
161412450
202523561
313634602
424045013
535156124
646260235
063411613
104522024
215633135
326044246
430155350
541266461
652300502
055064641
166105052
200216163
311320204
422431315
533542426
644653530
046304361
150415402
261526513
302630624
413041035
524152146
635263250
001624016
112035120
223146231
334250342
445361453
556402564
660513605
013606344
124010455
235121566
346232600
450343011
561454122
602565233
041446430
152550541
263661652
304002063
415113104
526224215
630335326
002035435
113146546
224250650
335361061
446402102
550513213
661624324
045216041
156320152
260431263
301542304
412653415
523064526
634105630
006530660
110641001
221052112
332163223
443204334
554315445
665426556
042543214
153654325
264065436
305106540
416210651
520321062
631432103
045030400
156141511
260252622
301363033
412404144
523515255
634626366
042134122
153245233
264356344
305460455
416501566
520612600
631023011
000616404
111020515
222131626
333242030
444353141
555464252
666505363
044230534
155341645
266452056
300563160
411604201
522015312
633126423
030015143
141126254
252230365
363341406
404452510
515563621
626604032
014451360
125562401
236603512
340014623
451125034
562236145
603340256
050456203
161560314
202601425
313012536
424123640
535234051
646345162
045225236
156336340
260440451
301551562
412662603
523003014
634114125
005112346
116223450
220334561
331445602
442556013
553660124
664001235
030400525
141511636
252622040
363033151
404144262
515255303
626366414
004544050
115655161
226066202
330100313
441211424
552322535
663433646
005452563
116563604
220604015
331015126
442126230
553230341
664341452
013522553
124633664
235044005
346155116
450266220
561300331
602411442
010054136
121165240
232206351
343310462
454421503
565532614
606643025
040331602
151442013
262553124
303664235
414005346
525116450
636220561
006243001
110354112
221465223
332506334
443610445
554021556
665132660
005603060
116014101
220125212
331236323
442340434
553451545
664562656
025505202
136616313
240020424
351131535
462242646
503353050
614464161
060631055
101042166
212153200
323264311
434305422
545416533
656520644
001436102
112540213
223651324
334062435
445103546
556214650
660325061
031505011
142616122
253020233
364131344
405242455
516353566
620464600
030423342
141534453
252645564
363056605
404160016
515201120
626312231
042263064
153304105
264415216
305526320
416630431
520041542
631152653
020046654
131150065
242261106
353302210
464413321
505524432
616635543
041350251
152461362
263502403
304613514
415024625
526135036
630246140
023653021
134064132
245105243
356216354
460320465
501431506
612542610
