144365435
313545215
526614140
021305066
360402554
616602521
026321255
560140646
131244634
125442516
225164243
000501043
642513301
504624045
310226434
532311320
410511614
455526442
655623162
362316034
533321632
421131234
254301200
061423551
505514616
266260153
660321400
051216525
355401252
031232302
063000464
525540334
561344016
141410050
250635002
356321102
253511146
343110523
662644263
545632406
650111033
624312424
631510206
045065302
565255651
161041351
333244341
054621621
264264224
120523211
620604604
244353404
556413425
024535226
151032404
453203551
560026324
214443636
504236140
066445503
553066502
301356306
060504210
621105611
231454511
466534456
632256256
133140104
302321210
650530251
336013014
301146450
462353635
652560465
106304552
500133311
341055363
125344642
550303223
610634065
161250142
322311163
164452041
531664053
146112552
622442652
004512403
051643343
213301131
001636651
142216443
150322520
552053056
306122114
101306211
051500633
511060336
464605533
613663221
521345200
235433261
623121051
661065112
661600514
360303115
456166464
660462633
450440561
030605441
531404202
205335655
513113441
314260456
064154300
616444433
352261566
504332022
311026105
634040145
435103214
152245605
266312305
116645054
433124345
125566105
065121534
116052612
124122443
120641613
240251564
343516250
405141313
211202614
415630455
524031666
405150656
541621246
105251260
242112046
433214544
553311154
324652231
442124053
115562316
545454420
245414331
536455033
140210624
230543500
206001416
564310504
252506662
233335333
002015151
456562553
003200200
463003222
466243315
446212360
045041033
225632362
145452603
613345006
102444226
642450346
315410626
260114145
403604301
320546360
401434044
146101625
031110043
225101004
263031506
200142505
036350226
431023052
220406161
221023260
430001430
640133243
515430310
114334321
602503016
212423153
334546043
563456101
260433412
023554162
632431423
132624360
342620251
204525513
101160002
233050442
116246501
034402230
306603661
615463012
006620424
040425326
412363463
052003504
330223642
163001643
256425652
353103003
366241660
501655604
620365345
503440053
564101520
666313046
303511065
540326001
434051344
341263061
413046510
424514231
536224452
314002102
335364462
211224112
225225540
512245033
306634000
323406436
416320460
223232100
242505211
014314243
605005124
411515365
004443113
653154543
000231531
355030263
455115660
235326616
123360631
502030605
535545544
322565652
642206431
462454414
455661320
153500325
065300122
226462600
462136542
103535164
124343333
132230311
040666543
164116623
246016165
354412313
222143532
063546625
302235465
421640135
636113511
661046562
050610215
400105403
561663642
225034154
551332133
263631041
533046461
152001265
134512660
053260042
454654612
512041162
426024512
065336236
234460333
211652626
436626631
136111203
460041125
050022021
111335610
013101246
603313125
362421026
440101466
116140343
464420352
025056426
604120334
641144405
001562325
350624356
061236163
531302365
643220245
263116211
645341224
262256200
160050560
216512234
426464123
455253034
264126032
565603351
544413160
636202650
042533146
420435546
664541603
523202241
201401663
334030536
522646242
564431444
064141142
542462565
265446460
302455543
152433436
630622566
265500450
231300144
321164501
634401512
015445221
010221206
614046651
433240424
536461550
261015606
041033614
645316120
332450132
156065450
143403106
254136116
540456254
163264425
634066520
020064461
351610446
566054134
302054624
100414342
042234020
311106526
005553332
401566561
501015520
113125563
142532551
124063116
100266156
445360043
556436241
666522201
303042131
430244162
524204032
051331411
066234644
220135424
113630603
311532412
513414664
655230444
465632224
243431215
666351554
002142461
013456232
404062034
220510044
666555141
313651254
014366161
664615350
115106445
252644130
133025624
205412102
604526122
046402002
621535455
600016504
645000660
002415316
253152265
044146064
165164056
601114264
140155020
043342660
056612104
162100233
436412015
145561462
245663210
154350213
245023524
555156510
214344052
626263663
246540616
603222626
012350650
443554326
451425433
155653423
325216641
232262521
510215052
664306566
336640304
152425140
665052413
423366400
444202155
634250460
621266045
631341526
066115354
132356131
444664411
254541331
600256613
330661101
644611016
121221316
346553525
154404364
462060420
006156443
534203126
413452361
112066564
144523654
432322440
525211225
601345640
413353102
512333234
524405342
236145102
215311536
405343503
300003326
422412530
524222104
530500060
326056233
011124031
144641232
350453653
224255645
146034422
634025001
066222562
235220023
303310351
541604330
663564305
562161433
146005131
315354515
224636255
465166630
546301353
152362061
352605432
643304423
220004340
553254005
421553643
543030030
114613531
560531562
332136055
351042245
603405451
516126250
245236242
662601342
040441655
156536535
612035502
115343164
500460240
301263436
352233350
461456266
036063333
031506054
255262344
430560212
511354344
425506253
321153312
346664136
032151545
325015556
046232111
600312230
261355431
202044355
360263503
341305245
450324651
464361002
142161354
000662202
003135602
115001354
355540600
416530620
446652546
566552010
501161660
642120100
463325030
204451530
612552605
302546102
344444261
120026602
523423040
355114240
534121465
334320014
606365505
505553061
253661663
033353051
210062645
046060446
651130015
455551501
335125303
363340143
450606045
656144326
256314623
324524416
052566250
133441362
242642463
630351263
160143150
415065240
430032156
653461122
411162116
313633366
366356421
504341555
552524541
324133563
355153151
521310452
263356045
421320524
203536320
114651446
534516651
014245011
134102006
502025332
231415004
406040402
230554666
541240556
363331304
421522013
401351542
402026411
016505155
000111626
504461011
454135353
435513154
653044252
521465414
103626252
141354166
410444320
400416036
446400644
422504565
055363025
001241166
053305513
111522141
000325054
636541235
654410540
121260264
121451435
235052320
214000323
522335643
602201664
320612422
504422366
151531642
406210615
144055256
133663430
543622121
042216204
411366254
661253210
544052514
321232636
425146022
001054225
524516015
206020341
026646565
310641042
200313363
553242363
644231550
600452406
366325264
361534241
252130401
141422534
322115325
043623605
054004455
441206602
232651014
035140612
333064235
403221143
551523064
111203543
260660361
200645334
212104106
146363000
635304356
410050032
511511153
462105624
010333340
056123430
040550430
366264012
611654103
424044060
030035063
036611412
011665420
135214553
066056052
614214135
551016216
052364203
602656160
065651640
216660262
264213013
652625216
605161401
623056311
660024615
351252222
015152536
235014605
625450531
101413605
462034001
022166331
443433063
453102132
521556020
665522055
230162010
345306654
012261312
341646213
556000566
502061223
512610025
164213252
616232032
540236415
450013535
311250504
022654506
634610622
362365340
611642010
161513026
113312462
342251606
042665015
406231212
534300431
413021066
403462213
130305300
216614451
056253145
656226006
321025421
556545436
341234153
124564550
210653050
064563422
426203100
232164434
323165134
624026244
632463644
023441443
023044524
115600036
026333464
053246314
202604244
653360556
443543632
263555522
461421104
333551130
016033526
514632260
145136066
623435262
456343151
314620543
415425514
102611122
322461241
645215561
310134110
250340654
323520454
626443004
262525166
025424136
340421511
460542342
513532631
222306314
306405330
642255012
366633235
112204630
442235134
553441206
663112024
055342531
504616624
660200025
522663305
543615535
051651036
234125220
650043040
665226223
624432305
131465243
350045611
204056153
503203434
251602111
532152662
323213213
104003241
645466051
014462652
134134132
335500521
364165065
501142212
130161534
060542124
535206562
101342354
404521050
325624205
501360115
340345550
122156044
334533111
431134421
535361246
330166223
623146533
143016332
126452324
352110614
250104522
331411631
506515343
565433123
666211321
242121412
246554051
100653515
206530433
346562640
402540064
035521653
251116300
404453251
513526426
133053163
561012032
063363616
205244051
236565256
624631433
315015415
463012150
142404513
514252421
152040512
216436363
431663314
612336041
133666346
654564013
515053203
403025205
626300010
106654641
630014221
662205303
546125506
401364333
243323256
053632410
264640000
523565003
436105540
544536356
442043426
123601155
353425365
555461635
164530645
654265100
065244435
233426203
616003230
616131156
025112110
402031360
403455120
545006341
432655521
401400410
126445661
256035143
010066000
342222035
245265026
232621503
026010001
223310220
122034210
452061114
566634313
605032546
130150255
013025133
430630343
404431625
450550123
142262216
110336205
212133665
565142006
100031445
641032023
624550002
140525206
453334606
450622603
003551221
445241646
012513023
415231003
360330332
101152521
132021456
363062323
365153466
545322213
531130500
033212036
211543554
500023543
326204366
416561031
564163206
660125231
236513352
035341105
054202646
045314414
553420611
010464506
134566234
252353321
642414124
660010136
025230016
416255356
640263132
065024446
202050236
120434033
262541610
643241101
334653665
105252325
031363560
223333511
135255115
210361356
350362146
146120011
020313202
003316540
030455552
631333432
164131261
513602453
241222420
260044531
404500132
145601114
661134352
246223303
103540411
551325326
360106601
464233440
050136212
144600420
402366622
510165163
061314530
032614633
311131345
251036331
554255244
536636125
511234466
260122353
520651152
621603146
245200505
451564200
106443540
012141604
611306635
221633403
362332103
351662654
320042356
340566004
344635501
224551463
642520522
031525310
012564244
520630236
434315142
504351466
063432334
461411315
605124520
210355114
163335401
414160225
062422115
312643401
234614346
416201465
226065604
315024322
521501321
514151613
613401503
124436411
566215230
666006405
366516563
354316605
033400656
436030254
011150124
564014463
340143035
125163624
216556415
261653164
240045222
656116642
421312101
016303601
303535223
415645266
041561401
563020555
000120263
203640126
342011500
140502235
035602163
354246230
431631150
042114362
540463621
324256552
633526364
415350211
301361024
206655066
436453564
510601211
046240322
554063322
150154634
214515101
014042205
105011634
646354630
506366063
515022530
045250154
306163655
446204221
304434452
530633454
134622215
450241253
443456465
552341044
525331630
404213306
323611606
304140021
662155450
545505463
152122302
440663522
311504164
462656353
510330553
610146165
654141410
550144451
030011365
352526323
246051240
201060454
226324034
166202423
421160340
162310366
446303412
150346032
655405606
304100150
141656401
613412255
366050316
300242264
363600630
601315013
413260533
466505062
365311445
155635560
641501656
204460104
342000042
243015403
211521025
613124414
201244323
566230061
211365532
426155165
400063610
512400141
120162365
362403200
213560241
164321136
522416155
245302030
342066121
103503442
630245416
552142523
041545644
205133036
402045126
056205024
656532614
254415266
326466315
002330514
503052345
642332364
221321641
040144516
622061432
014053410
211135251
365465453
546613202
560604426
326215114
021542261
502154221
146042066
260631635
502542653
403424556
022012642
363114336
116466120
326062162
124620161
103104010
615616344
523620302
221562546
134665351
120460426
530212113
121616512
131006640
650463205
506446614
554150135
226130545
153250666
545060251
431413220
363142652
504104654
522002050
626625023
245321365
115515542
450464052
464021210
026650113
505134165
522000413
416345441
613130561
300025160
212205045
245546021
424602054
125254301
610013453
056530306
613364140
662243541
033106116
025532441
313201020
340615653
132302222
620636440
453436524
004014511
466662432
120352451
455534315
616346212
621326153
313054406
230332542
514365624
602464030
023224650
331352553
443560160
454024126
301061552
220150306
516642146
416523344
654445025
461610621
226141221
540064150
143664204
113655013
340104444
654112201
303151516
203043214
153323314
512213510
653351335
646330142
633005565
150563544
541023435
651401041
130201051
255621454
061125445
425635031
411014442
536342621
564125640
140331123
405536604
513504312
546560055
130556414
114426024
245111650
145243402
261430326
055355364
516044600
445352352
654626435
303102425
110110405
165660644
061612253
204042440
145353541
631261330
626334201
034160366
015626665
452400303
151103456
426546111
123341025
360210411
444426500
462641516
414316330
060315225
412536216
026401134
150431331
656456350
015521500
636451602
342544534
136331016
413165452
031050661
113416113
334414525
001601505
316524613
365454632
004206365
666502333
260451003
431145336
543541340
661416422
026162026
041112635
603153062
420154011
110400615
230606352
030240540
615105053
322122266
536110164
543346136
353066666
650214402
654503620
425510466
633636513
565350265
556101014
232202404
253053600
044622340
522264611
101632035
512223262
023636004
243534643
515260102
205245662
636644542
535605620
445334260
636420325
522514404
033655260
242662145
226242055
625554214
516135322
566266526
342343620
314001561
246336450
521513630
035643256
554206403
015210363
636515420
611143622
560412261
030456303
300214023
651302502
151224251
102313450
633052204
165615064
322000124
302626536
232103343
602300255
060063662
265664502
005060130
151515030
644640353
421245563
105125244
136004115
651645464
312402063
144540565
506160531
165061511
243462054
355202410
521006534
560055402
116316656
503350623
006544015
062126656
463200116
244425441
634664164
452660636
614063304
155004002
463261651
615312611
012232454
626011543
063464021
324662514
120500103
433443141
120206220
200350012
022225402
105262432
601605232
235440406
200224235
022456663
040100351
064530053
616024161
523643415
361123633
151434125
514403005
026235335
011420202
452010241
514036432
662446335
034446321
041153503
500342435
545264364
455646106
615004046
062045234
034534504
312326452
330512006
111540230
430252335
541113324
022201553
225252133
461032665
505521202
350304660
410554245
034433042
623162512
431251413
144064343
226421566
242026630
366406142
664424143
550562330
003663144
235113422
033462405
120555136
222621140
444005310
356465521
364645156
634012352
253434310
416113133
653225532
236253232
163606061
162633304
631563123
435266205
521422622
154345546
606436626
464555616
423532125
166133600
353514421
412551422
124653200
500210563
324351040
251211062
620223354
616411460
223503536
356312050
250555355
431446555
126615405
265443045
422613264
213105364
454313011
165505312
426132651
204020665
535116235
301422001
316136634
435403633
512115636
243103120
646021314
643033355
625042625
104415554
545512145
145520133
243140335
204666556
350221425
051145052
341135160
366531124
002555000
216264560
010640631
414114004
412111551
462220663
512625444
545133552
540525112
225345413
415613600
006543266
563235514
033513245
325003035
220066513
640022442
421625656
302113231
624113656
622320606
026524321
312655135
342634615
016410535
053561535
114156362
155336343
444636162
544324562
126623553
100432650
302463362
525243121
666461216
356450062
433501605
514640114
365214104
510251300
206666112
411546463
354335420
032531062
641430601
655466563
362552255
532445304
335333324
540305616
652420054
536651361
561406653
562302511
064250515
025414055
516606306
251024503
601552444
220230660
356340315
532440215
100423464
655011155
460245004
601233104
645565615
256220210
051113161
442142310
403642562
563244120
236526140
052630152
245655432
135121121
146235263
161655325
412435050
415642333
650501515
400146241
142144141
125010345
116425236
515456046
012344336
410302024
034223533
515631524
363055041
044346445
630366455
346201232
016352065
250212631
204561644
446631305
025403360
232345061
120213066
444010633
221403525
305265311
153165226
420333055
354041054
316362404
253410434
452543225
044165213
113542523
415002441
030425605
434122554
600435115
436006023
653531000
310112341
305324141
445620316
153432012
266143444
434354036
361624410
053016653
655034653
155464441
024100605
303332644
123230522
314455464
621404250
632616002
233646644
031442160
500606133
243614022
156221633
520123125
332205613
211112563
305436013
232315515
400350204
242246366
615523431
265202266
622356525
134324603
326440256
625100242
244032602
322550510
630101324
364226346
213226355
066646220
344451322
603502106
154542452
640405034
400564424
451055554
335016112
160224040
343453114
423624463
531166141
654552166
044223461
333135446
246106236
032330165
021051100
150514263
105320405
341413542
335240065
061540101
610235621
031024144
526032044
156650234
223005012
305646325
550443134
526352536
250256446
163354250
262411232
132223525
165524661
461101055
343121664
305613052
135362150
635534233
603610615
