016153615
120264026
231305130
342416241
453520352
564631463
605042504
014134251
125245362
236356403
340460514
451501625
562612036
603023140
051541264
162652305
203063416
314104520
425215631
536326042
640430153
015636235
126040346
230151450
341262561
452303602
563414013
604525124
031525533
142636644
253040055
364151166
405262200
516303311
620414422
064246442
105350553
216461664
320502005
431613142
542024220
653135331
032302551
143413662
254524003
365635114
406046225
510150336
621261440
042262232
153303343
264414454
305525565
416636606
520040010
631151121
032666535
143000646
254111050
365222161
406333202
510444313
621555424
050441552
161552663
202663004
313004115
424115226
535226330
646330441
031646300
142050411
253161522
364202633
405313044
516424155
620535266
012634454
123045565
234156606
345260010
456301121
560412232
601523343
026662521
130003632
241114043
352225154
463336265
504440306
615551410
006101563
110212604
221323015
332434126
443545230
554656341
665060452
051236406
162340510
203451621
314562032
425603143
536014254
640125365
055653362
166064403
200105514
311216625
422320036
533431140
644542251
013544526
124655630
235066041
346100152
450211263
560322304
602433415
016321554
120432665
231543006
342654110
453065221
564106332
605210443
034625143
145036254
256140365
360251406
401362510
512403621
623514032
065124630
106235041
210346152
321450263
432561304
543602415
654013526
034331614
145442025
256553136
360664240
401005351
512116462
623220503
014312245
125423356
236534460
340645501
451056612
562160023
603201134
045524600
156635011
260046122
301150233
412261344
523302455
634413566
026624212
130035323
241146434
352250545
463361656
504402060
615513101
052534161
163645202
204056313
315160424
426201535
530312646
641423050
060200353
101311464
212422505
323533616
434644220
545655131
656166242
033134624
144245035
255356146
366460250
400501361
511612402
622023513
045565240
156606351
260010462
301121503
412232614
523343025
634454136
013036332
124140443
235251554
346362665
450403006
561514110
602625221
033212564
144323605
255434016
366545120
400656231
511060342
622101453
055332422
166443533
200554644
311665055
422006166
533110200
644221311
051363205
162404316
203515420
314626531
425030642
536141053
640252164
061330136
102441240
213552351
324663462
435004503
546115614
650226025
003110362
114221403
225332514
336443625
440554036
551665140
662006251
055464223
166505334
200616445
311020556
422131660
533242001
644353112
066516353
100620464
211031505
322142616
433253020
544364131
655405242
034062102
145103213
256214324
360320435
401436546
512540650
623651061
045466653
156500064
260611105
301022216
412133320
520244431
634355542
055250533
166361644
200402055
311513166
422624200
533035311
644146422
033241336
144352440
255463551
366504662
400615003
511026114
622130225
054021250
165132361
206243402
310354513
421465624
532506035
643610146
051426460
162530501
203641612
314052023
425163134
536204245
640315356
031054445
142165556
253206660
364310001
405421112
516532223
620643334
061015541
102126652
213230063
324341104
435452215
546563326
650604430
041265666
152306000
263410111
304521222
415632333
526043444
630154555
054102165
165213206
206324310
310435421
421546532
532650643
643061054
035506154
146610265
250021306
361132410
402243521
513354632
624465043
046023203
151133314
261244425
302356536
413466640
124500051
636411162
065233140
106344251
210455362
321566403
432600514
543011625
654122036
006453423
110564534
221605645
332016056
443120160
554231201
665342312
023416256
134520360
245631401
356042512
460153623
501264034
612305145
065025416
106136520
210240631
321351042
432462156
543503264
654614305
025532016
136643120
240054231
351165342
462206453
503310564
614421605
004560603
115601014
226012125
330123236
441234340
552345451
663456562
026202023
130313164
241424205
352535336
463646410
500050521
665101612
020242405
131353516
242464620
353505031
464616142
505020253
616131364
060303400
101414511
212525622
323636033
434040144
545151255
656262366
044135435
155246546
266350650
300461061
411502102
522613213
633024324
060355215
101466326
212500430
323611541
434022652
545133063
656244104
032513312
143624423
254035534
365146645
406250056
510361160
621402201
044605661
155016002
266120113
300231224
411342335
522453446
633564550
032435263
143546304
254650415
365061526
406102630
510213041
621324152
010145032
121256143
232360254
343401365
454512406
565623510
606034621
035340266
146451300
250562411
361603522
402014633
513125044
624236155
030604610
141015021
252126132
363230243
404341354
515452465
626563506
000104442
111215553
222326664
333430005
444541116
555652220
666063331
024564652
132605063
243016104
350120215
425201326
502342130
613453541
010543515
121654626
232065030
343106141
454210252
565321363
606432404
006542115
110653226
221064330
332105441
443216552
554320663
665431004
050540321
161651432
202062543
313103654
424214065
535325106
646436210
021456504
132560615
243601026
354012130
465123241
506234352
610345463
066046061
100150102
211261213
322302324
433413435
544524546
655635650
053223002
164334113
205445224
316556335
420660446
531001550
642112661
061401105
102512216
213623320
324034431
435145542
546256653
650360064
421111031
132222142
243333253
354444364
465555405
506666516
610000620
015403033
126514144
230625255
341036366
452140400
563251511
604362622
053643633
164054044
205165155
316206266
420310300
531421411
642532522
005105126
116216230
220320341
331431452
442542563
553653604
664064015
042520004
153631115
264042226
305153330
416264441
520305552
631416663
053366301
164400412
205511523
316622634
420033045
531144156
642255260
044103314
155214425
266325536
300436640
411540051
522651162
633062203
001513630
112624041
223035152
334146263
445250304
556361415
660402526
030415034
141526145
252630256
363041360
404152401
515263512
626304623
056034143
160145254
201256365
312360406
423401510
534512621
645623032
030531546
141642650
252053061
363164102
404205213
515316324
626420435
026445056
130556060
241660101
352001212
463112323
504223434
615334245
062143152
103254263
214365304
325406415
436510526
540621630
651032041
042416335
153520446
264631550
305042661
416143002
520264113
631305224
023444414
134555325
245666436
356000540
460111651
501222062
612333103
001562455
112603566
223014600
334125011
445236122
556340233
660451344
063434530
104545641
215656052
326060163
430101204
541212315
652323426
060056520
101160631
212201042
323312153
444423264
545534305
656645416
013501443
124612554
235023665
346134056
450245110
561356221
602460332
022065455
133106566
244210600
355321011
466432122
500543233
611654344
013161206
124202310
235313421
346424532
450535643
561646054
602050165
042043340
153154451
264265562
305306603
416410014
520521125
631632236
126606422
130010533
241121644
352232055
463343166
504454200
615565311
054664510
165005621
206116032
310220143
421331254
532446365
643553406
005252611
116363022
220404133
331515244
442626355
553030466
664141500
021004036
132115140
243226251
354330362
465441403
506552514
610663625
000423131
111534242
222645353
333056464
444160505
555201616
666312020
016112456
120223560
231334601
342445012
453556123
564660234
605001345
022322620
133433034
244544142
355655253
466066364
500100405
611211516
025120354
136231465
240342506
351453610
462564021
503605132
614016243
060224051
101335162
212446203
323550314
434661425
545002536
656113640
034250450
145361561
256402602
360513013
401624124
512035235
623146346
040041662
151152003
262263114
303304225
414415336
525526440
636630551
056155024
160266135
201300246
312411350
423522561
534633522
645044613
026335301
130446412
241550523
352661634
463002045
504113156
615224260
062621421
103032532
214143643
325254054
436365165
540406206
651510310
030655022
141066133
252100244
363211355
404322466
515433500
626544611
046461045
150502156
261613260
302024301
413135412
524246523
635350634
015610000
126021111
230132222
341243333
452354444
563465555
604506666
021631315
132042426
243153530
354264641
465305052
506416163
610520204
012053214
123164325
234205436
345316540
456420651
560531060
601642103
056633564
160044605
201155016
312266120
423300231
534411342
645522453
015611656
126022060
230133101
341244212
452355323
563466434
604500545
011255100
122366211
233400322
344511433
455622544
566033655
600144066
062224663
103335004
214446115
325550226
436661330
540002441
651113552
054306502
165410613
206521024
310632135
421043246
532154350
643265461
055615634
166026045
200130156
311241260
422352301
533463410
644504523
040613454
151024565
262135606
303246010
414350121
525461232
636502343
023563164
134604205
245015316
356126420
460230531
501341642
612452053
023331440
134442551
245553662
356664003
460005114
501116225
612220336
011145520
122256631
233360042
344401153
455512264
566623305
600034416
061062022
102103133
213214244
324325355
435436466
546540500
650651611
030163463
141204504
252315615
363426026
404530130
515641241
626052352
043142124
154253235
265364346
306405450
410516561
521620602
632031013
003225245
114336356
225440460
336551501
440662612
551003023
662114134
044060266
155101300
266212411
300323522
411434633
522545044
633656155
020354363
131465404
242506515
353610626
464021030
505132141
616243252
061130512
102241623
213352034
324463145
435504256
546615360
650026401
025154501
136265612
240306023
351410134
462521245
503632356
614043460
045426521
156530632
220641043
301052154
412163265
523204306
634315410
064553225
105664336
216005440
320116551
431220663
542331003
653442114
006314106
110425110
221536221
332640332
443051443
554162554
665203665
041600213
152011324
263122435
304233546
415344650
526455061
630566102
060526216
101630320
212041431
323152542
434263653
545304064
656415105
005006062
116110103
220221214
331332325
442443436
553554540
664665651
022203221
133314332
244425443
355536554
466640665
500051006
611162110
024413300
135524411
246635522
350046633
461150044
502261155
613302266
006326434
110430545
221541656
332652060
443063101
554104212
665215323
022210414
133321525
244432636
355543040
466654151
500065262
611106303
002646164
113050205
224161316
335202420
446313531
550424642
661535053
020600106
131011210
242122321
353233432
464344543
505455654
616566065
014622065
125033106
236644210
340255321
451366432
562400543
603511654
004234022
115345133
226456244
330560355
441601466
552012500
663123611
046212130
150320241
261431352
302542463
413653504
524064615
635105026
014464416
125505520
236616631
340020042
451131163
562242264
603353305
050116113
161220224
202331335
313442446
424553550
535664661
646005002
053515005
134620006
205030220
316141331
420252442
531363553
642404664
002265502
113306613
224410024
335521135
446632246
550043350
661154461
022431553
233542664
544653005
355064116
466105220
500216331
611320442
042311232
153422343
264533454
305644565
416055606
520166010
631200121
024162344
145200455
226314566
360422600
401533011
512644122
623055233
063602444
104013555
215124666
326235000
430346111
541450222
652561333
033155655
144266426
255400100
366511211
400122322
511033433
622140544
000162360
111203401
222314512
333425623
444536034
555640145
666051256
060032103
101143214
212254325
323365436
434406540
545510651
656621062
010011141
121122252
232233363
343344404
454455515
565566626
606600030
030236304
146340415
252451526
063562630
404603041
515014152
626125263
010505356
121616460
232020501
343131612
654242023
565353134
606464245
041551302
152662413
263003524
304114635
415225046
526336150
630440261
002121015
113232126
224343230
335454341
446565452
550606563
661010604
042353056
153464160
264505200
305616313
416020423
520131534
631242645
052210361
163321402
204432513
315543624
426654035
630065146
041106250
006011610
110122021
221233132
332344243
443455354
554566465
665600506
043012011
154123122
265234233
306345344
410456455
521560566
632601600
016450162
120561203
231602314
342013425
453124536
564235640
605346051
035246411
146350522
250461023
361502044
402613155
513024266
624135300
025051643
136162054
240203165
351314206
462425310
503536421
614640532
050304355
166415366
202526000
313630611
424041022
535152133
646263244
043325513
154436624
265540035
306651146
410062250
521103361
632214402
051442141
162553252
203664363
314005404
425116515
536220626
640331030
036422306
140533410
251644521
362055632
403166043
514200154
625311265
043352116
154463220
265504331
306615442
410026553
521130664
632241005
001045603
112156014
223260125
334301236
445412340
556523451
660634562
026515112
130626223
241030334
352141445
463252556
104363660
615404001
044640326
155051430
266162541
300203652
411314063
522425104
633536215
050044165
351135206
002266310
313610421
414461532
531522633
636603054
060330625
101441036
212552140
323663251
434004362
545115403
656226514
046100431
150211542
261322653
302433064
413544105
524655216
635066320
006531201
110642312
221053423
332164534
443205645
554316056
665420160
022310120
133421231
264532342
355643453
446054564
500165605
611206016
031563641
142604052
253015163
364126204
405230315
516341426
620452530
064261123
105302234
216413345
320524456
431635560
542046601
653150012
013355060
124466101
235500212
346611323
450022434
566133545
602244656
005030020
116141131
220252242
331363353
442404464
553515505
664626616
033640544
144051655
255162066
306203100
400314211
511425322
622536133
055430331
166541442
200652553
311063664
422104005
533215116
644326220
014551034
125662145
236003256
340114360
451225401
562336512
603440623
036452231
140563342
251604453
362015564
403126605
514230016
625341120
046234555
150345666
261456000
302560111
413601222
524012333
635123444
003622450
114033561
225144602
336255013
440366124
551400235
662511346
061623346
102034450
213145561
324256602
435360013
546401124
650512235
002450646
113561050
224602161
335013202
446124313
550235424
661346535
020006644
131110055
242221166
353332200
464443311
505554422
616665533
015000325
126111436
230222540
341333651
452444062
563555103
604666214
022156046
123260150
234301261
345412302
456523413
560634524
601045635
004042424
150451256
541356565
261521511
252333560
661225125
105323033
313340316
645164202
511434144
413623053
431412413
265131464
521545255
603612525
246055433
510643316
423142153
661325364
641631546
054052353
016353242
614006610
132532653
342463503
343144046
161103025
002334266
541200460
415060525
030641453
312031646
605216236
234606304
425131023
534555061
011306141
214633242
235612051
361305616
420432351
054453154
630545431
062215026
103056100
102503463
546006100
063250466
201260550
061463016
026000214
522511401
365065266
215666003
352532242
663044551
043464634
654150261
130130462
552224131
461213106
154311631
035314115
551100656
122444234
234111313
140116136
141222236
330014040
566223632
042526636
231464502
324451120
662266405
544041151
523262612
052465332
226660405
261565360
456322006
650134600
530555613
516152340
433244234
115510512
160354414
321434310
643632060
260636341
435303535
315021302
024226462
315212640
061442434
435655363
451166352
003402401
226315451
143625212
644005062
402051552
