023245100
134356211
245460325
356501435
460612540
501023653
612134061
044441104
155552210
266663324
300004431
411115542
522226652
633330066
014450042
125561155
236602266
340013301
450124413
562235520
603346630
002621560
113032600
224143014
335254126
550406345
661510454
020500415
131611521
242022631
323033042
434242152
505355265
616466305
051001044
162112153
203223260
314334300
425445411
536556521
640660635
006040521
110151631
241262040
332303154
443414261
554525300
665636416
061422254
102533366
213644400
324055514
435166622
546200032
650311141
066543336
100654441
211065550
322106663
433210003
544321112
655432223
130555020
352000240
463111350
504222440
011312625
122423030
233534140
344645250
455056360
566160401
600201512
015253233
126364346
341516565
452620606
043463516
154504626
265615032
306026142
410130250
521241363
632352400
043120120
154231231
265342346
410564562
521605605
632016016
013606232
124010346
235121450
346212562
450343604
561454023
602565124
062366045
103400154
214511260
325622300
436032412
540144520
651255632
025014424
136125536
240236644
351340050
462451162
503562206
614603316
054116222
165220330
206331442
310442556
421553665
532664003
643005111
142214243
203325351
314436466
305540504
516651611
620062020
134640563
245051600
356162015
460203125
501314230
612425361
051230311
162241426
203452532
314563641
425604051
536015163
052151216
163232320
204303433
315414542
426525653
530636065
641040100
012146423
123250534
345402050
456513163
560624206
156435104
260546213
412061430
523102540
634213650
001642461
112053500
223164612
334205026
445316133
660531355
005105662
220320113
331431223
442542333
563653440
604064554
001134115
110045220
221156336
332260441
445301554
554412660
665523005
000216052
111320161
222431201
333542314
444653422
555064530
666105643
034162435
256314654
360425062
512640214
623251325
030063262
141104300
252215410
363326523
404430630
515541040
626652155
033024640
144135050
366350206
400461313
511502426
622613530
050365366
161406400
313621622
424032035
535143141
646254254
035630652
146041062
250152100
361062215
402304320
513415436
624526540
161234134
202345240
313556354
424560460
042635340
153046455
264150565
305261600
416302014
526413124
631524234
042515601
153626013
264030121
305131233
520363456
631404563
064554351
105665460
216006503
320110613
431221006
542332130
653443245
064456630
105560040
216601155
431123305
542234415
653345521
020331501
131442612
242553021
353664134
464035246
505116354
616220464
054202501
165313612
206424026
310535130
421646246
532050350
643161460
015022110
126133225
230244335
341355441
452466555
563500666
604611003
036431336
140522444
251633550
362044661
403155002
514266114
625300220
651041323
430650403
445530546
556243552
661362561
