240510611
355345344
552460113
154046520
160455630
643042155
501003335
451011066
410061122
533666653
513250533
242351633
014406265
654532052
242120340
644623216
036244314
454243114
662531425
460430036
205656355
500263013
600205246
246665055
455003612
606211432
443541236
564144326
151504246
561125144
451352331
416104540
440132423
141335244
220615442
214216333
544212656
425334464
315540041
314552300
312410506
512444252
141055020
462111456
032162015
133631553
106032005
321666050
316003620
625652411
316254655
104320156
455236655
144260452
134011236
114355612
134603322
235126445
002053036
330532003
263424600
032663563
026233115
462401100
423322046
033312413
561016250
265321406
323035600
032541213
604455034
642612426
403121524
043020402
110033135
356646246
233125636
633262335
054660022
313632322
065554452
650525655
220516052
533224211
014121530
642534643
056514635
262500362
663305503
012542661
135130151
153211663
300362254
263615246
042016203
164561461
050151355
424130146
112606366
241140526
113443511
456204415
150635421
550131606
642566220
202464050
325261302
505544520
634110620
031421611
543201540
466202020
511621350
441113416
036641452
235553400
063643164
025236134
120612300
414366434
006463653
132443650
141513150
543315141
051300406
232306261
522406063
211512214
110604211
411515140
011046106
340025145
612151136
446360042
224322531
241240202
532436433
522320516
345654621
363334146
623051101
242302451
100250000
243612161
323660315
411230345
222030221
420653631
554036043
254162616
421620643
565465554
321404354
123443243
452240333
652135254
102035623
046164061
555634532
346405223
631154241
250604360
505366130
026322604
342311415
000620423
126200566
166611334
034022152
110050303
431663151
402530555
510226341
533345066
000243321
536413562
361313500
415241420
222536160
241310535
563523413
344546454
615623465
543550444
030636120
243136243
524563221
064004661
314101314
315022413
501500564
505145605
021264120
405510363
564355545
316356543
321555242
504642544
134426015
164666524
444513501
366225631
026100351
061543032
400234250
224351165
232403514
002252444
320446125
263544104
335034506
461665064
532662200
434256310
461405452
552214320
223114356
002301322
203212605
265156031
125112666
325501230
553152001
224504402
141462445
116360551
160342541
123223014
065046010
235621313
221656204
004110554
612526356
251422564
534204534
553532405
601661260
440422261
516025201
040300255
063122306
013056664
104536503
661241255
653640240
611111453
410614335
265103156
615454642
565030302
606526546
264552123
652003304
630413633
000341515
056532144
402431246
155056342
163050216
641031146
365513125
506321361
303055352
630324334
161126460
556416431
250201213
142222501
232231012
603413301
102015114
646424624
625133552
331561664
140002312
155144402
545525431
333011020
303505616
024645654
022421356
130304640
165351114
366652261
211101232
411420422
113254324
515243034
102341606
222663144
550500662
010326502
521634614
362260640
602054222
010445023
466356362
042215060
412645450
561600023
021440060
016560313
616415164
636653535
404514644
044324444
061456141
000250105
634640466
256034423
126165512
220452334
336531355
223631036
544120015
540230130
534035225
364006502
336062446
216602404
666503353
066065136
205202142
145340664
216145603
250211564
400601225
524046212
646130605
230064141
336210343
226552040
602235535
665525024
321011214
445553264
136113146
655343021
624564030
620164521
661310031
063145051
514160244
560243665
422000436
031105026
254133320
605312545
534521646
600406500
232041565
245032365
326021552
202113211
300514421
631053052
126344130
423065253
226643332
236315030
146122653
355463443
556100124
103416026
621060263
523534240
365023330
001316340
615115046
445436522
332550266
460255223
130065540
164330301
262013553
635266106
241433236
245544253
660354443
453412011
614635520
166636345
501020112
352234203
214342216
564314110
336622523
413433652
353061451
520010151
651112500
300451665
442165500
420140210
306430513
120034446
521262344
561224062
066331013
215664264
025160033
412133006
215435212
363614404
653115121
646116133
143343335
333242460
651022632
311164366
505622052
364535114
122054265
441054302
012463305
535352035
616351060
602025365
346524200
053544563
330460414
660261636
152546516
161632603
200336646
321063536
054036611
346226325
453024243
213331442
040533514
211254463
441301605
036231560
344053432
531412342
606102310
653335030
522512634
001150646
410324656
022624445
434142242
525142131
342513062
216140364
053353224
435526030
412262352
631365124
032500645
303144532
335445022
032314250
452052626
001654510
463650502
005036422
220200624
040552025
326361641
362235350
531143455
633216541
555255366
303533024
261011321
654626563
624440553
403546422
351625233
124625240
502511265
605063664
303112150
641406430
521346621
540041034
051435002
224020636
050112641
225102100
602442062
503655041
000525210
252112363
266506510
522205232
401343461
142164125
135666416
402056453
240123003
055010543
511315226
613404426
350050164
465633011
655252256
230550225
026154505
162262133
244045621
464502553
432354346
144461134
612016445
466133234
210333350
421524111
125320205
365402644
311342665
146336632
431446254
602522231
111564610
422323122
511353364
213155410
034616106
351033363
426541660
245506324
433340632
234565016
156021050
512531141
413530163
322200401
651326004
133425405
463106123
334366303
154041103
654040311
633023110
165045566
054220264
544106403
360600112
264530230
154624453
611004103
625515335
355110434
063033542
515101643
320214036
142224306
332133545
130144113
606644033
552332520
166234522
415562606
024132622
344064613
415136361
141651252
252442145
162302204
662621040
114161055
323003153
023545341
213245516
146610321
436506032
225304333
332601244
605615453
414065363
133301421
434404003
065602660
140416554
451162224
354305516
656306625
352330011
256225542
340204151
012513246
464223543
301600256
121450524
301523143
241664646
356432232
266120533
625244143
630032326
351221156
636514361
264062450
013261263
615100525
324621424
610510404
636616210
256145326
366463216
121305311
160441363
250256550
312221210
566564602
043255215
132161632
240414406
656601464
022310365
332644330
511446546
302024134
554565633
602403123
313556005
315646534
334646110
350416200
660222415
045163450
621106145
402663340
063431666
444036115
532455424
104332210
160146006
105042431
361122016
151303043
415212523
150653440
055206221
662010314
660345150
324144004
153320623
131532115
311126642
210203345
624112213
536324125
052224531
353462566
263312522
015611205
055135510
503130334
661363456
104415655
204461315
520333002
430005461
523002462
365460101
054452551
241124452
034260111
141156611
306136104
510646153
305524312
623235363
243513436
254326161
506033160
064423026
051002165
506401152
223421112
113525050
451251501
552543460
652400660
312305155
130163361
123415531
002325446
104255361
133532631
656155140
404100261
215450135
110263226
655501116
101543205
005442224
155610615
425416410
210550542
004631131
425122155
143132060
266115415
465215401
526352453
423626451
604154512
233344415
146403001
541643513
365641056
442344065
132242056
120026535
565652140
140540126
624462141
551331055
204324662
542154053
655422303
524253606
206053441
414654066
644343652
410042504
460321310
116553422
244455116
516442614
412653212
201304444
535506501
642141461
123451450
024535436
436335665
136222234
252502250
045362212
304063001
234435304
363124225
646152564
512251025
466040421
021453435
013062032
560032533
160523344
014565125
456313155
666610006
430210606
236555551
264200004
065513461
323133466
403041313
410312460
053605103
122123236
105021043
150405545
362336624
503560206
105106254
261402035
011464231
424433560
403625162
414620104
320303410
302163322
312520132
065626232
100410162
214523366
664136441
255623604
243531500
132454301
566246204
522650352
155651561
642606032
432564435
625445200
166056063
544646362
356265006
125363346
664406613
331303225
355064024
331661431
624604255
633466060
510161411
556245135
105300022
111436334
342245541
053503310
300643435
556336116
351340120
242236404
312162531
040246412
030050556
543022514
550464455
224210440
103266343
055041625
406024011
415400356
500116222
344411043
111205005
034556443
033360354
203004025
346000014
161510045
531540303
162540251
661623521
323426234
205305650
246231341
443366561
520505550
005551001
410502613
344142163
602645101
661115262
546656330
625205051
201541010
540362021
220425422
316422351
534533153
642065606
001521434
035606053
416314203
645414015
023356142
622451032
253036314
545013311
526631303
541602134
524302305
402226560
206562621
232260536
326034331
420003024
011636455
313423063
254546635
406160403
606635344
446345353
621644306
535031410
132026324
412311044
245131054
032012521
553504054
406234014
664053325
551243642
001232053
355420550
424005635
001555323
045264604
512414414
560641400
544453250
253254632
642205152
436632136
442103532
114206420
314354131
502532016
223011643
324422610
626536202
050345261
623424565
201165042
612324523
116454536
025050520
454645305
106043354
541364460
021566215
451216464
321232162
310543102
330125264
404210025
636332501
050106034
042441644
343044261
533001306
326566423
432000154
621236026
251360312
410665541
310215124
465556603
516156162
360244242
616621602
644304366
062166102
013514112
205042602
241346134
563005521
354453065
110012056
233662543
161551306
553615555
430624402
642353205
520661566
435562241
342626556
534105341
354441631
041201554
244153634
432656165
256503026
452646041
064361646
045654343
455520222
420151043
010122114
011652021
513113615
511403010
155446033
150013602
000603062
403350111
225264555
212023400
450650316
600000640
432505320
355311223
261453313
622414651
453521365
102622664
554014204
045425153
255465061
500014343
520025336
031063404
660555311
626300234
455142330
020506300
260433501
016461024
426425315
601432414
611103661
400300533
535042123
111506151
043213123
366031464
466362514
334543526
350624514
604213510
234524021
202104566
640246364
032111002
614224045
615610150
352023641
530320143
520042645
533311134
302651503
444010662
204201451
432036601
444464321
045356166
425461622
156565260
535414626
150316065
556005313
663514550
501135121
201263503
311630561
335344651
546060356
430033213
203434461
442635053
653223202
120504164
362343113
201121105
120150432
545201266
502314501
464653454
452012351
236136066
546006545
554623130
301425300
536620460
103231125
310056426
231206346
364150203
103624430
613240122
426164636
653564145
625141614
515262561
236252322
016024362
101204652
230035652
264456405
003346233
260666331
613120031
465124504
200051130
016152233
061525505
563430155
504215102
630531232
225521541
015323141
562256511
605624126
313041340
006034216
156240044
260355062
424206152
452020005
512365323
141520413
636221253
101226216
305431321
644315400
415551332
203260424
555302414
151261031
236563112
161245414
303256136
415325535
466426156
211613106
540354104
000226654
011500200
214600641
035553616
401166565
512630626
511523525
123314602
164211312
160160654
536151256
341466262
651554013
422215254
010416136
006312126
556166640
401312002
643151622
430631344
026240223
232050610
114331564
030540431
126156220
552402336
124550011
130205333
302630442
145361000
043655406
345451404
663230611
306443040
462642235
033621635
346301136
513234400
014653603
560301651
021054653
030166246
633101215
414245031
300045203
536611045
463016035
635155362
056021111
112655143
300016530
626246450
225310014
534650521
154151426
131541542
453661110
320265465
152633055
530102516
254535565
450566301
523410403
365016666
245434140
420243403
116346011
342665434
661002540
403552530
556051634
341350063
340351520
221225553
005230306
036513054
042135335
325612103
136134300
553551512
234602010
063151240
601400041
303310212
034123401
031634262
051542426
404043145
005146541
251463625
355154260
150020231
346604462
255511304
445060230
332364162
561421633
246410244
155163535
405303206
001613624
204632425
206313063
446353610
110220665
510034061
131030033
101153562
303223555
643163313
505640211
235111160
633322362
666125252
641143044
006520165
433403221
612142623
502422243
204166153
466051205
232156523
613660634
255233416
212355301
121606532
330136312
421530004
541435661
134032644
250361242
034365532
504664165
601451556
050632215
014625311
236441220
256010032
420315116
451134526
136400110
354501445
003660661
353516161
261034056
111521223
662515622
310561553
613430544
133103603
363320052
145355455
436440505
150062463
046101425
214611552
103100445
036402363
404335322
303300360
053364016
243066126
332105413
416563645
644412532
006355202
002606411
060644536
526403446
103663412
530363243
225335526
321542551
646433463
521014425
515460462
326313324
454425666
624025123
012030040
501142266
322005043
362454564
526420021
562335412
310360005
036424436
660162342
161356235
466411541
566161335
162514323
406406631
300123501
314316022
266022226
601536650
314363260
165223261
105653223
630643015
445223056
243406202
566045042
150423516
040331401
130233454
136264663
415322063
554340502
654061544
065211156
345100242
153620066
633040004
654306456
446012100
550250253
035243235
652563551
020523103
334056251
413201016
115152554
334220435
035205440
102420220
444506026
642660545
160532266
161362320
530412105
242101655
646041510
252540624
110501436
604460602
661250330
054333045
615005432
056456623
615232263
100564234
645420446
413265620
051334133
622520463
314115235
052004110
053215334
234613265
215006240
233241654
423542354
060204424
431264512
632604616
166462052
220242011
352666605
022143424
643034434
543646225
661024214
145101331
464264206
025215612
536435050
255344132
255655430
461631530
204254214
605254405
641502301
235650066
022022260
234141111
102452515
605011251
626023066
601066511
266201665
420434605
202633630
322046633
330100050
561055601
131145230
523663430
324202226
123062225
146555604
631162163
050362100
023146362
303040626
423601342
562150465
261046443
313233241
122532342
364134650
424355050
112136540
423613000
564321222
535316452
145564562
163404132
251440451
414644223
336241121
052120612
210335433
655416144
326102065
126464204
060410203
244054560
162643446
211602515
421136513
015044154
656450616
141522536
332222602
612246013
046440132
211414520
044430310
101135356
166524616
454331640
413002141
626324412
506454306
016015245
353550321
325656662
110642652
564242432
062061344
256644611
464615133
304464546
031651150
634353144
443616614
524454123
455354553
554122354
101301163
143326103
401202436
641545612
151612142
004156060
023334551
315030255
510655234
366322445
266444355
523216165
405405512
002665226
053446100
113165106
154402024
242223135
204605336
145203625
352255614
131152404
516500455
401414153
124035062
064313356
335555133
440216245
156625154
131626301
450105202
135515261
115066621
566603100
602161004
230222166
504554651
203365265
643202443
560665615
236350103
223253521
644211224
331213011
654143433
312504034
156216252
130600504
455444216
044512345
441443606
150224023
664632324
131644625
115401502
565114233
442561442
562021166
361412423
640611663
461541124
454222400
525504045
016503536
023602524
643352666
405423432
554510416
116413230
241515053
614431001
053526042
433135444
262061234
252626322
102116335
446063523
546532251
613302252
324111561
340622030
462624361
350613346
325333635
004044440
166535443
161023655
444221611
145635102
126431161
504330463
163555165
216316654
665131113
341530332
005364325
663256054
002415430
610144265
532553331
625326320
563366645
311212630
044234032
340445656
041110101
265164313
023506656
445605146
000134663
041603241
514442440
342556313
353266522
250312236
055161463
330655325
345115320
602230164
410055015
335322240
335201515
441252113
226046501
653341356
055404106
446215536
644500135
143000551
626655022
521500136
166252646
623541023
634164454
665035645
060051412
024411202
114234116
110516643
010232546
242446331
120531620
012640115
126511405
534546664
524161100
626561154
131014564
666060562
615232310
526514513
100556414
341633420
305246065
104103016
222062003
351015512
452563166
451104350
235430663
563163046
213551255
432123353
422044542
646265411
362352430
635360510
143644012
200000416
465540315
465263324
255166012
306545466
461330253
416031633
021026031
421635125
456451462
622242505
540023622
523120650
440453142
505026004
520436256
055263162
405651644
426603263
034252665
602316112
546661214
345532626
462365631
000465364
403032264
041325630
343012333
350601001
530161524
436465143
135001355
366664153
203420353
012255451
624360425
325045111
316511616
610633204
104240613
222654015
426051516
620063250
256630201
342432154
233414042
501452620
453450645
650544322
560110540
650465132
116451345
303401433
142014041
463164462
400640054
463410320
555433265
310121026
026462530
654430226
665526100
610156600
