152420652
513532601
545614254
562430063
441254040
155110506
035440524
105025446
215130440
232351154
442546453
152566311
532552110
125361514
645262061
640025150
311502240
535126253
422436621
613543062
300502531
562653004
662301660
110515355
011451625
631355352
663221343
050020262
520464454
043534134
014043542
415046654
120011156
235436034
145166140
366155232
245036123
063361322
154363106
455142636
402645326
534041520
142034016
104125505
424360043
625401302
144321324
264161214
265531000
521551122
062624603
342250433
431113403
020100523
043343310
512520464
463152313
324203055
153411363
023220155
053520446
231235113
425642001
630242600
201616345
260032503
021663063
540612542
152052630
225206161
221424340
112406231
304644325
456016453
562024210
560454114
161643400
132522512
025413601
106410630
502013334
351016014
453610324
333200012
424615352
203334320
061324156
310652036
312266631
256044552
352163453
131604625
535252656
162445523
514544152
204355042
236511604
643316120
614161636
526462020
340440053
515214403
665240612
460263351
564213662
022106251
344056062
143542541
516312004
040126460
045264126
540561524
034215421
211521146
113465641
124114654
101114261
445305625
154555254
604420521
366533642
021422254
462443002
350000144
124262405
112246014
161516625
013042415
266356226
011645550
165216434
100614432
156654200
100351444
550442041
542665614
364062316
455563660
161540336
534613043
626516633
503316216
200465256
313133234
331053242
332143306
431646060
426465411
460126644
526015505
254061442
201042164
142063151
335651165
303622205
523566346
400430152
065055334
141331531
401623615
401301010
442612430
016064664
134022643
330413460
613660105
441124366
066460305
360526562
154202023
641232142
454132321
041005522
366014301
520221606
632350511
433601503
524611365
540305466
263523053
135001424
453141104
405002216
153500550
641643306
201320462
635103522
000536540
535045461
400361126
120563503
606303205
321360256
602436404
352002411
353111622
453364546
022141362
224025233
406465562
042014242
142523035
345552635
134600130
320202614
606535666
055635235
654533310
036366144
211160353
104631133
206254314
654326332
430016241
351156520
623423414
404234436
265042045
125222213
133635044
251614603
225564555
354322610
362635125
001232225
024512616
335404110
641364034
213403164
313444456
004223445
224562031
236046111
413115011
236465354
303365223
012445316
010236363
122651021
430543135
123634265
652602546
111625263
360325034
543223052
334321441
210464012
604112146
044245355
621432660
252640542
156235611
666035254
044162653
311211205
564230534
061146126
301653461
464112455
433533264
045666360
226620443
340635440
651226451
351624553
523124141
164401542
506256241
411224535
450161340
331446551
135426300
126150551
233050322
512341563
515206335
345153050
230630461
052205442
365542403
312121143
212103616
150254564
451251612
003260624
212450101
552264002
405610200
251504541
213554223
156636320
404221031
002062423
223122466
214453232
161035606
660324412
245521611
060410556
144533002
232040453
133612611
305046105
525656133
036115650
006455155
346236100
636425463
341534452
332202262
361144033
124305346
226243646
646443264
325022532
331160365
363666650
224513520
155243350
561505104
522633561
400040545
121060544
212310312
105555532
631031400
205240020
624121003
564535620
244603422
541150600
446416560
656641412
264246235
166200143
061510412
410452251
244111333
316101311
063451436
322414545
501014326
321500632
443242223
043140201
056653332
165064203
011566266
215322500
242304102
623304642
611443321
640312405
150043426
653333053
563363461
544024565
025346220
262066624
322346041
026242065
564416224
153256065
324102500
114550211
413621046
263112242
321332445
536560421
532160132
612204206
663022104
146413322
632600252
354135656
035433315
011223604
442362164
242131644
314331022
634330605
464051411
222540514
355623142
102666530
141461005
334465200
550346233
320415336
632132334
060532022
523400045
043601030
101622221
513230314
361431246
316434441
102564044
102245252
200546066
662162562
531420143
614416600
561036050
000041631
544013516
235444362
465424123
445214511
260314343
236302136
262602201
135343246
163002060
512300030
542344655
160066342
162330215
220263324
060244501
311346432
524425165
316603525
456245162
605362363
650104065
014414115
352030322
164356631
103232633
145460436
560134635
244140110
653025542
023015643
206630214
446050131
510616622
125003615
334210350
454224004
065101561
665461653
661555430
466330540
402225645
414121554
433463623
644332230
615653540
440604352
262511351
150642224
321511310
610521433
423450566
613501110
324516461
463310231
044365241
350216213
600113212
624663104
445331460
036530563
165122002
505203553
356555103
615105144
630455614
040023025
116026166
041414461
515466516
635614036
045600413
022354165
620621125
566122626
526430236
352442624
035011062
515155612
562536202
230515030
403556142
253516300
512414350
503004532
550531643
031442633
032644444
645366255
404004150
116345154
663056263
554624411
664645445
530050663
613606443
131262032
310005015
624036246
665502056
203226130
421664636
043655166
413423355
466666003
266604124
636216265
226136155
306466606
662110621
546404346
130366656
036636256
533306101
103444021
324620101
260655641
263421565
603063306
211303401
623150030
030603016
031310346
655430204
220645663
543352422
626505315
341203221
221265662
545311025
431430006
066006555
563125133
144225420
242205556
254556416
021251344
652512025
641253626
112261526
630504121
326321353
654004433
056533425
062404321
015104032
555441260
656414131
203562504
056325321
303041044
033424530
305322454
400611054
666664151
326646302
556165124
430165533
026532130
520324536
231336642
622333126
601605165
004544341
420003551
345510344
012053361
244152004
346020310
644566543
602526122
042466213
131413234
110302645
114464366
506546160
040505054
402353233
443135535
600062055
330104254
055202603
626441150
622142613
430354053
666116352
411633444
366211061
004432302
120436212
246106041
101143343
523054056
453652445
363343504
224422112
634343014
114251603
605556421
664254051
420012033
323043160
024135514
605400033
025550002
256250061
166561330
266336534
344501415
561240441
404106204
666123031
044030612
134136345
633551656
602411460
502121652
610534654
536224355
430210164
465135046
313500326
051521335
351403362
616265133
146663465
332524626
354451351
216531261
441502334
101551366
334256144
660603223
550334361
505162430
531464215
210266505
156005001
302150066
661033012
631410425
350215404
041021416
246543431
440241530
401526556
624013125
111415020
604656655
335566023
640120246
002453644
203000405
023255200
433066314
506342145
511666455
315364643
032315214
236121220
505532242
653531232
002431111
004626013
365350130
330311515
251242430
201055650
454164262
405245413
063224264
466400614
544610406
123216103
352431430
550632100
432216655
302605043
306053554
564636141
415511456
166405265
136134502
244404063
250611162
561021261
363120351
035353103
601114564
134044531
256552365
601425632
010165101
410323202
615251234
413034461
333222121
255423635
010330051
245434506
162623116
566562213
440131013
610250456
126045363
024461533
205161605
143431254
206624656
415634226
151041021
106336113
614050325
040253111
145304330
115561102
053456252
064204610
555360445
146024454
203513111
644164300
404130660
465602462
252133131
132114465
301356303
426034332
440651206
211210521
032602005
452656114
432405246
410340366
336263115
120452463
244015144
203114006
130020000
166512554
155015664
444646344
354666046
156525402
403625431
632012556
160543011
530404602
533133021
211311066
326063221
312053256
460231442
356360334
643360613
355610431
462322521
343452143
104332566
300535313
355131364
021165435
250124155
462532360
046113236
054144050
610060532
121635102
100323550
431260510
334264464
023445134
216141545
116354513
511204054
260622435
105326612
602232510
351544166
565652144
053121513
464655213
255350263
314235501
362041615
060356315
131314153
521266523
310410423
452214256
424555665
005034414
252400424
051545202
321254402
446225201
411010665
356244243
101520204
161211640
546143103
432361600
426501066
221402526
416602156
555053521
166421101
315142120
634241161
411206420
146435033
204450613
240142326
656056140
233044204
523441423
302641501
625044566
336130631
221053305
054466465
530533250
052330536
531255005
243312361
011550134
535205122
464105330
516554630
323630554
232345540
255341113
003003220
304001626
346451304
301145111
504144246
132326063
052122300
130106510
406414225
541355543
153065413
400642310
621426505
025121634
251205325
551310552
310161462
210341250
323213342
146152446
146606232
324554013
615334015
346425526
115620024
626645231
542525000
512603342
543436362
551002343
163324045
642015063
002314500
116540005
011016152
231623566
653400311
565525352
432550503
012460452
636515522
630035026
531626334
365536211
061262100
356200460
233063445
006031350
311120212
111056041
444050553
132332141
201221653
434412266
463520663
622100354
434444616
266063162
320662341
454311001
034541253
454045036
534142412
410153024
004341306
303106436
306222346
035322661
530131266
663111165
405333356
456350656
453445515
325440215
652251105
105230106
235553452
552103505
665252320
003102162
513311440
624235323
466203022
552155460
141165516
512422051
532602524
150125041
625315111
652340143
210545422
214663651
424403143
623126222
635564240
462564131
636233432
350453522
603346664
300315651
502540331
565113314
564354302
304541546
423521215
251252216
612223534
055221040
065660646
622135052
545402151
411305564
130032235
562664426
426342212
316443030
645630522
056316030
013454013
220550140
626324060
613061023
034565632
123165225
140633314
256064033
242154411
210023313
043060560
233231552
041610055
662606035
462210344
153601216
061600260
555665050
425103210
425455010
456522141
243222645
554436503
010132210
335345002
632421042
046324632
505663101
064212543
600121361
510563045
503252351
466352434
233146563
345523206
431611121
505353665
254410040
324433263
626204534
564120015
521141014
540041002
102300451
053302654
604503562
316352161
663134403
222526650
654605451
065354541
530201313
164524160
206605430
564621232
646531555
342442232
213644334
253636526
235151016
424256301
053326004
354534205
332305331
025543156
065003406
112062304
261456002
506123040
122644356
315301536
402363415
441311244
555034136
123153662
615024622
660014520
613322316
621345424
052532053
426226416
516251362
452104126
220301143
303634612
052046345
114204441
346213653
414011230
222646425
255365531
241562115
600553334
312400513
325625616
415532414
653642534
402604661
041346565
332025055
056252526
634423556
405512523
133255336
314605634
165454055
561601515
062563343
344161121
553106640
250200636
214320244
320431655
615522265
501106022
551030115
264220306
424561352
150142152
161425314
656032602
316330203
041303253
633341435
501460051
323225063
516142231
160145464
630044315
421534243
220426023
036401023
451513032
002056506
610412544
523156464
122050412
136403651
442011525
405624544
424052124
601350220
425514162
131041223
410245244
640210010
331364522
325015250
003610533
260300025
221342651
611610330
140036401
135544653
500360264
223505244
241122552
341525664
455006042
142236542
451505653
421640452
010646146
033213506
062256450
643554005
212426661
553623000
250222511
264362123
610654262
234525361
315255353
311543613
446530024
022616006
240250632
312336355
600026603
065261415
653655620
466215536
044650224
663265514
155633066
251353514
505115221
116223561
203641222
641451211
324314232
451042255
313062551
534422064
025020326
216612426
255010355
115253125
235452225
630656001
554315135
620435500
435520045
234155303
656160215
621654110
646353341
121503464
225211226
425600535
503554455
303154124
346306423
140044163
666206521
534362550
046012011
540001145
133350460
333353616
231264301
126544435
256545610
630462166
106011102
205003341
121546145
041406106
056526214
111023130
263606312
010262434
020651560
522364313
330632623
226360502
032621245
436625624
040524251
010113565
425023463
006000046
653435106
612436135
036233060
311064006
100650115
212235230
410631331
333555425
002541055
412160206
163113530
455230333
062123432
564053255
553040410
325551541
434150235
445413443
344655512
060103150
030331132
322001564
120440301
351033535
464143523
246115462
234654020
500566153
101452540
221066210
135532326
305265160
030154406
544323121
111362410
264442461
315154505
601130045
626352625
243233266
212536043
341341620
631306416
062265066
264614505
665143451
442553146
622022440
621461446
054500304
336021134
132340634
315641652
203065061
056561501
334032152
303412314
520653446
636050206
430434324
561334114
546440511
340265022
132155601
442426636
431325230
441055404
663635361
531501031
002406060
524506230
422024004
005533031
366550515
221120625
435123111
203125614
350420233
016025240
312633600
545146532
410441405
014203136
031132451
322612662
440330165
120256620
116363633
236601255
043416635
105662352
541246204
352313220
435114540
064431664
161636564
014346526
432031163
653152501
143041666
456564323
014652400
243332046
240201264
440610643
516331615
003142645
023523621
344026651
633105260
511320305
441163261
651215046
346132255
264434130
100342023
640401420
553212535
365611323
040455342
426660160
521042406
544063332
026661316
411240103
632523401
662321206
652223163
643106016
605343132
503561012
030052644
214405455
341212136
052514634
024353454
234102665
106602603
546061640
416500442
102005114
040454650
223533333
340143641
304013000
151136433
315213016
434166051
502235024
556543054
651404250
465030425
434365506
511065360
163335452
364355463
301236654
413562050
633664521
212212153
021004601
136161153
605631641
566201200
636446336
551466130
124530153
311132563
344124042
236613316
163412126
321535021
440062412
243405600
123024311
551453206
623562453
140500363
462601140
411135302
563011553
556003212
014361160
210055566
103264210
426313364
360042450
424231110
204124423
450025305
310524300
542620323
015233252
012031034
506034263
335606641
650016366
064045103
416035523
031506350
312422424
311461154
012004135
336640026
254446154
652354324
234203211
142433520
143353134
633214462
143506614
610513106
244510252
243661401
522615433
115356406
133242454
201233500
200661513
266530416
045415303
433304365
500242522
631322023
016346601
430264645
435621350
202555205
543424624
445156323
133416442
611153153
264306440
411416313
040522133
042211601
221611534
143565262
521313630
465541224
232432416
004160311
213335663
406266052
315316264
111600502
206051025
416263300
140115200
463103601
636601344
045050145
224230545
522240660
040333606
226656064
365114660
340556356
253313436
526634644
201531424
140354225
300504106
104435410
205016232
245060014
020101205
525502063
561303046
544222116
124131426
115616551
310626414
320006325
023636410
600105453
352565565
616000650
532461541
222002352
262554662
343410502
446363016
506421415
046634515
121224026
516110156
200306104
434202342
050654123
546626605
100135622
261630633
564166363
142251310
015420610
103140512
060412331
500225235
323466032
313006602
325133412
562345112
502411203
645150464
615010031
625051455
611462203
306116543
305461331
161102135
454661625
045163504
650166554
333112053
511634422
201463433
103433145
630363231
443460235
642506226
024005460
455452162
660531516
363005156
632451422
523060631
155303024
400560601
222064146
525300604
464316512
211006533
343241325
260443652
511652664
053130120
012116324
461665542
164040022
243453551
653061111
364553321
650463000
401116631
246642050
403022022
260163036
525332310
062243124
661562644
254234622
313220540
214632315
062151223
053163042
435200401
056411444
644200644
154611450
113030245
265026300
551522016
313515132
614000261
261515563
250433346
152635303
056156663
145245131
000365350
423545320
015621201
451066561
220101431
126261242
205212465
020214440
005216310
445633632
066613145
340664233
654540565
103101300
565445340
200456430
554060223
561650356
651613654
430326425
114110063
031654031
412244322
102442365
260251133
510234546
223204413
204333634
554201566
243541153
162462250
625114325
566345006
555504420
546210125
325234030
130141025
112143260
366104445
520510026
113456524
533505516
163640253
431056136
544445642
654051064
636643553
353054641
456101233
644314666
052625564
061034365
560352240
614266212
314242666
621230201
245135351
414036005
304440434
222111110
155154043
560005611
126313052
441013350
410314610
522063243
136320122
265645266
014125026
614315253
333562236
342115315
530620512
144416056
303324561
222152535
436041446
365230564
020404266
140403535
422166442
622241036
612032221
530140344
360362602
533662302
202244533
021444512
614045611
022501403
112510646
622454106
563044125
360160004
305405504
300221112
566453533
262233405
101213456
606541303
035516405
155061254
426144600
451330411
204666240
006544462
020610211
412315105
130200226
415326341
553616061
053643665
533203630
606652012
502611136
354106112
342016446
546231451
322220224
