023245100
134356210
245460320
356501431
460612540
501023650
612134060
044441104
155552210
266663320
300004430
411115540
522226654
633330060
014450040
125561155
236602260
340013301
451124410
562235520
603346630
002621560
113032600
224143010
335254120
446365235
550406340
661510450
020500410
131611520
242022631
323033042
434244150
505355260
616466305
051001040
162112150
203223260
314334300
425445410
536556521
640660630
006040520
110151630
221262040
332303150
443414260
554525300
665636410
061422250
102533360
213644400
324055514
435166622
546200030
650311140
066543330
100654441
211065550
322106660
433210000
544321112
655432220
026444610
130555020
241666130
352000240
463111350
504222460
615333500
011312625
122423030
233534140
344645250
455056360
566160400
600201512
015253230
126364340
230405450
341516560
452620606
563031010
604142120
043463516
154504620
265615032
306026140
410130250
521241360
632352400
043120120
154231230
265342346
306453450
410564560
521605600
632016016
013606232
124010340
235121450
346232560
450343600
561454013
602565120
062366040
103400154
214511260
325622300
436032412
540144520
651255630
025014420
136125536
240236640
351340050
462451160
503562206
614603310
054116220
165220330
206331442
310442556
421553660
532664000
643005110
651103430
142214240
203325350
314436460
305540500
516651610
620062020
023536450
134640560
245051600
356162010
460203120
501314230
612425360
051230310
162341426
203452532
314563640
425604050
536015160
640126200
052151210
163262320
204303430
315414540
426525650
530636065
641040100
012146420
123250530
234361642
345402050
456513163
560624206
605035310
045324060
156435100
260546210
301650320
412061430
523102540
634213650
001642460
112053500
223164610
334205020
445316130
556420240
660531350
005105660
116216000
220320113
331431223
442542330
563653440
604064550
001134110
110045220
221156330
332260440
443301550
554412660
665523005
000216050
111320160
222431200
333542310
444653420
555064530
666105640
034162430
145203540
256314654
360425060
401536100
512640210
623251320
030063260
141104300
252215410
363326523
404430630
515541040
626652155
033024640
144135050
255246160
366350200
400461310
511502420
622613530
050365360
161406400
202510510
313621620
424032030
535143140
646254250
035630650
146041060
250152100
361263210
402304320
513415430
624526540
050123020
161234134
202345240
313456350
424560460
535601504
646112314
042635340
153046450
264150565
305261600
416302014
520413120
631524230
042515601
153626010
264030121
305141230
416252340
520363450
631404560
064554351
105665460
216006503
320110610
431221020
542332130
653443240
064456630
105560040
216601155
320012260
431123305
542234410
653345520
020331500
131442610
242553021
353664134
464005246
505116350
616220460
054202500
165313612
206424020
310535130
421646240
532050350
643161460
015022110
126133220
230244330
341355440
452466555
563500666
604611003
036411336
140522444
251633550
362044660
403155000
514266110
625300220
112504610
542423643
524610265
352132233
653114440
445031210
651041320
443540130
430650400
066265041
455535540
556243550
203003240
661362561
030643110
