000000000
613553100
526336200
432112300
345665400
251441500
164224600
036162010
642645110
555421210
461204310
304050410
210533510
123316610
065254020
601030120
514513220
420366320
333142420
246625520
152401620
024346030
630122130
543605230
456451330
362234430
205010530
111563630
053431040
666214140
502060240
415543340
321326440
234102540
140655640
012523050
625306150
531152250
444635350
350411450
263264550
106040650
041615060
654461160
560244260
403020360
316503460
222356560
135132660
330355001
243131101
156614201
062460301
605243401
511026501
424502601
366440011
202223111
115006211
021552311
634335411
540111511
453664611
325532021
231315121
144161221
050644321
663420421
506203521
412056621
354624031
260400131
103253231
016036331
622512431
535365531
441141631
313016041
226562141
132345241
045121341
651604441
564450541
400233641
342101051
255654151
161430251
004213351
610066451
523542551
436325651
301263061
214046161
120522261
033305361
646151461
552634561
465410661
660633002
503416102
416262202
322045302
235521402
141304502
054150602
626025012
532501112
445354212
351130312
264613412
100466512
013242612
655110022
561663122
404446222
310222322
223005422
136551522
042334622
614202032
520055132
433531232
346314332
252160432
165643532
001426632
643364042
556140142
462623242
305406342
211252442
124035542
030511642
602456052
515232152
421015252
334561352
240344452
153120552
066603652
631541062
544324162
450100262
363653362
206436462
112212562
025065662
220211003
133064103
046540203
652323303
565106403
401652503
314435603
256303013
162156113
005632213
611415313
524261413
430044513
343520613
215465023
121241123
034024223
640500323
553353423
466136523
302612623
244550033
150333133
063116233
606662333
512445433
425221533
331004633
203642043
116425143
022201243
635054343
541530443
454313543
360166643
232034053
145510153
051363253
664146353
500622453
413405553
326251653
261126063
104602163
010455263
623231363
536014463
442560563
355343663
550566004
463342104
306125204
212601304
125454404
031230504
644013604
516651014
422434114
335210214
241063314
154546414
060322514
603105614
545043024
451526124
364302224
200155324
113631424
026414524
632260624
504135034
410611134
323464234
236240334
142023434
055506534
661352634
533220044
446003144
352556244
265332344
101115444
014661544
620444644
562312054
405165154
311641254
224424354
130200454
043053554
656536654
521404064
434250164
340033264
253516364
166362464
002145564
615621664
110144005
023620105
636403205
542256305
455032405
361515505
204361605
146236015
052012115
665565215
501341315
414124415
320600515
233453615
105321025
011104125
624650225
530433325
443216425
356062525
262545625
134413035
040266135
653042235
566525335
402301435
315154535
221630635
163505045
006351145
612134245
525610345
431463445
344246545
250022645
122660055
035443155
641226255
554002355
460555455
303331555
216114655
151052065
064535165
600311265
513164365
426640465
332423565
245206665
440422006
353205106
266051206
102534306
015310406
621163506
534646606
406514016
312360116
225143216
131626316
044402416
650255516
563031616
435606026
341452126
254235226
160011326
003564426
616340526
522123626
464061036
300544136
213320236
126103336
032656436
645432536
551215636
423153046
336636146
242412246
155265346
061041446
604524546
510300646
452245056
365021156
201504256
114350356
020133456
633616556
546462656
411330066
324113166
230666266
143442366
056225466
662001566
505554666
112411000
025264100
631040200
544523300
450306400
363152500
206635600
141503010
054356110
660132210
503615310
416461410
322244510
235020610
100665020
013441120
626224220
532000320
445553420
351336520
264112620
136050030
042533130
655316230
561162330
404645430
310421530
223204630
165142040
001625140
614401240
520254340
433030440
346513540
252366640
124234050
030010150
643563250
556346350
462122450
305605550
211451650
153326060
066102160
602655260
515431360
421214460
334060560
240543660
442066001
355542101
261325201
104101301
010654401
623430501
536213601
401151011
314634111
220410211
133263311
046046411
652522511
565305611
430243021
343026121
256502221
162355321
005131421
611614521
524460621
466335031
302111131
215664231
121440331
034223431
640006531
553552631
425420041
331203141
244056241
150532341
063315441
606161541
512644641
454512051
360365151
203141251
116624351
022400451
635253551
541036651
413604061
326450161
232233261
145016361
051562461
664345561
500121661
002344002
615120102
521603202
434456302
340232402
253015502
166561602
031436012
644212112
550065212
463541312
306324412
212100512
125653612
060521022
603304122
516150222
422633322
335416422
241262522
154045622
026613032
632466132
545242232
451025332
364501432
200354532
113130632
055005042
661551142
504334242
410110342
323663442
236446542
142222642
014160052
620643152
533426252
446202352
352055452
265531552
101314652
043252062
656035162
562511262
405364362
311140462
224623562
130406662
332622003
245405103
151251203
064034303
600510403
513363503
426146603
361014013
204560113
110343213
023126313
636602413
542455513
455231613
320106023
233652123
146435223
052211323
665064423
501540523
414323623
356261033
262044133
105520233
011303333
624156433
530632533
443415633
315353043
221136143
134612243
040465343
653241443
566024543
402500643
344445053
250221153
163004253
006550353
612333453
525116553
431662653
303530063
216313163
122166263
035642363
641425463
554201563
460054663
662200004
505053104
411536204
324312304
230165404
143641504
056424604
621362014
534145114
440621214
353404314
266250414
102033514
015516614
650454024
563230124
406013224
312566324
225342424
131125524
044601624
616546034
522322134
435105234
341651334
254434434
160210534
003063634
645631044
551414144
464260244
300043344
213526444
126302544
032155644
604023054
510506154
423352254
336135354
242611454
155464554
061240654
633115064
546661164
452444264
365220364
201003464
114556564
020332664
222555005
135331105
041114205
654660305
560443405
403226505
316002605
251640015
164423115
000206215
613052315
526535415
432311515
345164615
210032025
123515125
036361225
642144325
555620425
461403525
304256625
246124035
152600135
065453235
601236335
514012435
420565535
333341635
205216045
111062145
024545245
630321345
543104445
456650545
362433645
234301055
140154155
053630255
666413355
502266455
415042555
321525655
263463065
106246165
012022265
625505365
531351465
444134565
350610665
552133006
465616106
301462206
214245306
120021406
033504506
646350606
511225016
424001116
330554216
243330316
156113416
062666516
605442616
540310026
453163126
366646226
202422326
115205426
021051526
634534626
506402036
412255136
325031236
231514336
144360436
050143536
663626636
535564046
441340146
354123246
260606346
103452446
016235546
622011646
564656056
400432156
313215256
226061356
132544456
045320556
651103656
523041066
436524166
342300266
255153366
161636466
004412566
610265666
504421000
410204100
323050200
236533300
142316400
055162500
661645600
533513010
446366110
352142210
265625310
101401410
014254510
620030610
562605020
405451120
311234220
224010320
130563420
043346520
656122620
521060030
434543130
340326230
253102330
166655430
002431530
615214630
550152040
463635140
306411240
212264340
125040440
031523540
644306640
516244050
422020150
335503250
241356350
154132450
060615550
603461650
545336060
451112160
364665260
200441360
113224460
026000560
632553660
134006001
040552101
653335201
566111301
402664401
315440501
221223601
163161011
006644111
612420211
525203311
431056411
344532511
250315611
122253021
035036121
641512221
554365321
460141421
303624521
216400621
151345031
064121131
600604231
513450331
426233431
332016531
245562631
110430041
023213141
636066241
542542341
455325441
361101541
204654641
146522051
052305151
665151251
501634351
414410451
320263551
233046651
105614061
011460161
624243261
530026361
443502461
356355561
262131661
464354002
300130102
213613202
126466302
032242402
645025502
551501602
423446012
336222112
242005212
155551312
061334412
604110512
510663612
452531022
365314122
201160222
114643322
020426422
633202522
546055622
411623032
324406132
230252232
143035332
056511432
662364532
505140632
440015042
353561142
266344242
102120342
015603442
621456542
534232642
406100052
312653152
225436252
131212352
044065452
650541552
563324652
435262062
341045162
254521262
160304362
003150462
616633562
522416662
024632003
630415103
543261203
456044303
362520403
205303503
111156603
053024013
666500113
502353213
415136313
321612413
234465513
140241613
012116023
625662123
531445223
444221323
350004423
263550523
106333623
041201033
654054133
560530233
403313333
316166433
222642533
135425633
000363043
613146143
526622243
432405343
345251443
251034543
164510643
036455053
642231153
555014253
461560353
304343453
210126553
123602653
065540063
601323163
514106263
420652363
333435463
246211563
152064663
354210004
260063104
103546204
016322304
622105404
535651504
441434604
313302014
226155114
132631214
045414314
651260414
564043514
400526614
342464024
255240124
161023224
004506324
610352424
523135524
436611624
301556034
214332134
120115234
033661334
646444434
552220534
465003634
330641044
243424144
156200244
062053344
605536444
511312544
424165644
366033054
202516154
115362254
021145354
634621454
540404554
453250654
325125064
231601164
144454264
050230364
663013464
506566564
412342664
614565005
520341105
433124205
346600305
252453405
165236505
001012605
643650015
556433115
462216215
305062315
211545415
124321515
030104615
602042025
515525125
421301225
334154325
240630425
153413525
066266625
631134035
544610135
450463235
363246335
206022435
112505535
025351635
660226045
503002145
416555245
322331345
235114445
141660545
054443645
626311055
532164155
445640255
351423355
264206455
100052555
013535655
655403065
561256165
404032265
310515365
223361465
136144565
042620665
244143006
150626106
063402206
606255306
512031406
425514506
331360606
203235016
116011116
022564216
635340316
541123416
454606516
360452616
232320026
145103126
051656226
664432326
500215426
413061526
326544626
261412036
104265136
010041236
623524336
536300436
442153536
355636636
220504046
133350146
046133246
652616346
565462446
401245546
314021646
256666056
162442156
005225256
611001356
524554456
430330556
343113656
215051066
121534166
034310266
640163366
553646466
466422566
302205666
424321000
330104100
243650200
156433300
062216400
605062500
511545600
453413010
366266110
202042210
115525310
021301410
634154510
540630610
412505020
325351120
231134220
144610320
050463420
663246520
506022620
441660030
354443130
260226230
103002330
016555430
622331530
535114630
400052040
313535140
226311240
132164340
045640440
651423540
564206640
436144050
342620150
255403250
161256350
004032450
610515550
523361650
465236060
301012160
214565260
120341360
033124460
646600560
552453660
054606001
660452101
503235201
416011301
322564401
235340501
141123601
013061011
626544111
532320211
445103311
351656411
264432511
100215611
042153021
655636121
561412221
404265321
310041421
223524521
136300621
001245031
614021131
520504231
433350331
346133431
252616531
165462631
030330041
643113141
556666241
462442341
305225441
211001541
124554641
066422051
602205151
515051251
421534351
334310451
240163551
153646651
025514061
631360161
544143261
450626361
363402461
206255561
112031661
314254002
220030102
133513202
046366302
652142402
565625502
401401602
343346012
256122112
162605212
005451312
611234412
524010512
430563612
302431022
215214122
121060222
034543322
640326422
553102522
466655622
331523032
244306132
150152232
063635332
606411432
512264532
425040632
360615042
203461142
116244242
022020342
635503442
541356542
454132642
326000052
232553152
145336252
051112352
664665452
500441552
413224652
355162062
261645162
104421262
010204362
623050462
536533562
442316662
644532003
550315103
463161203
306644303
212420403
125203503
031056603
603624013
516400113
422253213
335036313
241512413
154365513
060141613
632016023
545562123
451345223
364121323
200604423
113450523
026233623
661101033
504654133
410430233
323213333
236066433
142542533
055325633
620263043
533046143
446522243
352305343
265151443
101634543
014410643
656355053
562131153
405614253
311460353
224243453
130026553
043502653
615440063
521223163
434006263
340552363
253335463
166111563
002664663
204110004
110663104
023446204
636222304
542005404
455551504
361334604
233202014
146055114
052531214
665314314
501160414
414643514
320426614
262364024
105140124
011623224
624406324
530252424
443035524
356511624
221456034
134232134
040015234
653561334
566344434
402120534
315603634
250541044
163324144
006100244
612653344
525436444
431212544
344065644
216633054
122416154
035262254
641045354
554521454
460304554
303150654
245025064
151501164
064354264
600130364
513613464
426466564
332242664
534465005
440241105
353024205
266500305
102353405
015136505
621612605
563550015
406333115
312116215
225662315
131445415
044221515
650004615
522642025
435425125
341201225
254054325
160530425
003313525
616166625
551034035
464510135
300363235
213146335
126622435
032405535
645251635
510126045
423602145
336455245
242231345
155014445
061560545
604343645
546211055
452064155
365540255
201323355
114106455
020652555
633435655
505303065
411156165
324632265
230415365
143261465
056044565
662520665
164043006
000526106
613302206
526155306
432631406
345414506
251260606
123135016
036611116
642464216
555240316
461023416
304506516
210352616
152220026
065003126
601556226
514332326
420115426
333661526
246444626
111312036
024165136
630641236
543424336
456200436
362053536
205536636
140404046
053250146
666033246
502516346
415362446
321145546
234621646
106566056
012342156
625125256
531601356
444454456
350230556
263013656
135651066
041434166
654210266
560063366
403546466
316322566
222105666
125101000
031654100
644430200
550213300
463066400
306542500
212325600
154263010
060046110
603522210
516305310
422151410
335634510
241410610
113355020
026131120
632614220
545460320
451243420
364026520
200502620
142440030
055223130
661006230
504552330
410335430
323111530
236664630
101532040
014315140
620161240
533644340
446420440
352203540
265056640
130624050
043400150
656253250
562036350
405512450
311365550
224141650
166016060
002562160
615345260
521121360
434604460
340450560
253233660
455456001
361232101
204015201
110561301
023344401
636120501
542603601
414541011
320324111
233100211
146653311
052436411
665212511
501065611
443633021
356416121
262262221
105045321
011521421
624304521
530150621
402025031
315501131
221354231
134130331
040613431
653466531
566242631
431110041
344663141
250446241
163222341
006005441
612551541
525334641
460202051
303055151
216531251
122314351
035160451
641643551
554426651
426364061
332140161
245623261
151406361
064252461
600035561
513511661
015034002
621510102
534363202
440146302
353622402
266405502
102251602
044126012
650602112
563455212
406231312
312014412
225560512
131343612
003211022
616064122
522540222
435323322
341106422
254652522
160435622
032303032
645156132
551632232
464415332
300261432
213044532
126520632
061465042
604241142
510024242
423500342
336353442
242136542
155612642
020550052
633333152
546116252
452662352
365445452
201221552
114004652
056642062
662425162
505201262
411054362
324530462
230313562
143166662
345312003
251165103
164641203
000424303
613200403
526053503
432536603
304404013
210250113
123033213
036516313
642362413
555145513
461621613
333566023
246342123
152125223
065601323
601454423
514230523
420013623
362651033
205434133
111210233
024063333
630546433
543322533
456105633
321043043
234526143
140302243
053155343
666631443
502414543
415260643
350135053
263611153
106464253
012240353
625023453
531506553
444352653
316220063
222003163
135556263
041332363
654115463
560661563
403444663
605660004
511443104
424226204
330002304
243555404
156331504
062114604
634052014
540535114
453311214
366164314
202640414
115423514
021206614
663144024
506620124
412403224
325256324
231032424
144515524
050361624
622236034
535012134
441565234
354341334
260124434
103600534
016453634
651321044
564104144
400650244
313433344
226216444
132062544
045545644
610413054
523266154
436042254
342525354
255301454
161154554
004630654
646505064
552351164
465134264
301610364
214463464
120246564
033022664
235245005
141021105
054504205
660350305
503133405
416616505
322462605
264330015
100113115
013666215
626442315
532225415
445001515
351554615
223422025
136205125
042051225
655534325
561310425
404163525
310646625
252514035
165360135
001143235
614626335
520402435
433255535
346031635
211606045
124452145
030235245
643011345
556564445
462340545
305123645
240061055
153544155
066320255
602103355
515656455
421432555
334215655
206153065
112636165
025412265
631265365
544041465
450524565
363300665
565523006
401306106
314152206
220635306
133411406
046264506
652040606
524615016
430461116
343244216
256020316
162503416
005356516
611132616
553000026
466553126
302336226
215112326
121665426
034441526
640224626
512162036
425645136
331421236
244204336
150050436
063533536
606316636
541254046
454030146
360513246
203366346
116142446
022625546
635401646
500346056
413122156
326605256
232451356
145234456
051010556
664563656
536431066
442214166
355060266
261543366
104326466
010102566
623655666
