656234051
652460324
464466614
634142560
341365001
052136310
161350120
060430144
354620265
255320421
210436052
113221546
042551323
132103155
415605361
253164242
515032150
452301223
452543660
103246645
441245515
023066604
422202013
446502255
462643551
606406621
462105264
154240502
023625616
614116651
334354202
366365556
025411262
360502461
411332212
520002533
406130562
616125414
121015560
566262052
143615264
306625006
015301636
003421120
462023623
225531342
506444036
263614446
164261103
635333643
141420506
553331456
253461025
332513436
345101404
116504013
415056560
021331552
013655236
003133353
564244612
324203644
446401560
105422156
361014330
312114044
256630216
410052004
011565511
151462462
006323664
524206421
652312151
504263264
101121325
212212532
046263132
414562221
212402420
512104126
145205652
344032244
633060011
153656124
063341514
463031322
642103033
240620436
043442251
103363251
550066226
356454444
220243224
604002166
106203543
056565355
141435445
115602415
506415111
500221624
155316514
116002341
364150564
005665545
244654610
315343363
424661600
520144455
264323152
256354366
401554145
332505360
130253001
324611223
215204241
541541351
516220321
662253525
613305315
604321001
444355142
623656545
312066425
544632106
665141215
154336012
605162632
611223101
260601606
115464321
204055543
612534230
530165564
263151040
551526132
142456162
530616255
235310253
366612141
144524451
160355211
115330665
120666400
314525343
620610366
346113526
132452626
241021460
520250412
151500321
204136634
225566665
122031102
034200465
266032456
626146230
654166353
621513523
241642021
211535434
244064323
024005403
406442644
526241140
544100020
205215106
336556003
635354516
006614655
032160602
534516066
465624103
564652443
223066555
042641205
610360520
525323165
534453333
201366411
552655434
463364010
643646216
312664560
046340160
042420330
235645433
610166205
361130345
010631241
021255115
613624225
564115165
453356031
455445234
052500406
505452521
514223635
035356140
663561254
431601154
531466326
041106553
513450105
342011500
515234505
323163166
500152262
540013201
105061566
331306663
610030463
201443651
334463222
151044652
503010246
226225601
065430560
024145152
666654264
555166034
536564621
260165443
045450042
150065115
354216104
530201211
300506010
304162445
306631614
300412514
150341563
126503104
422506301
335211515
525530613
311211460
633625351
416150045
233510544
232523314
123204302
654331530
613123652
215352654
531123063
302002643
203041552
310025631
521054263
434020151
052433542
646216334
044234534
163211232
502206230
034464650
064503212
156534426
153522513
532433661
465222642
060030055
401323455
406304002
323010612
036406364
642012212
265054401
012135523
501236544
166124024
351352015
044113250
341455664
014441304
042305113
302350655
512540202
100113635
444521332
655414064
444631455
321243010
346465213
105516326
210625122
262410026
132662161
626662201
453016156
216131004
516400534
044316345
314420053
042043026
621560410
133120453
235650006
600006242
431414510
311506542
206423532
016653000
511645303
320400501
652434115
565554646
025344000
326245453
253015233
462615045
633266455
343142310
040062541
144360134
615540640
655135552
522515541
413403624
051143103
241510363
165604660
236212664
665226013
510542416
511401601
065233221
262613100
145020100
456233645
306260511
331422305
566356425
463265306
355046213
460332534
322342306
146600202
025663356
506632020
203506223
630244362
106316450
245312405
603336332
302560240
350540530
203405032
345444435
600344144
226060063
344546123
005332316
164406446
360536202
323424542
562454222
166441464
503053010
424644256
202040622
050633125
531553415
056315501
061524326
416634166
533126502
622401352
112551554
464606520
503540360
036154551
462341330
002524462
602200105
454235411
360404356
102025144
562313256
436541504
613545063
602215461
535622200
010204110
351533263
434613135
621450554
314561412
505150130
426665322
141631531
035116613
653220336
543113042
431203320
406013303
306021135
222200564
532651065
565646340
420042605
363135226
254424624
320031026
623361036
012622135
521300645
405055215
531410051
162562030
655244206
260233510
150134203
016221163
651102002
502131511
434300314
143334523
366302600
265126131
625102111
136061314
555014536
660431420
355331301
110563506
102442565
246632565
045556464
032564543
045463154
601231235
451101545
626120541
054101664
351660131
662363163
256342522
450251464
143514000
002212304
555112233
136665603
353202323
445466063
614300153
602446456
350605402
651641120
062345425
515265441
033352461
403535620
363456635
600052324
154052404
255544154
065261452
014154420
015033344
305341254
602005536
405111400
340220043
345305266
604014600
055621506
313240266
643225420
426034224
415502044
560526263
264235062
435266521
213040000
630045450
325563443
550423151
051655621
402214556
516452446
430252540
643435602
400400433
052346252
512255356
200613421
413622053
424460046
664143342
435235016
656325023
205233366
244633311
414110300
066661026
416466101
361540106
254266640
114041423
546325350
113255604
610064316
141543232
240445646
151635050
250104615
132146320
601551013
624410235
326521656
340111352
124126516
505664013
430141042
431445102
625555020
621404146
335626462
224222443
621026611
365230004
151244561
523301260
641063402
206143115
226544531
364024116
610026554
163453244
111036305
310303145
061065362
546604432
404346064
413140631
514321222
630325532
652614642
420553334
021630405
330622150
542606624
033134014
261256355
541112436
445251243
041426222
455105405
540324025
644003356
613441112
402526654
053650510
245153625
204214012
446663014
462266433
501062005
434034412
120335320
640231142
410123441
121640344
030526341
125643041
561555533
602453201
263443313
035432235
401224020
446222531
412336356
214245145
460224565
552122412
130340445
624051522
160045304
224625364
221416045
355111146
666166122
326105043
256536160
624543465
222330133
503300513
464621244
066414134
144055226
004340211
231615656
142516415
610642664
162634355
161533011
111316231
604610443
023314453
215620563
345026021
521224314
154225666
656640553
556130143
534601302
211522555
004252432
632636526
661422266
242246002
436423126
122304066
661262144
042134246
266230623
033005630
461214204
055013665
145240424
114630110
242004014
543411650
130043216
233456300
432125635
546310016
330055342
066521361
226602150
465246166
634161246
650243443
435560112
054452163
644262605
116033262
104343106
244406531
422221406
136522142
356412056
565000416
042215640
650514511
406564434
354011461
245223262
460320650
125133454
040510225
450425503
315434033
233333404
113164154
031044313
626424403
346350221
445125524
436621410
536412543
200650153
531061230
645310122
543565145
254614505
116410442
462620312
301000152
136250610
323035534
464452250
660055665
410130254
316435521
224100351
561252400
333415452
342163331
565113311
233221031
242062636
003324536
256123050
420233161
521216602
603132504
445262350
043161465
312256253
650505264
304435255
506555254
212643444
524151345
450511643
362325410
026242335
361342223
046422415
636351052
313531103
412015130
300455640
645152451
332102201
311060203
131303024
023403563
453003435
201104104
504105646
453244133
554022520
521604500
433445245
654663066
520336001
246464140
422446243
132050033
556151622
416526110
433342355
442455401
554124331
463302143
032151116
261546643
323021363
001600526
130024664
320160015
015562603
646565530
561002254
532204403
021152023
361201625
353116260
631131624
146353433
135660254
210343602
363603015
266333035
651452630
453660343
644334261
554425015
101241004
155620632
562632231
134246051
303106141
136264266
415441055
231052211
125350234
100464443
513326464
346364665
056062612
602535042
015310410
323556152
501332463
003265050
111124636
312030146
011434262
020530132
615355131
452466550
412410561
261114622
020363210
031454436
203652611
463651111
143431366
441141606
113432401
534366511
450416321
130534533
431152364
311662661
232365105
653510606
326064111
622345654
240353060
256313144
655501100
146046155
300332621
205435323
064515004
661536565
113150312
350115624
114034556
363120401
111351343
133322234
426406412
026546622
142243613
533661644
646602123
443602130
112611021
522044134
550302346
666553441
303064321
464053036
101612112
603554356
012415312
251444400
044023505
055144345
561503140
441616441
163534162
026443206
603653462
652340010
166155542
365351662
663354603
105541111
435532423
316630352
605036655
465453302
544615522
201525200
434231120
031341266
122222120
140521165
536533550
123060426
554323403
244624042
605144021
055523022
516261616
036202506
014606011
554464102
553110354
345614251
155062053
662526500
234553101
304602334
515206056
211420214
013632360
535005025
512361000
603114113
102351412
042566051
530535406
305100225
321202232
323633200
014031615
004445530
136512365
565420124
006006233
343054515
141104041
503616561
223432016
104550263
641611635
630203626
443114361
636545326
214642213
425340526
456040332
554500555
422164411
304354023
302243121
212220656
141206106
564260536
452514335
252264465
634532054
262014563
436315424
311041032
513536536
236140261
312363614
502004365
210550335
034421213
250336545
160103363
316440615
044642440
121223256
213316616
356266503
526235215
164131652
430124306
634515110
031536020
425000050
031511401
402250224
444645663
266366204
361554054
502020441
211044246
052050361
500605051
643300004
536540135
330044521
412061042
341310454
105105310
252341641
035100031
230421556
501651336
132363342
226413320
560440265
456200026
043112124
356106336
605210614
526603313
454143025
425462125
342130663
635224630
625004462
322532510
046054606
404420605
633562106
103651206
433153513
261240230
115326643
351142451
222422662
615460436
335140656
035404522
623263340
333345500
564432325
502501153
166004505
202312260
622036064
505463450
012112666
351163512
423305551
334131433
510115010
051603234
123251450
521551124
663053154
453561561
342200316
510043325
452226215
054130222
551125244
666522625
052511214
432036640
421434351
116222005
000425652
401461031
120244036
626050315
102324300
611425061
000456066
531212125
146230353
061304442
013563035
142441040
204666452
543154234
442421114
465311006
222616211
121460633
342522004
055024250
436045611
411040124
264141501
242211155
523514664
123024035
014056134
456113231
361461110
256446011
230322323
340451005
304663503
115146504
062401161
630643505
133654363
400325116
652021055
064122056
406036201
435240303
216112353
544251131
454033564
352525125
241360542
135500246
204144463
365645112
553612135
556532302
456624354
515053432
423326625
121501055
444043110
005153446
326456331
122013225
601101466
022456610
545155003
243500411
400242253
654103410
410063153
121144160
034215321
135112040
152216343
034136105
645064644
264251216
560341121
621133132
560136523
110156146
230334111
456631033
160366335
361515215
046135631
411035043
205456114
124033631
146162116
416454653
245034132
154513153
230502652
052035656
451505612
253141434
024453051
013540454
605441503
040256200
622323321
666360631
565015653
135001451
241556036
561341610
250615340
411343540
146245241
621445421
245560035
226105425
052616420
344461641
236256222
251221302
556203454
556626641
254305332
263662220
210445130
122412434
033506515
221120126
111613463
665252361
241103216
051652245
560314302
231224153
111165220
411102650
451150416
634364035
511335626
403311134
133230025
560056313
651314425
245543300
121652136
541562614
601510422
226026346
035121354
421602404
530511320
362413364
113665042
323512021
360305033
554630460
336062460
206501536
264660655
041443365
302115232
340356416
250301054
123130640
246563466
034251044
444303501
623236326
034046542
443530052
026616103
006156302
651463255
200560001
403162026
165340351
654042031
136411100
206436405
421365235
032013554
425215533
263213054
421520034
144412013
266640402
326610430
204161150
516514245
201155052
553243301
356145062
666400210
316051210
544301544
546643656
424152612
060555546
016366313
201305565
623342442
616601324
305042402
453525446
260142014
465334245
441633622
152364236
515550061
466535105
123545520
150402651
426331441
553250663
242121221
616403065
435653650
635551305
240252126
316623233
652231603
630650641
602502414
525221551
422113346
214166562
015413123
600411345
250654231
301122533
041504260
252054120
241030601
461512352
042324511
001046636
603520212
361321541
605023226
604116525
540006160
224462504
454204262
006430013
406255063
666311243
013601142
536614004
124502562
132405214
630011034
161653605
636634445
134451561
156645136
446230400
566322136
146321611
001362130
335033606
342126545
640661050
511016113
552411306
223046121
400545035
452252102
232630450
413205240
640102335
515412002
343402062
546556512
506354540
313503351
326425160
533254142
153115102
065162620
051201413
302231350
130436413
563023566
321022424
416646435
163425133
604465616
544342362
465525251
660105100
613402556
124155030
355562364
506431242
235361360
335124243
403645314
015600104
523465353
015521445
665306430
663630156
116015054
345603342
230031205
455254611
411411226
532643223
626111154
240126603
100200661
640413562
654605541
015636453
356604220
163642006
464313460
500356633
010640023
233344026
665564333
505021312
060664404
052165141
046146044
464330021
143045412
264362341
550335162
212263023
514543014
232541162
510603266
631150200
410351515
022366446
605365304
035443411
146254325
422550166
350020314
466415662
430260634
262355324
110145653
555242255
144436620
623600623
232602345
540032422
135342612
013210041
030213263
466426030
213253561
211452322
020652502
502143604
315426206
004504501
020224431
243555653
234430515
616554102
163410505
455552556
421666116
255335610
333141125
650212020
206160344
122040511
044415466
322430422
414650532
655031414
433666232
032625242
041205324
605602263
032226560
434556430
001001300
004563320
500522430
444010065
354234346
455322060
165036234
032314631
526661535
231063164
302306504
344531060
122510350
511353204
351265426
306545143
332410113
132232252
113213115
531135312
166434641
260200342
466162263
341336124
453363122
322554633
644056040
222505256
463154452
652262516
240264651
530220166
631116161
621646052
240515131
065464216
630423010
661333350
120001610
220261313
655523315
535161101
260412203
450404040
061412611
642625166
014222254
466044440
054014043
632442003
260061532
315214626
653664534
465403053
140610503
410504322
423051646
062011435
460563425
632552531
363316522
430626024
443644502
455136626
546211423
064120633
111226412
406424261
233003113
232156441
123613536
462433416
250153504
133310306
306510064
215236330
522362024
422563532
501624252
332165053
245401315
304523611
464531513
350254552
153531245
055666261
262405502
463000261
066551150
350362103
231351534
062136032
551253046
251411412
322621522
262166316
335535141
402203442
140133121
643163223
640440311
530542244
442533143
106166061
210364263
442352563
165255435
544404253
023522240
203222315
160312426
515445511
310144212
611246533
353034002
356253113
611633514
230455021
134555645
624526144
265446525
031550562
402334613
460635260
360153255
220623645
360210135
002643332
002036123
141652250
340233236
050141235
103566402
411004531
522052651
350132566
315261134
624065204
540435334
204503045
322266362
252232044
016012525
325246631
304360366
334552316
623254024
033243156
311413535
161210646
000141361
445011631
364510620
524441626
650606113
005022034
251055100
110304434
230000424
436026253
141566340
621115305
623155261
052254030
055260120
011250306
604223550
654350626
550016444
112404205
663643630
111360056
550430600
162641543
410062514
324255506
242344550
210514450
114006360
605426360
314346441
456455310
334310042
030361625
635422444
011326600
415164546
641320233
355421430
056336434
626015046
516010660
252203136
365452413
001621643
602666341
636435153
363544241
251400666
344656602
225042540
314504164
532402132
414312633
461122115
140262064
042050245
034635664
036303241
110551632
214356005
166623540
324012355
563006003
162530444
202411633
503135435
653346165
021533646
354542642
140634016
324123002
524030304
642501646
400516162
233414165
633600060
366223422
331604411
655430241
546053364
153436214
560360461
142544364
024454545
016320032
463236651
500640542
500301405
601013041
224214360
025631130
110616314
636010502
340561524
246433254
263022104
112201335
620232553
102130336
324134625
016532114
156160525
646250566
061146214
202534524
652456422
656041666
134114215
313104530
541022343
221033414
552045505
431002446
641332046
413421252
225651255
065650325
360614613
632034301
020111540
040164033
366545634
160013142
022260255
303204460
366043001
315135460
503503632
550564056
413252425
664314554
314645554
040341432
261631163
223611002
445636304
304655161
355303550
606061453
353320140
336651546
533444554
522620040
400654626
020312065
611655455
265524512
614215203
054416632
053225114
114622326
024536233
440314230
403634041
450613052
063032213
364436111
011344155
303216033
353541016
565031041
351451523
243236463
112023450
223265432
361636436
601626304
125453515
523560231
135021503
604264126
120020252
235565224
114644065
116344620
163605421
603466546
355405645
520403022
420151103
322106450
214303426
524316130
401350501
115101062
325006105
261205111
643040533
561611414
000246414
542331635
013013406
400662365
505245222
331446250
433401341
521263520
342662452
165512501
320325204
145202145
045612333
513132645
352635313
126121432
054061336
043323344
043251612
060623061
542025062
560234154
106234130
510411164
612120365
104142224
403064662
525134366
555304604
212145036
353553420
624306206
544523246
534302450
261334506
