240510611
353345344
552460113
454046520
160455630
643042155
501003335
455011066
410061122
533066653
513250533
242351633
014406265
654562052
242120340
644623216
036244314
454243114
662531425
660430036
205656355
500263013
600205246
246665055
455003612
606211432
443541236
564144326
151504246
561125144
451352331
416104540
440132423
141335244
520615442
214216333
544212656
425334464
315540041
314552300
312410506
512444252
141055420
462111656
032162015
133631553
106032005
321666050
316003620
625652411
316254655
104320156
455236652
144260452
134011236
114355612
134603322
235126445
002053036
330532003
263424600
032663563
626233115
462401100
423462046
033312613
561016250
265321406
323035600
032541213
604455034
642612426
403421524
043020402
210033135
326646246
233125636
633262335
054660022
313632322
065554452
650525655
260516052
533224211
014121530
642534643
056514635
262503362
663365503
012542661
135130151
153211660
300362254
263615246
042016203
164561461
050151355
424130146
112606366
241141526
114443511
456204415
150635421
550131606
642566220
202464050
325261302
505544520
634110620
031411611
543201540
466212020
511621350
441113416
036641452
230553400
063643164
025236134
100612300
414366434
006463653
132443650
141513350
546315141
056300406
232306261
522406063
211512214
110604211
411515140
001046106
340025145
612151136
446360042
224322531
241240202
532636433
562320516
342654621
363334146
623051101
242302451
103250000
243612161
333660315
411230345
222330221
420653631
554036043
254162616
421620643
565465254
321404354
123443243
452240333
652135254
102035623
046164061
555634532
346405223
631154241
250604360
505366130
026322604
342311415
000660423
126200566
166611634
034022552
110050303
431663151
402530555
510226341
533345066
000243321
536413562
361313500
445241420
222536160
541310535
563523413
344546454
615623465
543550444
030636120
243136243
524563221
064004661
314101314
315022413
501500564
505145605
021264120
405610363
564355545
316356543
321555242
504642544
134426012
164666524
444513501
366225631
026100351
061543032
400234250
224351165
232403514
002252444
320446125
203544104
335034506
461665064
532662200
434256310
461405452
552214320
223114356
002301322
203212605
265156031
125112666
325501230
556153001
224504402
141462445
116360551
160342541
123223014
065046010
235621313
221656204
004110554
612526354
251422564
534204534
553542405
601661260
440422261
516025201
040300255
063122306
013056664
104536503
661241255
653640240
611111453
410614335
265103556
615454642
565030322
606526546
264552123
652003304
330413633
000341515
056532144
402431246
155056342
163050216
641031146
365513125
506321361
303055352
630324334
161126460
556416431
250201213
113222501
232231012
603413301
105015114
646424624
621133552
331561664
140002312
155144402
545525431
333011020
303505615
024645654
022421356
130304640
165351114
366652261
211101232
411610422
113254324
515213034
102341606
222663144
540506662
010326502
521634614
362260640
602054222
010345043
466316362
040215060
412645450
561600023
021440060
016560313
610405164
636653635
464514644
044324544
061456141
030250105
634640166
256034424
126165512
220452334
333531355
223631036
544120015
540230120
534535225
364006502
336062446
216602404
666503353
066065136
205202142
145340664
216245603
200211564
400601225
524046262
646130605
230064141
336210343
226552040
601235535
665525024
321011214
445553264
156113146
655343021
124564030
620164521
661314031
063145051
514160244
660243565
422010436
031105024
254133320
605312545
534521646
600404500
232041565
245032365
326021552
202113211
300514421
631053052
126344130
423165253
226643332
236315330
146122653
355463443
552100124
103416026
621060263
523134240
365023330
011316340
615115046
445436522
332550266
460255223
132465540
164330301
262013553
635266106
211433236
245544253
660354443
453512011
614635520
166636315
501020112
352234203
214342216
564314110
316622523
413433652
353061451
520010151
651112504
300451665
441165500
420140210
306430513
120034446
521262344
561224062
066331013
215664204
025160033
412133006
215435212
363614404
653115121
646116133
143343335
333242460
651022632
351164366
505622052
364535104
122254265
441054302
012463305
535352035
616351060
612025365
346524200
053544563
330460414
660261636
152546516
161632603
200336646
321063536
054536651
346226325
253024243
213331442
040533514
211254463
441301605
036231560
344053432
531012332
606152610
653335030
522512634
001150646
410324636
022624445
434142242
523142131
342515062
216140364
053353224
435526030
412262352
631365124
032500645
303144532
335445022
032314250
452052626
001654510
463650502
005036462
220200622
440554025
326361641
562235350
531143455
633216541
555555366
303533024
261011321
654626563
624440553
403546422
351625233
124625240
502511265
605063664
303112150
641406430
521346621
540041034
051435002
224020606
050112641
225102600
602442062
503655041
000525210
252112363
266506510
522205232
401343461
142164125
145666416
402056453
240123003
055010543
511315226
613404426
350050164
565633011
655252256
230520225
026154505
162262133
244045621
464502556
432354346
144461134
612016445
466133234
610333350
221524111
125320205
365402644
311342665
146336632
431446224
602522231
111564610
422323122
511353364
213152410
034616506
351033363
426541660
245506324
433340642
431565016
156001050
512531141
413530163
322200401
651326004
133425405
463106123
334366303
154041201
654040311
633023110
165045566
054220264
544106403
360600112
264530230
154614453
611004103
625515335
355110434
063033542
515101643
320214036
142224306
332133545
130144113
616644033
552332520
166234522
415662606
024132622
344064613
415136361
141651252
252442145
162302204
662621040
114161055
323003153
023565331
203245516
146610321
336206032
125304333
332601244
605635453
414065363
133301421
434404003
065602660
140416554
451162224
354305516
656306625
352330011
256225542
340204151
012513246
464223543
301600256
121450524
301523143
241664646
356432232
266120533
525244143
630032326
351221156
636514366
264062450
013261463
615100525
344621424
610510404
636616210
156445326
366463216
121305311
160441363
250256550
312221210
566564602
043255215
132161632
240414406
653601464
022310365
332644330
511446546
302024134
554565633
602403123
313556005
315646534
304646110
350416200
660222415
045163450
621106145
404663340
063431666
444036115
032455424
104332210
160146006
105042431
361152016
451303043
215212523
150653240
065206221
662113314
660345150
324144004
153360623
131532115
311126642
210203445
624112213
536324125
052224531
353462166
263312522
015611205
055135510
503130334
661363456
104415655
204461315
520333002
430005461
523002462
365460401
054452551
241124452
034260111
141156611
306136104
210646153
305524312
623245363
233513436
254316101
506043160
064423026
051002165
506501152
220421112
113525050
451241501
552543460
652400660
312305155
130163361
123415531
003325446
104255361
133534631
656055140
404100261
215450165
610263226
655501116
101543200
005442324
155610615
425416410
210550542
004631131
425122155
143132060
266115415
465215401
526352453
423626451
664154512
233344415
146403001
541643533
365641056
442344065
132242026
120026515
565652140
140540126
624462141
551331055
204324662
542154053
655422303
522253606
206053441
414654066
644343652
410042504
460321310
116553422
244455216
516442614
412653212
201304444
535506501
612141461
123451450
024535436
436335665
136222234
252502250
045362212
304062001
234435304
363124225
646152564
512251025
466040421
021453435
013062032
560032535
160523344
014565125
456313155
666610006
430210606
236555551
264200004
025513461
323143466
403041313
410512460
053605103
122125236
105021043
150405545
362336624
513560206
105106254
261402035
011464231
424433560
403625162
414620114
320303410
302163622
112520132
065626232
100410162
214523366
664136441
255623604
243531500
132452101
566246204
022650352
155651561
642656002
432564435
625445200
466056063
544641362
356265006
125363346
664406613
331303223
355064024
331651431
624604255
633466060
510161411
556245135
105300022
111436334
342245541
053503310
300643435
556336116
351340120
242236404
312162331
050246412
030050556
543422514
550464455
224210441
103266343
055041525
406024051
415400356
505116222
344411043
111205005
034556443
033360354
203004025
346000014
161510045
531540303
162540251
661623521
323426234
202305650
246231341
443366561
520505550
005551001
420502613
344142163
632145101
661115262
546656330
625205051
201541010
540362021
220125420
316422351
534533153
642065606
051521434
035606053
416314203
645414015
023352142
622451032
253036314
545013311
526631303
541602134
514302305
402226560
206562621
232260536
326034331
420003024
011636455
313423063
204546635
406160403
606615344
446345353
621644306
515031410
132021324
412311034
245131054
032012521
553504054
406235014
664053325
551243642
001232053
355420550
424005635
001555323
045264604
412424414
560641400
544053250
253254632
642255152
436632156
442103532
114206140
314354131
502532016
223011643
324422610
626536202
550345261
613424565
201165042
612324513
116054536
025050420
454645305
106043354
541364260
021566215
451216464
321232162
310543102
330125264
404210025
636332501
050106034
042441644
343044261
533001306
326566423
432000154
621236026
251360312
510665541
310215126
465553603
516156162
360244242
616621602
644304366
062166102
013514112
265042602
241346114
563005521
354453015
110012056
233562543
361551306
553615555
430624402
642353205
520661566
465562241
342626556
534105341
354441631
041201554
244153634
432656165
256503026
452646041
044301626
055654343
455520222
420151043
010122114
011652021
513113615
511403010
155446033
150013502
000603062
403150111
225264555
212023400
450650316
600026640
432505320
355311223
261453313
622414651
451321365
102622664
554014204
045425153
253465061
500014343
520025336
031063204
660555311
626300234
455142630
020206300
260433501
016461024
426425315
601432414
611103661
400300533
535042123
111506151
043213123
366031464
466362514
334243556
350614514
604213510
234524021
202104566
640246364
030111002
614224045
615610150
352023641
530320043
520042645
533311134
102651503
444010662
204201451
432036601
444464321
045356166
425661623
156565260
535414626
152316065
556005313
663514550
501135121
201203503
311630561
335344611
546060356
435003213
203434451
442625013
653223202
120504164
362343113
201121105
120150432
545201266
502314504
464653454
452015351
236136066
546066545
554623130
301425300
536620460
103231125
510056426
231206346
364150203
103624430
613240122
426164336
653564145
625141614
505262561
236252322
016024322
101204652
230035652
264456405
003346233
260666331
613120031
465124504
200051130
016152233
061525505
563430155
504215102
530531232
225521541
015323141
562256511
605624126
310041340
006034216
156240044
260355062
424206152
452020005
522365323
141500413
636221053
001226216
305431321
644315400
415551332
203260424
555303444
101261031
236563112
161245414
303256536
415325535
466426156
211613106
540354104
000226654
011500200
214600641
035553616
401166565
512620626
511533525
123314602
164211312
160160654
536151256
341466262
651554013
422213254
010416136
006312125
556166640
401312602
643351622
430631364
026240223
232050610
114331564
030540431
126156220
552402336
124550011
130205433
302630442
145361000
041655406
545451404
663230611
306443040
462642235
030621635
346301136
013234400
014653603
560301651
021054653
030166246
633431215
414245031
300045203
536611045
463016035
635155302
056021111
112655143
606016530
626246450
222310014
534650521
154151426
631541542
453661110
320265465
122633055
530102516
254535565
450566301
523410403
360016666
245434140
420243403
106346011
242665434
661002540
403552530
556053634
341350063
340351520
221225553
045230306
036513054
042135533
325612103
136134300
553551512
234602010
063151240
631400341
303210212
034123401
031634262
051542426
405043145
005146541
251461625
355154260
150020231
346604462
255510300
445060230
332364162
561421633
246010244
155163535
405303006
001613624
204632425
206313063
446353610
110220665
510034061
131030033
101153562
303223555
643165313
505640211
235115160
133322462
606120252
241143044
006520065
433403231
662142623
506422243
204166153
436051205
232156523
611060634
255233416
212355001
121606532
330136312
421530004
541435661
134032644
130361242
034365532
504664165
601451556
250632215
013625311
235441220
256010032
420315116
453134526
136400110
354501145
003660661
355526161
261034056
111521223
612515622
310561553
613430544
133103603
363320052
145356455
436440505
150062463
046101425
214661552
103100445
035402363
404336326
303300360
052364016
243066126
332105413
416563645
644412532
006355202
002603411
060644536
526403446
103363412
536363233
225335526
321542551
646433463
521014425
515460462
326313324
454425666
624025123
012030040
501142266
322005046
362454564
520420021
562335412
310360005
036424436
660162342
161356235
466411541
566161335
162414323
406406634
340120501
314316022
266022226
601536650
314363060
165223261
105653223
630543015
445223056
243406202
566045042
150423116
040331401
130233454
136264663
465322063
554340502
654061544
065211146
345100242
153620066
633045004
654006436
446012100
550650253
035243235
652563551
020521103
334056251
413201016
115552554
334220435
035205440
102420220
441566066
642660545
160532266
161362320
530412105
342106655
646041510
252540624
110501436
604460602
661250330
004333045
615005432
050456623
612232263
100566233
645420446
413145620
051334133
622520463
314115235
042004110
053215334
234613265
215006240
233241654
423542354
060204424
431264512
632604616
166462052
220242011
353666605
022143524
643034434
543646325
661024214
145101331
464264206
025215612
536435050
235341132
255665430
461631530
204254214
605254405
641502301
235650044
022022260
263141111
102452515
605011251
626023066
601666511
266201665
420434605
202633630
322046633
330100050
551050601
131145240
523263430
324202226
123062225
146555604
661162163
050362100
023146362
303040636
423601342
522150465
261046443
313233241
122532342
364134650
424355050
112136550
423613020
564321222
535316452
145564562
163404132
251440451
314644223
336241121
052120612
310335433
655416144
326102065
126464204
060410213
244054560
162243446
411602515
421136513
015044154
626450616
141522536
331222602
612246013
046440132
211414520
044430310
101135356
166524016
454331640
413002141
626324412
506454306
026015245
353550321
325656662
110642632
564242432
062061343
256644611
464615133
304464545
031551150
634353144
443616614
524454122
455354553
554122354
101301163
143326103
401202436
441545612
151612142
004156060
023334551
315030255
510655234
366323445
266444355
523216165
405405511
002665226
053446150
113165106
154402024
242223135
204605336
145203625
352255614
131152404
516500455
401414153
124035062
064315353
335555133
440216245
152625154
131626301
450105202
136515211
115066621
566003105
602161004
230222166
504554651
203363265
643202043
560665615
236350103
223253521
644211224
331213011
654143433
312504033
156216252
130600504
455444216
044512345
461443606
150224023
664632334
431644625
115401502
565114233
442521442
562021166
361412453
640611663
461541123
454222400
425504045
016503531
023602524
603352666
405423432
554510416
116413230
241515033
614431001
053526042
433135444
263061234
252626322
152116335
446063523
546632251
613302252
324111561
340622030
462424361
340613346
225333635
004044440
166535443
161023655
444221611
245633102
126431161
504330463
163555165
216316654
665131103
341530332
005364325
663256054
002445430
610144265
532353331
625326320
563366645
311212630
044234032
340445656
041110101
265134310
023505656
445605146
000134663
041103241
514412440
342556313
353266522
250312236
055121463
330655325
345115320
602230164
410055015
335322240
355201515
441252113
226046500
653341356
025404106
446215536
644500135
143000651
626655022
521550136
166252646
623541023
634164454
665035645
062051612
024413402
114234116
110516643
010232546
242446331
220533620
012640115
126511405
534546664
524161100
626561154
131014564
665060562
615234310
526654513
100556414
341633420
305246065
104103016
222062003
311015512
402563136
451106350
235430663
563163046
213551255
432123353
422044542
646265411
362352430
635360510
143644012
200000416
465540315
465263324
655166012
306545466
461330253
416031633
021026041
421605125
456451462
622242505
540023622
523120650
440453142
505026404
520436656
055263162
405651644
426603263
034232665
602316112
546661214
345532626
462365631
000465364
403032264
041325610
343002303
350601201
535561524
436465143
135004355
366664153
203420353
010255451
624360425
325045111
016211616
600633204
104240643
262054015
424051416
620063250
256630201
342432154
233414042
501452620
453450645
650544322
560110540
650465132
116451345
303401433
142014041
463164462
400640054
463410320
555433265
310121026
626462530
