021235105
134356211
215460325
356501435
551023653
612134061
044441104
566643244
111112541
641333662
034350043
525531156
235602266
300002301
450024066
423346034
002041533
131001645
224143614
415255606
200406345
661510454
022500415
132611522
245522631
353033032
053442162
505355265
616056605
051001044
166142066
203223264
214344143
425445431
526456500
640660635
006040521
201262153
332303152
443414231
554525302
665636361
461421254
102543146
630342400
324055514
431366622
060200030
550311141
066543336
100654441
213065550
322306166
433210003
644321112
655432223
130555023
352000240
563151151
303222645
016312625
102423010
233534110
344645250
536263431
600202512
015253263
466364340
331516565
452620606
043463511
154104626
262615045
306026140
410130250
520241263
032152450
003544422
164265231
110524502
521405602
163013216
013606232
124010332
235121050
346212566
336555013
602565124
025666046
143400256
224511260
321652322
436032412
540140562
051553130
035014424
036225536
240234622
351340052
462450162
563562401
614623306
056115320
206251442
340442556
532664003
241005111
142266343
314436464
300544360
513651610
622062020
105051605
324154013
460203125
501326230
112425651
651230011
253452532
316563641
525604151
516015163
052161216
503133326
605303433
315414342
465135354
330635364
641040100
412146023
402353534
422611253
541614506
530132044
260546212
610061436
423140542
434213650
001625461
110031525
223664665
314205021
440336403
220320313
331461223
443502313
413562443
664064556
001134115
241156336
365160414
445301524
564442663
665543005
000216052
111320361
222332201
301664215
444603420
666105643
534122135
256314604
340121501
512500514
623251325
030063262
143105300
612215432
063325523
404630633
515341015
626652155
023034640
544435055
363350206
400561311
554512426
050365364
161406400
113640124
635143441
646254254
035620652
146041062
250156104
406432614
633415416
624526540
161234534
202345656
333126051
153046455
254110565
362231400
454602034
325413104
631524234
542516611
156626413
264030121
343321343
120363456
636404563
064554352
265006503
320110633
411241026
502332356
650413245
060456636
105560060
216601353
441123365
542224415
655245310
036330501
061442311
242553021
355664130
464035246
105116354
026220464
054202501
165313112
206424026
501454440
532050324
643161464
015022110
126522225
232244335
241355445
452466555
553501661
604611203
136431130
140662644
251633553
362044622
406165202
534266116
545530546
525206222
