240510611
355345344
552460113
454046520
160455630
643042155
501003335
455011366
410061122
533666653
513450533
242351633
014406265
654532052
242120340
644626216
036244314
454243114
662531425
460430036
205656355
505263013
600205246
246665055
455003612
606211432
443541236
564144326
151504246
561125144
451352331
416104540
440132423
141335244
520615442
214216333
544212656
425334464
315540041
314552300
312410506
512444252
143055020
462111656
032162015
233631553
106032005
321666050
316003620
625652411
316254655
104320156
455236655
144260452
134011236
114355612
134603322
235126445
052053036
330502003
263424600
032663563
626233115
462401100
423422046
033312613
561016250
265321406
323035600
032541213
604455034
642612426
403521524
043020402
110033135
326646246
233125636
633262335
054660022
313632322
065554452
650525655
220516052
533224211
014121530
642534643
056514635
262500362
663365503
012542661
135130151
153211660
300362054
263615246
042016203
164561461
050151355
424130146
112606366
241141526
113443511
456204415
150635421
550131606
642566220
202464050
325261302
505544220
634110620
031401612
502201540
466212020
511621350
441123516
036641452
240553400
064643164
025236534
100662300
414366434
006463653
132443650
141513350
543315141
056300406
262306261
522406063
211512214
110604511
411515140
041046106
340025145
612151136
446360042
224322531
241240202
532636433
522325516
342604621
363334146
623051101
442302451
103250000
243612161
323660315
451230345
202030221
420653631
554036043
254162616
421620643
565465354
321404354
123443243
452230333
652135254
102035623
046164061
555634532
346405221
631154241
250600360
505366130
026322604
342311415
000620423
126200566
166611634
034022152
110050303
431663151
402530555
510226341
533345066
000243321
533413562
361313500
445241420
222536160
541310535
563523413
344546454
615623465
543550444
030636120
243136243
524563221
064004661
314101314
315022413
501500564
505145605
021264120
405610363
564355545
326356543
321555242
504642544
134426012
164666524
444511501
306225631
026100351
061543032
400234250
224351165
232403514
002052444
320446325
203544104
335034506
461665064
532662200
434256310
466405452
552214320
223114356
052501332
203212655
265156631
125112666
325501230
554652001
224504402
141462445
116360551
160342541
123223014
065046010
235621313
221656204
004110554
612566354
251422564
534204534
553532405
601661260
440422261
516025201
040300255
063122306
013056664
104536503
661241255
653640240
611111453
440614335
265103156
615454642
565030322
606526546
264552123
652003304
630413633
000341515
056532144
402431246
155056342
163050216
641031146
365513125
506321361
303055352
630324334
161126460
556416431
250201213
113222501
232231012
603413301
103015114
646424624
625133552
331561664
140002312
155144402
545525431
333011020
303505615
024645650
022421356
630304640
165351114
366652261
251101232
411310422
113654324
515213034
102341606
222663144
550506662
010326502
521634614
362260640
602054222
010415043
466316362
042215060
412645450
561600023
021440060
016560313
616405164
636653535
464514644
044324544
061456141
060250105
634640166
256034423
126165512
220452334
336531355
223631036
544120015
540230130
534435225
364006502
336062446
216602404
666503353
066065536
205202142
145340664
216245603
200211564
400601225
524046212
646130605
230064141
336210343
226552040
601235535
665525024
321011214
445553264
136113146
655343021
624564030
220164521
661314031
063145051
514160244
560243565
422010436
031105026
254133320
605312545
534521646
630404500
232041565
245032365
326021552
202113211
300514421
531053052
126344130
423165253
226643332
236315330
146122653
355403443
556100124
103416026
521060263
523534240
365023330
001316340
615115046
445436522
332550266
460255223
132065540
164340301
262013553
635266105
241433236
235544253
660354443
453152011
614635520
166636315
501020112
352234203
214340216
564314110
336622523
413433652
353061451
520010151
651112506
300451665
241165500
420140210
306430513
120034446
521262344
561224062
066331013
215664264
025160033
412133006
215435212
363614404
653115121
646116133
143343335
333242460
651022432
311164366
525622052
364535114
122254665
441054302
012463305
535352035
610351060
602025365
346524200
053544563
330460414
660261636
152546516
161632603
200336646
321063336
054536611
346226325
253024243
213331442
040533514
211254463
441301605
036231560
344053432
531112342
606102620
653335030
522512634
001350646
410324656
022624445
434142242
523142131
344513062
216140364
013353224
435526030
512262352
651365124
032500645
343144532
335445022
032314250
452152626
031654510
463650502
005036462
220200621
040554021
326361641
262235350
531143455
633216541
555255366
303533024
261011321
654626563
124440553
403546422
351625233
124625240
502511265
605063664
303112150
641406430
521346621
540041034
051435002
224020606
050112641
225102500
602442062
503655041
000525210
252112363
266506510
522205232
401343461
142164145
144666416
452056453
240123003
055000543
511315226
613402426
350050164
465633011
655252256
230560225
026154505
162262133
244045641
464502556
432356346
144461134
612016445
466133234
010333350
421524111
125320205
365402644
361342665
146336632
431426224
602522231
111564610
422323122
511353364
213152410
034616506
351033363
426541660
245506324
433340632
434561016
156001050
512531141
413530163
322200401
651326004
133425405
463106123
334366303
154041203
654040311
633023110
165045566
054220264
544106403
360602112
064530230
154614453
611004105
625515334
355110434
063033542
515101643
320214036
142224306
332133545
130144113
606644033
552332520
166234522
415662606
024132622
344064613
415136361
141651252
252442145
162302204
662621040
114161055
323003153
023665341
203245556
146610321
336206032
215304333
332601244
635635453
414065363
133301421
434404003
045602660
140416554
451162224
354305516
656306625
352330011
256225542
340204151
012513246
464223543
301600256
126450524
301523143
241664646
356432232
266120533
625244143
630332326
251221156
636514361
264062450
013261266
615100525
324621424
610510404
636616210
156444326
366463216
121305311
160441363
250256550
312221210
566564602
043255215
132161632
240444406
653601464
022310365
332644330
511446546
302044134
554565633
602403123
313556005
315646534
304646110
350416200
660222415
045163450
621106145
404663340
063431666
444036115
532455424
104331210
160146006
105012431
361152016
452303043
415212523
150653040
065206221
662110314
660345150
324144004
153360623
131132115
311126642
210303445
624112213
536324125
052224531
353462166
260312522
015611205
055635510
503130334
661363456
104415655
204461315
520333002
430005461
523002462
365460101
054452551
241124452
034260111
141156611
306136104
510646153
305524312
623235363
203513436
254316101
566033160
064423026
051002165
506401152
223421112
113525050
451241501
552543460
652400660
312305655
130163361
123415531
033325446
104255361
133534631
656055140
404100261
215450135
610263226
655501116
101543202
005442224
155610615
425416410
210550542
004631131
425122155
143132060
266115415
465215401
526352453
403626451
664154512
233344415
046403001
541643513
365641056
442344065
132242426
120026535
565652140
140540126
624462141
551331055
204324662
542154053
655422303
502253600
206053441
416654066
644343652
410045504
460321310
116553422
244455116
516442614
412653212
201304444
535506501
642141561
123451456
024535436
436335665
136222234
252502250
045362212
304063001
234435304
363124225
646152564
512251025
466040421
021453435
013062032
560032533
160523344
014565125
456313155
666610006
436210606
236555551
264200004
025513461
323133466
403041313
410312460
053605103
122123236
105021043
150405545
362336624
513560206
105106254
261402035
011464231
424433560
403625162
414620104
320303410
302163322
112520132
065626232
100410162
214523366
664136441
253623604
243531500
132454101
566246204
022650352
155651561
640606002
432064435
625445200
166056063
541641342
356265006
125363346
664406613
331303225
355064024
331651431
624604255
633466060
510161411
556245135
105300022
111436334
342245541
053503310
300643435
556336116
351340120
242236404
312162531
050246412
030050556
543022514
550464455
224210440
103266343
055041625
400024051
415460356
500116222
344411043
111205005
034556443
033360354
203004025
346000014
101510045
531540303
162540251
661623521
323426234
205305650
246231341
443366561
520505550
005551001
420502613
344545163
602645101
661115262
543656330
625200051
201541010
540362021
220425420
316422351
534533153
642065606
021521434
035606053
416314203
645414015
023352142
622451032
223036314
545013311
525631303
541602134
544302305
402226560
206562621
232260536
320034331
420003024
011636455
313423063
204546635
406160403
606615344
446345353
621644306
515031410
132021324
412311044
245131054
032012521
553504054
406235014
664053325
551243642
001232053
355420550
424005635
001555323
045264604
112414414
560641400
544453250
253254632
642255152
436632136
442103532
114206120
314354131
502532016
223011643
324422610
626536202
050345262
623424565
201165042
612324523
316054536
025050520
154645305
106043354
541364420
021566215
451216464
321232162
310543102
330125264
404210025
636332501
050106034
042441644
343042261
533001306
326566423
432000154
621236026
251360412
410665541
310215124
460556633
516156162
360244242
616621602
644304366
062166102
013514112
265045602
241346114
563105521
354453015
110012056
233562543
261551306
553615555
430624402
642353205
520661566
465562241
342626556
534105341
354441631
041201554
244113644
432656165
256543026
452646041
044301626
045654343
455520222
420151043
010122114
011452021
513113615
511403010
155446033
150013502
000603062
403350111
225263555
112023400
450650326
600020640
432505320
355311223
251453313
622414651
453421365
102622664
554014204
045425153
255465061
500014343
520025336
031063204
660555311
626300234
455142630
020206300
260433201
216461024
426425315
601432414
611103661
200300533
535042123
111506151
043213123
366031464
446362514
334543526
350624514
604213510
234524021
202104566
640246364
030111002
614224045
615610150
352023641
530320043
520042645
533311134
342651503
444010662
204201451
432036601
444464321
045356166
425661623
156565260
535414626
150316065
556005313
663514550
551134121
201203503
311630561
335344651
546060356
430033213
203434461
442625013
633223202
120504164
362343113
201121105
120150432
545201266
502314504
464653454
452015351
236136066
546026545
554623130
331425300
506620460
103231525
510056426
231206346
364150203
103624430
613240122
426164636
653564145
625141614
505262561
236252322
016024322
101204652
230035652
264456405
003346233
260660331
613120031
445124504
200155130
016152233
061525505
563430155
504215102
530531232
225521544
015323141
562256511
605624126
311041340
006034216
156240044
260355062
424206152
452020005
522365323
141500413
636221053
101226216
305431321
644315400
415541332
213260424
555502414
101261021
236563112
161245414
303256136
415325535
466426156
211613106
540354104
002226654
011500200
214600641
035553616
401166665
512630626
511533325
123314600
164211312
160160654
536151256
341466262
651554013
422213254
010416136
006312126
556166640
401332002
443151622
430631264
026240223
232050610
114331564
030540431
126156220
552402336
124550011
130205333
302630442
145361000
041655406
345451404
663230611
306443040
462042235
033621635
346301136
013234400
014653603
560301651
021053653
030166246
633131215
414245031
300045203
536611045
463016035
635155362
056021111
112655143
306016530
626246450
225310014
534650521
154151426
131541542
453661110
320265465
122633055
530102516
250535565
450566301
523411403
365016666
245434140
420243403
106346011
342665434
661002540
403552530
556053634
341350063
340351520
121225553
065230306
036512054
042135533
325612103
136124300
553551512
234602010
063151240
601400441
303210212
034123401
031634262
051542426
405043145
005146541
251463625
355154260
150020231
346604462
251510300
445060230
332364162
551421633
246410244
155163535
405303406
001613624
204632425
206313063
446353610
110220665
510034061
131030033
101153562
303223555
643163313
505640211
235111160
133322362
600120252
641143044
006520065
433403231
662042623
506422243
204166153
466051205
232156523
611660634
255233416
212355301
121606532
330136312
421530004
541435661
134032644
150361242
034365532
504664165
631451556
050632215
014625315
230441220
256010032
420315116
453134526
136400110
354501445
063660661
355526161
261034456
111521223
612115622
310561553
613430544
133103603
363320052
145355455
436440505
150062463
046101125
214611552
103100445
036402363
404332322
303300360
053364016
243066126
332105413
416563645
641412532
006355202
002606411
060644536
526403446
103363412
536363233
225335526
301542551
646433463
521014425
515460462
326313324
454425666
624025123
012030040
501142266
222005046
362454564
526420021
562335412
310362005
036424436
660462342
161356235
466411541
566161335
162514023
406406634
300120501
314316026
266022226
601536650
314363260
165223261
105653223
630543015
445223056
203406202
566045042
550423116
040331401
130233454
136264663
465322063
554340502
654061544
061211146
345100242
153620066
633040004
654006436
446012100
550450253
035243235
652263551
020521103
334056251
413201016
115652554
334220435
035205440
102420220
441526066
642660545
160532266
161362320
530412105
242106655
646041510
252540624
110501436
604566602
661250330
004333045
615005432
050456621
612632263
100564233
645420446
413145620
251334133
622520463
314115235
052004110
053215334
234613265
215006240
233241654
420542354
060204424
431264512
632604616
166462052
220642011
352666605
022143424
643034434
543646225
661025214
145101331
444264206
025215612
536635050
255341132
255635430
161631530
204254214
605254405
641502301
235650046
022022260
264141141
102452515
605011251
626023066
601066511
266203665
420434605
202633630
322046633
360100050
561000601
131145230
523263430
324202226
123062225
146555604
631162163
051362500
023146362
303040626
423601342
522150465
261046443
313243241
122532342
364134650
424355050
112136550
423613000
564321222
535316452
145564562
163404132
251440451
314644223
336221121
252120612
310335433
655416144
326102065
126464204
060410213
244054560
162643446
411602515
421136513
015044154
626450616
141522566
332222602
612346013
046440132
211414520
044430310
101135356
166524016
454331640
413002141
626324410
506454306
026015245
353550321
325656662
210642632
564242435
062061343
256644611
464615133
304464546
031551150
634353144
443616614
524454122
455354553
554122354
101301163
143326103
401202436
441545612
151612142
004156060
023334551
315030255
510655234
356323445
265444355
513216165
405405511
002665226
053446140
113165106
154402024
242223135
304604336
145203625
352255614
131152404
516500456
401414153
124035062
064615356
335555133
440216245
156625154
631626301
450105302
135515211
115066621
566653105
602161004
230222166
504554651
203365265
643202043
560665615
236350103
223253521
644211224
331213011
654143433
312504033
156216252
130600504
655444216
044512345
461443606
150224023
664632334
131644625
115401502
565114233
442521442
562021166
361415423
640611663
462541124
454222400
425504045
016503531
023602524
603352666
405423432
554510466
116413230
241515033
614431001
053526042
433135444
263061234
252626322
132116335
446063523
546532251
613302252
324111561
340622030
462424361
340613346
325333635
004044440
166535443
161023655
644221611
145633102
126431161
504330463
163555165
216326654
665131103
341530332
005364325
663256054
002415430
610144265
532553331
625326320
563366645
311212630
044234032
340445656
041110101
265164310
023506656
445605146
000134663
041603241
514442440
342556313
353266522
250312236
055121463
330655325
345115320
602230164
410055015
535622260
335204515
441252113
226146501
653341356
025404106
446215536
644500135
143003651
626655022
521550136
166252646
623541023
634164464
665035645
060051612
024413202
114234116
110516643
010232546
242446331
120533620
012640115
126511405
534146664
522161100
626561154
231014564
666060562
615232310
526514513
100556414
341633420
305246065
104103016
222062003
311015512
402563166
451106350
235430663
563163046
213551255
432123353
422044542
646265411
362352430
635360510
143644012
200000416
465540315
465263124
655166012
306545406
461330253
416031633
021026031
421635125
456451462
622242505
540023622
523120650
440453142
535026304
525436256
055263162
405651644
426603263
034252665
602316112
546661214
345532426
462365631
000465364
403032264
041325630
343062233
350601001
535461525
436465243
135004355
366664153
243430353
010255451
624360425
325045111
316511416
600633204
104240613
262624015
424051516
620063250
456633201
342432156
233414042
501452620
453450645
650544322
560110540
650435132
116451345
303401433
