003125521
423133031
632123064
125222020
206603454
533121302
226465025
322104452
655101210
435140320
445610422
466202222
051664340
245630611
236662613
342403201
661615356
616464103
034252523
101204563
565020221
336225430
515412545
306241465
633156325
611520513
025566322
652051333
163516522
623501426
051406443
564623400
046550243
130544015
624614530
322641136
644521633
151531163
525615626
566635612
020212365
236012532
605356341
343532320
265365230
063043400
240462461
645505522
152102040
354050013
103604025
305200200
310526661
405104426
202065665
541534541
224253443
455562255
623044512
424413601
325001634
553642156
431220053
315250134
431561243
024301144
546551424
654463506
412563112
103613132
231565306
310342211
163164206
640115424
402265001
014214622
433454146
112201110
404643111
546456553
213143426
626630340
364650242
314325544
156532516
646056226
122535345
361363502
621063351
506156131
146352261
264225106
052003626
416121060
440102565
026032125
112144120
356666533
161641303
423654336
113002431
442321416
205612203
014615643
336250011
344415450
033320042
241045214
242652306
304260343
552210152
454012555
523605263
035621035
056016040
651261425
110056444
410455406
450035026
002322264
330163315
564514506
330424223
521435566
644623514
610325302
225112032
615660356
143661505
216641316
120603205
500204334
555444235
464565532
242443564
001232403
431216536
016261042
604041164
043346562
563051140
053355134
306544236
114421123
352065534
135206651
513503141
650216001
542200233
235605064
615232005
116135322
211356205
314362100
334125162
352456256
552114606
054265044
066510312
266355542
063544164
462604033
415233621
322315111
303641653
336011061
363031225
105456006
042015431
464341266
566523544
025655540
351540054
360305435
232010036
334522624
165151420
031464522
126324325
351313235
124020564
210344066
046236445
352235466
262554155
530302403
010410220
251342141
636366410
031021551
135042224
266045153
441262454
215036263
400662442
460413122
552232520
613116054
401633020
656543203
565252300
466653550
262424342
300115005
112336461
320220650
434050424
660251246
255062104
510311536
401505264
650423154
313461450
615205615
265643662
551513301
354056261
025160014
533430435
461513410
104650623
341631200
165304602
100610561
146436366
522000660
362420404
310452063
036546305
204201236
222205202
660643331
015422314
034536313
604236600
610141562
121543532
120215142
101635151
536512200
542332343
033135244
415305131
264466212
062665422
000442566
455351563
346165364
306436210
634651652
115234216
233611464
446225346
514244456
541363220
443103353
402044551
052045601
050653263
204634546
235466550
106355660
222543615
405430562
315535060
343241541
354534365
400420634
145152135
120150154
335463126
130451633
030650600
501015452
534001510
102513213
662635143
611624666
233034114
632242636
363411036
440204150
135655413
534320111
261514646
322622425
220530533
653620415
161023316
142030053
030333021
232546452
503055035
224323061
523422530
600000251
620234054
413631535
566311364
314063436
015131111
520036011
142416611
301142031
250254033
201014120
155133225
666620263
615135653
215531551
622256664
154521202
641201011
413350010
112163346
540250545
353246632
545536105
034440631
300044022
402130640
040144412
124166353
125050332
126263226
640404363
250440123
612016342
504163413
320156502
005366252
603221150
632351160
020465656
355152453
301604311
461500405
041156516
550555646
033056153
145544354
661653115
226416404
003414362
106021644
361344633
621442002
253636551
022650441
333360451
613150421
012145335
220041101
340356413
144361036
450141306
531226462
023430554
113261061
622540246
154610144
251122332
006426623
333502655
314101204
660514060
553656313
543334654
160032256
555123566
140420005
646665131
534412326
410513034
664212444
206511026
562346500
445161544
160131004
445063366
136412115
054504030
561522456
436130166
231421605
041320323
343312631
000205161
406512632
524211351
254524651
651632061
056203315
133220236
501544112
215251432
066644045
626104146
541110116
360061305
510220031
035314123
634062052
404226545
335605150
634230463
514551000
644543465
133534403
555115114
114034001
025533453
544164322
643333336
210522126
434045342
065246554
316116221
464005015
066222604
332353541
252413643
321635033
365455622
026503062
613362614
432636622
044200501
124142505
621164624
034403046
026156450
230505245
455023033
162253352
005455331
151565231
466164610
505354210
026020006
516212163
626112233
511151365
445345665
401136253
363126626
322564204
426043622
246541130
140024526
003236316
551131042
133321515
105332122
600224443
113500254
251211500
106306303
166561340
416415514
405242530
150504441
242313010
460325643
524333625
036610256
656113462
565411204
330052230
532665216
134261614
302316654
062330616
522123651
220646155
265121146
661123422
251163555
321321014
011563560
553560260
004012113
244033102
620105036
306452421
232456013
056234650
050424500
531604165
363663023
203264224
561016565
455165405
144010335
234405311
443255162
533402061
106445043
546054632
126143411
153100502
634314655
445026152
224460160
240631352
561002123
164456162
041054062
016340465
010621410
412410555
115355055
503645304
301006642
631452610
460434265
332100554
456645104
553325206
023141340
333425441
513466331
250516356
402462616
516660634
302335525
530134530
263306644
630054416
121552314
231613323
414540314
135524630
022353054
221126446
002406130
615341324
206061511
055300346
166060065
002534624
425011323
211032054
614354232
601622505
556306145
641141123
065503334
232561631
044664104
260114401
144145630
633006106
062461051
064161465
011453625
123526465
613315126
045011605
111111626
340223362
465233206
244643056
542625635
062606561
463366105
600543540
631145460
603562033
041435024
555326653
556040311
211205526
635022543
064416241
100466245
341345340
104344050
424221560
325522133
313523210
314510423
040063610
656614013
260666314
424355022
020026434
300162123
564031636
400363203
450115252
433302256
105160301
616246434
562445446
260202351
121100430
562543363
633431206
430306312
151435300
426361641
566433133
203105606
116000613
366102543
542146642
310440452
261536062
625416360
540432232
444500620
225202342
204552534
510424355
355201023
622601212
236231401
514436064
250351116
200532250
245042646
663432651
563120165
142055242
451546416
623606111
112023204
402101105
040623145
641120250
436006564
111062645
303612544
345231412
225250466
316043554
452120041
146062323
653155043
033205003
355426301
601206456
021223163
150350530
522012414
341401155
064605220
506540555
226060254
302654000
252461320
021540121
562205621
244126035
122666640
134214166
530025120
511020400
302020141
332412242
111444251
645453603
162430331
323015556
210560605
211645000
626601603
511616122
216323632
130110445
656401065
500166360
525042162
131054102
241244601
540310062
554130426
303163241
532040104
460566224
163466010
316410146
200200622
530514422
631440545
542404044
332511325
303061330
350533400
613506300
225343120
166311131
106664430
121246204
050515511
556053106
056101524
160341442
425456645
662264545
050563136
324334410
313644302
320362334
650362020
321042243
033545425
664462125
540461113
151240365
531636504
124641021
325304565
103312453
366265052
203212610
321214615
600561101
054116102
016256330
044251115
143131251
625310413
113555366
002211420
533543030
262135511
431064035
010105551
141402412
456215421
400551055
606651566
205421452
631564150
346533613
640335560
340446530
455624110
254645433
421461236
121153606
065064131
535063242
564455255
424222402
315651046
453616646
052523350
264100332
636215553
321154160
331436055
661401434
540023043
344400336
651335414
401060106
642631026
524603542
450505333
035604214
243410540
054562401
560124214
412554021
043413414
164112061
461240140
411626433
252363266
022111534
331140202
054343364
606222311
315004320
415144242
661231552
432102331
501053514
623265240
002303442
060325152
450026215
125401243
630511644
100565463
310056135
162226066
265312425
114433612
415545503
251354334
364410515
546102104
440164231
345130523
235611515
221524235
642566566
516342040
404535456
236106340
563424003
345264263
104351401
213411303
352116063
531055661
335540566
230260210
145210046
126336634
066533220
023250222
240006631
663130012
624366004
442544210
664626051
501243660
456412266
152462132
426120552
161234124
035662006
155413456
433010201
532313332
044323606
002450463
602253235
531154023
625645454
601301245
150611423
435341002
616655024
052010265
134163000
044632216
354105056
161222531
326550356
331441020
356520125
051102611
114016250
320611241
323131463
131325626
414452151
145315100
522521023
525051256
526260561
345402660
130513506
404113265
416333444
666405500
663235365
053464211
264251364
320333166
520354005
133562121
552152212
324143044
452241654
000213012
000300004
602363124
213022360
643642622
535434312
335335304
633034020
230236565
116446502
134533134
311104045
220654564
656566621
561324240
366622010
522254513
516450201
534216015
056433561
232141045
330530112
442401523
635245301
241463033
236453651
521463144
351012664
244446343
356125603
612432440
453323460
005564415
511303006
014332663
120162262
362660360
653043055
203555441
236320560
621336222
343053004
611210042
554101161
130442301
000431040
344106110
450621044
555635241
514030143
316554405
622660035
621352553
453132624
443404605
562161526
013513656
133465252
020614116
111132164
264034323
140112310
303243106
504242225
355521431
614215211
036064260
041066202
631112521
435024461
560542653
435654355
234563253
363200153
516504053
052344536
061266411
565041413
152225543
611013630
324464541
543666255
241660125
352434113
232555520
142220314
524062340
206146012
033456401
500621265
150046553
202320435
324342652
411632146
023024621
105223261
360140514
333054525
454403214
461130534
430142144
426066130
351450526
303520602
540146161
242104613
256515465
011254504
412611361
323443361
423611000
120302616
214136641
326534522
215524012
432246163
043012334
555140003
140353622
526255234
535562514
665003160
462050512
230413430
021313426
265525361
633353423
213313565
311431631
411264313
643340001
511425212
150014234
514443105
263645524
336656644
412522243
635011112
554561545
244340222
052024446
510562430
334653103
046021413
146322052
044224253
550421622
000555202
660410606
266150215
136420422
461465161
444243025
362021652
636441352
505305543
306460004
501640046
354414024
304064155
514635306
412332032
540101020
650030304
022431162
055220612
062056124
544150051
053662525
405556113
124530211
605102354
453004163
153625650
632306234
622223500
464553546
432322600
602025516
602633302
121024453
465400116
345523446
346605215
003143533
262142156
315103461
103225412
153363143
005134343
626340132
436400030
664344421
635323205
122305123
262234430
431143613
412153430
421561602
535426134
144031440
253031612
452156344
213130200
222624103
625151061
233444660
441412103
440451341
506525166
251056650
414021231
602125363
134444444
645465016
453200045
435013654
643005144
526414031
301331356
413620124
260326320
065100625
544424610
562642234
200564552
456340250
012236023
522344261
604252016
436622362
066132336
514465520
054025305
356021302
560610324
620203641
005600431
144555656
643522204
233146231
665660641
143424131
111166032
446453112
426105635
020121203
223626022
505224502
451550132
004125614
365366061
465656201
466666466
450153521
042032504
614160245
011451540
050330155
305352605
250620201
220331424
503524340
104213524
222430412
131151066
405216064
531300350
221415135
420622511
410614543
502403556
221612431
526332451
043556635
220152620
354040420
121015060
253352002
115146614
106423100
202103021
360235503
462501356
465310351
231553044
336562045
446023501
126052541
446211033
252326512
524245110
244235013
543105432
535260606
625325164
656631234
360324551
333314341
131346130
045166433
003030061
243325355
453664052
130364661
643364442
161005654
406214240
521510653
313162552
655524226
154156236
535311440
162452203
126502150
014602053
311046315
054351220
612045223
553100643
054366615
211040333
621420461
361355216
154266120
000625326
140622663
513233252
163651611
011000162
056226231
622422356
615542110
645646044
122464063
051532245
016364351
453511115
554036352
001311053
056310601
250602130
135623344
064046033
155512343
265530244
450644625
404424066
236151122
060222112
353365322
201526104
444354300
413346623
626313045
510633013
252530106
615006555
356404636
125016401
363155351
661555001
156033432
144202143
144455504
535361024
253144315
100433323
344226421
204353312
005315036
366606126
034422455
664425413
201414464
564354423
601050360
056442034
031445116
316612335
105425535
521506520
200423216
521660302
152652464
051601106
531643451
214150563
261166603
311551222
506063050
615433534
514502262
044330434
423545644
214501415
453601221
061512130
635636333
566501211
125561116
400146435
521341435
324251626
613643163
320053455
205326424
641413246
030254342
223000316
453442513
540043434
365216640
255460041
662062210
532034645
253066435
404131321
410330501
162342315
105652552
246124262
634035235
501152440
605011525
224632604
255546025
455364634
536266354
342460022
060203423
365630055
513440616
632324313
101041426
115033510
063361632
051623634
023242011
424636315
211315651
403110023
030461364
222046526
346134055
342354126
212125246
052160653
661104261
501265133
163600446
530330246
115241145
044653321
365032311
536641523
313536442
012011015
401354652
164154645
512413421
300554144
505623123
361253030
041133305
544611614
611663404
141043041
303436165
301661162
624652265
256651440
333332063
325025045
004503125
050541660
332001446
404466302
463260326
112060521
515225425
115263553
503646420
025213230
653046244
055634402
236114516
266506433
143153560
013530466
331516141
002540032
152121455
412324165
534554331
130600052
114301360
222261456
626055315
126341556
416441225
003051454
436254603
163525034
100062014
045142200
065420060
432532415
661566335
132622251
364631114
443531064
634640010
020443242
623013224
025106266
541024364
315065113
565206032
501362065
304501551
652002405
502135054
013224645
523256046
561430620
106542404
544606666
661320036
040501546
252502224
663616403
606161655
542214465
206033245
403304514
530165041
365444100
312666151
401012341
450446062
520505014
250213564
454060661
163236243
142334235
504326336
161113155
663312262
555000454
013061506
033113161
545512021
243216123
324526516
124635462
122232101
242614221
255230353
145560662
656525442
031315505
525153324
061541515
251253211
512406603
516622601
502566444
520651330
663426564
234362335
641511462
151606262
620542323
115322506
630020662
063465343
415552664
300133632
556615560
614525155
606034433
025544601
431255225
511215344
015353102
222311662
512304522
645612166
420266612
555231665
600116613
236244255
164362554
066451416
000366531
135035146
324266235
126411620
503451223
656136505
321403513
355506544
430156656
404310133
142243403
124310306
012505104
443326241
340542006
405403340
525203155
102614353
403663664
432315044
113615245
223033303
243455236
653533122
043322110
243502511
213334133
146314544
063650503
203340154
662444614
222633250
462212050
242263141
545213313
236335056
356224514
412600206
055641351
136126213
614401656
210155314
243564000
626510504
164540543
516005246
253221263
451263642
535114251
036504326
150252326
152453515
203250305
101642210
336455565
334116534
633203516
165145263
231003200
563463462
426434304
400606500
253432346
333603635
031134456
250435635
116213605
666536154
425306050
021630665
212421034
211403365
563213634
211236110
644305203
451625552
662303653
266004001
416601152
103533046
452425230
413014425
460445310
264016416
451051204
021231334
366303264
520060443
662352431
156362205
255013522
441125115
435162063
353110216
211623541
630103133
200455150
156643320
443540433
624200324
223154253
311460264
006331502
636332142
536364136
032263434
300210436
436330211
442052625
660550453
632556032
515536236
522401315
451336332
230343604
104004212
662522665
025221441
263511250
013552413
042365513
400231215
045004056
310561353
044462642
520523402
502022322
600445621
600644204
234124420
025335215
014123052
060002042
422402164
110226222
553514533
141106324
604365646
430645066
301222252
533610512
110606036
625454152
254044206
615264460
342510164
340264646
302421560
114662233
031505632
110235664
346616002
355543312
536162155
314200665
351205112
610634121
066550026
614032526
145001121
212434505
610126140
525646531
502031201
416022656
554253062
420003536
005653616
460012433
361654454
542455360
510365154
102246321
433423325
650154350
542602450
663440230
265650536
314124333
141254436
652204131
630622434
502630115
322136300
406000325
643151405
340506252
406506041
612552502
562103245
601165312
500046606
503536663
546230000
123065633
243601043
615040441
366113300
343525563
554420363
433221134
512041350
241051535
412205453
441605441
146640606
461034442
556361402
425435420
445312214
135242532
251300663
246162530
620456231
435431153
652350645
314545640
553204400
104230035
454133150
154402521
155303011
066015666
132503460
446240524
006005410
144306455
342620556
440011260
454534043
264243535
563331561
556426016
006262156
152615312
404601463
246510451
602515334
242636134
132204305
454411432
204000040
115650260
620500165
252262015
461052066
442640345
655365551
236552466
461456323
302245244
316356362
334466663
421360515
042341621
462526121
203345232
654516264
410001003
524546403
134232350
645025330
641035606
664141601
444242361
411302420
414634254
316202416
116351213
305034666
516563325
004140356
050242302
