240510611
355345344
552460113
454046520
160455630
643042155
501003335
452011066
410061122
533666653
513250533
242351633
014406265
654532052
242120340
644623206
036244314
454243114
662531425
660430036
205656355
500263013
600205246
246665055
455003612
606211432
443541236
564144326
151504246
561125144
451352331
416104540
440132423
141335244
520615442
214216333
544213656
425334464
315540041
314552300
312410506
512444252
141055020
462111656
032162015
133631553
106032005
321666050
316003620
625652411
316254655
104320156
555236655
144260452
134011236
114325612
134603322
235126445
002053036
330532003
263424600
032663563
626253115
462401100
423422046
033312613
561016250
265321406
323035600
032541213
604455034
642612426
403421524
043020402
110033135
326646246
233125636
633262335
054660022
313632322
065554452
650525655
220516052
533224211
014121530
642534643
356514635
262500362
663365503
012542161
135130151
153211660
300362254
263615246
042016203
164541461
050151355
424130146
112606366
241141526
114443511
456204415
150635421
550131606
642566220
202464050
325261302
505544520
634110620
031401611
502201540
466202020
511621350
441113416
036641452
630553400
063643164
025236134
120612300
414366434
006063653
132443650
141513350
543315141
056300406
232306261
522406063
211512214
110604211
411515140
041046106
340025145
662151136
446360042
224322531
241240202
532636433
522320516
342654621
363334146
623051101
442302451
103250000
243612161
323660315
421230345
222030221
420653631
554036043
254162614
421620643
565465254
321404354
123443243
452240333
452135254
202035623
046164061
555634532
246405223
631154241
250604360
505366130
026322604
342311415
000620423
126200566
166611634
034022152
110050303
431663151
402530555
510226341
533345066
000243321
536413562
361313500
445241420
222536160
541310535
563523413
344546454
015623465
543550444
030636120
243136243
524263221
064004661
014101314
315022413
501500564
505145605
021264120
405610363
564355545
316356543
321555242
504642544
134426002
164666524
444513501
306225621
026100351
061543032
400234250
624351165
232403514
002252444
320446125
203544104
335034506
461665064
532662200
434256310
461405452
556214320
223114356
002301332
202212605
265156031
121112666
325531230
556152001
224504402
141462445
116360551
161342541
123223014
065046010
235621313
221656204
004110554
612526354
251422564
534204634
553532405
601661260
440422261
516025201
040300255
063122306
013056664
104536503
661241255
653640240
610111453
410014335
265103556
615454642
565030322
606526546
264552123
652003304
330413633
000341515
056532344
402431246
155056342
163050216
641031146
365513125
506321361
303055352
630324334
161126460
556416431
250201213
113222501
232231012
603413301
103015114
446324624
625153552
331561664
140002312
155144402
545525431
333011020
303505615
024645654
022421356
130324640
165351114
366652261
211101232
411610422
113254324
515213034
102341606
222663144
550506662
010326502
511634614
362260640
602054222
010445043
466316362
042215060
412645450
561600023
021440060
016560313
616405164
636653535
464514644
044324544
061456141
060255105
632640466
256034420
126165512
220452334
336441355
223631036
544120015
540230160
534035225
364006502
336062446
216602404
666503353
066065136
205502142
145340664
216245603
200211564
400601225
524046212
646130605
230064141
332210343
226552040
601235535
665525024
320011214
445553264
136113146
655343021
624564030
620164521
661314031
063145051
514060244
560243565
422010436
031105026
254133320
605312545
534521646
600404501
232041565
245032365
326021552
202113211
300514421
631053052
126344130
423165253
226643352
236315330
146122653
355463443
556100124
103416026
521060263
523534240
363023330
001316340
615115046
445436522
332550266
460255223
132065540
164330301
262013553
635266106
242433236
245544253
660354443
453512011
614635520
166636315
501020112
352234203
214340216
564314110
336622524
413433652
353061451
520010151
651112506
340451665
441165500
420140210
306430513
120034446
511262344
561224062
066331213
215664264
025160033
412133006
215435212
363614404
653115121
616116133
143343355
333242460
651022632
311164366
505622052
364535114
122254265
441054302
012463305
535352034
616351060
202025365
346524000
053544563
330460414
660261636
152546516
161632603
200336646
621063336
054536611
346226325
453024243
213331442
040533514
211254463
441301605
036231560
344053432
531112332
606102613
653335030
522512634
301150646
410324656
022624445
334142242
523142131
342513062
216140364
053353224
435526030
412262352
601365124
032500645
303144532
335445022
032314250
452052626
001651510
463650502
005036462
220600622
040554025
326361641
262235350
531113455
633216541
555555366
303533024
261011321
654626563
624440553
403546422
351625233
124625240
502511265
605063664
303112150
641406430
521346621
540041034
051435002
224020606
050112641
225102100
602442062
503655011
000525410
252112363
266506510
522205232
401343462
152144125
145666416
402056453
240123003
055010543
511315226
613404426
350050164
465633011
655252256
230560225
026154505
162262133
244045621
464502556
432354346
144461134
612016445
466133234
010333350
421524111
125320205
365402644
311342665
146336632
431446254
602522231
111564610
422323122
511353364
213152410
034616506
351033363
426541660
245506324
433340632
434565006
156001050
512531141
413530163
322200401
651326004
113425405
463106123
334366303
154041103
654040311
633523110
165045566
054220264
544106403
360600112
264530230
154614453
611004103
625515331
355110434
063033542
515101643
320214036
142224306
332133545
130144113
606644033
552332520
166234522
415662606
024132622
344064613
415136361
141651252
252342145
162302204
662621040
114161055
323003253
023565341
253245510
146610321
336206032
225304333
332601644
605635453
414065363
133301421
434444003
065602660
140416554
451162224
354305516
656306625
352330011
256225542
340204151
012513246
464223543
301600256
151450524
301523143
241664646
356432232
266120533
625244143
630032326
351221156
636510361
264062450
063261263
615100525
324621424
610510404
636616210
156445326
366463216
121305311
160441363
250256550
312221210
566564602
043255215
132161632
240412406
653601464
022310365
332644330
511446546
302024134
554565633
602403123
343556005
315646534
304646110
350416200
660222415
045163450
621106145
404663340
063431666
444036115
532455424
104332210
160146006
105042431
361152016
251303043
215212523
150653140
055206221
662110314
660345150
324144004
653360623
131532115
311126642
210203445
624112213
536324125
052224531
353462166
263314522
015611205
055135510
503130334
661363456
104415655
204461315
520333002
430005461
523002462
365460101
054452551
241124452
034260111
141156611
306136104
210646153
305524312
623255363
203543436
254316101
506033160
064423026
051002165
506401152
222421112
113525050
451241501
552543460
652400660
312305155
130163361
123415531
003325446
104255361
133534631
656055140
404100261
215450135
610263226
655501116
101543205
005442224
155610615
425416410
210550542
004631131
425122155
143132060
266115415
465215401
526352453
423626451
664154512
233344415
146403001
541643513
365641056
442344065
132242026
120026535
565652140
146540126
624462143
551331055
204324662
542154053
655422303
522253600
226053441
414654066
644343652
410142504
460321310
116553422
244455116
516442614
412653212
201304444
535506501
612141461
123451450
024535436
436335665
136222234
252502250
045362212
304062001
234435304
363124225
646152564
512251025
466040421
021453435
013062032
560032535
160523344
014565525
456313155
666610006
430210606
236555551
264200004
025513461
323133466
403041313
410312460
053605103
122123236
105021043
150405545
362336624
513560206
105106204
261402035
011464231
424433560
403625162
414620114
320303410
302163322
112520132
065626232
100410162
214523366
664136441
253623604
243531500
132454101
566246204
522650352
155651561
640606002
432564435
625445200
166056063
544641362
456265006
125363346
664406613
431303225
355064024
331651431
424604253
633466360
510161411
556245135
105300022
111436334
342245541
053503310
300643435
556336116
351340120
242236404
312162511
050246412
030050556
543422514
550464455
224210440
103266343
055041625
406024051
415400356
500116222
344411043
111205005
034556443
033360354
203004025
346000014
162510045
531540303
162540251
661623521
323426234
205305650
246231341
443366561
520505550
005551001
420502613
344145163
602645101
661115262
546656330
625205051
221541010
540362021
220425420
316422351
534533153
642065606
001521434
035606053
416314203
645414015
033352142
622451032
223036314
545013311
525631303
341602134
524302305
402226560
206562621
232260536
326034331
420003024
011636455
313423063
204546635
406160403
606615344
446345353
621644306
535031410
132021324
412311044
245131054
032012521
543504054
406235014
664053325
551243642
001232053
355420550
424005635
001555323
045264604
112414414
560641400
544453250
253254632
642255552
436632136
442103532
114206120
314154131
502532016
223011643
324422610
616536202
050343261
623424565
201165042
612324523
113054536
065350420
454645305
106043354
541364460
021566215
451211464
321232162
310543102
230125264
404210025
636332501
050106034
042441644
343044261
533001306
526566423
432000154
621236026
251360312
410665541
310215124
665556603
516156162
360244242
616621602
644304366
062166102
013514142
265042602
241356114
563005521
354455015
110012056
233562543
361551306
553615555
430624402
642353205
520661566
435562241
342626556
534105341
354441631
041201554
244153634
435656165
256503026
452646041
004361626
045654343
455520222
420151043
010122114
011652021
513113615
511403010
155446033
150013502
000603062
403150141
225264555
512023400
450652356
600020640
433505320
355311223
261453313
622414651
453521365
102622664
554014204
045425163
255465061
500014343
520025336
031063404
660555311
626300234
455142630
020206300
260433111
016461024
426425315
604432411
611103661
200300533
535042123
111506151
043215123
366031464
466362544
334543506
350624514
604213510
234524021
202104566
640246364
430111002
614224045
615610150
352023641
530320043
520041645
533311134
352651503
444010662
204201451
432036601
444464321
045356166
425401623
156565260
535414626
150316065
553005313
663514550
501134121
201203503
311630561
315344651
546060356
430023213
203434461
442625013
653223202
120504164
362343113
201021105
120150432
545201266
502314501
464653454
452015351
236136066
546006545
554623135
331425300
536620460
123231125
510056426
231206346
364150203
103624430
613240122
426164636
353564145
625141614
565262561
236252322
016024322
101201652
230035652
264456405
003346233
260666331
313120031
465124504
200051130
016152233
061525505
563430155
504215102
530531232
225521541
215323141
562256511
605624126
310041340
006034216
156240044
260355062
424006152
252020005
522365323
141500413
636221053
401226216
305431321
644315400
415551332
203260424
555306414
101261031
236563112
161245414
313256136
415325535
466426156
211613106
540354104
000226656
011500200
214600641
035553616
401166665
512630626
511533525
123314602
164211312
160160654
536151256
341466262
651054013
422213254
010416136
006312126
556166640
401312002
643151622
430631364
026240223
232050610
114331564
030546431
126156520
552402336
124550011
130205333
302630442
145361000
041655406
345451504
663230611
306443040
462642235
030621635
346301136
013234400
014653603
560301651
021054653
030166246
633431215
414246031
300045203
536611045
463016035
635155302
256021111
112655143
306016530
626246450
220310014
534650521
154151426
631541542
453661110
320265465
122633055
530102516
254535565
450566301
523410403
560016666
245434140
420243403
106346011
342665434
661002540
403552530
552053634
341350063
340351520
631225553
005230306
036513054
042135333
325612103
136134300
553551512
234602010
063151240
601400041
303210212
034123401
031634262
051542426
405043145
005146541
251463625
355154260
150020231
346604462
255510300
445060230
332364162
561421633
246410244
155163535
405333206
001613624
204632425
206313663
446353610
110220665
510034061
131030033
151153562
353223555
643163313
505640211
235111160
133322322
606121252
641143040
006520065
433403231
666142623
502422245
204166153
466051205
236126523
611660634
255233416
212355401
121606532
330136312
421530004
541435661
134032644
150341242
034365532
504664165
631451556
050632215
014625311
236441220
256010032
420315116
453130526
136400110
354501445
003660661
655526161
261034056
111521223
612515622
310561553
613430544
133103603
363320052
145355455
436440505
150062463
046101425
214611552
103100445
036402363
404333322
303300360
043364016
243065126
332105413
416563645
644412532
006355202
002606411
060644536
526403446
103663412
536363233
225335526
301542551
646433463
521014425
515460466
324313324
454425666
624025123
012030040
501142266
322005046
362454564
526420021
562335412
210360005
036424436
660162342
161356235
466411541
566161335
162514323
406406634
300120501
314316026
266022226
601536650
314363260
165223261
105653223
630543015
445223056
203406202
566045042
150423116
040331401
130233454
136264662
465322063
544340502
654061444
065211146
345104242
153620066
633040004
654006456
446012100
550550253
035243235
652363551
020521103
334356251
413201016
135552554
334220435
035205440
102420220
441526066
642660545
160532266
261362320
530412105
242106655
646041510
252540024
110501436
604460302
661250330
004333045
615005432
050456623
614632263
100564233
645420446
413165620
051334136
622520463
314115235
042004110
053215334
234613265
215006240
233245654
423542354
060204424
431264512
632604616
166462552
220242011
352666605
022143424
643034434
543646225
661024214
140101331
464264206
025215612
556435050
255341132
255665430
461631530
205254214
605254405
641502301
235650046
022022260
364141111
102452515
605011251
626023066
601066511
266201665
420434605
202633630
322046633
330100050
561650601
131145230
523263430
324202226
123062225
146505604
631162165
050362500
023146362
303040626
423601342
562150465
251046443
313230241
122532342
364134650
424355050
112136550
423613000
564321222
535316452
145564562
163404132
251440451
314344223
336241121
052120612
310335433
655416144
326102065
120464204
060410233
244054560
162643446
416602515
421136513
015044154
026450616
140522536
332222602
612246013
046440132
211414520
044430310
101135356
166524016
454331640
413002141
626324412
506453306
026015245
353550321
325656662
110642632
564242432
062061343
256644611
464615133
304464546
031551150
634353144
443616614
524454122
455354553
554122354
101301163
143326103
401202436
441545612
151612142
004156060
023334551
315030255
510655234
366323445
266444355
523216165
405405511
002665226
053446150
113165106
154402024
242223135
204605336
145203625
352255614
131152404
516500455
401414153
124035062
064215356
335555133
440266245
156625154
131626301
450105202
135515213
115466621
566603205
602161004
230222166
504554651
253365265
543202043
560665615
236350103
223253521
644211224
331213011
654143433
312504033
156216252
130600504
455444216
044512345
461443606
150124023
664632334
131644625
115401562
565114233
442561442
562021166
361412423
640611663
461541124
454222400
425504045
016503531
023602524
603352666
405423432
554510416
116413230
241515033
614431001
053526042
433135444
263061234
252626322
152516335
446063523
546532251
613302252
324111561
340622030
562624361
340613346
325333635
004044440
166535443
161023655
444221611
145633102
126431161
504330463
163555165
216316654
665131103
341520312
005364325
663256054
002415430
610144265
532553311
625326320
063306645
311212630
044234032
340445656
041110101
265164310
023506656
445605146
000134663
041603241
514442440
342556313
353266522
250312236
055121463
330655325
345115320
602230164
410055015
335322240
335201515
441252113
226066504
613341356
025404106
446215536
644500135
143000651
626655022
521550136
166252646
623541023
634164454
665435645
060051612
024413202
114234116
120516643
010232546
242446331
120533620
012641115
126511405
534116664
524161100
626561154
131014564
666060562
615232310
526514513
100556414
341633420
305246065
104103016
222662003
311015512
402563156
651106350
235430663
563163046
213551255
432123353
422044542
646265411
362352430
635360510
143644012
200000416
465540315
445263324
655166012
306545466
461330253
416031633
021026031
421635125
456451462
622242505
540023622
523120650
440453142
505026304
520436256
055263162
405651644
426603263
034252665
602316112
546661214
345532626
462365631
000465364
403032264
041325630
343012333
350602001
532161524
432465143
135004355
666664153
203420353
012255451
624360425
225045111
316111616
600633254
104240653
222654015
424051516
620063250
456633201
342432154
233414042
501452620
453450645
650444322
560110540
650465132
116451345
303401433
142014041
463154462
