152420602
513532601
545614254
562430063
441254040
155110506
035440524
105025446
215130440
232351154
442546463
152566311
532552110
525361514
645232061
640025150
311502240
535126253
422436621
613543062
300502531
562653004
662303660
110515355
011451625
631355352
663221343
050020262
520464454
043534144
014043542
425046654
120011156
235436034
145166140
366155232
245033123
063361322
154363106
455142636
403655326
534041320
142034013
104125505
424360043
625401302
144321324
264161214
265531004
521551122
062624653
342250433
431113403
020100523
043343210
512520464
163152313
324203055
153411363
023220155
053120446
231235113
425642001
630242600
201616345
260032503
021663063
546612542
152052630
225206161
221424340
112401231
304644325
456016453
562024210
560454116
561643400
112522512
325413601
106410630
502016434
351016014
453610324
333200012
424615022
203334320
064324156
310652036
312266631
256044552
352163453
131604625
535252656
102445623
514544153
204355042
236511604
643316120
614161636
526462020
350440053
515214403
665240612
460265351
564213662
022106251
346056062
143542541
516312004
040126460
045264126
540561524
034215421
211525146
113465641
124114654
161114211
445305625
154555254
604420521
366533642
021422254
402443002
350000144
124262405
112246014
361516625
013042415
266356226
011645520
165216434
100614432
153654200
500351444
550442041
542665614
364062316
455563660
161540536
534613043
626516633
503316216
200465256
313133234
331053242
332143306
431646060
521405411
420126644
526015505
254061442
201042164
142063151
335651165
353622205
523566346
400430152
065055334
141331531
401623615
401301010
442612430
006064664
136022643
330413460
613660105
441124366
066460335
360526562
154602023
611232142
454132321
041005522
366014301
520221606
632350511
433601503
524611365
540305466
264523053
135001424
453141104
405002216
153500550
641645306
201320462
635103526
000536540
535045431
400361156
120563503
606303205
321360256
602436404
352002411
353111622
453364546
022141362
224025233
506465562
042014242
132523035
345552635
134620130
320202614
606535666
055635235
654533310
036366144
213560353
304631133
406254314
654026332
430016241
351156520
623423414
404236436
265045045
125222213
133635044
251464603
525564555
354322610
362635125
001232225
024512616
335404110
641364034
213403164
313444456
004223445
224562031
236046111
413115011
236462354
303365223
012445316
010236363
122651021
430543135
123634265
652602646
111625263
360325034
543223052
334321441
210464012
604412146
044245355
621432660
252650542
156235611
666035254
044162653
311211205
564030534
061146426
301653461
464112455
433553264
045666361
226620443
340635440
651226441
351624553
523114141
164401542
506256241
411224535
450161340
331446551
135456300
126150551
233150322
512341563
515206335
345153050
230630461
052205442
355540403
312121143
212103616
150254564
451251612
003260624
212450101
552264002
405610200
251504541
213554223
116636320
104221231
002062423
223122466
214453232
161035606
660324412
245521611
060410556
144533002
232040453
133612611
305046105
525656133
036115650
006455155
346236100
636425463
342534452
332202263
361144033
124305346
226243646
646443264
325022532
331160365
363666650
224513520
155243350
561505104
522633561
400040545
151060544
212310312
105554532
631031400
205240020
624121003
564335620
244603422
541150600
446416560
656641412
264246235
166200143
061510412
410452251
244111333
316101311
063451436
322414545
501014326
321500632
443242223
043140201
056653332
165064203
011566266
215022500
242304102
623304642
611443321
640312405
150003426
653333053
561363461
544024565
025346220
262066624
322346041
026142065
564416224
103256065
324102500
115550211
413621046
263112242
321332445
536560421
532160132
613204206
663022104
146413322
632600252
354135656
035433315
031223604
442462164
242131644
314331022
634330605
464051411
222540514
355623142
102666530
141461005
334465200
550346233
320415336
632132334
060532022
523400045
043601030
151622321
513230314
361631246
316434441
102564044
102245252
200546066
662162562
531420143
614416600
561036050
000051631
550013516
235444362
465424123
445214511
260314343
236302136
262602201
135343246
163002060
512300030
542344655
160066342
162330215
220263324
060244501
311346432
525425165
616603525
456245162
645362363
650104065
014414115
352030322
164356631
103232633
145460436
560134635
244140110
653025542
023015643
206630214
446000131
510616622
125003615
334210350
554226024
065101561
665461653
661555430
466330540
402225645
414121554
433463623
644332230
615653540
440604352
262511351
120642224
321511310
610521433
423450566
613501110
324516464
463310231
044365241
350216213
600113212
624663104
445331460
036530563
165122002
505203553
356555101
615105144
630455614
040023025
116026166
041414461
515466516
635614036
045600413
022354265
620621125
566122626
526430036
356442624
035011062
515155612
162516202
230515030
403556642
253516300
512414350
503004532
550531643
031442633
032644444
655366255
404004150
116345154
663056263
554624411
664645445
530050663
613606443
131262032
310005010
624036246
665502056
203226130
421664636
043655166
413423355
466666003
266604124
632216265
221136156
306466606
662110621
546404346
130366656
036636252
533306101
103444021
324620101
260655641
263421525
603063306
211303401
623150030
030603016
031310346
655430244
220644663
543352422
626505315
641204221
221265662
545311035
431432006
066006555
563125133
143225420
542205556
254556416
021251344
652512025
641253626
112261526
630504121
326321353
654004433
056533425
062404321
015104032
555441260
656414131
203562504
056325321
303041044
033424530
305322454
400611054
666662151
326646302
556165124
430165533
026532130
220324536
231336642
622333126
601605165
024544341
420003551
345510344
012053361
244152004
346520310
644566543
602526122
042466213
131413234
110302645
114464366
506546160
040505054
402353233
643135535
600062055
330104254
055202603
626441150
622142613
430354053
666156352
411633444
366211064
004432302
120436212
246106041
101143343
523054056
453652445
363343504
224422112
634343014
114251603
605556421
664254051
420012033
323043160
024135514
605400233
025550002
256250031
166561330
246336554
344501415
561240441
404106204
661023031
044030612
134136345
633551651
602511460
502121352
610534654
536224355
430210164
465135046
313500326
051321335
351403362
216265133
146663465
332524626
554451351
216531261
443502334
101551363
314256144
660603223
550334361
505162430
531464215
210266505
156005001
302150066
661663012
631410425
350215404
041021416
246543431
440246530
401526556
624013135
111415020
604656655
335566023
640120246
002451644
203000405
023255200
433066314
506342145
511666455
315364643
032315214
236121220
505532242
653531232
002431111
004626013
365350130
330311515
251242430
201055650
454164262
405245413
063224264
466400614
544610406
123216103
352431430
550632100
432216652
302605043
306053554
564636141
415511456
166405265
136134102
244404063
250612162
521021261
363120351
035353103
601114554
134014531
256552365
601421632
010165101
410323202
615251234
413034461
333222121
255426635
010330051
245434506
162623116
566562213
440131013
610250456
126045363
024461535
205161605
143431254
206624656
415634226
051041031
406336113
614050325
040253111
145304330
115561102
053456252
064204610
555361445
146024454
203513111
644164300
404130660
465602462
252133131
132114465
301356303
426034332
440651206
211210521
032302005
452656114
432405246
410340366
336263115
120452463
244015544
203114016
130020060
166512554
155015664
444646344
354666046
156525402
403525431
632012556
160543011
530404602
533133021
211311066
326063221
312052256
460231442
356360334
643360613
355610431
462322521
343452143
104332566
300535313
355131364
021115434
250124155
462532360
006113236
054144050
610060532
121605132
100323550
431260510
334264464
023445134
216141545
116354513
511204054
260622435
105326612
602232510
351544166
165652144
053121513
464635213
255350263
314235501
362041615
060356315
131314150
521266523
310010423
450214256
124555665
005034414
252400424
051545202
321254402
446225201
411010665
356244243
101520204
161211640
546143103
432361640
426501066
221402526
411602156
555053511
166421101
015142120
634241161
411206420
146435033
204450613
240142326
656056140
233044204
523441423
302241501
625044566
036130631
221053305
054466465
540533250
052430536
531255005
243312361
011550134
535205122
464105330
516554630
323630554
232345540
255341115
003003220
304001626
346451304
301145111
564144246
132326363
052122300
130106510
406414225
541355543
153065413
450642310
621426505
025121634
251205325
551310552
310161462
210341250
323213342
146152446
146606232
334554013
615334015
346425526
115620024
626645231
542525000
512603342
543436362
541002343
163324045
642015063
002314500
116540005
011016152
231623566
653460311
565525352
432550303
012460452
636515522
630035026
531626334
365536251
061262100
356200460
233063545
006031350
311120212
111056041
444050553
132332141
201221253
434612266
463520663
621100354
434444616
266063162
320662341
454311001
034541213
444045036
534142412
410153024
004341406
303106436
306222346
035322661
530131266
663111165
405333356
456350656
453445515
325440215
652251105
102230106
235553452
552103505
665252320
003102162
513311440
624235323
466203022
552155460
141165516
512624051
532602520
120125041
625315111
652340143
210545422
214663651
454403143
623126225
635564240
462564131
436233432
320453522
603346664
300315651
502540336
565113314
564354302
304545540
423521215
211252216
612323534
055221040
065660646
622135052
545402151
411305564
430032235
562664426
426342212
316443030
645330522
056316030
013453013
220550140
626324060
613061023
034565632
122165225
140633314
236464033
242154411
210023313
043060560
233231552
041610055
662606035
462210345
153601216
061600260
555665050
425103240
425455010
456522141
243222645
554436503
010132210
335345002
630421042
046224632
505663101
065212543
600121361
510563045
003252351
466352434
233146563
345523206
431611121
505353665
254410040
324433260
626202534
564120015
521141014
540041002
102300451
063302654
404503562
316352161
663134403
222526650
654605551
065454441
530201313
164524460
206605430
564621232
646521552
342442232
213664334
253636526
235151016
424256301
043324004
354534205
332305331
025543156
065003406
112062304
261456002
506123040
142644356
315301536
406364415
441311244
555034136
123153662
615024622
660014520
613322316
621345424
052532253
426226416
516251362
452104126
221101143
303634612
052046345
114204441
346213653
414011230
222646425
255365531
241562115
600553334
312400513
325625616
415532114
653642034
402604661
041346565
332025055
056252526
634423246
405512523
133255336
314645634
165450055
561601515
062563343
344161121
553106640
250206636
214320244
350431655
615522265
501106022
521030115
264220306
424561352
150142152
161425314
656032602
316330203
041303253
663341435
501460051
323225063
511142231
160145464
600044315
421534243
220426023
036301023
451513032
002056516
610412544
523156404
122050412
136403651
142011525
405624544
424052124
601350220
425514162
131046223
410245244
640210010
331364522
325015550
003610533
260300025
221342651
611610330
140036401
135544653
500360264
223505244
241122552
341525664
455006042
142236542
451505653
421640452
010646146
033213506
062256450
643554005
211426661
253623000
250222511
264362123
610654262
234525361
315255353
311543613
446530024
022616006
240350632
312336355
600026603
065261415
653655620
466215536
044650224
663265514
155633066
251353514
505115221
116223561
203641222
641451211
324314232
451042255
313062551
534422064
025020326
216612426
255010355
115253125
235452225
630656001
554355135
620335500
435520045
236135303
656160215
621654110
646353341
321503464
225211226
425600535
503514455
303154124
346306423
140044143
666436521
534362550
046012011
540101145
133350460
333353616
231264301
126444435
256545610
630462166
406011102
205003341
121546145
041406106
056526214
111023130
263606312
010262434
020651560
522364333
330632623
226360502
132621245
436625624
000524251
010113565
465023463
006000046
653435106
610436135
034233060
311064006
100650115
242235230
410631331
333555425
002541055
412160206
163113530
455230333
062123432
564053255
553040310
325551541
434150235
445413445
344655512
060103150
030331132
322001564
120440301
351033535
464143523
246115462
234654020
500566153
101452540
221066210
135532326
305265160
030154406
541323121
111362410
264442461
315154505
602130045
626352625
203233266
212536043
341340620
635306416
062265066
264624505
665143451
442553146
622022440
621461446
054500304
336021134
132340634
415641652
203065061
056561501
334032152
303412314
520653446
636050206
440434324
361334114
546440511
342265022
132155601
442326636
431025230
441055404
663635361
531501061
002406060
524506230
422024004
005533031
366550515
221120625
435123114
203125614
353426233
016025240
312633600
545146532
410441405
014203536
031132451
322612662
340330165
120256620
116363632
226601255
043416635
105660152
541246204
352313220
434114540
064431664
161636564
614346526
432031163
653152501
143041666
456564323
014652400
243330046
240201264
440610643
516331616
003144645
023523621
344026651
633105260
511320305
441163261
651215046
346132255
264434130
100342003
640401420
553212535
365611323
040155342
426660160
521042406
544063332
026661316
411240103
632523401
662321206
650223163
643146016
605343132
503561014
030052044
214405455
341212136
052514634
024353454
234102665
106602604
546061640
416500442
102005114
040454650
223533333
340143641
304013000
151136433
315213016
434166051
502235024
556543354
651404250
465030425
434355506
511065360
163335452
364355453
301236654
413564050
623664521
252212153
021004601
136161153
605331641
566201200
636446336
551466130
124530153
311132563
344124042
236613310
163412126
321535021
440062412
243405600
123024311
551453266
623562453
140500363
462601140
411135302
563011553
556003212
014361160
250055566
103264210
426313364
361042450
424231110
204123423
450025305
310524300
542620323
015233252
012031034
506034263
335606641
650016366
064045103
416035523
031506350
312422415
311461154
312004135
336640026
254446154
652354324
234203211
135433520
143353134
653214462
143506614
610513106
244510252
243661401
522615453
112356406
133242454
201133500
600661513
266530056
045415303
433304365
500242522
631322023
016346601
430264645
435621350
202555205
543422624
445156323
433416442
611153153
264306440
411416313
044522103
042211601
221611534
143565262
521313630
465541224
232432416
004160311
213335653
206266052
115316264
111600502
206051025
416263300
140115200
463103601
636601344
045050145
224230545
522240660
040333606
226655064
365114660
340556356
252315436
526634644
201531424
150354225
300604106
104433410
205010232
245060014
020361205
525302063
561303046
544225110
124131426
115616551
310626414
320006325
023636410
600105453
312565565
616000650
532461541
222002352
262554662
643410502
446363016
506431415
046634515
121224026
316110156
200306104
434202342
050654123
546626605
100135622
261630633
564166363
142251310
015420650
103140512
560112331
500225235
323466032
313006602
325133412
562345112
502411203
645150464
615010001
625051455
611462203
306116543
305461331
161102135
454661625
045163504
650166554
333112053
511434422
201463433
103433145
630363231
443260035
642506226
024005460
455462102
660531516
363005126
432451422
523060631
055303024
400560601
222064146
525300604
464316512
211006533
343231325
260443652
511652664
053130120
012116324
461665542
164040022
243453551
650061111
564553321
650463000
401116631
246642050
403622032
260163036
525332310
062243524
661562644
254234622
313220540
214632315
062151523
053163042
435200401
056411444
644200644
153601450
113035242
265026360
551522016
313515132
314000261
261415563
250433346
152635303
056156663
145245131
000365330
423545320
015621201
451066561
220102431
126261244
205212465
020014440
005216310
445633632
066613145
340664263
654540565
103101300
365445340
400456430
554060223
561650356
651613654
430326425
114110063
031654231
412244312
102442365
260251133
510234546
223204413
204333634
504201566
243541153
462462250
625114325
566445006
555504420
546210125
325234030
330141025
112143260
366104445
520510026
114556524
533505516
463640253
431056136
544445642
654051064
636643553
353054641
456101233
644314666
052625564
061034365
560352240
614266212
310242666
621230201
245135351
414036005
304440434
222111100
155154043
560006611
125313052
441013350
410314610
522043243
136020122
265645266
014125026
614315253
333562236
342115315
530620512
144416056
303324561
222152535
436041446
365230566
020404266
140403535
422166442
622241036
612032221
560140344
360362602
533662302
202244533
021444512
614046611
011501403
112510646
622454606
563044125
360160004
305405504
300221112
566453533
262233405
101213456
606541303
035516405
055061254
426144600
451330411
204662240
006544462
020610211
412315105
130200226
415326341
553316061
053603665
533203634
606452012
512611536
354106112
362016446
546231451
322220224
616426054
503020166
160313624
432535551
602614313
025412422
556220504
065542510
114442553
156640641
152541120
000425424
341662424
303451660
665623305
443636155
265136615
034450162
542426025
444344421
054342264
452421053
226351410
322603236
155641533
245616116
152301062
642203303
413156160
225336403
240415121
323241251
