016656123
120060234
231101345
342212456
453323560
564434601
605545012
012200616
123311020
234422131
345533242
456644353
560055464
601166505
023444160
134555201
245666312
356000423
460111534
501222645
612333056
016460622
120501033
231612144
342023255
453134366
564245400
605356511
053025411
164136522
205240633
316351044
420462155
531503266
642614300
036142112
140253223
251364334
362405445
403516556
514620660
625031001
043442206
154553310
265664421
306005532
410116643
521220054
632331165
066264206
100305310
211416421
322520532
433631643
544042054
655153165
043206110
154310221
265421332
306532443
410643554
521054665
632165006
052042444
163153555
204264666
315305000
426416111
530520222
641631333
000645346
111056450
222160561
333201602
444312013
555423124
666534235
045065514
156106625
260210036
301321140
412432251
523543362
634654403
036154343
140265454
251306565
362410606
403521010
514632121
625043232
044600315
155011426
266122530
300233641
411344052
522455163
633566204
050223053
161334164
202445205
313556316
424660420
535001531
646112642
041151100
152262211
263303322
304414433
415525544
526636655
630040066
026623162
130034203
241145314
352256425
463360536
504401640
615512051
060215320
101326431
212430542
323541653
434652064
545063105
656104216
066514512
100625623
211036034
322140145
433251256
544362360
655403401
064151041
105262152
216303263
320414304
431525415
542636526
653040630
064115463
105226504
216330615
320441026
431552130
542663241
653004352
036556446
140660550
251001661
362112002
403223113
514334224
625445335
000231430
111342541
222453652
333564063
444605104
555016215
666120326
032032313
143143424
254254535
365365646
406406050
510510161
621621202
004133344
115244455
226355566
330466600
441500011
552611122
663022233
063252445
104363556
215404660
326515001
430626112
541030223
652141334
051343266
162454300
203565411
314606522
425010633
536121044
640232155
024463010
135504121
246615232
350026343
461130454
502241565
613352606
065356030
106460141
210501252
321612363
432023404
543134515
654245626
033536661
144640002
255051113
366162224
400203335
511314446
622425550
006163332
110204443
221315554
332426665
443530006
554641110
665052221
010543065
121654106
232065210
343106321
454210432
565321543
606432654
013042332
124153443
235264554
346305665
450416006
561520110
602631221
005330021
116441132
220552243
331663354
442004465
553115506
664226610
014131603
125242014
236353125
340464236
451505340
562616451
603020562
062542031
103653142
214064253
325105364
436216405
540320516
651431620
063424504
104535615
215646026
326050130
430161241
541202352
652313463
035341522
146452633
250563044
361604155
402015266
513126300
624230411
041302135
152413246
263524350
304635461
415046502
526150613
630261024
045333354
156444465
260555506
301666610
412000021
523111132
634222243
035612261
146023302
250134413
361245524
402356635
513460046
624501150
050100151
161211262
202322303
313433414
424544525
535655636
646066040
025654652
136065063
240106104
351210215
462321326
503432430
614543541
064525240
105636351
216040462
320151503
431262614
542303025
653414136
001001253
112112364
223223405
334334516
445445620
556556031
660660142
055536255
166640366
200051400
311162511
422203622
533314033
644425144
021636532
132040643
243151054
354262165
465303206
506414310
610525421
063450326
104561430
215602541
326013652
430124063
541235104
652346215
041531441
152642552
263053663
304164004
415205115
526316226
630420330
044614131
155025242
266136353
300240464
411351505
522462616
633503020
031620633
142031044
253142155
364253266
405364300
516405411
620516522
032210460
143321501
254432612
365543023
406654134
510065245
621106356
026251355
130362466
241403500
352514611
463625022
504036133
615140244
065013545
106124656
210235060
321346101
432450212
543561323
654602434
011613224
122024335
233135446
344246550
455350661
566461002
600502113
001012020
112123131
223234242
334345353
445456464
556560505
660601616
040410665
151521006
262632110
303043221
414154332
525265443
636306554
014421414
125532525
236643636
340054040
451165151
562206262
603310303
000562351
111603462
222014503
333125614
444236025
555340136
666451240
000303124
111414235
222525346
333636450
444040561
555151602
666262013
031022452
142133563
253244604
364355015
405466126
516500230
620611341
052360240
163401351
204512462
315623503
426034614
530145025
641256136
012423520
123534631
234645042
345056153
456160264
560201305
601312416
056425426
160536530
201640641
312051052
423162163
534203204
645314315
000150512
111261623
222302034
333413145
444524256
555635360
666046401
063335214
104446325
215550436
326661540
430002651
541113062
652224103
006561245
110602356
221013460
332124501
443235612
554346023
665450134
015410150
126521261
230632302
341043413
452154524
563265635
604306046
024012214
135123325
246234436
350345540
461456651
502560062
613601103
020244516
131355620
242466031
353500142
464611253
505022364
616133405
053511134
164622245
205033356
316144460
420255501
531366612
642400023
054256152
165360263
206401304
310512415
421623526
532034630
643145041
001455344
112566455
223600566
334011600
445122011
556233122
660344233
025262630
136303041
240414152
351525263
462636304
503040415
614151526
046526052
150630163
261041204
302152315
413263426
524304530
635415641
036345235
140456346
251560450
362601561
403012602
514123013
625234124
014065302
125106413
236210524
340321635
451432046
562543150
603654261
025621023
136032134
240143245
351254356
462365460
503406501
614510612
026310316
130421420
241532531
352643642
463054053
504165164
615206205
040633636
151044040
262155151
303266262
414300303
525411414
636522525
040665053
151006164
262110205
303221316
414332420
525443531
636554642
041060346
152101450
263212561
304323602
415434013
526545124
630656235
032304653
143415064
254526105
365630216
406041320
510152431
621263542
015524301
126635412
230046523
341150634
452261045
563302156
604413260
006215062
110326103
221430214
332541325
443652436
554063540
665104651
025461266
136502300
240613411
351024522
462135633
503246044
614350155
033463453
144504564
255615605
366026016
400130120
511241231
622352342
050146310
161250421
202361532
313402643
424513054
535624165
646035206
063243202
104354313
215465424
326506535
430610646
541021050
652132161
033630205
144041316
255152420
366263531
400304642
511415053
622526164
015232143
126343254
230454365
341565406
452606510
563010621
604121032
012363111
123404222
234515333
345626444
456030555
560141666
601252000
066600001
100011112
211122223
322233334
433344445
544455556
655566660
023152250
134263361
245304402
356415513
460526624
501630035
612041146
031305401
142416512
253520623
364631034
405042145
516153256
620264360
020311425
131422536
242533640
353644051
464055162
505166203
616200314
064340620
105451031
216562142
320603253
431014364
542125405
653236516
001660564
112001605
223112016
334223120
445334231
556445342
660556453
052312626
163423030
204534141
315645252
426056363
530160404
641201515
060402212
101513323
212624434
323035545
434146656
545250060
656361101
042654210
153065321
264106432
305210543
416321654
520432065
631543106
010502620
121613031
232024142
343135253
454246364
565350405
606461516
045644466
156055500
260166611
301200022
412311133
523422244
634533355
061353642
102464053
213505164
324616205
435020316
546131420
650242531
021535125
132646236
243050340
354161451
465202562
506313603
610424014
036661036
140002140
251113251
362224362
403335403
514446514
625550625
046053615
150164026
261205130
302316241
413420352
524531463
635642504
052403133
163514244
204625355
315036466
426140500
530251611
641362022
060465131
101506242
212610353
323021464
434132505
545243616
656354020
046564434
150605545
261016656
302120060
413231101
524342212
635453323
004142635
115253046
226364150
330405261
441516302
552620413
663031524
030153034
141264145
252305256
363416360
404520401
515631512
626042623
061265412
102306523
213410634
324521045
435632156
546043260
650154301
050214264
161325305
202436416
313540520
424651631
535062042
646103153
066551164
100662205
211003316
322114420
433225531
544336642
655440053
000164465
111205506
222316610
333420021
444531132
555642243
666053354
035433006
146544110
250655221
361066332
402100443
513211554
624322665
043556535
154660646
265001050
306112161
410223202
521334313
632445424
052205304
163316415
204420526
315531630
426642041
530053152
641164263
051222360
162333401
203444512
314555623
425666034
536000145
640111256
021512641
132623052
243034163
354145204
465256315
506360426
610401530
012226642
123330053
234441164
345552205
456663316
560004420
601115531
010250604
121361015
232402126
343513230
454624341
565035452
606146563
025424445
136535556
240646660
351050001
462161112
503202223
614313334
022421601
133532012
244643123
355054234
466165345
500206456
611310560
035102055
146213166
250324200
361435311
402546422
513650533
624061644
036165520
140206631
251310042
362421153
403532264
514643305
625054416
054561561
165602602
206013013
310124124
421235235
532346346
643450450
055155533
166266644
200300055
311411166
422522200
533633311
644044422
003220125
114331236
225442340
336553451
440664562
551005603
662116014
043326126
154430230
265541341
306652452
410063563
521104604
632215015
044462424
155503535
266614646
300025050
411136161
522240202
633351313
032113556
143224660
254335001
365446112
406550223
510661334
621002445
062046243
103150354
214261465
325302506
436413610
540524021
651635132
055120462
166231503
200342614
311453025
422564136
533605240
644016351
051533402
162644513
203055624
314166035
425200146
536311250
640422361
002254454
113365565
224406606
335510010
446621121
550032232
661143343
033006003
144110114
255221225
366332336
400443440
511554551
622665662
035214102
146325213
250436324
361540435
402651546
513062650
624103061
051603611
162014022
203125133
314236244
425340355
536451466
640562500
031316355
142420466
253531500
364642611
405053022
516164133
620205244
063645303
104056414
215160525
326201636
430312040
541423151
652534262
036066151
140100262
251211303
362322414
403433525
514544636
625655040
026016035
130120146
241231250
352342361
463453402
504564513
615605624
055362003
166403114
200514225
311625336
422036440
533140551
644251662
000326545
111430656
222541060
333652101
444063212
555104323
666215434
054663235
165004346
206115450
310226561
421330602
532441013
643552124
024542103
135653214
246064325
350105436
461216540
502320651
613431062
044252016
155363120
266404231
300515342
411626453
522030564
633141605
064403655
105514066
216625100
320036211
431140322
542251433
653362544
012214005
123325116
234436220
345540331
456651442
560062553
601103664
050022605
161133016
202244120
313355231
424466342
535500453
646611564
034502532
145613643
256024054
360135165
401246206
512350310
623461421
061124615
102235026
213346130
324450241
435561352
546602463
650013504
042041642
153152053
264263164
305304205
416415316
520526420
631630531
046224523
150335634
261446045
302550156
413661260
524002301
635113412
024455005
135566116
246600220
350011331
461122442
502233553
613344664
050132566
161243600
202354011
313465122
424506233
535610344
646021455
010412501
121523612
232634023
343045134
454156245
565260356
606301460
050030014
161141125
202252236
313363340
424404451
535515562
646626603
044311540
155422651
266533062
300644103
411055214
522166325
633200436
035201363
146312404
250423515
361534626
402645030
513056141
624160252
015203444
126314555
230425666
341536000
452640111
563051222
604162333
043400032
154511143
265622254
306033365
410144406
521255510
632366621
030634540
141045651
252156062
363260103
404301214
515412325
626523436
012105562
123216603
234320014
345431125
456542236
560653340
601064451
054146406
165250510
206361621
310402032
421513143
532624254
643035365
054304012
165415123
206526234
310630345
421041456
532152560
643263601
056113000
160224111
201335222
312446333
423550444
534661555
645002666
060033226
101144330
212255441
323366552
434400663
545511004
656622115
013555400
124666511
235000622
346111033
450222144
561333255
602444366
022235156
133346260
244450301
355561412
466602523
500013634
611124045
014516266
125620300
236031411
340142522
451253633
562364044
603405155
005404536
116515640
220626051
331030162
442141203
553252314
664363425
034315654
145426065
256530106
360641210
401052321
512163432
623204543
024500026
135611130
246022241
350133352
461244463
502355504
613466615
043104646
154215050
265326161
306430202
410541313
521652424
632063535
061121436
102232540
213343651
324454062
435565103
546606214
650010325
022000350
133111461
244222502
355333613
466444024
500555135
611666246
026003506
130114610
241225021
352336132
463440243
504551354
615662465
013121221
124232332
235343443
346454554
450565665
561606006
602010110
000056061
111160102
222201213
333312324
444423435
555534546
666645650
055345451
166456562
200560603
311601014
422012125
533123236
644234340
023116242
134220353
245331464
356442505
460553616
501664020
612005131
031131264
142242305
253353416
364464520
405505631
516616042
620020153
046130045
150241156
261352260
302463301
413504412
524615523
635026634
014205251
125316362
236420403
340531514
451642625
562053036
603164140
000310233
111421344
222532455
333643566
444054600
555165011
666206122
005641154
116052265
220163306
331204410
442315521
553426632
664530043
012252321
123363432
234404543
345515654
456626065
560030106
601141210
006236213
110340324
221451435
332562546
443603650
554014061
665125102
020220331
131331442
242442553
353553664
464664005
505005116
616116220
042111311
153222422
264333533
305444644
416555055
520666166
631000200
061652515
102063626
213104030
324215141
435326252
546430363
650541404
052431554
163542665
204653006
315064110
426105221
530216332
641320443
063060063
104101104
215212215
326323326
430434430
541545541
652656652
026122304
130233415
241344526
352455630
463566041
504600152
615011263
052444221
163555332
204666443
315000554
426111665
530222006
641333110
044523663
155634004
266045115
300156226
411260330
522301441
633412552
050301346
161412450
202523561
313634602
424045013
535156124
646260235
063411613
104522024
215633135
326044246
430155350
541266461
652300502
055064641
166105052
200216163
311320204
422431315
533542426
644653530
046304361
150415402
261526513
302630624
413041035
524152146
635263250
001624016
112035120
223146231
334250342
445361453
556402564
660513605
013606344
124010455
235121566
346232600
450343011
561454122
602565233
041446430
152550541
263661652
304002063
415113104
526224215
630335326
002035435
113146546
224250650
335361061
446402102
550513213
661624324
025216041
136320152
240431263
351542304
462653415
503064526
614105630
006530660
110641001
221052112
332163223
443204334
554315445
665426556
002543214
113654325
224065436
335106540
446210651
550321062
661432103
045030400
156141511
260252622
301363033
412404144
523515255
634626366
042134122
153245233
264356344
305460455
416501566
520612600
631023011
003616404
114020515
225131626
336242030
440353141
551464252
662505363
044235534
155346645
266450056
300561160
411602201
522013312
633124423
030015143
141126254
252230365
363341406
404452510
515563621
626604032
014451360
125562401
236603512
340014623
451125034
562236145
603340256
050456203
161560314
202601425
313012536
424123640
535234051
646345162
045225236
156336340
260440451
301551562
412662603
523003014
634114125
005112346
116223450
220334561
331445602
442556013
553660124
664001235
030400525
141511636
252622040
363033151
404144262
515255303
626366414
004544050
115655161
226066202
330100313
441211424
552322535
663433646
005452463
116563504
220604615
331015026
442126130
553230241
664341352
013522553
124633664
235044005
346155116
450266220
561300331
602411442
010054136
121165240
232206351
343310462
454421503
565532614
606643025
040331202
151442313
262553424
303664535
414005646
525116050
636220161
006243101
110354212
221465323
332506434
443610545
554021656
665132060
005603660
116014001
220125112
331236223
442340334
553451445
664562556
025505202
136616313
240020424
351131535
462242646
503353050
614464161
060631055
101042166
212153200
323264311
434305422
545416533
656520644
001426102
112530213
223641324
334052435
445163546
556204650
660315061
036505014
140616125
251020236
362131340
403242451
514353562
625464603
030423342
141534453
252645564
363056605
404160016
515201120
626312231
042263064
153304105
264415216
305526320
416630431
520041542
631152653
020046654
131150065
242261106
353302210
464413321
505524432
616635543
041350251
152461362
263502403
304613514
415024625
526135036
630246140
043653521
154064632
265105043
306216154
410320265
521431306
632542410
066540544
100651655
211062066
322103100
433214211
544325322
655436433
064006560
105110601
216221012
320332123
431443234
542554345
653665456
034603146
145014250
256125361
360236402
401340513
512451624
623562035
