121235105
134356211
215460325
356501435
551053653
612134041
046441102
566643244
111112541
042333660
034350043
025531156
235602266
300002301
450024066
123346034
002041533
131001644
224543614
415255626
204404345
261510451
022502415
135611522
245522632
353033062
053413142
505355265
616056205
051501064
206242066
203223264
114344243
425445431
526453500
640660635
206040521
201262153
332303152
443216230
454525302
665636361
461421044
102543136
630342400
324055514
431366622
660200020
550311141
026540336
650454461
213065550
322306166
433210003
644321112
655432223
130545423
352010240
563501650
303222645
016312625
100413010
235024110
344645250
516263031
560602514
015250513
466364330
631516565
452620606
143063110
154104626
262615045
306026140
410130250
520241263
032152450
603334522
146205231
110524502
421405662
666013116
013606232
524060332
511121424
345212566
366555015
602565124
025666046
103400256
224511360
321652322
436032412
565140562
011553030
045014424
236225556
053122266
341340052
162450162
563562401
614623306
356145020
206251442
350444556
532664003
241105211
142266343
314436404
332144460
513651610
622012051
105051605
324154013
460203125
501326230
112425611
651230012
253452531
316563661
525604151
516015163
052161216
503133326
605303433
315414342
065165214
330635334
641040100
040136123
402353534
422611253
541614106
130132000
260546212
610061436
426160542
534213651
003625461
210636565
223664665
330234620
220435602
220320313
331461223
443505313
413542143
664362555
001134115
241156336
365260453
455301520
164462060
665143005
000216052
111320361
222332201
301664215
444603420
666105643
534122135
256314604
340121501
512400514
623251325
030063262
143105005
612115432
063325523
404630633
315341015
656650132
023004340
544455055
363350306
400561111
552512426
050365344
401456400
413640124
435143641
646254254
044044615
144031062
250156104
446436654
633415416
624526540
161234534
601345656
333126355
153046455
204110465
062221100
454302034
325413104
631524234
542416611
156626413
264030121
120361456
636404563
564554352
265036603
320110633
411246026
522332350
640413245
060456636
105560040
216601352
441123365
542224415
655245310
036530501
061442311
242553021
355664130
464035246
105116354
026220464
054202501
364013333
203424026
533534442
532050324
643161664
055022053
126523225
232244335
261303443
452466555
463131461
604611203
131431333
140652144
251633553
362642662
406162202
534266166
545530546
525206222
