152420662
513532601
545614154
562430063
441254040
155110506
035440524
105025446
215160440
232351154
442546461
152566311
532552110
425462514
545232061
640025150
310502240
535126253
422436621
613543062
300502531
562653004
662303660
110515355
011451625
631355352
663221343
050020262
520464454
043534144
014043542
425046654
120011156
235436034
145166140
366155232
245033123
063361322
154363106
455142636
402655326
534041320
142434016
104125505
424360041
625401302
144321324
264161214
265531000
521551122
062624603
342250433
431113403
020100523
043343310
512520164
163152313
324203055
153411363
023220155
053520446
231235113
425642001
630242600
201616345
260032503
021663063
546612542
152052630
225206161
221424340
112401261
304644325
456016453
562024210
560454116
161643400
112522532
325413601
106410630
502013434
351016014
453610324
333200012
424615022
203334320
064324156
310652036
312266631
256034552
352163453
131604605
535252656
162445523
514544152
204355042
236511604
643316120
614161636
526462020
340440053
515234403
665240612
460265351
564213662
022106251
346056062
143542541
516312004
040126260
045264126
540561524
034215421
211525146
113465641
124114654
151114211
445305625
154555254
604520521
366533642
021452254
402443032
350600144
124262405
112246014
361516625
013042415
265356226
011645550
165216434
100624432
456654200
100351444
550442241
542665614
364062316
455563660
161540536
534613043
626516633
503316216
200465256
312133234
331053242
332143306
431646060
521405411
460126644
526015505
254061442
201042164
142063151
335651165
303622205
523566346
400430152
065055334
141331531
401623615
401301010
442612430
016064664
136022643
330413360
613660105
441124366
066460305
360526562
154302023
611232142
454132321
041005522
366014301
520221506
632350511
433601503
524611365
540305466
264523053
135001424
453141104
405002216
153500550
641645303
201320462
635103526
000536540
535045461
400361126
120563503
606303205
321360256
602436404
352002411
353111622
453364546
022141362
224025233
406465562
042014246
122513035
345552635
134600130
320202614
606535666
055635235
654533310
036366144
211560353
404631133
406254314
654326332
450016241
351156520
623423414
404234436
265042045
125222213
135635044
252414603
225564555
354322610
362635125
001202225
024512616
335404110
641364034
213403164
313444456
004223445
224562031
236046111
413115011
236462354
303365223
012445316
010236363
122651021
430543135
153634265
652602646
111625263
360325034
543223452
334321445
210464012
604112146
244245355
621432660
252650542
156235611
666035254
044162653
311211205
564030534
061146426
301653461
464112455
433553264
045666361
226620443
340635440
651226451
351624553
523114041
164401542
506256241
411224535
450161340
331446551
135456300
126150551
233150322
512341563
515206335
345153050
230630461
052205442
365542403
312121143
212103616
150254064
151251612
003260624
212450101
552264002
405610200
251504541
213554223
116636324
104221031
002062423
223122466
214453232
161035606
660324412
245521611
060410556
544533002
232040453
133612611
305046105
525656133
536115650
006455135
346236100
636425463
332534452
332202263
361144033
124305346
226243646
646443264
325022542
331160365
363666650
124513520
155243350
561505104
522633561
400040542
121060544
212310312
105555532
631031500
205240020
624121003
563335625
244603422
541150600
446416560
656641412
464246235
166200143
061510412
410452051
244511333
016101311
063451536
302414545
501014316
321500632
443242223
043140201
056653332
165064203
011566266
215322300
242204102
623304642
601443321
640312405
150043426
653333053
563363461
544624565
025346220
262066624
322346041
016242065
564416224
103256065
324102500
115550211
413621046
263112242
321332445
536560421
532160132
613204206
663022104
146413322
632600252
354135656
035433315
031223604
442362164
242131644
314331022
634330605
465051411
222540514
355623142
102666530
141461005
334465200
550346233
320415336
632132334
060532022
526400045
043601030
101612321
513233314
361631246
316436441
102564044
102245252
200546066
662162562
531420143
614416600
561036050
000051631
554013516
235444362
465424123
445214511
260314343
236302136
262602201
135343246
163002060
512300030
542344655
160066342
162330215
220263324
560244501
311346432
525425165
316603525
456245162
605362363
650104065
014414115
352030320
164356631
103232633
145460436
560134635
244140110
353025542
023015643
206630214
446000531
510616622
125063615
334210350
554226024
065131561
665461653
661555430
466330540
402225640
414121554
433463623
644332230
645653540
440604352
262511351
120642224
321311310
610521433
423450566
613501110
324516461
463310231
044365241
360210213
600113212
664663204
445331460
036530563
165120002
505203553
356555103
615105144
630455614
040023025
116026166
041414461
515436516
635614036
045600413
022354165
620621125
566122626
526430236
356442624
035011062
515155612
162516202
230515030
463556642
253516300
512414350
503004532
550531643
031442633
032644444
645366155
404004150
116345154
663056263
554624411
664645445
530050663
613606443
131262032
310005010
624036246
665502056
203226130
421664636
044655166
413423355
466666003
266504124
636216265
221136156
306466606
662110621
546404346
130366656
036636256
533306101
103444021
324620101
260615641
263421525
603063306
211303401
623150030
030603016
031310346
655436244
220644663
543352422
626505315
341204221
221265662
545311025
431430006
066006555
563125133
143225420
242205556
254556416
021251344
652512025
641253626
112261526
630504121
326321353
654004433
056533425
062404321
015104032
555441560
656414131
203562504
056325321
303041044
033424530
305321454
400601054
666662151
326646302
556165124
430165533
026532130
220324536
231336642
622333126
601604165
024544341
420023551
345510344
012053361
244152004
343020310
644516543
002526122
042466213
131413234
110302645
114464366
506546160
046505054
422353233
643135535
600062055
330104254
055202603
606441150
622142613
430354053
666146352
411633444
366211064
004432302
120436212
246106041
101143343
523054056
453652445
363343504
244422112
634343014
114251603
605556421
664254051
420012033
323043160
024135514
605400033
025550002
256250031
166561330
246336554
344501415
561240441
404106204
661023031
043030612
134536345
633551651
602611460
502121652
610534654
536224355
430210164
465135046
313500326
051521335
351403362
616265433
146663465
332524626
554451351
216431251
441502434
101551366
314256144
660603223
550334361
505162430
531464215
210266505
156005001
302150066
611633012
631410425
350215404
041021456
246543431
440241530
401526555
634013135
111415020
604656654
335566023
640120246
002453644
203000405
023255200
433066314
506342145
511666455
315364643
032315214
236121220
505532242
653531232
002431111
004626013
365350130
330311515
251243430
201055650
454164262
405241413
063224264
466400614
544610406
123216103
352431430
550632100
432216652
302605043
306053554
564636141
415511456
166405265
136134502
244404063
250611162
521061261
363120351
035353103
601114564
104044531
256552365
601221632
010165101
410323202
615251234
413034461
333222121
255423635
010330051
245434506
162623116
566512213
440131013
610250456
126045363
024463533
205161605
143431254
206624656
415634226
051041621
406336113
614450325
040253111
145304330
115561102
053456252
064204610
555360445
146024454
203513115
644164300
404150660
465602462
252133131
132114465
301352303
426034332
440651206
214210521
032302005
452656114
432405246
410340366
336263115
120452463
244015544
203114006
130020000
166522554
155015664
444646344
354166016
156525402
403525431
632012556
160543011
530404602
533033021
251311066
326063221
342051256
460231445
356060334
643360613
355610461
462322521
303452143
104332566
300535313
355131364
021115435
250124155
462532360
046112236
054144050
610060532
121635131
100363550
431260510
334264464
023445134
216141545
116354513
561204054
260622435
105326612
602232510
351544166
165652144
053121513
464635213
255350263
314235501
362041615
060356315
131314150
521266523
310010423
450214256
424555665
005034414
252400424
051545202
321254402
446225201
411010665
356244243
101520204
131211640
546143103
432361600
426501066
221402526
411602156
555053521
166421101
315142120
634246161
416206420
146455033
204450613
240142326
656056140
233044204
523441423
352641501
625044566
336130631
221053305
054466465
540533250
052330536
533255005
243312361
011550134
535205122
464105330
516554630
323630554
332345540
255341115
003003220
304001626
346451304
301145111
514144246
132326363
051122300
130106510
406464225
541355543
153065413
400642310
621426505
025122634
251205325
551310552
310161462
210341250
323213342
146152446
146606232
324554013
615334015
346425526
115620024
626645231
542525000
512603342
543436362
551002343
163324045
642015063
002344500
116540005
011016152
231623566
653400311
565525352
432550303
012460452
636515522
430035226
531626334
365536251
061262100
356200460
233063545
006031350
311120212
111056041
444050553
132332141
201221253
434612266
463520663
621100354
434444616
266063162
320662341
454311001
034541213
444045036
534142412
410153024
004341402
303106436
306222346
035322661
530131266
663111165
405333356
456350656
453445515
325440215
652251105
102230106
235553452
552103505
665252320
003102162
513311340
604235323
466203022
552155460
141165516
512422051
532602524
120125141
625315111
652540143
210545422
214663651
454403143
623126222
635564240
462464131
636233432
350453522
603340664
300315651
502540336
565113314
564354302
304545546
423521215
211252216
612323534
055221040
065660646
622135052
545402251
411305564
130032235
562664426
426342212
316443030
645336522
056316030
013453013
220550140
626324060
613061023
034565632
622165225
140633314
236064031
242154411
210023313
043560560
233231552
041610055
662606035
462210345
153601216
061640260
555665052
425103240
425455010
456522141
243222645
554436503
010132240
335345002
632421042
046224632
505663101
064212513
600121361
510563045
003252351
466352434
233146563
345523206
431611121
505353665
254410040
364433263
626204534
564120015
521141014
540041002
102300451
063302654
404503562
316352161
663134403
212526650
654605551
065354441
530201313
164524460
206605430
564621232
646521555
642442232
213664334
253636526
235151012
424256301
043326004
354534205
332306331
025543156
065003406
112062304
261456002
506123040
122644356
315301536
452364415
441311244
555034136
123153665
615024622
660014520
613322316
621345424
052532253
426226416
516251362
452104126
226301143
303634612
052046345
114204441
146213653
414011230
222646425
255365531
241562115
600553334
342400513
325625616
415532114
653642034
402604661
041346565
332025055
056252526
634423256
005512523
133255336
314605634
165450055
561601515
062563343
344161121
553106640
250206636
214320244
320431655
615522265
501106022
521030115
264220306
424561352
150142152
161425314
656032602
316630203
041303213
533341435
501460051
323225063
515142231
160145464
630044315
421534243
220426020
036411023
451513032
002056516
610412544
523156404
122050412
136403651
442011525
405424544
434052124
604350220
425514162
131046223
410245244
640210010
331364522
325015250
003610533
260300025
223342651
611610330
640036401
135544653
500360264
223505244
241122552
341525664
455006042
142236542
451505653
421640452
010643146
033413506
062256450
643554005
211426661
223623400
250222514
264362123
610654262
236525361
315255353
311543613
446530024
022616006
240350632
112336355
600026603
065261415
653655620
466215536
044650224
663265514
155633066
251353514
505115221
116223561
203641222
641451211
324314232
451042255
313062551
534422064
025020326
216612426
255010355
115253125
235452225
630656001
554355135
620335500
435520045
236105303
656166215
621624110
646353341
121503464
225211226
425600535
503514455
303154124
346306423
140044143
666236521
534362550
066012011
540101145
133350460
333353616
231264301
126144435
256545610
630462166
406011102
205003341
121546145
041406106
056526214
111023130
263646312
010262434
020651560
522364333
330632623
226360502
152621245
436625624
000524251
010113565
465023463
006000046
653435106
610436135
034233060
311064006
100650115
242235230
410611331
333555425
002541055
412160206
163113530
455230333
062123432
564053255
553040610
325551541
434150235
445413445
344655512
060103150
030301132
322001564
150440301
451033535
464143523
246115462
234654020
500566153
104452540
221066210
135532326
305265160
030154406
541323121
111362410
264442461
615154505
601130045
626352625
203233266
212536043
341341620
631306416
062265066
264614505
665143451
442553146
622022440
601461446
054500304
336021134
132340634
415641652
203065061
056561501
334032152
303412314
520653446
636050206
460434324
361334114
646440011
340265022
132154601
442326636
431325230
441055404
563635361
531501031
002406060
524506233
422023004
005533031
366550515
221120625
435123111
203125614
350420233
016025240
312633600
545146532
410441405
014203136
031132451
322612062
340330165
120256620
516363632
256603255
043416635
105660352
541246204
352313220
434124540
064431664
164636564
614346526
632031163
653152501
143041666
456564323
014652400
243332046
240201264
442610643
506331616
003644645
023523621
344026651
633105260
511320305
241163261
651215046
346132255
264434130
100342003
640401420
553212535
365611323
040155342
426660160
521042406
544064332
026661316
411240103
632523401
662321206
650223163
643246016
605343132
303561012
030052044
214405455
341212136
052514634
024343454
234102665
106602604
546061640
416540442
102005113
040454650
223533333
440143641
304013000
151136433
315213016
434165051
502235054
552543054
651404250
466030425
434315506
511065360
163335452
364355463
301236654
413564050
623664521
212212153
021004601
136161153
605331241
566201200
636446336
551466130
124530153
341132563
344124042
236613310
163412126
321535021
440062412
243405600
123024311
551453206
623562453
140500363
462601140
411135302
563011553
556003212
014361160
210055566
103264210
426313364
360042450
424231150
204124423
450025305
310524300
542620323
015233252
012231034
506034263
335606641
650010366
064045103
416035523
031506350
512422425
311461154
312005135
336640026
253446154
652454324
232203211
132433520
143354134
653214462
144506114
615513106
244510252
243661401
522615453
112356406
163242454
201133500
204661513
266430456
045415403
433304365
500242522
631322023
016346601
430264645
435621350
202555205
543424624
445156323
133416442
611153153
264306440
411406313
040522103
042211601
221611534
143565262
524313630
465541224
232432416
004160611
213336663
206266052
315316264
111600502
206051025
416563300
140115200
463103601
666601344
045050145
024230545
522240660
040333406
226655064
365114660
340556356
253343436
526634644
201531424
140354225
300604106
104415410
205016232
255660014
020361205
525102063
561303046
544223110
124131426
115636551
310626414
320006325
023636410
600405453
312565565
616000650
532461541
222002352
262554662
343420502
446363016
506421415
046634515
121224026
516110156
200316104
434202342
050644123
546626605
100133622
261630633
564166363
142251310
015420610
103140516
060412331
500225235
323466034
313006602
325133412
562345112
502411203
645160464
615010001
625051455
611462203
306116543
305401331
161102135
154661625
045663504
655166554
333112055
511434122
201463433
103433145
030363231
443260035
642506226
024005460
455452102
660531516
363005156
432451422
523060631
055304024
400560601
222064146
525300604
464316512
211004533
343231325
260443652
511652664
053130120
012116424
461665542
164040022
243453551
650061111
364553321
650463000
401116631
246642050
403022022
266163036
525332314
362243124
661562644
254234622
333220540
214632315
062151223
053163042
435200401
056411444
644200644
154611450
113030242
265026560
551522013
313515132
314000261
261515563
250433346
152635303
056151663
145245131
000365330
423545320
015621201
451466161
220101431
126261242
205212465
020214440
005216310
443633632
066613145
340664233
654540565
103101304
365445340
400456430
554060223
661650356
651613654
430126425
114110063
031654231
412244322
102442365
260251133
510234546
223204413
204333634
554201566
243541153
462462250
625114325
566445006
555504420
546210125
325234035
130141025
112143260
366104445
520510026
113056524
536505516
163640253
431056136
544445642
654051064
636643553
353054641
456101233
644614666
052625564
061034365
560352240
614266212
314242666
621230201
245135351
414036005
304440434
222111100
155154043
560006611
125313052
441013310
410314610
522043243
136320122
235645266
014125026
614315253
333562236
342115315
530620512
144416056
303324561
222152535
436041446
365230566
020404266
140403535
422166142
622241036
612032221
530140344
360362602
533662302
202244533
021444512
614045611
022501401
