021235105
134356211
245460325
356501435
463662540
501023653
612134061
044441104
566663444
111115541
623333666
034450042
125531156
235602266
300012301
450024066
423346034
002021533
113530604
224143014
415254166
200406345
661510454
022500415
132611522
245322631
353033032
156242162
505355265
616056605
051001044
162112353
203223264
214344343
425445431
536456551
640660635
006040521
221262043
332303152
443414231
554525302
665636361
461421254
102543146
610344400
324055514
331366622
560200030
550311141
066543336
100654441
211065550
322106166
433210303
644321112
655432223
130555023
352000240
463151151
303222645
016312625
122423010
233534110
344645250
005426350
566160401
600202512
015253263
126364346
331516565
452620606
043463511
154104626
262615045
306026140
410130250
520241363
032152430
043125426
164265231
410564532
521405602
633013016
013606232
124010332
235121450
346212566
361454013
602565124
063366045
103400154
224511260
321652322
436032412
540143530
651053631
025014424
136125536
240236624
351340052
462451162
503562203
614603306
056615120
206251442
310442556
532664003
241005111
142266343
314436464
300544500
516651610
620042020
105051605
355112015
460203125
501316230
612425351
651230311
253452532
316563641
525604051
516015163
052161216
503135322
604303433
315414342
435455613
530635564
641040100
012146423
102350534
426513163
340624206
436532044
260546212
611061436
423100542
434213650
001625461
110031525
223664665
315205026
440336403
220320113
331461223
443502313
413553443
664064556
001134115
241156336
335260416
445301524
564442660
665523005
000216052
111320161
222332201
363642314
444653422
666105643
534122135
256314604
350122602
512640214
623251325
030063262
143103300
512215442
263325523
404630633
515341015
626652155
023034640
544435055
362350206
400161311
551512426
050365364
161406400
313621120
635143041
646254254
035640652
146041062
250156104
401304020
633415416
624526540
161234534
202345656
113526151
153046455
264110565
362231400
414602034
522413104
631524234
042516611
156626413
264030121
305131233
120362456
636404563
064554352
265006503
320110633
431241006
542332356
650443245
060456636
105560060
216601355
441123365
542224415
655245310
036333501
131442612
242553021
355664130
464035246
505116354
026220464
054202501
165313612
206424026
521646246
532050324
643161464
015022110
126523225
232244335
341355445
452466555
553501661
604611003
136431330
140622444
251633553
362044622
406165202
554266113
545530546
525206222
