016656123
120060234
231101345
342212456
453323560
564434601
605545012
052200016
224422231
335533342
550055564
661525605
023444160
134555201
245666312
356000423
460111534
501224645
612333056
026464622
130501033
251612144
352023255
113134366
504245400
615356511
053026421
164130532
205241643
316352054
420463165
531504206
642615310
036442111
140553622
251564333
362005444
403116555
514220666
625331000
043442206
154553310
265664421
306005532
410116643
521220054
632332165
066264206
500305310
211416421
320520532
435631643
544042054
655153165
043204110
154310221
215421332
306532443
410643554
622165006
052042444
163153555
204264666
315305000
426416111
530520222
641631333
003645046
111056350
224160461
333201502
445312413
555423024
666534135
045065514
156106625
260210036
301321140
412432251
523543362
634654403
036154443
140265554
251306665
514632221
625043332
044600315
155011426
266122530
300233641
411344052
522455163
633566204
051223053
160334164
202445205
314556316
324660420
535003531
546112642
041151100
142262211
263303322
304414433
415525544
526636655
630040066
026623162
130034203
241145314
352256425
463360536
504402640
615512051
060215320
101346431
212430542
323541653
434652064
545063105
656104216
066514512
100625623
211036034
322140145
433251256
544362360
655403401
062121040
105262152
216303263
330014304
431521415
653010630
064115463
105226504
216330615
320442026
431552130
542603241
653004352
364510052
405222513
620440335
050231415
161342553
202453664
313564055
535016220
136120356
012032313
123143424
234254530
345365646
456406050
540510161
601621202
004133444
115444555
226355666
330466000
441500111
552611222
663022333
063252445
104363556
215404660
326515001
430626112
541030223
662141334
051343266
162454300
203565411
314606522
425010533
640232155
024463010
135504121
246615232
350026343
461130454
502241565
613352606
065356030
106460141
210501252
321612363
432023404
543134515
654245626
033236661
144340002
255451113
361562224
400603315
516014446
622125550
006163332
110204443
221315554
332226665
443530006
554641110
665052221
010543065
121654106
232065210
343106321
454210432
565321543
606432654
013342332
124453443
235564554
446605665
250016006
261120110
602231221
005130021
116241132
220352243
331463354
442504465
553615506
664026610
014131613
125242024
236363135
340464246
451501350
562616461
603060502
062542031
103653142
214064253
325105364
436216405
540320516
651431620
063126504
104235615
216346026
326250130
510561241
541602452
652013463
035341522
146452633
250563044
361604155
402015266
513126300
624230411
001302135
263524340
304635451
415046562
525130603
630261054
045334354
156444465
260555506
301666610
412000021
523111132
634222243
031662261
146003302
251114413
361225524
402346635
513440046
624551150
050100151
151211262
302322320
424544565
646066043
025654652
136065063
240106104
351210215
452301226
503432430
614543541
064525240
105636351
216040462
310151303
431262614
542303025
653414136
001021253
112112364
223223405
334334516
445445620
556556031
660660142
055566255
166600366
200011400
311122511
422233602
533344033
644455144
021636522
132040633
243151044
354262155
465303266
506414300
610525411
053650326
164061430
205102541
316213652
420324063
531435104
642546215
043531441
265053663
306164004
412205115
521316226
632420330
024614131
135025242
246136353
350240464
461351505
502462616
603503020
031620633
142031044
253142155
364253266
405364300
516405461
620516522
032210460
143321401
254432602
365543023
406651134
510125215
621106536
026251355
130362466
241403500
352514611
563625022
504036133
615140244
065013545
406124656
210235060
321346101
432450212
443561323
654602434
011633224
122044335
233125446
344266550
455300661
566411002
600522113
001062520
112103631
223214042
334325153
445436264
556540301
660651416
041410665
152521006
263632110
304043021
465154332
526265443
630306554
102632525
235043636
345154040
451265151
561306262
601410303
000562351
111603462
222014503
333105614
444236025
555340136
666451240
000301124
111412235
222526346
333634450
444045561
555156602
666260013
431242452
145333563
253444604
264555016
405616126
016000230
120111341
062330246
163401351
204512462
315623503
426034614
530145025
641256136
012423520
123534631
234645042
345056153
456120264
560201305
601312416
056425416
160536520
201640631
312051042
423162153
534203264
645314305
000150512
111261623
222302034
333413145
444524256
555635360
666046401
063335204
104446325
215550432
321661540
430002655
541113062
652224103
004561245
110602356
221013460
332124501
441235612
554316023
665450134
013410150
121521261
230632302
340043413
454154524
563265635
602306046
024012214
135123325
246234436
350345540
461456651
502561062
613601103
020244516
131355620
242466031
353500142
464611253
505022362
616133405
053511064
164622145
205033254
316144360
420255401
531366512
642400623
054256112
165360263
206401304
310512415
421623326
532034630
643145041
001455334
112566445
334011622
443152001
556233112
660344223
025262630
136303041
240414152
351525263
462636304
503044415
614251526
046526452
150636263
261041204
302152615
413263126
524304230
635415341
036345235
130456546
251560050
362601561
403012602
514123013
625234124
014065302
125106413
236210524
340321635
451432046
562543150
603654261
025621023
136032134
240143245
351254356
462365460
503006501
614510612
023310316
134421420
245532531
356643642
460054053
501165124
612206205
040633636
151044040
262155521
303266262
414300303
525411414
636022525
040665053
151006164
262110205
303221316
414332420
525443531
636554642
041060346
152101450
263212561
304323602
415434013
526545124
630656235
032304653
143415064
254526105
365630216
406041320
510152431
621263542
015524301
136655402
230046526
341150631
452261045
563302156
604413260
056212062
110326103
221430214
332541325
343632426
554063540
665104061
025461266
136502300
240613411
351024522
462135633
503246044
614350155
033463453
144504564
255615605
366026016
400130120
511241231
622352342
050146310
161250421
202361532
313402643
424513044
535624165
646035236
064243252
104354513
215465404
326506515
430610626
541021030
652132141
033630205
144041316
255152420
366263531
400304642
511415053
622326164
015232143
126343254
230454365
341565406
452606510
563010621
604121032
012363111
123404222
234515333
345626444
456030555
560141666
601252000
066620401
100031512
211142623
322253034
433364045
544405256
655516360
023102250
134213361
245324402
356435513
460546624
501650035
612061146
031105401
142216512
253324623
364431034
405542145
516653256
620064360
020311425
131425531
242533640
353643051
464055162
505166203
616200314
364340620
105451031
216562142
320603553
431014364
542125405
653236516
001660564
112001605
223112016
334223120
445334231
556445342
660556453
052312626
163423001
204534141
315645252
426056363
530160404
641201515
060402212
101513325
212624534
323035545
434146656
545250060
656361104
042654210
153065321
264106432
305210543
416321614
520432065
631543106
030502620
232064142
343135253
563350405
146461516
342644466
156055500
260166611
301200022
412311133
523422244
634533355
061303642
102414053
213525164
324636205
435040316
546151420
650262531
011535325
122646436
233050540
344161651
455202062
566313103
600424214
036661036
140002140
251113251
362224362
403335403
514446514
625550625
046053615
130164026
332316241
413420352
524531463
635642504
052403133
163514244
204625355
315036466
426140500
530251611
641362022
060465133
101506241
212610353
326021463
434132505
540243314
656354423
041664634
152005045
263016156
304220260
415261301
526442412
630553523
004142630
115253046
226364150
330405261
441516302
552620413
663031524
020153034
131264145
242300256
353416360
464520401
505631434
616042623
001265412
102306523
223410634
435632156
546043260
650154301
161325365
202436406
313540510
024655621
066551164
100662200
211003316
322114420
435225551
544336642
655440055
040164435
111205546
222336650
333420061
444531102
555642213
666053324
035433006
146544110
250655221
361066332
402100443
513211554
624322665
043556535
154660646
265001050
306112161
410223202
521334313
632445424
352205304
163316415
604420526
315531630
426642041
530053152
641164263
051222360
263644512
425666034
536100545
640114206
021512641
032623052
243034163
354145204
465256315
506360426
610401530
012226640
123330053
234441164
345552205
456662336
560004422
601115536
010250604
121361015
232402126
343513230
454624341
565035452
606146563
025424445
240646660
354050001
462161112
603202223
614313334
022445101
133536012
244643123
355054234
466065345
500206456
611310560
035102055
146413166
250324200
361435311
402546422
213650533
624061644
036165520
140206631
251310542
362421353
403532264
514643305
625054316
054561521
163602632
206013043
310124154
421235265
532346306
643450410
255165633
166266644
200300055
311411166
422522200
533633311
644044422
003220125
114331236
265442340
336553451
440664562
051005603
662116014
044326126
155430230
466531341
300652452
411063503
522104604
333215015
155303535
066666633
300025050
411136161
422240202
633351313
052113556
103224660
214335001
325446112
436550223
541661334
651002445
044040243
105150254
261261465
300302506
411413610
522524021
633635532
055120462
166411503
325451021
533305220
642516356
051533402
162644513
203055624
314166035
425200146
536311250
640422361
002214454
613365565
224406606
335510010
446621101
550032242
661163343
033026203
144110114
255221225
266332635
400443440
511554551
622665662
065214102
146325213
450436324
561543430
402651546
513062650
454103061
056601611
162012022
203123133
314234244
425345355
536456466
640560500
031316355
142420466
253531500
364642611
455053022
516164133
620205244
063645303
104056414
215160525
326201636
430312040
541423151
652534262
036066151
140100262
256211363
362322414
403433525
514544636
625655040
026056045
130160106
241201250
352342361
463423432
501534533
615605614
055362003
166403414
200514225
311625336
423036440
546140551
640251662
000326545
111430656
222541060
333652101
444063212
555104323
666215434
054663335
165004446
206115250
310226661
425330002
532441113
646552224
024542103
135653214
246062325
350105436
461216540
502320651
613431062
044253016
155364120
266405231
411630453
522030564
433144605
064403625
105514036
216625140
320036251
431140362
542251403
653362514
012254005
123315116
234426220
345530331
456641442
560052553
601163664
050022105
161133216
205244320
313355431
424466542
535500653
646611064
034502412
145614543
256024634
360135065
401246106
512360210
623361321
062140115
113235026
214346010
325450441
540101063
651013004
032045632
153156043
264260154
305301235
416412306
520523410
631634521
046224523
150335634
211446045
302550156
413661260
524002301
635113412
621455505
135566616
146630020
350011131
461122242
502253353
013344464
054132566
165243600
206354311
310465122
431506233
532610344
643021455
010412501
122523612
232634023
343045134
454156245
565260356
404301460
050030014
161143125
202252236
313363440
424404453
535515562
646626603
046311540
150422651
261533062
302644103
413055214
524166325
635200436
035241363
250423515
361554626
402645030
513056141
624150252
045203434
126314555
200425656
361536060
442640152
523051212
634162324
043404032
154515143
265625254
306033365
410143406
521255510
632361651
030634540
141045651
252156062
363260103
404311214
515412325
626523436
012105562
123216603
234320014
345431125
456542236
560053340
601064451
054166456
165600540
206311601
310422012
421503123
532624234
643355345
054304012
005415123
106526234
310630345
021041456
132152560
643263601
356113000
460224111
201335222
312446333
423550444
534661555
245002666
060023225
101134336
212245440
323356551
434460662
545501003
656615114
003555400
114666511
225000622
336111033
440222144
551333655
662464666
022535116
133346260
244450301
355561412
466602523
500013634
611124045
014516266
125620300
236031411
340142522
451253633
562364044
603405155
005404536
216515640
220626051
331030162
442141203
253252314
034310604
145421015
256531126
360643230
401043341
512165452
623206563
024500026
135611130
246022241
350133352
461244463
502355504
613466615
543105646
154215050
265322161
316430202
410545356
531652404
061124436
102235540
413346656
324450062
635561101
546602214
650013325
022003350
133111461
244222502
355333613
466444024
500555135
611616246
024033506
130114610
241225021
352336132
463440243
504551354
615662465
013121221
124232332
235343443
346454554
450565665
561606006
602010110
000056061
111162002
222201213
333312324
444423435
555534546
666645650
055345451
166456562
200540603
301601014
426012125
533123236
644234340
023166202
124224353
255331464
366243535
400653666
511664020
622005131
031131664
342242005
253353116
364464220
403505331
516616442
620620553
116150045
120241156
342463304
453504413
564615523
605026634
214205151
120311662
236420003
340531114
451642225
562033336
603164340
000360233
222536455
333640566
424051600
505162011
662203122
005641154
116052265
220163306
331204415
442315521
553426632
664530043
032252321
143363432
254402543
365515654
406626016
510030106
621141210
006236243
110330324
221451445
332562546
443603650
034014051
665121102
020220331
131331442
242442553
353553666
464664005
505005116
616536220
042111311
153222422
264333536
305444644
416555055
520666166
631000200
031652515
122063226
253104030
364215141
405326252
556430363
620541404
052431554
163542665
254613006
315064110
426105221
530216332
641320443
063060065
104101106
215212210
326323321
430434432
541545543
652656654
130233435
245346526
352450630
465563041
104600122
614011263
051444221
122555332
203666423
334003554
425111665
536222006
640333110
046523663
150634004
261041115
302156226
413260330
524301441
635422552
050301346
111412450
002523561
313614602
424445013
535456124
646260235
003411613
114522024
225633135
336044246
440155350
551266461
662300502
052064641
166105052
200216163
311320204
422431315
533540426
642653530
046304361
150415402
261526513
342620624
413041035
524152146
635263250
011624016
122035120
233146231
334250342
455361453
566402564
600513605
013006344
124610455
235621566
346332600
450443011
561554122
602665233
041446430
152550541
263661652
304002063
415113104
526224215
630335326
022035436
133546500
244250655
306361062
466462100
500513216
611124322
045216041
156320152
260433263
301540304
412653415
523064526
634105630
006530660
110641001
221052112
332163223
443204334
554315445
665426556
006543214
110654125
336106140
443210651
554321062
665432103
045030400
156141511
460222621
301363033
412404144
563510255
634626366
042134122
153245233
264356344
305460455
416501566
520612640
631023011
026616404
113020515
222131626
133542010
441353141
555464252
661505363
034200534
155341645
266452056
300563160
421604201
522015312
663126423
030015143
141126254
252230365
363341406
404452510
515563621
626604032
014451360
125562401
236603512
340014623
451125034
562236145
603340256
050456203
162560314
205601425
315012536
321123641
535234051
640345162
045225236
156336340
260440451
301651562
512662603
523003014
634114125
005112346
116223450
220354561
321445652
442556063
553660124
664001235
230400523
141511636
252622020
363033151
404144262
515255303
626366414
004014350
115125161
226236202
330340313
441451424
552562535
663603646
005652363
516563404
226604515
331015626
442126030
553230141
013522553
124635664
235044005
306155116
450266220
561300331
602411442
010004136
121115240
232226351
343330462
454441503
565552614
606663025
040351202
151462313
202503424
303610535
414025646
525136050
636240161
306243501
515354612
221465023
332506134
443610245
554021356
665132460
005603060
116014101
220125412
331236323
442340434
553451545
664562656
025505202
136616313
240020424
351131533
462244646
503353450
614464161
060231653
101042064
212153100
323264211
434305322
545416433
656520544
001426102
112530213
223641324
334052435
445143546
556204640
660315031
036555064
142666105
251000216
366111326
403322431
514333542
625644653
030424342
141535453
363050605
404161016
516202120
626313231
