321235105
635666266
215460525
306501241
551053353
612114040
643443402
566633245
111013640
342335600
034350446
062531156
114250216
350044643
550026216
123066405
622002441
331004636
220020014
415255636
204404345
365510455
025503305
166311522
245523632
364001412
051411136
505355261
616050165
254546264
040354501
231232622
133344233
651330044
520455444
040660055
206016551
004262154
532303103
563520200
300630325
552464662
023063614
102543436
150312410
621550611
253034006
344042314
560311341
006643302
400411361
263105651
322306166
433210004
661346112
655434226
610506426
152610463
403501653
353122645
216512653
062640030
663200026
355223120
560263035
560502564
046203542
466364320
031312565
122555324
143213111
164144626
264615040
306026140
435400510
520240463
032152250
223112242
146561235
110525502
161105360
066015305
051342325
534060532
501141424
336262062
236553063
202635122
021665543
442105566
224511360
321652022
456032412
555100502
011421065
045014424
602330655
230422306
163450162
514462401
651603304
116123021
413232200
120204056
536664003
051406212
442266343
014035133
052443650
513651510
605032063
105051605
304154013
460053125
503321013
664221604
134631450
203452530
313564364
525614151
516136561
252061215
501133316
340156432
313316324
635265142
430655154
626545100
640161120
402353544
422614232
541612106
436405015
250566113
416140434
426120246
334613651
003625431
312632556
212644665
114363662
215451103
236345215
661425211
101602223
413542142
604515515
016134114
241156336
346200253
405244562
165262513
010103200
000246352
451164101
610332251
430631612
444642420
632120353
134102135
226326604
346141503
512400614
623251325
430004160
145306045
325165452
063325523
454626643
315343016
256610131
244304436
544445055
303360201
435521113
550535626
053065346
531516521
615601033
035141641
441463254
643015260
044031062
052220541
646452664
326425466
224326552
161434534
633043556
333426621
156241456
124226530
262223264
554315034
622413433
601524233
024436221
355632464
244040121
122361056
400414316
664154352
265236203
020110633
421041535
525332330
320643540
066656613
001560010
411301352
441320365
542224415
155245311
630131534
362442223
652546001
656324550
514025222
105146054
211251440
353201561
365421244
350413232
131534442
532006324
454153223
465022051
423533031
312454331
261364403
453416555
466030461
354556000
140435343
143622144
664663445
203136460
402162606
506216630
543550546
243606311
