016656123
120060234
231101345
342212456
453323560
564434601
605545012
224422231
335533342
550055564
661523602
623444160
134555201
245666312
356000423
460111534
501224645
642333056
026464622
130501033
251612144
352023255
113134366
504242400
615306411
053046221
164130532
316352054
420433160
531504236
642615310
036442111
140553622
251564333
362005444
403116555
612243066
625331000
043442206
154553310
265664421
410116643
632332165
066264206
500305310
611416421
320520532
435631643
544142054
655153165
043204110
154310221
215421332
306532443
410643354
622165000
052042544
163153055
202264666
615305006
426416111
530520622
640631336
003645046
111056350
224160361
333201502
445312513
555423024
666534135
045065514
156106625
260210036
301321140
412432251
523543361
634654403
036154443
140265554
251306665
553632126
625033332
044600315
155011426
266123530
300231641
411344652
522455163
653566204
051223053
160334164
202445205
314556311
325610420
535005531
546112642
041111100
142262211
462213362
304414433
415525544
566636655
630042066
020623162
130034201
246445314
352256425
463360536
504400342
615512051
060215320
101344431
212430542
323541653
403632064
545063105
656104216
066514512
100625623
211036034
324140145
433251256
544362360
655403401
062121040
135262152
213303263
364012304
431521415
623110630
064115463
105226504
216330615
320452026
431552130
522603241
653003352
364360052
405222513
620440331
161142553
212443664
313564055
535016220
335120656
012032313
123643122
234254530
345365646
336406055
540510165
606621202
004133444
115244555
526355366
330466600
402500511
552641222
663022333
063252445
104363556
215414662
326515001
541030223
665141333
051345263
162454300
223565411
314606522
425010533
656232155
024463010
135504121
246615232
350026343
461130454
502241565
613352606
065356030
106460141
210501252
321612363
432023404
543134515
654245626
033236661
144344002
255451113
354562224
400603315
516014446
622125550
006113332
110204443
221315554
032226665
441560006
554641110
665052221
010533065
121654106
232065210
343106321
454210432
565321543
606432654
013342332
124453443
235564554
446605665
450016216
261120111
602231321
005130021
116241132
220352243
331463354
442504465
553615506
664026610
014131613
125242024
236363135
340464246
451500352
562616461
603060502
065540031
103653142
214064253
325105364
436214405
540320516
651431620
063120504
104235615
216346026
326250130
510561241
541602252
652043463
035341522
146452633
250563044
361604155
402015266
513126300
624230411
001302135
263524340
304635451
415046562
520130603
630241054
046304354
156444465
260555506
301666610
412000021
523111132
634222243
531662261
146003302
251634416
361225524
452356535
513440046
624551150
050100151
151211222
414214563
646066043
025654652
136065063
240106104
351210215
452301226
313436430
614543541
064525203
105636351
216240462
315151303
431262614
542303025
653414136
001001253
112112364
223223405
334334516
445445620
556556031
660660142
055566255
166600366
200011400
311122511
422223604
533344033
644455144
021636522
132040633
243151044
354262153
465303266
506414300
611525411
453654326
164061430
205104541
420324063
531635104
642546215
043531441
265053663
306264004
412205115
521316226
632420330
004614131
131025242
246136353
350240464
461351505
502462616
603503020
031620633
142021144
253142155
364253266
405364300
516465461
620516522
032210460
143321401
254133622
365546023
406651434
510145215
121106536
026251355
130362466
241403500
352514611
563615022
504036133
615140244
065013545
406124656
210235010
321346101
432450212
443561323
654602434
011633224
222044335
233125446
344566550
455300661
536451002
600522113
001062520
112013631
223214042
334325153
445436264
556544305
660651416
041410665
152521006
263632110
305043206
465454332
526265443
630306554
102632525
341104040
451265151
562046244
000460303
000562351
111603462
222014503
333105614
444236025
555340136
666451240
000301124
111412235
222522346
333634450
644045561
555156602
666260013
144333563
253404604
264555016
405616126
016000230
120131343
022330246
163401351
204512462
362623503
453034614
641256136
012423520
423534631
234645040
345056153
456120264
560201305
601312416
056425416
201640631
312051042
423162153
534203264
645314305
000150512
111261623
222402034
333413145
444524256
555635360
063335204
104446325
215550432
321661540
430002655
141113016
652224140
004561245
110602356
221013460
332124501
041235612
554316023
665450134
013410150
121521261
230632302
340053413
454154524
563265635
602006046
024012214
135123325
246234436
350342540
461456641
502561062
613601103
020244516
131355620
242466031
353500142
464611253
505022362
616133405
053511034
164622145
205033254
316124060
420255402
531066513
642400623
054256112
165360263
106401304
310512415
651623324
532034630
001455266
012566442
334011622
443152001
526233112
660344226
025262630
136303041
240414152
351525263
462636304
503044415
614251516
046526452
150636263
261041204
302152615
413243126
524304230
635415341
036345235
130456546
251560050
362601561
403012402
514123013
625234154
014065302
125106413
236213524
340321635
451432046
562513150
603654261
023621026
136032134
240143245
355254456
462365460
503026501
614510612
023310316
134421420
245532531
356653642
460054053
501165124
612206205
010634436
151044040
262355521
303266262
424100303
225411614
636022525
040665053
151006164
262110205
303221316
414332420
525443531
636554642
041050346
152101450
263212561
304313602
415434013
526545124
630656235
032304653
143415064
254526105
365630216
406041320
510152431
621263542
015524301
136615402
230046520
341150631
452261052
563302156
604413260
056212065
110326103
221430214
332541325
340662421
554163540
665514066
025461266
136502300
240613411
351024522
462135633
503246044
614350155
033463453
144504564
255615605
366026016
400130120
511241231
622342342
050146310
161250421
202361532
313402643
424513044
535624165
646035201
064243252
104354413
215465404
326506515
430610026
541021030
652132141
033632205
144041336
255152420
366263531
400301642
511415053
622326164
015232643
126343254
230454365
341505406
450606530
453210221
604121032
012363111
123404222
234515333
345626444
456030555
560141666
601252002
026620101
100031512
201142623
522233034
433364045
544405256
655516360
023102250
134213361
545324402
356435513
460546624
501650035
612061146
431306401
142216512
253324623
364411034
405542145
516653256
610061360
020311425
121422531
242533640
353643051
464055162
505166203
616200314
264340620
105451031
216562142
320603553
431014364
542125305
453236036
001660564
112001605
423162016
334223120
445334231
556445342
660556453
052312626
163423001
204504141
315645252
426056363
530160404
641201515
060402212
101513325
212624534
323035545
434146651
545250060
656361104
042654210
153065321
264106432
305210543
416321614
520432065
631543106
160502620
232064142
343135253
165350161
146461516
342643466
156055500
260166611
301200022
412311133
523422244
634533355
061303642
102414053
213525164
324636205
435040316
546151420
650262531
011535325
122646436
233050640
344161651
455202062
566313103
600424214
036661036
140002140
251113253
362224362
403335403
514446514
625550625
046153615
130154025
332316241
413420352
514531461
335642504
052403133
163514244
204625355
315036466
126340500
533055611
641362022
060465133
101506241
212610351
326021463
434132505
540243314
656354423
152005045
263016156
304220260
523442402
630553523
004142630
115253046
226364150
330405261
441516302
552620413
663031524
020153034
131264145
255300256
353416360
564520401
505631464
616042623
023665410
402006313
143410635
435632156
546043260
650154301
161325365
202436436
066540550
024655621
066551164
100662200
211003316
322114420
435225551
544336642
655440055
040164435
161305546
222356650
333420061
444531102
545642213
666053342
035433006
146544110
250655221
361066332
402600441
513211554
624324665
043556535
154660646
265001050
306112161
410223202
521334313
632445424
352205300
163316415
604420526
315531630
426642041
530043152
541114263
051242350
263044512
425666034
536100445
445122320
021542641
032653052
243034113
354145204
465256315
506360426
610401530
012226640
123030053
234441164
345552205
456662336
560004402
010250604
121361015
232402126
343513230
454624341
565035452
606146563
025424445
240646660
354050001
462161112
604202423
614313334
062445101
133536012
244643123
355054234
466065255
500206456
611310560
035102055
136413136
250324200
361435311
402546422
213650533
624061644
036165520
440206631
251310542
362421353
303532254
514600405
625054316
054561521
163602632
206013043
310124154
421235264
532346306
643450410
255165532
166266644
200300055
311411166
422522200
533633311
642064222
003220125
144331236
225462340
336553451
440664562
051005603
662116014
044326126
155430230
466531341
226622452
411063503
522104604
633215015
155303535
066406263
300025050
411136161
554240201
633351313
052113556
103224660
214335001
325446112
436550223
541661334
651002445
041240243
105150254
261261435
300302506
411413610
522525021
633635532
055120465
616636506
320051021
533405020
642516356
051533402
162144510
203055624
314166035
425200146
536311250
640422361
002214454
613365565
224406606
335530010
446021111
550032242
661163343
033021163
144110114
255221225
266332635
440433446
511554551
322660031
065214102
146325213
650436324
521545430
004651546
513062652
644104551
056601611
162012022
203123133
314234244
425345355
536456466
640565500
031316353
142420466
253531500
364642611
455053022
516164133
620205244
063645303
104056414
215160525
326201636
430312040
541423151
652534262
022266654
140100260
256211366
362322414
403433525
514544636
625655040
026036005
130110106
342344041
263423042
501534533
615605614
053362003
164403414
200514225
311625336
424026420
546040551
640251662
000326545
111430656
222541060
333652101
444063212
555104323
666215434
054663335
104034426
206205552
310226661
406130032
532441113
646552224
024542103
135653214
246062345
350105436
461216040
502320651
613431062
155364120
266533611
611640163
522030564
533144605
064403625
105514036
216625140
320036251
431140362
542251403
653362514
012204005
123315106
234426220
345530331
456641442
560052553
601163664
050022105
102133216
205244320
314355431
424466542
535500653
642611064
034502412
145614543
256024634
360135065
401246106
512360210
620641322
062140035
113235026
214346010
540101063
651011004
032045632
153156043
264260124
305301235
416412306
520523410
631634521
046224523
150335634
211446045
302550156
413661260
564002301
635116412
621455505
135566616
146630020
350011131
561122262
502253353
013344464
054132566
165243600
206354311
310465122
432103233
532610344
643021455
010412501
122523612
232630023
343045134
454155245
565260356
405301460
050040014
161143121
202252236
313363440
424404450
535515562
646626603
046311540
150422651
261543065
302644103
413155214
524366325
635200436
035241366
250423515
361554626
401645533
513016141
624150252
045203404
126314555
200425656
161536060
442600132
523251211
634162324
042405032
154515143
265625254
306033365
416143406
521253510
632361651
030634540
141045651
252154062
363562103
404312244
515412325
626523436
012105562
123216603
234320014
345431125
456542236
560453340
601064451
254166466
465100540
206311601
360416062
421503123
532624234
643355345
054324012
005415123
106526234
310620345
021041456
132152560
643263601
460224111
201335222
312446333
423550444
534661555
245002666
060023225
201134316
212245446
323356551
434460662
545501003
656615114
003555400
115666511
225000642
336111033
440222144
551333655
662464666
026535116
133346260
243350301
355561412
466602523
500013634
611124045
014516266
125620300
236031411
346142522
451253633
562364044
603405155
102404513
216515640
220626051
331030162
642141403
253252314
034310604
145421015
246535166
360643230
401043341
512165452
623206563
024500026
135611130
246022241
310133352
461244463
602355504
613466615
503145646
154215050
265322162
316460202
410545356
331652404
061124436
102235540
411346154
324450062
635561101
546602214
650010645
023403310
133111461
244222502
355333613
466444024
500555135
611616246
024033506
030113610
244225021
352336132
463440243
504551354
615662465
013121221
124232332
235343443
346454554
450565665
561606006
602010110
000056061
111162202
222201213
333312324
444423435
255534526
666645650
055345451
166456562
200540603
301601014
426012125
533123231
644234340
003166142
124224353
215361464
361243535
400353666
511664020
624005131
031131664
342242005
253353116
364363220
403505330
514654542
620620554
626160046
120241156
342463304
453504413
564614523
605026634
214205151
120342662
236420003
340531614
051642625
562033336
603164340
000360233
222536455
333646564
434051600
505162011
662203122
006641154
116052265
220163306
442315521
553426632
664530043
032252321
143163432
254401543
365515654
406640012
510030106
621141210
006236246
112330324
211155445
332261546
443603650
034014055
665121102
020225331
131331442
242442553
353553666
464664005
515005116
406236220
042111311
153222422
261330550
305444644
416555055
520666166
631000200
031222215
122063226
253104030
324215161
405326252
566430463
620544404
052431554
163542665
244613006
315064110
426105221
530216332
641320443
063060566
104101106
215212210
326323321
430414432
541545543
652656654
130233435
245350525
352450630
465563041
104603652
616011253
553444221
122555332
203666423
434003554
425111665
536222006
640333110
046523663
150634004
261041115
302156226
410260330
635422552
050351346
111412450
005523415
313614612
424645013
535456124
641660260
003411613
114522024
225633135
336644246
440155350
551266461
662300502
052064641
166105052
200216163
311320204
422431315
533540426
642653530
046304361
150415402
261526213
342110624
413041035
524152146
635263250
011656016
122035120
233146231
336250312
455361453
566402564
600113605
013006344
124610455
235621566
346332600
450443011
561554122
602665233
041446430
152550541
263661652
354002063
415113104
526624215
630335326
022055435
133546500
244255655
306361062
466460100
500513216
611124322
045216041
156320152
260433223
301540304
412653415
523064526
634165630
006530660
110641001
221052112
332163223
443204334
554315445
665426556
031343132
110654125
336106140
443210656
554321062
665432103
045030400
156141511
460222621
351363033
412404144
463520255
634626366
042134122
153245233
264356344
305460455
416501566
520612640
631003011
056616404
113020515
222131626
133542010
441353141
551464252
661505363
034200534
155341645
266452456
300563160
421604201
522015312
663126423
430045443
141126654
252230365
363341406
404452510
515563621
626604032
014451360
125562401
236603512
340014623
451125034
562236145
603340236
050453203
162560314
265601425
315012536
325123645
231234051
640305162
045225236
156336340
260440451
301151561
012662603
523003014
624114525
005112346
116223450
220354561
321445632
442556063
553660124
664001265
110400523
141511636
252622000
063033121
403144262
505255443
626366414
364046453
115125161
226236202
330340313
441451424
552562535
663603646
005652363
516563404
226602565
331015626
442126030
553230141
013522553
124635664
245044005
335155116
430263420
561300031
602411442
010004136
121115240
232266551
343330462
454441503
561552614
606663025
040351202
151462313
202503424
414025646
525136050
636246161
306243501
515354612
221465023
332506134
443610245
554021356
665132460
005603060
116114651
200125412
331236323
442340434
553451545
664562656
025505202
166611313
240020424
351131533
462244646
503353450
614464161
060231653
101042163
212153100
323264211
434305322
545416433
656522544
001426102
112530213
223641324
134052435
445143546
556204610
660315031
036555044
142666105
251000216
366111326
403322431
513336532
625644653
030424342
141535453
363050605
404161016
516202120
626313231
