023245100
134356211
245460325
356501435
460642540
501023653
612134061
044441104
266663304
300004231
411115542
633330066
034450042
125561155
235602266
340013301
650124411
623346334
002621563
113532604
224143014
435254126
200306345
661510454
020500415
131611521
245022631
353033042
464242152
505355265
616466605
051001044
162112153
203223260
214344303
425445411
536556521
640660635
006040521
221262443
332303154
443414261
554525302
665636416
061422254
102533366
215344400
324055514
431166622
546200030
650311141
066543336
100654441
211065550
322106666
433210003
544321112
655432223
130555023
352000240
463151351
504222645
016312625
122423030
233534140
344645250
455056360
566160401
600201512
015253263
126364346
341516565
452620606
043463516
154104626
265615035
306026140
410130250
520241363
632152400
043125126
154265231
410564532
521405602
632016016
013606232
124010332
235121450
346212566
561454013
602565124
062366045
103400154
224511260
325622302
436032412
540144534
651253632
025014424
136125536
240236644
351340052
462451162
503562206
614603306
054116620
665665134
206331442
310442556
132664003
643005116
142226243
314436464
305544500
516651610
620062021
105051605
356112015
460203125
501313230
612425351
051230311
203452532
314563641
425604051
536015163
052161216
163232322
404303433
315414342
426525653
530635065
641040100
012146423
102350534
456513163
560624206
456435104
260546215
412061433
523130542
634213650
001642461
110051500
223664662
315205026
445316133
220320113
331461223
443532313
533653445
664064556
001134115
241156336
332260466
445301524
554412660
665523005
000216052
111320161
222431201
363642314
444653422
666105643
534122335
256314654
340424062
512640214
623251325
030063262
143103300
252215412
363326523
404630633
515541045
626652155
033024646
544435056
366350206
400461313
551502426
050365364
161406400
313621620
421032035
535143141
646254254
035640652
146041062
250152104
361062512
401304320
613415436
624526540
161234534
202345646
313556554
042635340
153046455
264150565
302231600
416302014
522413104
631524234
042516605
153626013
264030121
305131233
520363456
132404563
064554351
216006503
320110613
431221006
542332130
650443245
060456636
105560040
216601155
431123365
542234415
653345520
020331501
131442612
242553021
353664135
464035246
505116354
616220464
054202501
165313612
206424026
310535130
421646246
532050324
643161460
015022110
126133225
232244335
341355441
452466555
563501661
604611003
036431330
140522444
251633553
362044625
406165202
514266114
545530546
555200222
