023245100
134356211
245460325
356501435
460612540
501023653
612134061
044441104
266663324
300004431
411115542
633330066
014450042
125561155
235602266
340013301
150124413
562235523
603346632
002621563
113032600
224143014
435254126
550406345
661510454
020500415
131611521
245022631
323033042
424242152
505355265
616466305
051001044
162112153
203223260
214334303
425445411
536556521
640660635
006040521
110151634
241262043
332303154
443414261
554525302
665636416
061422254
102533366
213644400
324055514
435166622
546200030
650311141
066543336
100654441
211065550
322106663
433210003
544321112
655432223
130555023
352000240
463111351
504222645
015312625
122423030
233534140
344645250
455056360
566160401
600201512
015253233
126364346
341516565
452620606
043463516
154504626
265615032
306026140
410130250
520241363
632352400
043120124
154265231
410564562
521605602
632016016
013606232
124010346
235121450
346212566
450343604
561454023
602565124
062366045
103400154
204511260
325622302
436032412
540144520
651253632
025014424
136125536
240236644
351340052
462451162
503562206
614603316
054116222
165220336
206331442
310442556
421553665
532664003
643005111
142214243
314436464
305544504
516651611
620062021
245051605
356162015
460203125
501313230
612425361
051230311
203452532
314563641
425604051
536015163
052151216
163232322
204303433
315414342
426525653
530635065
641040100
012146423
123250534
456513163
560624206
156435104
260546215
412061430
523102542
634213650
001642461
112053500
223164662
314205026
445316133
220320113
331431223
442542333
563653440
664064556
001134115
221156336
332260441
445301554
554412660
665523005
000216052
111320161
222431201
363542314
444653422
666105643
034162435
256314654
340425062
512640214
623251325
030063262
141104300
252215412
363326523
404430630
515541045
626652155
033024640
144435056
366350206
400461313
511502426
622613533
050365366
161406400
313621622
421032035
535143141
646254254
035640652
146041062
250152100
361062215
402304320
513415436
624526540
161234534
202345246
313556354
042635345
153046455
264150565
305261600
416302014
526413124
631524234
042515601
153626013
264030121
305131233
520363456
231404563
064554351
105665460
216006503
320110613
431221006
542332130
653443245
064456636
105560040
216601155
431123365
542234415
653345520
020331501
131442612
242553021
353664134
464035246
505116354
616220464
054202501
165313612
206424026
310535130
421646246
532050350
643161460
015022110
126133225
230244335
341355441
452466555
563500661
604611003
036431330
140522444
251633550
362044665
403155002
514266114
655305220
245530546
555243552
621360561
