240510611
355345344
552460113
454046520
160455630
640042155
501003335
255011066
410061122
533066653
513250533
242351633
014406465
654532052
242140340
644623206
036244314
454243114
662531425
460430036
205656355
500263013
600205246
246665055
455003612
406211432
443541236
564144326
151504246
511125144
451352331
416104540
440132423
141335244
520615442
214216333
544212656
425334464
315540041
314552300
312410506
512444252
141055020
462111656
032162015
133631553
106032505
221666050
316003620
625652411
316254655
104320156
455236655
140260452
134011236
114355652
134603322
235126445
002053036
330532001
263424600
032663563
626233115
462401100
423452046
333312613
561016250
265321406
323035600
032541213
604455034
642612426
403421524
043020402
110033135
316646246
233125636
633262335
054660022
313632322
065554452
650525656
220516052
533224211
014121530
602534643
056514635
262500362
563365503
012542661
135130151
153611660
300362254
263615246
042016203
164561461
050151355
424130146
112606364
241141526
114443511
456204415
150635421
550131606
642566220
202464050
325261302
505544520
634110620
031401111
543201540
466202020
511621350
441113416
036641452
230553460
063643164
025236134
100612300
414366434
006463653
532443650
141513350
546316141
056300406
262306261
522406063
211512214
110604211
411515140
001046106
340025145
612151136
446360042
224322531
241240202
532636434
522320516
342654621
363334146
623051101
442302451
105250000
243612161
323660315
411230345
222030221
420653631
554036043
254162666
421620343
565465254
321404354
123443243
452240333
652135254
102005623
046164061
555634532
346405223
631154241
250604360
505366130
026322604
342311415
000622423
126200566
166611634
034022156
110050303
431663151
402530555
510226341
533345066
000243321
536413562
361313500
445241420
222536160
541310535
563523413
344546454
615623465
543550444
030636120
243136243
524563241
064004661
314101314
315022413
501500564
505145505
421264120
005610363
564355545
316356543
321555242
504642544
134426012
164666522
444513001
366225631
026100351
061543032
400234250
224351165
232403514
002252444
320446125
203544134
335054506
460665064
532662200
434056310
461405452
552214320
223114356
002301322
203212605
565156031
125112666
325501230
556153501
224504402
141462445
116360551
160342541
123223014
065046010
235621313
221656204
004110554
612526354
251422564
534204534
553532405
601661260
440422261
516025201
040300255
063122306
013056664
104536503
661251255
653640240
611111453
413014335
265103152
615424642
565030322
606526546
264552123
652003304
630413633
000341515
056532144
412431246
155056342
163050216
641031146
365513125
506321361
353055352
630324334
161126460
556416431
250201213
113222501
232231012
613413301
106015114
646424624
625133552
331561664
140002312
153144402
545525441
333011020
303505615
024645654
022421356
130304640
165351114
366652261
211101232
411410422
113254324
515213034
102341606
222663144
550506662
010326502
521634614
362260640
602054222
010445043
466316362
042215060
412645450
561600023
021440060
016560313
616405164
636653535
464514644
044324544
061456141
060250105
634640166
256334423
126165512
220452334
336531355
223631036
544120015
540230130
534035225
364006505
332062446
216602404
666503353
066065136
205202142
145340664
216245603
200111564
400601225
524046212
646130605
230064141
336210343
226552040
601235535
665525024
321011214
445553264
136113146
655343021
624564030
620164521
661314031
063145051
514160244
560243565
422010436
031105026
254133320
605312545
534521646
600404500
232041565
245033365
326021552
202113211
300514421
631053052
126344130
423165253
226643332
236315330
146122653
655463443
556100124
103416026
521060263
523534240
365023330
011316340
615115046
445436522
332550266
460255223
132065540
164330301
262013553
635266106
241433236
245543253
660354442
453512011
614635520
466636315
501320112
352234203
214342216
564314110
336622523
443433652
353061451
525010151
651112566
300451665
441165500
420140210
356430513
120034446
521262344
561224062
066301613
215664254
025160033
412133006
215435212
363614404
653115121
646166133
143343335
333242460
651022632
311164366
505622052
364535124
124254265
441054302
012463305
535352035
616351060
602025365
346524200
053544563
330460400
660261636
152546516
061632603
200336646
321063536
054536651
346226325
553024243
213331442
040533514
211254463
441301605
036231560
344053432
531412342
606152610
653335030
522512634
021150646
410324656
022624445
434142242
523142131
342513062
216140364
053353224
435526030
412212352
601365424
032500645
333144432
335445022
032314250
452052626
001654510
463650502
005036402
220220622
040554025
326361641
262235350
531123455
633216541
555555316
303533024
261011321
654626563
624440553
403546422
351625233
124625240
502511265
605063664
303112150
641406430
521346621
540041034
051435002
221020602
050112641
225102500
602442062
503655041
000525210
252112363
266506510
522205232
431343461
152164125
145666416
402056453
240123003
055010543
511320226
613406426
350050164
565633011
655252256
230560225
026156505
162262133
244045521
464502556
432356346
144461134
612016445
466133234
610333350
421524111
125320205
365402644
361342565
146336632
431446224
602522231
111564610
422323121
511353364
213152410
034616506
351033363
426541660
245506324
433340642
434565014
156001050
512531141
413530163
322200401
651326004
133425435
463106123
334366303
154041103
654040311
633023110
165045566
054220264
544106403
360600112
264530230
154614453
611004103
625515335
355130434
063033542
515101643
320214036
142224306
332133545
130144113
616644033
552332520
166234522
413662606
024132622
144064613
415136361
141651252
252442145
162302204
662621040
114161055
323003153
023545341
203245516
146610321
336206032
225304333
332601244
605635453
414065563
133301421
434404043
065602660
140416554
451162224
354305416
656306625
352330011
250225542
340204151
012513246
464223543
301600256
121450524
301523143
241664646
356432232
266120533
525244143
630032326
351221156
636514361
264062450
016261263
615100425
324621424
610510404
616616210
156445326
366463216
121305311
160441363
250252554
212221210
566564602
043255215
132161632
240444406
653601464
022310365
232644330
511446546
302024131
554565633
602403123
323556005
315646534
304646110
350416200
660022415
045163450
621106145
406663340
063431666
444036115
532425424
154332211
160146006
145042431
361152016
451303043
415212523
150653040
025206221
662110314
660345150
324144004
153360623
131532115
311126642
210203445
624112213
536324125
052224531
353462166
263316522
015651205
055135510
503130334
661363456
104415655
204461315
520333002
430005461
623002462
365460101
056452551
241124452
034260111
141156611
306136144
210646153
305524312
643235363
203513436
254313121
506033160
064423526
051002165
506401152
223421112
113525050
451241501
552543060
652400660
312335155
130163361
123415531
003325446
104255361
133534631
656055460
404100261
215450135
110263256
615501116
101543205
015442224
155610615
425416410
210550542
004631131
425152155
143132060
266115415
465215401
526352453
423626451
654154512
233344415
146403001
541643533
365641056
442344065
132242026
220026515
565452140
140540126
624462141
551331055
204324662
542154053
655422303
522253606
206053441
414654066
644343632
410042504
460321310
116553422
244455116
513442614
412653212
201304444
535506503
642141461
123451450
024535436
436335665
136222234
252502250
045362212
304063001
234435304
363124225
646152564
512251025
466040421
021453435
013062032
560032533
160523344
014565125
456313155
666610006
430210606
236555551
264200004
025513461
323133466
403041313
410312460
053605103
122123236
105021443
150405545
362336624
503560206
105106214
261402035
010464231
424433560
403625162
414620104
320303410
302163022
112520132
065626232
100410162
214523366
664136441
255633604
243531500
132454101
566246204
522650352
155651561
640646002
432564435
625445200
166056063
544641362
356265006
125366346
664406613
331303225
355064024
333651431
624604255
633466060
510161411
556245135
105300022
111436334
342245540
053503340
300443435
556336616
351340120
242236404
312162534
050246412
030050556
543022514
550464455
234210440
163266343
055041625
406024051
415400356
500116222
344411043
011205005
034556443
033360354
203004025
346000014
151510045
531540303
162540251
661623521
323426234
203305650
246231341
443366561
520505550
005551001
420502613
344145163
602645101
661115262
546656330
625205061
201541010
540362022
220425420
316422351
534533153
642065606
001521434
035606053
416314203
245414015
023355142
622451032
223036314
545013314
526631303
541602134
514302305
402226560
206562621
232260536
326034331
420003024
011636455
313423063
204546635
406160403
606615344
446345353
621644306
535031410
132021324
452311044
245131054
032012521
553504054
406235014
664053325
551243642
001232053
355420550
424005634
001550323
045264604
112414414
560641400
544453250
253254632
642255152
436632136
442103532
114206120
314354131
502532016
223011643
324422610
606536202
050345261
643424565
201165042
612324523
116054436
025050420
454645305
106043354
541364460
021566215
451216464
321232162
310543102
330125264
404210025
636332501
050106034
042441644
343044261
533001306
326566423
432000154
621236024
251360312
410665541
310215124
465556603
516156162
360244242
016621602
644304366
062166102
013514162
265042602
241346114
563105521
354453015
110012055
233562543
161551306
553615555
430624402
642053205
520661566
465562241
342626556
534105341
354441631
041201554
244153634
432656165
256503026
452646041
044261626
045654343
455520222
420151043
010122114
011652021
513113615
511403010
155446033
150013502
000603062
403350111
225264555
612023400
450650316
600020640
432505220
355311223
261453313
622414651
453521365
102622664
554014204
045425153
255465261
500014343
520025336
031063204
660555311
626300234
455142630
020206300
260433301
016461024
426425315
601432414
611103661
600300533
535042123
111506151
043213123
366021464
466362514
334543556
350124514
604213510
234524021
202104566
640246364
030111002
614224045
615610150
352023641
230320043
520042645
533311134
302651503
444010162
204201450
432036601
444464321
045356166
425461323
156565260
535414626
150316065
556005313
663514530
501135121
204203503
311630561
335344651
546060356
430633213
203434411
442625013
653223202
120504164
362343113
201122105
120150432
545201266
502314501
464653454
452015351
236136066
546006545
554623136
331425300
536620460
103231125
510056426
231206346
364150203
103624030
613240122
426164636
653564145
625141614
505262531
236152322
016022322
103204652
230035652
264456405
003346233
060666331
613120031
435124504
200051130
016152233
061525505
563430155
504215102
530531232
225521544
015323141
562256511
605624126
310041340
006034216
156240044
260355062
424206152
452020005
512365323
141500413
636221053
401226216
305431321
644315400
415551332
213260424
555402214
101261031
236563112
161245414
303256136
415325535
466426156
211613106
540354104
000226654
011550200
214600641
235553616
401366665
514030626
511533325
123314602
164211312
160160654
536151256
341466262
651554013
422213254
010416136
006312126
550166640
401312002
643151622
430631364
026240223
232050610
114331564
630540431
126136220
552402336
124250041
130205333
302630442
145361000
051655406
345451404
663230611
306443040
662642235
230621635
343301136
013234400
014653623
560301651
021054653
030166246
633431215
414245031
200045203
536611045
463016035
635155302
056021111
112655143
306016530
624246450
222310014
533650521
154151426
131541542
453661110
220265465
122633055
530102516
254534565
450566301
523411403
360016666
245434140
420243403
106346011
342665434
661002540
403552530
556055634
341350063
340351520
121225553
005236306
036513054
042135333
325612103
136134300
553551512
234602010
063151240
601430041
303210212
034123401
031634262
051542426
105043145
005146541
251461625
355154360
250025231
346604462
255510600
445060230
332364162
561421633
246410244
155163535
405303206
001613624
204632425
206313063
446353610
110220665
510034061
131030033
111153562
303623555
643163313
505640211
235111160
133322362
606121252
641143044
006520065
433403231
661142623
506422243
204166153
456051205
232156563
611660632
055233416
212355401
121606532
330136312
421530004
541435661
134032644
120361242
034365532
504664165
601451556
050632215
014625311
236441220
256010032
420315116
453134526
136400110
354201445
003660661
355526161
261034056
111521223
612515622
310561553
613430544
133103603
363320052
145355455
436440525
150062463
046151425
214611552
103100445
036402363
404335322
303300360
043364016
243066126
332105413
416561645
644462532
006355202
002606411
060644533
526403446
103363412
536363233
225335526
301342555
646433463
521014425
515460462
326313324
454425666
624025123
012030046
501142256
322005046
362454564
525420021
562335412
310360005
036424436
660162342
151356235
466411541
566161335
162514023
406106634
300120501
314316026
266022226
601536650
314363260
165223261
105653223
630443015
445223056
203406202
566045042
150423116
040331401
130233454
136264663
415322063
554340502
654061544
065211146
345100242
153620066
633040004
454006456
446012100
550550253
035243235
652263551
060521103
334056251
413201016
115552554
334220435
035205440
102420220
441506066
642660545
160532266
161362320
530412105
242106655
646041510
252540624
110501430
604460602
661250330
004333045
632005432
650456623
612632266
100564233
645420445
413225620
051334133
622520463
314115235
042004110
053215334
234613265
213006640
233241654
423542354
060204424
431264512
632604616
162462052
220242011
352666605
022143424
643034434
543646225
661024214
145101331
464264206
025215612
536415060
655341132
255655430
160631530
204254214
605254405
641502301
235650044
022022260
263141111
102452515
605011251
626023066
601066511
266201665
420434605
202633650
322046633
330100050
561050601
131145230
523263430
324202226
123062225
146515604
631562163
050362100
023146362
303040626
323601142
562154465
261046443
313233241
122532342
364134650
424355250
112136550
423613000
564321222
535316452
145565562
163404132
251440451
314644223
336241121
052120612
310335433
655416144
326142065
126464204
060410213
244054560
162643446
511602515
421136513
015044154
626450616
141522536
332222602
612246613
046440132
211414520
044430310
101135356
166524016
454331640
413002141
626324412
506454306
026015245
353550321
325656662
110642632
564242432
062061344
256644611
464615133
304464546
031554150
634353144
443616614
524454122
455354553
554122354
101301163
143326103
401202436
441545612
151612142
004156060
023334551
315030255
510655234
266323445
266444355
523216165
405405511
002665226
053446100
113165106
154402024
242223135
204605336
145203625
352255614
131152405
516500456
401414153
124035062
064310356
335555133
440216245
256625154
131626301
450105202
135515211
115066621
563603105
602161004
230222166
504554551
203365265
643202043
560665615
236350103
223253521
644211224
331213051
654143433
312504033
156216252
130600504
455444216
044512305
461443606
150224022
664632334
131644605
115401542
565114233
642521442
562021166
361415423
640611663
461541124
454222400
425504045
016503531
023602524
603352666
405423432
554510416
116413230
241515033
614431001
053526042
433155444
263061234
252626322
402116335
446063523
546632251
613302252
324111561
344622030
462664361
340613346
325333635
004044440
166535443
161023655
444221611
145633102
126431161
504330463
163555165
216316654
665131103
341530332
055364325
663256054
002415430
610144225
532553331
645326320
063466645
311212630
044234032
340405656
041110101
265164310
023506656
445605146
000134663
061603241
511432440
342556314
353266522
250312236
355125463
330655325
345115320
602230104
410055015
335322240
335201515
441252113
226046501
653341356
025404106
446215536
644500135
143000651
626655026
521500136
166252146
623541023
634164456
665035645
020051612
024413202
114234116
100516643
011235546
242446331
120533620
012640515
126511405
534146664
524161100
626561154
131014564
666060562
515232310
526516513
100556414
341633420
305246065
104103016
222062003
311015512
402563166
651106350
235430663
563163046
213351255
432123353
422044542
646265411
362352430
635360510
143644012
200060416
465540315
465263324
615466012
306545466
461330253
416031633
031026031
421635125
456451462
622242505
540023622
523620650
400453142
505026304
520436256
055263162
405651644
426603263
034252665
602316112
546661214
345532626
462365631
000465364
403032264
041325610
343012333
352601001
535461524
436465143
135004355
366664153
203420353
