5700741233
7617760315
2752572440
0563553326
1606067644
4710021535
1075012407
0330771041
1514645720
6014566026
3463363111
3733177663
5135440326
5604050111
2522504272
4375627363
0640007512
1764203012
2004201253
1435572552
0513474257
6536143166
4721532775
5274132466
0306244375
1370064352
2355002364
7064332357
7607346207
7636634754
2771454014
0451222121
0256733702
3135521217
6401411163
2575775430
7367427636
4533261415
1462110767
6307660104
2444157031
1104342543
3601725561
7242471244
4141321751
3522661052
0170617150
7620120273
7025134546
6427324310
3247106056
1536020260
4302132672
3040254747
2400402204
5453154270
4723115051
6735010675
6351444233
3211607570
7150031023
3445073422
2130267732
6256720570
0474365177
3633312140
5243034503
5201635330
3261215423
3112334374
5204374026
0541515341
1265535116
1220171510
2530337611
2337627057
7756653377
2760261370
5056752046
5357126604
7620215065
7717714750
5637703637
3121056636
0716331316
6052405114
1632365523
4405766725
4550146303
7055657437
6212253663
6724707453
2324716220
6144045057
7022643005
3227355731
4402552137
5315166075
4125740064
4140230140
0764447400
4354273273
6643566760
2521213504
5010455651
5545614236
7073510145
7310703524
6531652744
1633541074
5257477525
2676250657
3364030000
7266422071
5751333224
7054561454
6672757522
2547434765
6715574103
1326043531
1126672173
7133005471
0152654015
3355341745
1101663415
1025714321
2213646645
3041022273
4662375775
0102500753
6614354445
7511557164
1277204704
7373601310
6127237317
3176445475
4407113212
3500715076
1027431653
1401456372
7106152765
4176412532
0514313661
2612143453
5203570361
1116125342
5651460707
0735256501
4264640132
6656621241
5460206220
6720350702
2666303125
4744575634
4063705202
3034417352
7250144151
6160162007
2426425635
1343432027
2613071136
6215312012
5351505052
1240647261
0232026754
4237355546
2266675367
5532370155
1470275546
2367712551
5050416466
5127352254
4452211435
2342363640
6505263257
6373017244
5416464162
3664426614
0757600422
2621276412
3346231434
4177531001
4661724346
3446300601
0667651660
6561770513
1313355537
2670043710
0500556215
1145451100
6262746477
2665137262
3362764223
0132735304
0103216072
6746744626
3553755752
1462602306
7770076167
5131106411
7150363431
4722446122
6202224701
3506666033
2303542726
4440773354
2006710117
3113010301
3277017326
5036621400
2314406732
1020500337
1141270776
3424400566
7341227005
2142076305
1072515560
1244751375
5437230043
6473720434
5614111527
1306306450
0003240614
4160204656
1704637174
6377171275
1457376633
0557542462
4117307123
7334114703
3035676074
3655244600
7546165524
4741140727
5517672314
1115736241
4501004047
5210522743
0437747276
7361473757
6735731560
4626472606
7171541642
0470151124
1311645616
2505150610
2653421357
0465314564
7554047577
2345566171
4656177017
0071162655
4316230256
6773102102
5476107345
7705373342
3072450202
1562236545
7211764602
6454636551
5153513612
7762025643
5766317030
6500401620
7472716006
6573326423
0342522417
7235463143
4737664267
7440712734
0407421547
2144610443
6320665613
3035732535
5555707101
5547702470
2072674621
0643205163
5324245447
5026021767
6066527524
3721133147
3274523555
1767724135
5432062620
0255060016
0015430470
4446546213
1753226276
0354537665
0623106534
1330523406
6042163332
7016272500
2412035461
4512167746
4073403761
7031324662
2471341361
1207514444
0124464030
4243317677
7363154441
5565443552
2077540573
7403237420
0037175120
6067033776
3740653255
5665556333
2236544627
6670630036
4054056340
2054724711
5672223174
3767566742
2023367065
3152723260
1456057155
0707072033
4411243030
7547050062
7716252313
0231400235
5071346114
0424677742
0565011732
4325051473
3534204126
5103661564
4620467421
5475501776
3725075215
7674262231
2515722627
6640371405
2701125406
0223561206
1702417511
