5700741233
2207760445
2752572440
0563553326
0206067644
4714021505
1075012407
0330771041
1514645720
6016566026
3463763111
3733177663
7135440320
5624050111
2522504272
4375627363
3040000512
1764203012
2264121153
1435672552
0014474257
6536145166
4721532715
5274132466
3306244375
1370064352
5355002364
7464332357
7607546207
7666634754
2771454014
0251222121
0256733702
3135521217
6401011163
7575775430
7367467636
4533661435
1462110667
6007660101
2444157031
1104342643
4601725561
7042471144
4341341701
3602661052
0170617150
7620126273
7025134546
6427324310
3247176056
1553020260
4302732672
3040254727
4400432204
5453154270
4223115051
6735010675
6351474433
3211607570
7150031023
3445043422
5130267732
2176720770
0474365177
3633412140
5243034503
5001635330
3261217423
3112334374
5404374026
0571515341
1265445116
1220176510
2530337611
2337627057
7746653477
2160261370
5056752046
5357121604
7636215065
7717711770
5637703637
3171056636
1716301316
6052405114
1635365523
4205766725
4550146303
6155623637
6212253663
6725707453
3324516220
0140045055
7022643725
3227335731
4202552137
5315163075
4620740064
4743230150
0064447401
2354273273
6645506760
2521213504
5010055654
5545624236
7373570125
7310703564
6431652744
1660541074
5257477525
2676250657
4364730000
7266422071
5751333224
7054561454
6372757522
2547434705
6715574407
1326043631
5126072173
7133004776
0152654515
3355341745
1101033415
6025711321
2213646645
3021052363
4662355772
0102500753
6614654445
1511557164
7277200704
7373601010
0121237317
3150405475
4007311212
3500713073
1527431653
1401456372
7105152765
4576412532
0516323061
0617143113
5203570371
1116425342
5651460707
0735256501
7254640132
2656601241
5456206227
6720350702
2666303105
4144575634
1063705202
3334415352
7706144451
6160162007
2426425635
1343431027
4613071136
6215312012
5351505052
1240647261
1232026754
4237353546
2266675367
5532370157
2440215546
2267012551
5050416466
0127352254
5452211335
2341363640
6505263257
6373717244
5416464162
3664426634
0757600422
4631276412
2345231534
4177534000
2611744356
0416100600
0061651660
6561770513
1313355537
2670043710
3500576215
1145251140
6262746477
2665137262
0362764223
2132715404
4103216042
6746736626
3553755753
1467602306
7770076167
5131102511
6156350411
4722446124
6502224701
1506666033
2303542726
4440773357
2176714617
3113010701
3777017326
5236641400
2314406732
7020500337
1121270076
3424400566
7341227205
2142426315
1052565570
1244702375
5437230043
3463020434
5604111522
1306306450
0033240614
4160204655
1704637174
6477671255
2457376633
6127542462
4117107323
7334114703
3035676074
3655264600
7546165514
2041140227
5517273314
1115736231
4511004047
5210322743
0437747276
7161473720
6534331360
6642472606
7571541642
3470151424
7311615216
2505150310
0653320355
0445314564
6554047577
2345516171
1656177717
0071162655
7316130256
6073133172
5673107245
7705470342
3372450203
1612236545
7211764001
5454636551
5753513613
7762025641
5766317030
6200401620
7422726006
6573326426
0342122417
7032463143
4757664267
0720212436
0407421547
2144610462
6320665613
3030732535
3550707102
5547202470
1072674621
0343205163
5324245147
5020721767
4066527524
3721123147
3274523555
1767724135
4734062120
4255020216
0045610473
4446544243
3714225276
0454537665
0623106534
1330523106
6742163332
2016272500
2412035461
4512167146
4075403761
7031324432
0473241301
1207514444
0624464470
2243317677
7563156441
5163443552
4777540573
7403337433
0137135120
6064033776
2734153255
5565556333
0230534527
6670630036
0074056340
2044725716
5672623304
3767566742
2023367065
3142743260
1456057155
6707072034
4411243030
2647050062
7557252313
0231400255
4075347116
0424677742
0565011737
4325051473
5103661564
4620567321
5475571776
3726075212
7674262231
2515722627
3640371403
2701105406
0223561206
7702417511
6413527651
3562532061
