5700741233
2617760215
2752572440
0563253326
0606067644
4710021505
1075012407
0330771041
3514645720
6011566026
3463763111
3733177663
5135440326
5624050111
2522504272
6412124273
3701016642
4475627363
0040007512
7664153413
1764203012
3070067353
2564121153
6733335160
1465572552
0452404370
4511107066
0013474257
3733550737
6536143166
4721532775
5274132466
3306244375
2355002364
4045327147
1326545314
7064332327
3623463355
6251340016
0600577202
2760661101
7607346207
7666634754
3231474467
2771454014
0451222121
5733617475
2144110023
1343403152
5342044151
4010233337
0256733702
0263427351
3135521217
6401011163
7575775430
7367467636
3520160176
1035264772
1370574505
1572233723
4533161435
1612146547
1535314515
1462110767
3173612747
4523013534
1146527645
2620620335
1104342543
3601725561
7242471244
7330642656
1043544166
4141321751
1766752076
1317722455
6420037217
1760477134
0170617150
6776754433
4670722760
7025134546
7022000064
0766315765
6427324310
0761761430
0476226350
0611435177
6433675401
6403242211
3247106056
1551020260
7302732672
3040254747
5661004315
3050647121
5157733155
0332337711
2724601376
4031362724
0720564240
6442032542
2155773614
2400432204
4722476012
5354227113
1060721307
3004570512
4723115051
2204027560
0636544024
2426371103
2576743554
1231421543
0644265045
3033015156
2621117741
7655621675
7427702353
3240634452
4101125205
2447644672
3343747271
4652254336
2010506143
1527114677
6770217416
5305572003
7454436240
5512076036
2450610647
3410107330
5161650246
7461533674
0160551544
7373421124
6251563307
3443566644
4460014736
0221746256
7150031023
3445043422
0652440462
3203075503
5567400223
3303130252
5300430510
1167447060
5024672157
5001635330
4705567734
7055265453
3261215423
3112334374
3515132424
5404374026
7432315230
1644321432
7005461206
3647211527
3504603400
4542667765
0541515341
6224144037
1372763051
1265535116
1220171510
0036170707
0004066723
5142400455
0715067056
2534312732
3631156503
6617637414
6013741476
4076217345
2337627057
4501452553
0715155370
7746653477
3526444562
3043002765
0205222443
5214714546
3604456065
1123601140
3044542431
5156563522
4554650205
0241333460
2267511640
5730462765
7553412401
5763744322
3310646363
6023507241
6501445104
5357121604
7317110557
3114765221
4636423175
4063562042
4346330417
5576044745
3605242125
6663561234
1775331777
4374442663
2263176106
5241177734
0743176431
3134413271
3231525355
4321310170
5003350306
4536301361
4057312443
2737241425
5637703637
6403413445
5023146512
5077543547
6134243622
2107311262
5255606353
7043153730
4062170334
4145503706
3256706465
2765157531
4730710634
0474141434
7412671531
3312023257
0560365022
5706035275
5756171077
2141624425
6711405530
2343013041
1363344750
1254743444
5042075263
6773221041
2635365523
4513153277
2431325776
4640711211
2701242360
6036156644
6530005727
3715044613
1030115611
5034633524
1215651422
6055657637
3074202604
6212253663
1502441645
2474176727
5347334302
7752403426
4254071350
5243756625
3170275755
2657067551
3672524053
3161676730
0737447744
0442362303
1357576427
5645647216
3324516220
3702640775
1421632610
5007245072
0227760607
5030324655
7250113160
7565167162
1412354012
5016307274
7366341571
0146045057
6240720342
3227335731
6234020476
2606102302
2553350444
7644077007
0732041106
4413574764
6500427240
1574467013
6273034065
1455653003
1723460231
4402552137
7041074641
0327405337
4615236653
5315163075
3055760102
1635745171
7631203461
6114732745
0540716735
6756026656
3742302154
1036432035
1655475754
7117616045
4106646427
0073630056
0121070633
5636624340
1040770714
5633240404
2574363346
0355354420
6234412600
6156105267
0473107660
5112030160
0470303536
7343501437
6602025437
5677477715
6524375544
6025475122
6551457375
5654715450
6132206343
0405073607
5463373777
2750355302
2731547162
7556407602
7367546705
2535410164
6002215141
2303223464
2745755267
4425561322
2130155475
2236230442
5527606506
7440235103
7072555701
6472600754
6601674634
6066647546
6707632371
7731434225
7310703524
0755531532
2325654142
1152171321
2122247510
2544133310
6416536100
6266000743
7245762020
4736062373
3137425700
6267257725
2676250657
5725205020
7214676304
5342606062
1046236570
7253127235
3146713163
6745106504
6160001651
4537676714
1017552630
0517061474
0771656605
4236136336
6072302376
6271265614
6672757522
4275537405
7050726741
2027225651
3442572275
3012477545
4355110732
4217271617
7157262372
0607620763
4165143233
5135556454
1645463576
5025744754
4614520445
1466076661
4550145642
5144336516
3150502041
6506766710
0776627221
0104134367
1405513721
7771035553
5746020524
7422123642
1602014201
6715573573
1507462324
4345655030
6051076705
7353252140
0172541352
7603666533
3035114430
6650617032
0152654515
5760536412
2554500561
4642506321
5166375441
7175432721
5667232747
3071405247
7420455344
3634651752
0005020314
5047717170
5757566360
3027253574
2646015670
1175154355
3355341745
4567743001
6635350661
5070434471
4623107520
1711413655
0066557362
7130256631
7012141753
7474112205
2211631044
3024157326
5320745102
1171626517
3102001235
6237103240
0464130276
0362601647
2551316073
7165345667
6161625071
2202033651
5222511733
4060401414
7576552527
2212600102
0756500673
4107055150
7724014772
1052365542
4123560157
5315757701
0627024525
2511725603
4262432210
7703770467
1316235762
6307760562
3753126117
5452745366
5531737443
1136724202
6477770105
1424704575
0250301771
4560075473
6615162251
3562346123
2363446534
7257775576
1762730345
2366161220
5133067720
7166565013
1051436364
2517421065
5320301543
5506251051
1777356344
4144766172
1603401423
1473767207
1400000325
6331272015
3364262517
4264275131
2267163477
6211044554
1253244002
5051663651
0051305610
3334503347
6471515735
0354012415
7106152765
0147673537
7320513613
3377662103
2006705046
2016417736
4176412532
3557023635
2452007246
0505347273
2676177576
0754244547
2517672626
7211352545
0030142354
4037540750
3525707110
3762217650
6222606420
4132633732
1526207235
7713743035
6155634200
0042610222
7674304360
0046764505
2675006416
5625021252
2064035714
2652635131
7624532232
4441510054
6376076222
6514236467
1160223430
3544636233
0111720010
7573657616
6364102734
6057200431
6306137626
0654707264
1232370151
6630402571
0342124414
6376510461
1007673111
0300116112
4620262223
4325474234
0377332640
6070633245
4734222401
7014737134
4176663274
7647745732
2021676323
5164434703
1553034351
6202621552
2546174204
3356273042
5251444273
5720147427
6310047770
1037471356
4330364576
5662562170
4602220671
7711012000
3652510710
0123646073
3233330675
1430201750
3245417533
7776410106
7162727557
4216712470
7511260150
7314306617
3151311500
4667452406
7217553456
1651632556
2470273311
0215423735
3425360441
1573372456
3616562543
2016026017
4435443510
6560431036
1304175713
3172740531
6247017457
0313231007
2251155154
5521123357
5350353237
4003303627
1061314476
7426274557
4724753153
6140346275
5452156574
2572325227
2764416007
6441477266
2272444720
6572121730
1373051736
3675731340
0402761576
5416464033
5173151173
4545224210
6326311654
5621261646
3441205515
7641464713
7550264207
6141362037
5310276125
3446642140
2372717214
3636633067
6064463105
4731233616
7206360500
2115274063
4474345145
7065356432
4415644126
0667641370
5532524767
4326004167
2170532563
2016574520
6445314071
7217047262
4625675505
4534211126
4575641015
2437133565
5765520630
7232124126
2013125125
1307254134
2025271447
0777370062
3374571473
2146260136
2171510672
5301411241
6602167115
7767766242
6237210113
6410326452
2606663150
1757145403
2213157312
4155102670
1457430652
4002346561
3071123002
1626074030
6757574354
4674605733
3764465776
2136207764
6246071535
6516154721
2547006124
4613045300
6673454107
1625531001
4140477677
6144052214
0213142605
2424746330
4103415313
2050337575
7536270625
7426511476
3007050667
1440723256
4500735017
0760320406
7274751632
4272461066
4051524552
0101663312
7301007210
7341220746
4365765644
5774525565
0433757514
4560647257
1120320113
6635036530
5653767673
3251734326
2560770502
4336316703
3421555621
7563720136
4347552261
1101777335
5154304245
7570245376
7617105071
7724261534
5654626037
5504562215
2662673673
0666245503
6243207176
3650751134
6271141325
6573115212
5475721616
0301502144
0546414623
0502350632
2110227171
2253531227
6750553620
1740030171
6137176171
4656512604
1201270577
4417407154
6063434620
1324037373
6425450716
1414656155
7102140216
2421214216
1236664653
7420372261
0670172035
4305401057
7253003757
2327524433
4134575646
2033443203
1763000454
7736304056
0770571117
3242363316
5341032226
2550242133
5102175652
7275514211
3245273104
5204335107
1614124161
5307320421
3320052055
6261204201
3726770726
6762276274
6436561615
0267155633
5374533752
4710165163
1746406043
4327741346
5576626464
2563064016
0216004306
0762023570
4066240612
7563351000
0223402563
6625752475
5434366463
7615724042
2314234250
1252466175
4743431400
3366720003
0552766047
2467530021
7321325032
0562516206
3533221372
1765426425
2315215106
3643275230
6363717300
6401336346
1532427454
2653464242
5270045630
4611227534
5602231365
4462036055
3340460021
2351470030
3635120074
3313454511
5277735023
0063725213
3007536154
5444223634
2601253542
7315011273
6214635272
3570050224
6466121062
0607317316
5222634011
3476353725
2206575771
1234315024
2520344321
3230122262
1133117046
7605576766
7104277454
7710273702
7055072116
1561574722
6266537077
5201140140
2644441147
1775222662
2672536645
2031065231
3442331020
4034745462
3643121706
6071742142
1353260315
3513310027
7147750404
6100564403
6323143701
0151566235
5647130430
5717502704
5267451012
5671163124
1021660462
0057215204
5465337544
5103437236
1143277523
2320034606
7041550573
4613771143
0173716466
3032636315
0744774652
3125245454
6772705607
2740054550
4251651561
1464711031
4057025026
0526665111
7115715351
0570440543
0714615636
4413131621
2373457450
5567677331
5210300065
2134644001
3542152367
7256030634
3434612566
2761303334
3610134715
1426170372
7322263260
5673222275
3333144144
0365647461
5556104132
2756404701
2456152010
6352222777
4114314710
7534453506
2426767061
2462712520
0026350021
4123212665
0025451550
1521306747
6545261305
7572100403
5046272721
2363020327
4244444311
1417674347
0406230013
3467005172
1200573343
3247640324
3564610141
1513151554
4267416571
7023615277
4620173366
6772512024
2430654223
1445557317
7251317352
5463526553
2413505434
5450427757
6050660370
5121233531
3015140265
0203331333
4637563412
3430766522
5164310354
7700305411
3211511112
2156357623
7762354141
5005600541
2353432713
1465732763
1714521027
0157320257
3707545526
6141714512
5247761351
0266650414
1210666261
5544147501
6720473451
2453301035
4525122131
2210542716
2127236244
7613730501
3271747763
5742113006
7726707444
2346354766
7205456310
4264420624
1375120201
3052675474
3650376413
4206771024
6553041667
4602463707
2053024400
5476514307
4245056276
3521313265
6355060247
4672623556
2115332112
2712706756
4701621177
2107270600
2767012135
2265320555
5222240225
6716656512
2614425512
3666020255
2136732350
5475173250
1422651264
7771250322
4251212237
5430770470
7124423014
7026041215
3473417072
6322665046
6002743630
2207502067
0561740364
3427136307
4311461303
6661307153
3701337437
6372543175
7537336552
4151430141
1360440477
3305206331
5066130151
0045553125
2501056301
1443375365
0064213667
6525054004
1615347324
7711545447
6566555145
4277062421
3714620214
1125333226
0133272242
5034340217
0402102051
0702576555
6412730037
6505706165
1013210132
2227646161
3174435162
2342365110
1273452641
1375433414
0755640110
1140604231
7007223223
7662244017
4570373100
6376234544
0334343030
0771700151
1155066131
1551102313
0737351210
4054631112
6715341002
2356775253
3565672072
2141036667
0422540504
7455667711
2116031201
0426202746
4071751354
7040733062
5435465147
2712164405
0560752451
3343510105
6366422111
7413456427
0645316100
4260102145
5061237605
7470717621
3474020030
4153611454
4564303755
1106450347
5124153262
6036573331
5206757116
3362707432
4173120340
7742435317
6472165561
0163507715
4444122557
7760600027
1662333164
0640555410
6425576045
2012465354
4321737651
0612650341
0223563036
5253677142
5676265331
0070651063
4342273435
4354545007
6150535174
4164206260
1124015105
5774216671
3707601013
6117373204
5410060602
0124631604
3303473670
0130267506
1736717367
3022526446
1314544642
2527337400
2721420566
0633576377
0325753017
5675710067
1505321350
1331437100
1634357275
4417140043
1146411250
3143054032
0176734611
6374001100
4361005506
7414413362
6676023303
5734560041
7120444130
2132351337
0314311321
2142020712
1041607077
2745516352
6267464363
1554731676
2026772632
5145022061
4375333371
0636600236
1450641332
4537117302
0172703220
2060174761
6124703436
6052241314
7523525740
1667370540
7131135064
4242713647
7360107044
0761622742
3423044376
4324025241
1014603263
2567234576
5425602432
5612177303
3307302575
0744357443
0734365357
5523137074
5067254350
0746421336
7224156551
6777233132
0644712573
0245235521
5431000134
1246445426
7730043274
4244700530
4337066145
6570577633
4346621622
5752267232
7375450535
3730004445
6420365673
4227203305
0025617044
3243524570
5256162344
3020774073
4311500222
3575756673
0655000005
5706346014
1511470411
1746240207
3044261160
2647612254
2473060473
5667313025
7416661325
7034477770
0471551000
6035525063
4352300656
7634236076
4611304407
0700243021
0303610430
4442645413
1316623034
5525115445
4012207423
5276764260
2650501452
5641206257
4075666440
4430146201
0004122230
6100203517
7752310563
1724475660
4112006604
0000736400
3153362616
0116156137
0370404764
4715253444
5634762306
3075507566
3012612033
0376175160
1555176217
2206447005
3740722423
1104216736
4437372007
3223506702
0353774135
5042426104
5657754221
7647116363
2611240723
0267021167
0421754302
0317653772
6073461752
3276676646
7637171222
6101630523
2015301760
7703046120
4155216001
5454342700
0304750754
0075136322
4424077425
4753257703
7004531045
0302470123
5775264115
4664174600
4104251575
7571416754
2134537125
0352667324
7773205264
7564734261
5436216535
1741422274
7223267622
2452513153
2664542055
7433052335
4630353043
3341214364
2373564621
3160743645
5773732517
0075524677
5077120776
6626160764
2042521071
2543707742
2542373052
1027141024
6643620151
5577772244
2415111542
7153640307
3545051541
7264605446
0171257213
5516032657
3042755612
3764104257
3453715724
1726723511
0240517664
5737554676
1266611706
6214322123
2023233015
6202172207
4106570263
4063271225
3157271466
6215612764
1477001211
4467022344
6634373716
5536205416
0257334114
5555611107
1707726166
7400441567
2070766276
0036716052
2033304111
1626436452
5076310633
5362550057
1104464674
1713323240
0645402614
2015476671
2212216327
5056541460
3111202052
5407003466
7123022203
7326353305
5446365252
4032460643
4044154064
7520006075
3655743056
0000252176
1771344232
6320456203
1416560756
5603552462
0254111243
4134047334
0152465601
2552471516
5772242453
2621664577
1501330005
7761071366
6440500167
7112375726
0025103471
5337072662
4165272356
4446150606
5023314060
0066406126
6365170453
5574000372
1065665321
0550573465
6231750227
5706652643
0322056566
4257547513
6416772314
1035003646
0703004077
1530120537
2134072577
0374526011
0736634172
0032752265
6173643470
4717514032
1142312411
3732026021
7424300122
2677324704
5444731767
7266326263
5022763313
6213664130
5571112570
6015335557
3102153024
5532645555
2333545765
5071570425
1061073053
0147114701
0745601255
3563513452
6561466641
4561563560
0721614453
5210521374
1503616061
1703702730
7115107513
6452214422
3067266035
4360230701
4352413074
7527457121
4716455256
0724272313
4457615375
1523744243
5016755327
6471323667
3245665677
1121145576
6060042425
6041003320
2356416662
6002037003
3172177417
7450732436
3270103623
6420721725
2140412345
4275604572
4775246536
7455504104
6265246050
6155701722
7765111614
0355266676
6636312147
3737637206
2327732127
4012010516
7732623353
5131671627
4530232540
7303165027
6002154456
7635217705
2316140331
0666323631
0233356746
5624125623
0204407132
1266263545
5110311136
3434327104
0453113337
5145350770
2501417617
5036677013
0676201174
5064221542
7333274303
2267045356
5156707000
7614370253
6003012674
6170024146
6452377550
5331423436
6204260321
0073512310
4650137107
5736011513
6306202450
0221271762
6660352330
4565630666
3327161712
0271364741
0053543774
2442117635
6344555376
3570136060
7374235425
4653375072
3743603521
3310433146
3621140617
7351515266
5336050200
5143374534
2713270346
7044347656
5027564101
0210743173
0236742537
0071011626
0121542420
5601305722
7143300643
7514554333
7052452052
2021447474
4675555164
3375540654
5545525172
3036701620
7514221711
6331446352
7244725115
7223551165
3674660426
3564041202
0631612325
3441651436
1236522720
2707764337
7572217137
1573246114
1670305057
6461641717
2030047066
3567435415
7042776350
6547374136
2027152703
2470625500
6405064755
6523070275
3717143150
4432341674
2133405022
0235033213
4736100515
0741443502
1746562112
2301462422
5542442776
3704314303
7227026670
2354326206
7016333403
4036534247
4166364125
5642705544
0660054672
3720234124
2005207252
4506607631
2677403163
4502751460
3331752770
5163541606
6741370301
4361536133
6746531723
7131326140
6221534643
4657146725
6716474165
2324315467
7273210770
2466146445
7566413247
3560206554
1430053162
4561425737
0773763743
7557530777
0135761124
1765367603
1760612213
5617367167
7563116525
3454723373
1566705352
2204104424
7214367471
5652347041
1566510574
6316521246
4657604044
0630160620
3337575034
1651761065
3120657567
6147401034
5407455501
1042563237
3526262000
4751346450
7221373117
0524166402
1774077541
4714200777
6222327601
7717006433
5651273370
0251072074
5426257670
1343322607
3673470564
0110137442
2371030115
6677426020
5213775710
0637035342
6027433767
5147665743
6506040172
2143572010
2770636734
3571144451
5606422734
6370360134
2671331421
7414547010
6056052563
2130713707
5133700261
1201465050
2422402615
6542104045
6502673325
5355035012
5457557065
6770644661
7467060410
0663466760
7030516467
7520750763
4425012013
2337704500
6174720653
5422716401
2162202407
2425423277
4254664727
4370224027
6617713753
1156366404
4703506216
3335336264
7637322613
4122701717
7234446435
4161166416
1731553201
1072004122
2460265466
4777774771
2130560314
5023421637
2243252053
0442227067
0402535760
0412376144
4335707325
6207004612
4273313562
6621522106
7773160655
2454054631
1742046764
1205674265
0740675004
1514002044
2645777155
2077167664
5763602166
4037721531
3552133201
3003467461
6405446623
7713122472
6364053521
0543632474
1520211042
4422434523
7474637577
0734436561
4456421213
0366013104
3242537141
2360503070
6471706013
4026221704
7662761721
7647504655
5072622620
4007577476
5456010771
7072327015
6764317222
5627442650
2057763720
2567523214
2765635450
0426334435
4412764650
3214351266
1354241261
3635577421
6136320735
4462527772
0753152224
5426403321
7112426232
5643213712
2024424745
6113512556
3614366734
4735055622
7547155246
3345774446
1614250000
5554270756
0527464756
7303517542
0572674442
4107263046
6732260700
0577737357
1012222206
5337726273
0625737736
3644103135
7067144175
2550606210
1003652525
3673033771
2676645262
0662105425
6520062362
0640022247
4136454660
3700031756
7372046043
0754471725
7157517430
2770421673
4651557240
6427145255
6754343365
6431763454
1011527713
2531571245
6422231156
5643057354
3771057176
1775613330
1640450633
6074716537
1031106455
4346167053
0740363615
7265023006
0615471337
6222055315
0523236630
2074614173
0731024664
2622342436
2270001347
3644472322
1721507350
0127365560
4765342711
1421157133
0253625060
1602356753
1027010341
7076576074
1555552746
6734501464
5502266627
5745733374
6073273506
1762504533
3443440753
3140041310
1301243603
3601344070
7513762664
2167706311
6741065465
1612534426
6306415577
7665002522
7447633726
1211036721
6506520607
4355277567
7766047737
3656655520
1555710423
4704326635
1516773775
4517575551
4654034463
3324073764
0755375246
1550027626
6707751655
5171345303
0161017377
1626643625
0664637023
5210255552
6034251233
4171715127
3273721457
2611616432
2332631403
3765552305
6254776211
3435001303
4427730260
5670016504
1456344177
0477544263
5413603615
1416302501
4177010764
0124747141
6037162516
4362214243
3152546677
2741667640
1233602204
6741616776
6357603316
1027427502
5357040536
3341376655
7460540235
6627653031
5304641456
0732215073
2560251615
2264374342
4063626376
4235754051
3405534636
3646257402
5150114014
0053161011
0763045641
3426725137
4713756361
3327377247
2207776452
1627255212
5255312621
3126303672
1107007707
6726462627
3117214621
2132676266
3355622551
3537242761
1672053610
3425216162
3253170420
1576161147
7501275043
2273306654
7626035126
7447351157
2036641134
5316617560
3051713417
3153527364
4426133114
0534504150
2543362571
3460315317
7377631061
4341343244
5570063417
0471025412
2526600053
3112515465
5434107712
7525301636
2700110270
4516635343
5401262773
4066061557
7722136135
5537531320
0573026707
6555363472
7616027450
3312772161
1206071742
1717065517
2722657025
3374347312
6603132040
6362335205
2101403775
4303604705
1500144706
0737104323
6335651574
3363031560
4444670742
1740101666
3334121525
2404201643
1535235304
1730366070
6635644457
1221772403
5550632722
5163215037
2446251324
2571201706
7332547227
4376731235
4705712202
1724626703
3145105342
6356645435
0313002231
1071671200
7735502243
0667772112
5523273163
3113066575
2242136773
1513204470
2543435656
3610210666
3316355173
2037750372
4637001776
4567324462
6432447131
2371122656
1474043357
0671562757
1206556032
4420356515
3267354507
1777740620
2430075654
3003742007
4476205002
4746003232
6673345626
2214563164
6467613502
3045304223
3763451243
1030500002
7523731412
3075211713
2647556536
2554627774
3627410473
3556643713
3110756006
6077175343
1413420304
2101744153
3146161471
0120121056
6220567555
1146502333
3260363250
2437414451
2222710076
3430424016
2625547663
5000712361
3344411616
0051460527
3335427642
6327207063
6227411226
1347731513
4732614507
7743364424
4364777016
1132044473
0246377327
1360625165
1656407517
6634117554
5403625244
1147543371
3154055447
1252357467
0340010356
0247050040
1255726500
0554455034
5704023747
2766274127
6531611050
3612461672
7272736564
2254245675
0205110566
1117361053
4662415152
7545423463
4000364212
2530623441
0230011432
1031744310
7275057744
4512542402
7345241112
2413077137
6047356711
3177032336
5513356213
3512414100
7304414155
3250164531
3250400206
3171352464
5445210343
6004323051
5150475220
2044760457
0101454431
5665046773
2475262034
4403234142
7754537301
6100076064
3361626474
5364074437
7644640565
6064506672
6006264067
2046123543
6337253407
7351604623
5033402440
1332662530
7022514325
2367271754
4202705273
4652065214
4621051027
4657361630
4275145757
0474475306
5345100627
3171467625
2451177402
4774033004
2061540107
3504717256
3354634075
1167600675
0747260553
7555043340
1476715543
1422224731
5010151040
7201500331
5155755533
4222072751
1274146270
0607151447
6576330250
7774062167
5562653704
5467714664
4040053401
1531443027
2500065545
1105500410
2717742541
3656446231
1577055075
4646242066
4726056740
5137201102
1670414312
7125777272
4670567071
1054100174
6321557412
5532162023
2124105750
0150453353
1332411722
7542560611
0522021343
4505436772
2035662605
1120452772
2473553232
7551061732
0515604717
6662775060
7246170061
0027371675
3751701272
0247436205
0504215510
4572724305
4143535535
5026666775
0014073440
2154461433
6617541121
4740745355
4022067130
4411726247
3620642704
4115411564
4467656620
0511246571
7736133741
7043222517
0410214055
6744437055
3251620133
3356067706
5000057735
0024530163
6333734216
4125040542
0631457656
4147622116
5630135256
2417255740
6223354252
3557556312
7305124660
0244652101
1347064270
2767325043
6704666144
6742147372
3775065200
7712527666
1270236607
4411363132
6275630317
6404153170
3162235546
7445015564
3746366567
7204612012
3761160544
3646700377
5151126763
7525646224
1767137752
6775376610
7747201340
4550322054
2743634363
4607737545
0535466333
2323671211
7142214676
5653516126
1277220054
5227573624
4360476340
5341566400
7600123555
5773406335
4550456166
2655525347
6056724124
3663635602
2420043743
5561501471
0343626545
7432660072
1137652363
2117053325
7335673120
6450744040
6045530444
5700476606
3367123361
2722330614
2213415261
4150727415
7024650640
1140166757
6104627306
3736274211
3262074625
2713317504
5370652314
7733247551
1274362335
7600214440
0651123216
2000535622
0271107507
4161244774
0406524541
3511462236
3700775140
0573661520
5772303761
2274350713
4253476633
4353736020
5117412217
6142615334
5564422360
2112567747
2123721574
4776672050
6765514747
3716430070
6406557254
5741331145
6040111155
2142453561
4256123451
5165704177
1631655444
3156147555
7670330742
0653256455
7670741405
4257405762
0445024133
6317225324
5316373356
0030375133
2551772767
6160150122
7600607374
5231376202
0466662267
1133233177
4206013715
1623776616
3041131214
5237227366
7006625102
3017345644
7011204735
6207355474
4224216414
5202660664
1350172276
6146672462
2276322072
6440164326
0554033127
4377247200
7376163432
2241401631
0331167272
2265751103
2143163602
2723555513
4733472526
3204761705
6640224563
0144525724
3751223754
6210175436
1571754566
1757307125
4701173423
6463237433
0207713231
2772037462
7551746615
5474567136
4163732104
7601521414
4276256123
1741114120
0661171551
2044246702
0226117175
2753720052
5610071461
4170550436
0236405645
5217346520
0341744727
0672313477
3522254413
3073316201
1563542337
3306671307
3016503055
3651002430
3535257036
0103523100
1361132441
5050204526
5055413565
0105255702
6721163010
6153474776
7322117776
1300317033
0017422373
4100337320
2052270165
3611073526
0437016227
4661730472
4646437224
3450561763
3277471130
0164042766
3431047547
5166622505
2061426250
7015642570
0220715320
7001101121
6215407021
3432243005
6016213210
0345075775
7032201577
1603027712
6660706447
0201637755
0212503511
0232226612
7336462254
6373327573
0240472750
1644237611
1006355260
6162321424
5566071110
6017655166
1116163360
0017546415
7127470365
5517013142
4104636351
1674274224
5061142036
0706477410
5411045025
3165077143
0107727622
1661066102
1260034244
0450250560
5363155742
0363200572
0067032501
5240623127
4351573711
2162134030
7471643101
5705117153
7437164734
2304743225
2336756421
7601713176
0277443616
1150334662
5233436057
3665453627
6513227655
3176114226
4054402221
5714450432
5716167611
7555232065
6174557760
5113533043
1010677652
5113624752
3337030723
6705210035
7763674510
5221703042
1114401315
7105054227
4440105774
7233611341
3577267542
4711377215
4507644530
7610663016
7543671773
0531353174
2532157140
1632265667
6312066411
4573405171
6041420615
2575017020
5224067204
4441702662
5525574316
0020623710
5435231271
2401310531
3405155463
1211757674
5243041443
7527662447
7623440046
4663657135
6363575617
2704075032
4202277740
6613500313
7727503562
6175113641
6644543200
2225053430
0045247330
3272657300
2013050751
3200326047
5224722771
7260442302
5372756130
1442271602
6722722250
5363663423
5311660737
4674116042
1344617404
4576566652
5313025676
4453317161
4065457073
5721130203
5750003103
7271572660
1674541516
1313106326
4523365206
3460142573
7656175315
3407072710
4543037113
1070522151
6053226262
3605613243
5313447347
0111641165
5520510251
1534476142
7507074405
6111231670
6614014627
1033337422
5615544535
2220212501
5323172330
7672407251
7366216316
5722312342
3001446716
4630606665
3115623476
1175425036
5325530577
2663114374
3236531504
2602041524
1122162245
1052717755
5723327716
7431120311
4300511425
0454605552
6115565632
5332475371
3312240440
4330151767
2014651507
4005551611
6457672233
2405740406
