5765145731
3617760645
3752572440
0033261326
4606467674
4514021503
1075012407
0330771041
1514645720
6011556021
3453763111
3733177063
5130440326
5624052111
1522504272
4471224363
2740066512
1704203012
1735572522
3713473257
6536346166
4721532775
5274131666
4526072331
1370064352
2355702364
7264332327
7607316207
4320654535
5771754014
0251222122
0256733702
3135525217
6401611163
7575075434
1567476076
4030141425
1652110727
6345660107
2644157331
1746342343
3301725561
7242401240
0141371751
4170636150
2600120273
7025624547
6427324310
3247106056
1551020240
7302732652
3040254747
2400412204
5453154130
3720115051
6015010675
2251444433
3711607570
7150031023
3445023622
5130267732
7126720770
0454365172
4673712140
5643034203
3001335330
3261217463
3512334374
5604374026
0546510241
4265535176
2220173510
1530337611
2331627057
2060231370
5012122145
5327126604
7436015065
7717711750
5637703637
3121056606
0716501316
6352435114
2635365523
4405666725
4551246302
6255271067
0512213661
6726707453
7624546220
0646045025
7022653703
7477645734
4302570136
5311161175
4122740064
4742237125
0064427301
6354272273
6643526760
2521113071
7010055654
5545624456
7563510715
2310723174
6531652744
1662541054
1257457525
2476250057
2214730000
7767425071
5704033224
7454561454
6672757522
4547434065
7705514636
1326043531
1125773145
7133004476
0162354515
3355346745
0104063465
6522611321
0213646655
3041742173
4662375706
0102507753
6614644045
7611557164
1077270724
7363605015
0171637337
6170455475
4007116216
4550313576
1227431653
1006651372
1603052365
7376452412
0617143413
5203575373
4116125342
5751460707
6735256501
4264600132
1656621241
5466206223
5206340602
2666303405
4144571634
4063705202
2634415352
7405144151
6160162007
2526425635
1343433027
2433071106
6215414012
5451505052
1240647261
4232026754
4237353343
2266174367
5537170150
2157255546
4667012551
5052415202
0125352254
3472211135
2341373640
6505263257
6373017244
1413574162
3464426614
0757600422
1631276412
2347231434
3577532101
5621741366
6630300641
0667651660
6561770513
1413355537
2675042713
7400177215
1145467100
6262716477
2605637262
0361764220
0530655404
6743755636
2553755753
1446602656
7770076167
4333203510
7152302461
4723416124
6202224761
3506666033
2303542726
4440773347
2106714117
3113742701
3377014320
3236641410
2314406717
1022500337
1141210674
3424400566
6340547305
2122076360
1052565560
1264761475
5425330043
5612414533
1306326450
0003240614
4164224655
6477671205
0450306633
6027543452
6117307127
1334114703
3036676074
3655234600
7546165514
2441115420
5317677313
1115736261
4501004047
5210522733
0437747276
7161453720
6734331260
6641472556
7171141642
0114215206
4245150300
7753320355
0741313564
7554047577
7346616671
4654677016
0071163655
4316130256
6323121372
5570707345
7605473346
3302450403
1432236545
7211763301
5054536551
5153613314
1772065643
5766317030
6200102620
7272106206
6573326433
0042122017
7030463143
4727662267
0720214746
0405421547
2144610533
3030732436
4555707641
5547202475
2072674621
0245205123
5320245447
5056051767
3766527524
3176133546
3274513555
1760724135
5432062660
3760660256
0015430450
6436534613
5213227026
0355520666
0623136534
1370523006
6052163334
7016272500
2412035411
2512167446
4076404761
7031324232
2172501217
1207514444
0273464070
4223367607
5363157441
5560443562
2277350571
7503237550
6067033776
2732053205
5445556333
0757544177
2463630472
0074046340
1044727716
5672623577
2767566742
2027367065
1416057164
6107072032
4415243030
7347050062
0167162313
0231400235
5071377116
0424477742
3565051132
4325351473
3524204124
5103761504
4774560421
3475101774
3226065212
7663262231
3514752627
3640371402
2704145107
