5702741233
2717760215
2752572440
0563253326
0206067644
4770021505
1075012407
4330771041
1524645720
6411566026
3463766111
3733177662
5135447326
5624050111
2522504672
4375627363
0040007512
1754203013
2564121156
1435572552
0010474257
6536143166
4721532775
5274162466
6306244375
1370064352
4355002364
7064332327
7607346207
7676634754
2771454014
0251222121
0256733702
3135531217
6401011163
7575775430
7367467636
4533161435
1462110767
6007660101
2444157031
1104342643
3606525561
7242471244
4041321751
3622661052
0170617150
7620720273
7025132546
6427324310
3247106056
1551020260
7302732672
3060254747
2400432104
5453154270
4723115051
6735010675
6351424533
3211607570
7150031023
3445043422
5110267732
6176726770
0474365177
3633312140
5243034503
5001635330
3261615423
3112334374
4004374026
0541515341
1265535116
1220131510
0530337611
2332627057
7746653677
2060261371
5656752046
1357121604
7647205065
7717711750
5637703637
3121056656
0716301316
6252405114
2635365523
4205766725
4550146303
6055657637
6212253663
6724707453
3324516220
6146045057
7022643705
3207335731
4202552137
5315163075
4120740364
4742230110
3064447401
2354273273
6643276760
2521213504
5010055654
5545620236
7075510125
7310103524
6531652744
1663541054
5227477525
2676250657
2364720000
7266422071
5751334224
7054561454
6672757522
2547434765
6715574103
1326043531
5126572173
7133004476
0152654515
3355340745
1101063415
1023711321
2213646645
3041622373
4652375772
0102500753
6614454445
7511557164
4277205704
7573601310
0121237317
3170445475
4407113212
3500613076
1027431653
1401456372
3106152725
4576412502
0514323061
0617143453
5203570371
1116125342
1651460707
0735256501
7264640132
2656631241
5466206227
6720350702
2666303105
4144575634
6063705202
3634415352
7400144151
6160462007
2426425635
1343435027
2613071136
6215312012
5651705052
1640647261
1232026754
4237353546
2266675367
5532370157
7450275546
2667012551
5050416466
1127352254
5452211335
2341363640
6505263257
6323013244
5416464162
4664426614
0757600422
2631674412
3346231434
4177535007
2665744046
0446100600
4667651660
6561770513
1313355537
2770043710
1500576215
1145451100
6262136477
2265137262
0362464223
0132715404
0103216042
6746734626
3553755753
1464602306
7770076167
5131102541
7156340461
4722446122
6562224751
1506666033
2303542726
4440773357
2176714117
3113010701
3777017326
5236441400
2314406732
1220500337
1141270076
3324400566
7341227205
2142076305
1072565560
1244751375
2437230043
5463620432
5614111522
1306306450
7033240614
4165204655
1704637174
6477671255
3257376633
7027246462
4117207123
7334114703
3035676074
3655234600
7546165514
2041140224
5517673314
1115736231
4501004047
5210722763
0437747276
7161473720
6134331560
6622472606
7571741642
0470151424
7411415266
2505150310
0653420355
0445314564
4554047577
2345516171
4655177017
3071162655
4316130256
6373105172
5070507345
7705373342
3072450203
1662336545
7211764401
5454636551
5153513613
7762025643
5766317030
6500401620
7472726006
6573326423
0342142417
7030463143
4737664267
0720212436
0407421547
2144620466
6320665613
3030732535
5525707101
5547202472
1072674621
0341655163
5324245447
5026021767
2066527524
3721123147
3274523555
1767724135
5432062620
0455060016
0015530470
4446544243
3713226274
0354536665
0623106534
1336523416
6042163332
4016272500
2412035461
1512167746
4773403761
4036324072
0473342301
1207714444
0127464030
4243317677
7363156441
5560443552
2777540573
7403237410
0337175120
6067033776
2730353255
5631556303
4230544621
6670530036
0074056340
2044725716
5652223174
3767566742
2023367065
3142703260
1456057155
6705072034
4411243030
7347053062
7657452313
0231100235
5371347111
0424677740
0565011732
4325051473
3524204124
5103764564
4620567327
5475501776
3736075212
6673262231
1515722627
3640371403
2701105406
0223561206
7702417511
6417527631
3512502065
0265242240
