5105741233
3617760645
3752572440
0563253326
4606467674
4014021503
1075012407
0630771041
1514645720
6011556021
3453763111
3733177663
5130440326
5624052111
2522504272
4472527363
2740066512
1704203012
1435572552
3713473257
6536146166
4721532775
5274132466
0336243374
6370764352
2355702364
7264332327
7607346207
4420654735
2771554014
0251222122
0256733702
3135525217
6401611163
7575775430
7365477036
4533141425
1652110727
6307660101
2444157331
1704342343
3301725561
7242401240
0141371751
3622661652
4170636150
7600120273
7025134546
6427324310
3247106056
1551020260
7302732672
3040254747
2400412204
5453154230
3720115051
6035010675
2351444433
3711607570
7150031023
3445023622
5130267732
2176720770
0474365177
4633712140
5643034503
3001635330
3261217463
3512334374
5204374026
0546510241
4265535176
1220171510
1530337611
2337627057
7746653476
2060261370
5051722146
5327126604
7430215065
7717711750
5637703637
3121056606
0716501316
6552435114
2635365523
4405666725
4551246302
6255657637
2012253661
6726707453
7324516220
0646045025
7022623703
3277345731
4202552136
5311161175
4122740064
4742230110
0064427401
6354272273
6643576760
2521113551
5010055654
5545624456
7563510715
4310703524
6531652744
1662541054
1257457525
2476250057
2214730000
7767425071
5704033224
7454561454
6672757522
4547434065
7765514636
1326043531
5125773145
7133004476
0162654515
3355346745
1104063465
6225011321
2213646645
3043042173
4662375706
0102507753
6614344445
7611557164
1277270724
7363605015
0123637317
6170455475
4007116216
4550313076
1527431653
1401456372
6606152365
4376412512
0514363661
0617143413
5203575371
4116125342
5751460707
6735256501
3264600132
1656621241
5466206223
5006350602
2266303105
4144571634
4063705202
2634415352
7405144151
6160162007
2426425634
1343433027
2653071106
6215414012
5351505052
1240647261
4232026754
4237353546
2266174367
5532370157
2157255546
4667012551
5052416452
0125352254
3472211135
2341373640
6505263257
6373017244
1416674162
3564426614
0757600422
1631276412
2347231434
3577532001
5621741366
6660000641
0667651660
6561770513
1713355536
2675043713
7500177215
1145467100
6262716477
2665637262
0361764220
0530755404
6746735626
3553755753
1460602306
7770076167
4333105530
7156302461
4726416124
6202224761
3506666033
2303542726
4440773357
2106714117
3113042701
3377014320
3236641410
2314406737
1023500337
1141270674
3424400566
6341547305
2122076300
1052565560
1244761375
5425330043
4463020434
5613211527
1306306450
0033240614
4164224655
6477671205
0454306633
6027543452
6117307123
1334114703
3033676074
3655234600
7546165514
2441140227
5317675322
1115736261
4501004047
5210522743
0437747276
7161453720
6734331260
6641472556
7171141642
0111615206
4575450370
7753320355
0745313564
7554047577
2345526171
4654177016
0071162655
4316130256
6773141172
5670707345
7705473341
3002450203
1332236545
7211764301
5454636551
5153613614
1772065643
5766317030
6200402620
7472306206
6573326433
0342122017
7030463143
4727662267
0720212736
0400421547
2144610533
3030732535
4555707401
5547202475
2072674621
0245205113
4320245447
5056021767
3066527524
3176133147
3274513555
1767724135
5432062630
3250060516
0015430460
6436554663
1713227026
0356521665
0623136534
1370523006
6052163334
7016272500
2412035411
2512167446
4076404761
7031324232
2471501017
1207514444
0273464070
4223317677
5360151441
5560443562
2277340573
7403237450
0037577120
6067033776
2732353255
5645556333
0750544577
1462630042
0074046340
1044725716
5672623074
2767566742
2026367065
1416057127
6107072032
4411243030
7347050062
7127252313
0231400235
5071347116
0424477742
0565011132
4325351473
3524204124
5103761504
4744560421
3475101774
3226065212
7673262231
2515722627
3640371402
2704125107
