5105741233
3617710315
3752572440
0563253326
4606467674
4714021503
1075012407
0330771041
1514645720
6011556021
3413763111
3733177663
5130440326
5624052111
2522504272
4472627363
2740066512
1704203012
2154121150
1435572552
3713473257
6536146166
4721532775
5274132466
0336243374
6370064352
2355702364
7264332327
7607346207
7620634730
2771454014
0251222125
0256733702
3135525217
6401611163
7575775430
7347477036
4533141425
1462110767
6307660101
2444157631
1704342343
3301725561
7242461244
0141371751
3622661652
4170616150
7600120273
7025134546
6427324310
3247106056
1551020260
7302732672
3040254747
2400412204
5453154270
3720115071
6035010675
6351444433
3211607570
7150031023
3445023622
5130267732
6176720770
0474365177
4633712140
5243034503
4001635330
3261217463
3512334374
5204374026
0546510241
1265535116
1220171510
1530337611
2337627057
7746653476
2060261370
5051752646
5327126604
7430215065
7717711750
5637703637
3121056606
0716501316
6052405114
2635365523
4405666725
4550146302
6255657637
2212253663
6726707453
7324516220
0646045055
7022623705
3277345731
4202552136
5315161575
4122740064
4742230110
0064467401
6354273273
6643576760
2521313501
5010055654
5545624456
7573510615
4310703524
6531652744
1662541054
1257457525
2476250057
2264730000
7263422071
5704033224
7454561454
6672757522
2547434765
5775514633
1326043531
5125773145
7133004476
0152654515
3355341745
1104063465
6026711321
2213646645
3043042173
4762375736
0102507753
6614344445
7611557164
1277270724
7363605015
0123637317
6170455475
4007116216
4550313076
1527431653
1401456372
7606152765
4376412512
0514363661
0617143413
5203575371
4116125342
5751460707
6735256501
3264600132
1656621241
5466206223
5700350602
2266303105
4144571634
4063705202
3634415352
7405144151
6160162007
2426425634
1343433027
2653071136
6215412012
5351505052
1240647261
4232026754
4237353546
2266674367
5532370157
2157255546
4667012551
5052416452
0125352254
3452211335
2341373640
6505263257
6373017244
1416474162
3664426614
0757600422
1631276412
2347231434
4577535001
5621741366
7636100601
0667651660
6561770513
1713355537
2675043713
5500577215
1145467100
6262716477
2665637262
0361764220
0530755404
0103216742
6746735626
3553755753
1460602306
7770076167
6131102531
7156302461
4726426122
6202224701
3506666033
2303542726
0440773357
2106714117
3113040701
3377014326
5236641400
2314406737
1020500337
1141270674
3424400566
6341547305
2122076300
1052565560
1244761375
2425330043
4463020434
5614211127
1306306450
4033240614
4164224655
0764677774
6477671205
0454376633
6027543452
4117307123
1334114703
3035676074
3655234600
7546165514
2441140227
5317675314
1115736261
4501004047
5210522743
0437747276
7161453720
6734331260
6642472506
7171541642
0111615216
4505450310
7753320355
0745314564
7554047577
2345526171
4656177017
0071162655
4316130256
6773141172
5670107345
7705473341
3002450203
1362236545
7211764301
5454636551
5153713614
1762025643
5766317030
6200402620
7472706206
6573326433
0342122017
7030463143
4727662267
0720211736
0400421547
2144610433
3030732535
5555707101
5547202475
2072674621
4245205113
4320245447
5026021767
3066527524
3171133147
3274553555
1767724135
5432062620
0655560046
0015430460
4436544243
1713227026
0354531665
0623136534
1370523006
6052163332
7016272500
2412035411
2512167446
4076404761
7031324232
2473501317
1207514444
0273464070
4223317677
5363151441
5560443562
2377340573
7403237450
0037175120
6067033776
2732353255
5645556333
0750544577
1465630042
0074046340
1044725716
5672223074
3767566742
2023367065
1416057127
6107072032
4411243030
7347050062
7757252313
0231400235
5071347116
0424477742
0565011132
4325351473
3524204124
5103661564
4634560421
3475101774
3226065212
7673262231
2515722627
3640371402
2701105106
