5705741237
2617760215
3752572440
0563253326
4606467644
4714021503
1075012407
0330771041
1514645720
6011556026
3413763111
3733177663
5130440326
5624052111
2522504272
4475627363
2740006512
1704203012
2554121150
1435572552
3113473257
6536146166
4721532775
5274132466
0336243374
1370064352
2355702364
7264332327
7607346207
7626634754
2771454014
0251222421
0256733702
3135525217
6401611163
7575775430
7367467636
4533161425
1462110767
6307660101
2444157031
1104342343
3301725561
7242461244
4141371751
3622661652
4170616150
7600120273
7025134546
6427324310
3247106056
1551020260
7302732672
3040254747
2400412204
5453154270
3723115071
6035010675
6351444433
3211607570
7150031023
3445043222
5130267732
6176720770
0474365177
4633712140
5243034503
4001635330
3261217463
3512334374
5204374026
0546510241
1265535116
1220171510
1530337611
2337627057
7746653476
2060261370
5056752046
5327126604
7430215065
7717711750
5637703637
3121056606
0716301316
6052405114
2635365523
4405366725
4550146302
6255657637
2212253663
6726707453
7324516220
0646045055
7022623705
3277345731
4202552136
5315163075
4122740064
4742230110
0064447401
2354273273
6643576760
2521213501
5010055654
5545624256
7573510325
4310703524
6531652740
1662541054
6257427525
2676250657
2164730000
7266422071
5751333224
7454561454
6672757522
2547434765
6715574133
1326043531
5125773145
7133004476
0152654515
3355341745
1104063465
6026711321
2213646645
3043042173
4662375776
0102507753
6614354445
7611557164
1277270724
7363601015
0121237317
3170445475
4007111212
3550313076
1527431653
1401456372
7106152765
4376412512
0514323661
0617143453
5203575371
4116125342
5751460707
6735256501
3264600132
1656621241
5466206223
6730350602
2266303105
4144572634
4063705202
3634415352
7405144151
6160162007
2426425635
1343433027
2653071136
6215412012
5351505052
1240647261
4232026754
4237353546
2266674367
5532370157
2177255546
4667012551
5050416462
0125352254
3452211335
2341363640
6505263257
6373017244
1416474162
3664426614
0757600422
1631276412
2346231434
4577535001
6661744366
7646100606
0667651660
6561770513
1713355537
2675043710
0500577215
1145457100
6262716477
2665137262
0361764223
0530755404
0103216742
6746735626
3553755753
1460602306
7770076167
6131102531
7156300461
4722446122
6302224701
3506666033
2303542726
3440773357
2106714117
3113040701
3777014326
5236641400
2314406737
1020500337
1141270674
3424400566
6341547305
2122076300
1052565560
1244761375
2427330043
5463020434
5614211127
1306306450
4033240614
4164204655
1704617174
6477671205
0457376633
6027542452
4117307123
1334114703
3035676074
3655234600
7546165514
2041140227
5317675314
1115736231
4501004047
5210522743
0437747276
7161453720
6734331260
6642472506
7171541642
0470151124
7111615216
4505450310
7753320355
0445314564
7554047577
2345526171
4656177017
0071162655
4316130256
6773142172
5670107345
7705473341
3002450203
1362236545
7211764301
5454636551
5153513614
1762025643
5766317030
6200401620
7472726006
6573326433
0342122017
7030463143
4727662267
0720211736
0407421547
2144610433
6320665613
3030732635
5555707101
5547202475
2072674621
0243205113
4320245447
5026021767
3066527524
3171133147
6274553555
1767724135
5432062620
0255060076
0015430460
4436544243
3713227226
0354537665
0623136534
1370523406
6052163332
7016272500
2412035411
2512167446
4071403761
7031324032
2473501317
1207514444
0073464030
4223317677
5363156441
5560443562
2777340573
7403237450
0037175120
6067033776
2732353255
5645556333
0250544577
1460630042
0074056340
1044725716
5672223074
3767566742
2023367065
1416057127
6707072034
4411243030
7347050062
7757252313
0231400235
5071347116
0424677742
0565011132
4325351473
3524204124
5103661564
4630560421
5475501774
3226075212
7673262231
2515722627
3640371402
2701105506
