0000000000
3310032000
1124343000
2656155000
4535316000
7654324100
2301715100
6740666100
5323100200
1205660200
2024104200
6301214200
7722516200
4512356200
6766527200
1063312300
5521523300
2447457300
0317757300
5516430400
4421161400
5715772400
0105547400
1144731500
5130525500
5253616500
7411262600
4261275600
2262326600
3577201700
6672672700
4455473700
1671470010
5562731010
7364377010
6533150110
1232125110
2645554210
1051636210
7704110310
7120261310
3175604310
2452405310
5475726410
0251046410
6303641510
4740751510
2041362510
3125372510
3416166510
3027524610
4364465610
6474246610
0036612710
1253403710
0372615710
4176276710
5317017710
3215510020
3207015020
7732275020
0666756020
2473137020
6541120120
5674541120
1265452120
5463220220
4375050220
1146063220
0661737220
7550347220
4703651320
7244703320
3060173320
5104205320
6047045320
6244254420
0614605420
3121435420
4167630520
6605411520
0752704520
7527026520
2706642620
2547755620
1131077620
2331561720
3524762720
4247334720
3043706720
6735352030
4017774030
7105145030
5167445030
0677300130
6054151130
7322543130
0445115130
5075237130
6356336230
3534677230
1736760330
3271021330
0230702330
2636027330
6163002430
2152712430
0777353430
7145653430
6752074430
1300106430
6330576430
2503223530
0433474530
4216301630
7627613630
2741437630
7003554730
6610065730
4050340040
0511641040
5423662040
2327254040
4056625040
5401777040
7770741140
3663733140
6526275140
4141136140
0024420240
1102311240
7412576240
0503372340
3434544340
2770620440
3231050440
6647550440
1025073440
0106427440
5342303540
1710413540
4071217540
3252547540
4723720640
1437002640
6600164640
6362470740
0765131740
5116261740
6155766740
3247162050
5774406050
2062060150
5757371150
0012633150
5236744150
4222100250
3453061250
4411743250
1707424250
5206455250
4172422350
7274133350
1420535350
1333241450
0215273450
0160364450
2637346450
7356452550
4530416550
3462017550
7045200650
0343071650
2554613650
6613715650
3015340750
3151674750
4624256750
1565627750
6335703060
2713202160
5406333160
1371345160
2237576160
1414751260
4542502260
3715545260
0023466260
2316310360
5220614360
4602426360
3350656360
5653767360
2402231460
3566514460
7577165460
2114070560
4157111560
2074732560
5642044560
7641507560
0120210660
5006701660
7664051660
1432157660
0744522760
4200043760
7131025760
6427531070
2515062070
6741376070
1273567070
2440424170
1071744170
0253264170
7132007170
4304537170
7266770270
5630232270
5034463270
1647241370
6116443370
2561056370
3352220470
4010171470
6554207470
3723317470
0367125570
0225335570
6611137570
5171152670
6550543670
1065204670
3733176670
5643140770
4676014770
3500655770
1016571001
6402022001
6114614001
5627766001
7346003101
5162623101
0064416101
6235117101
2573660201
4123431201
0212247201
3751757201
2231101301
4234652301
2100333301
5705064301
6636331401
1742244401
1753255401
4540250501
4777105501
0260436501
1367572601
3015015601
7650406601
5473111701
7407442701
6745230011
1676042011
2200607011
5240571111
6565342111
2471523111
1111114111
3303426111
1434036111
7420553211
2734355211
0147376211
2277012311
3542273311
5536646311
7551271411
4662122411
4033004411
1707467411
6246611511
2166464511
7023245511
0457650611
4717033611
5340774611
3254530711
0033721711
2301031711
2004773711
6616545711
7070317711
5251353021
2032044021
6363305021
6254476021
4457201121
2615653121
7622337121
6525631221
6700772221
5541605221
1155720321
7463322321
2510517321
3203110421
6070764421
6461647421
5200030521
2012422521
7170162521
3137553521
1316237521
0731423621
7713344621
4474374621
0271065621
6142607621
7635154721
4762315721
1450451031
0544504031
3546557031
6207725131
7764756131
4043347131
2132250231
0632560231
4653012231
3520144231
6361165231
1671354331
2446216331
7171570431
7524222431
3474335431
0066536431
0354661531
5606171531
3072034531
5217230631
1776402631
3720412631
7031113631
0465743631
5325050731
4142223731
6310323731
1213675731
2562206731
0372142041
3441075041
4101666041
3113477041
4355774141
1406565141
3575316141
4221352241
4266513241
6416053241
7635417241
5053143341
3354715341
6027607341
7166237341
2767001441
0205501441
2714261441
1531733441
6230440541
0345722541
0425306541
2643522641
5332216641
5077720741
5050002741
4505004741
5062354741
7244137741
4721730051
1026311051
3073563051
7365634051
6604247051
0226020151
1520440151
2322165151
1060652251
7160705251
7737126251
4415467251
5363500351
0417630351
3147341351
3376643451
2440763451
7516325451
4166766451
0330577451
1604300551
6735223551
1672723551
0640676551
6502561651
7751544651
2611574651
5124047651
0513152751
2657434751
7212751061
1625661061
2777615061
1346727061
5345440161
3130362161
0121043161
1560077161
3042610261
5536173261
1264204261
7075431361
4317263361
0006224361
0154055361
6322473461
0650275461
2145176461
3557027461
3661340561
5453532561
3723724561
0511716561
7424627561
5614535661
2507126661
4706157661
1421103761
2172243761
0660273761
3416725761
6773056761
7677120071
4136101071
3660021071
4533445071
5414700171
1756631171
5576257171
1305141271
0376302271
5121274271
3265525271
4431070371
0724472371
4505735371
7252366371
7603063471
1047455471
5672407471
4626510571
3731602571
7517314571
3300574571
1422776571
1020610671
6074130671
3055262671
0444076671
2223737671
6141512771
4320546771
2317341002
1457307002
2331132102
6003405102
7501617102
2733770202
7626671202
0042775202
5422140302
6654562302
3602734302
7542554302
6312156302
4764260402
7500112402
2475552402
4241424402
4106015402
7023510502
7171346502
6070337502
2726021602
5500051602
0312023602
3640247602
2153667602
5255231702
0164653702
3264063702
1730714702
3036476702
1434222012
4034532012
0117123012
0763066012
0202676012
0173232112
6554055112
3650716112
3347000212
5425113212
7061034212
1557215212
2026407212
6271732312
4632303312
1015765312
4700727312
5141360412
1675321412
2662114412
6001556412
0335210512
2153501512
3400441512
1227132512
7615250612
7510672612
0721205612
2161417612
7724454712
0453337712
4577547712
7416410022
4344111022
1120556022
2624440122
6420723122
7713435122
5740027122
2222221222
7436645222
5661371322
5176002322
3351662322
3225257322
4505103422
1714023422
1260745422
0323566422
2072666422
0746541522
5137712522
4633164522
3257461622
5467504622
7755016622
0037337622
6011200722
1004674722
4570261032
3522305032
1242635032
7436767032
1362601132
2542371132
6633274132
5515566132
4203751232
1227313232
1656443232
6267156232
5074727232
5111461332
2005523332
2300044332
3467664332
6156240432
0410011432
7343276432
6374510532
4264520532
5711650532
0020005532
6544142632
3153354632
3170130732
5327422732
4641755732
0255106732
3616702042
0066243042
7334553042
3536324042
0001534042
3044201142
1151273142
6442727142
0547460242
3007251242
3465272242
2735633242
0137574342
4460436342
1512040442
7020562442
5223343442
3505304442
5654136442
1345464542
7471055542
7360375542
6504606542
7276074642
6752035642
5305645642
7703227642
2663212742
4736352742
1326326742
5050310052
7274441052
3264142052
5551124052
6231665052
7662577052
0601052152
7467243152
2765114152
3016355152
5613624252
1704366252
5322037252
0665030352
4243613352
1776177352
0732452452
4355525452
5041716452
3523770552
2516234552
2434630652
6165471652
3346403652
2030053652
1471426652
1142567652
7532771752
5474505752
5737036752
1603030062
6130073062
0755445062
5143257062
1256550162
4472064162
6214317162
6300522262
6525364262
3671116262
7740300362
6737441362
2564325362
0324734462
4757706462
1031147462
4526633562
0612263562
2657426562
3105727562
1177651662
0573403662
3437623662
5223175662
6067070762
4315272762
7052163762
2446104762
2112115762
3772450072
2754773072
0655617072
4270160172
4125644172
3677225172
5136511272
3513533272
2110406272
4211557272
0550721372
1333053372
5521035372
4014076372
7134626472
6366767472
6063122572
4402372572
6665754572
2245007572
3441531672
6377673672
0202414672
2407760772
0643601772
7761362772
1413746772
0233753003
3640173003
2206265003
4663541103
3541764103
5061476103
1217427103
3150500203
5314662203
7702453203
4555330303
0452513303
0774646303
5167327303
2644010403
3032121403
5360113403
7430735403
7373100503
1721042503
3276747503
0464277503
4635600603
6177224603
0403734603
3224076603
7326260703
1546606703
5437271013
1350762013
5216043013
2523416013
7371657013
1076700113
3224631113
7245033113
0710346113
3315637113
5772001213
0430214213
4144746213
0236127213
3570560313
3167052313
4401207313
1621627313
1106772413
4473363413
7234505413
4714555413
2312530513
5054664513
5543025513
2637706513
0526142613
7463105613
6403317613
5052477613
6767663713
3205374713
3707320023
0623322023
7152052023
4765777023
1636613123
2500034123
5001540223
3652132223
2731166223
0575250323
6472460323
0302756323
7044567323
6343452423
2563573423
2426304423
3511246423
4314443523
5065765523
5316421623
1775213623
0057135623
4263057623
1447170723
7445041723
7260502723
0270625723
6752110033
6131001033
4347602033
1010226033
2033620133
7474172133
4702255133
5137717133
0567411233
4071144233
5241003333
7110243333
6526753333
3333335333
3645261433
3065405433
1276456433
4725676433
5502367433
7135311533
6715732533
4222467533
5605422633
1664734633
1231316633
2127375733
7613116733
4451526733
0600347733
1464350043
0246431043
2520137043
2105450143
3327511143
4670143143
2253364143
5215122243
1173534243
2452746243
6260211343
1523163343
7562624343
5751415343
6146145343
0650440443
7017440443
4573701443
6304072443
4676311543
2632651543
6551105543
3777476543
0154163643
7144415643
3040356643
0616060743
1630471743
4033233743
2756557743
3404423053
6324121153
7531402153
2466576153
6641757153
0574750253
1510471253
6641335253
2340772353
5640514353
1455044353
0675516353
2171227353
0077061453
5620203453
6212504453
0743107453
7576010553
4000114553
6223644553
1117505553
5430660653
4056732653
5354134653
3770005653
2552345653
6361333753
7056763753
3301107753
1607513063
4172373063
6634434063
5415006063
4264106063
7166146063
0122700163
3027152163
6055652163
5677635163
6126530263
2572422263
2353023263
7013373263
2116617263
1750601363
2623151363
3722361363
5410352463
3744574463
3435433563
1501565563
6357247563
7347720663
4231512663
3763642663
7120764663
4604116663
5534240763
0311454763
7476355763
5722236763
7373204073
5035547073
5653070173
6335266173
0416677173
4747262273
2756443273
3446654273
7224015273
4037325273
1362075273
2065631373
5757154373
7103665373
5207632473
0421215473
7251251573
7736523573
4142244573
6150036573
6201740673
1525501673
6537312673
2611173673
2074341773
1112332773
3564432773
4022713773
0175024773
0405216773
4352533004
2323443004
2044026004
1701407004
7747217004
3425230104
3172411104
6043464104
0356165104
7133142204
0345323204
5416344204
4070046204
6451771304
1665205304
1226116304
7262060404
4016654404
0270554504
7240226504
6103350604
0734271604
5704752604
7676333604
3337624604
4604421704
2027532704
2541443704
3443365704
5511577704
2546734014
4211305014
3074155014
7002740114
3534662114
7646472114
2310254114
5660107114
4506024214
5235456214
3112267214
4327341314
0647134314
2435645314
1413673414
7563444414
6712736414
0525757414
0560740514
6122655514
4256223614
7155533614
4301763614
5776365614
1173546614
2422076614
6335502714
3532013714
1514164714
3730101024
2173751024
1442761024
0121013024
6006437024
4020572124
7373123124
3454147124
6617352224
7257664224
7621725224
4736406224
2272057224
2764632324
3743026324
5222101424
5350051424
1044213424
2207523424
6533515424
0307475424
7064501524
0401153524
2600236524
1231336524
7215147524
3672740624
4165622624
0556370724
5771734724
6122244724
2655361034
2116662034
5224075034
1166322134
6106473134
5723607134
3436517134
6403400234
7477531234
2451255234
1140077234
0053240334
4615170334
0071612334
1202542334
7614646334
3317702434
4331134434
2331547434
1555102534
5034313534
7146704534
4371276534
1507437534
2564541634
0022054634
4572225634
6245577634
3706630734
6527251734
7460656734
1373200044
5642523044
6675043044
7554276044
6267401144
0011527144
2751067144
6607202244
0703515244
2376736244
5537161344
6540662344
5114334344
4470507344
4444442444
1346054444
3002615444
5361566444
2032772544
3210763544
1633657544
3566110644
4147060644
5625445644
1221171744
6450224744
0727746744
0174407744
2136520054
7325464054
1140645054
6152727054
0631602154
1745553154
1543214154
3114526154
4273336154
6360610254
2524363354
0666463354
7401374354
7517005354
0751032454
6175106454
1254717454
5452160554
4051460554
3761231554
6426012554
5007276554
7015501654
7400121654
3601004654
2063157654
4712611754
5103761754
1352035754
7075155754
6067726754
3332377754
5570422064
1252124064
0430566064
6215410164
3711270164
7536041164
4634775164
1722320264
7243032264
5157743264
3005377264
6734013364
4467714364
3551456364
4033237364
5041621464
0165331464
6276262464
0213325464
2600356464
2763474564
0362107564
0347040664
6010135664
2354606664
2243450764
7305212764
3626507764
7324650074
7053722074
6701344074
3267677074
2200311174
1417552174
0542136174
2057510274
6644123274
1361410374
5612211374
3146572374
7730030474
4162253474
2715725474
5150307474
4625562574
1470603574
5575674574
2774245574
0313042674
6464633674
1027464674
1345317674
6653421774
0237203774
5466035774
1157640005
4703571005
6562212005
3760434005
2411225005
1501507005
5431351105
2457302105
0622314105
7036274105
0341761205
1476425205
5374223305
4254144305
3707536305
1011367305
0005362405
5073444405
3610620505
2702703505
4257073505
1514115505
2365646505
4446540605
6220302605
7161107605
1334570705
3637052705
6354745705
6125167705
0755420015
7440513015
6507053015
4161670115
2173045115
6272757115
1512200215
1323752215
3127603215
5303135215
6567635215
7377174315
0266347315
3420370415
6012511415
4466452415
3733562415
5604614415
6056306415
4071521515
6461704515
0674037515
3063470615
7642161615
1040323615
4405140715
2750122715
4045136715
5330170025
4640404025
1560260125
3365074125
4145325125
0353517125
0214130225
3056731225
7543351225
6075575225
6673177225
1023001325
0414331325
2077453325
4626235325
1577346325
7117771425
2371304425
0667226425
1025217425
6436373525
7534064525
3422653625
1004025625
4116566625
5751242725
2643273725
5246417725
5102527725
6473621035
4205032035
1763163035
5074565035
2147621135
5353331135
0204263135
7057565135
6621016135
3303750235
2211472235
6032643235
7715207235
5442052335
5132136335
4772717335
3614457435
5530762535
1657243535
3256215535
3413047535
7521330635
4600505635
0336555635
2133466635
5570776635
4044020735
4366141735
5735304735
6576414735
1165524735
3040112045
3665565045
7233016045
2334416045
5044670145
6117732145
4552454145
6746261245
3571322245
0530006245
0320657245
2255270345
7306061345
6711503345
0313104345
7745155345
1670531445
4222765445
7130256445
6752370545
4361021545
3126124545
2407147545
1415614645
1241246645
0514727645
7424703745
7607305745
1716054055
3452606055
4302156055
4610737055
7300631155
5777512155
4724003155
4337210255
2264542255
0152174255
3135015255
7442325255
6325247255
4137100355
6760255355
3545447355
6727140455
5637073455
2001675455
7453637455
7775660555
4103322555
5555553555
0123456555
3235751655
7372432655
5213742655
1656172655
2727714655
1132430755
0471264755
5210066755
2061750065
5026272065
0736664065
3347336065
0504441165
2746713165
3232105165
1405776165
6454061265
4165557265
4413120365
1154412365
5231234365
6223526365
4274600465
6636720465
1445002465
7261423465
3612045465
0017602565
6746475565
1072256565
0651311665
2535234665
2370067665
7110544765
4533667765
5557003075
2104554075
5312465075
7060215175
1606156175
5663306275
2630706275
6427427275
4607667275
7625742375
6343634375
0530465375
3000717375
2526500475
4551612475
0440142475
5140233475
3216443475
0143710575
5321401575
1237724575
4734327575
3104201675
5762641675
3372361675
0522071775
2375313775
2276655775
5513475775
7211636775
0075170006
5671633006
6134064006
0771530106
4766722106
3507173106
2460661206
5155412206
1333743206
4054235206
5524556206
2111740306
7716675306
3433206306
7323477306
2611402406
6753463406
0527644406
6575075406
4306350506
3325751506
3342532506
6610404506
1232463606
5247515606
1553126606
4512707606
6725701706
1052057706
5113351016
6044643016
5356574016
4326017016
4427410116
5344242116
0402562116
3745627116
3617301216
6273271216
4770334216
6266526216
6620020316
1544401316
7315521316
0060551316
2673435316
5152661416
2256143416
0673774416
2067237416
1166303516
5665453516
1762516516
6531177516
7204302616
3131735616
7650710716
0020435716
7521466716
4517522026
7030603026
1503744026
4405264026
5212013126
0155305126
0377271226
5447733226
3362444226
2607067226
0341230326
3636222326
4261145326
1164120426
7726151426
4232542426
3273202526
1441612526
5724567526
0076677526
0140252626
6325136626
1652376626
1370607626
5721600726
7563530726
4111463726
3164316726
2334707726
2676503036
7562626036
3226746036
0361227036
3737040136
7644360136
0105632236
5046162236
0315076236
3162773336
4750264336
4124117336
6701321436
1423524436
7250474436
5402245436
2020741536
6417365536
7142426536
5451020636
5230531636
4001471636
5563014636
0417327636
1075442736
2414033736
1377066736
5170310046
7757332046
1622462146
0463655146
1737675146
2013106146
7243646146
7351100246
2120071246
7574253246
6045714246
1764047246
2305362346
1210155346
2773526346
7031756346
6174615446
4646377446
7602230546
4204021546
0552521546
5547757546
2475560646
4313131646
0426434646
3153641746
6702102746
5700573746
3614214746
2535425746
2242350056
2125202056
1661015056
5505115056
0257707056
6153213156
1135036156
6370457156
4652641256
3477712256
4423625256
0406601356
5715372356
6032324356
1313660456
7404754456
3540036456
2447171556
2221514556
0634145556
1106270656
4567363656
6571446656
2357256656
7046022756
1003265756
2456576756
5237667756
3004460066
1724174066
4427055066
6443546066
6151537066
4615221166
5107104166
2221054166
4340415166
1250167166
4330671266
0770123266
1531354266
7605256266
6502670366
3556032366
7460043366
0245663366
3217711466
7472317466
1720233566
5336005566
7373715566
2055327566
1014543666
6666666666
7027047666
1067111766
0261772766
5373355766
2566672076
1462133076
0716216076
7741017076
0176761176
3021323176
6266504176
2110150276
0101043276
2072505376
5200726376
1235370476
2433411476
0354722476
7337553476
3455134476
6475210576
6013051576
3654575576
5344366576
6214620676
1743705676
4677456676
7456447676
4765400776
2342624776
3712164776
6430257776
5145732007
6410174007
7225525007
1175756007
2700565107
2514307107
2602277107
1617031207
7565763207
5272373207
7237400307
5020625307
6563037307
4446770407
2355471407
3754303407
6447616407
0113256407
3263127407
7332441507
0556462507
6047563507
7432634507
7073611607
6146374607
1361455607
0601120707
5116753707
4323004707
2766335707
4013412017
3631243017
4265224017
1722647017
4035061117
5601242117
3706453117
5366216117
6144420217
6757672217
0624573217
5026550317
3741143317
2213764317
6270413417
7112024417
7346645417
5435167417
5277320517
3657323517
1705075517
1545106517
2554711617
1330344617
7506536617
0231310717
1466251717
0342205717
4150157717
6313360027
7104231027
3515651027
6402641127
0130741127
6774524127
7201706127
4376626127
5057146127
1321777127
0435022227
0174363227
7100414227
3314275227
6555462327
0015404327
7656514327
5133676327
1042332427
3473072427
4130427427
4416750527
2572151527
2450315527
6256000627
5532450627
5423263627
6634717627
0506013727
3327613727
1615536727
4554040037
3461502037
5302714037
2077036037
4510603137
0350433137
3470644137
1556735137
2066370237
1711711237
1442232237
3726065237
4404316237
2340517237
0412421337
7773743337
6657107337
7355027337
2537652437
2623635437
7660052537
3101663537
4275475537
0021176537
2712570637
2275144637
2404357637
3245710737
5743525737
1134265737
6076060047
5764721047
5547654047
0234345047
0523167047
7433320147
1626404147
0747014147
5531535147
2667744247
5670465247
1307623347
4527274347
6642066347
4437113447
3736204447
5156627447
1043130547
5566202547
4115242547
0264772547
4453756547
6021451647
2162003647
3210637647
3375367647
2421610747
7005624747
3272556747
1064647747
5215603057
0577735057
4546267057
7772211157
3603552157
5444454157
7127357157
4716130257
2675701257
3250226257
1033507257
3622410357
4141551357
6024232357
1270272357
5564171457
7314312457
4707050557
4035544557
2244435557
6311026557
4362762657
0107616657
0227541757
6206133757
7750075757
2703446757
3024727757
2421342067
3053214067
7711161167
6513724167
6162535167
0476240267
6071203267
7337564267
2240245267
5201437267
3376571367
0732037367
5765010467
4000740467
0652650467
1127406467
1263361567
7207252567
3344153567
1625122667
4741674667
3417475667
4065346667
7455600767
6540301767
5404511767
4674662767
2060467767
7002102077
0046353077
7545473077
6620755077
2367330177
1574012177
3252642177
7725506177
0061604277
4153175277
6532746277
3124700377
2336112377
6405355377
0464166377
1501220477
1651564477
4147405477
4471037477
2127260577
0663433577
3006046577
5710147577
0760550677
4520221677
5646326677
3244461777
7777777777
