26564703
44644332
12752646
40507106
47221710
57657655
07070533
54400140
23045727
54053417
65734164
33016366
40573657
74031475
05253022
06706715
35067530
16613320
62447373
74142000
73723233
22676044
21430256
41317014
13541463
17335202
36520672
37642224
71667446
74505576
12166112
10021254
70147241
64226203
50326523
53472772
60363776
00254270
45416471
61701621
32625117
13600131
23237647
27451160
60111637
25302434
67001342
66262551
02346650
01636507
14177761
52535730
60521065
34351551
31275305
56240036
65671216
53761354
76374127
75215752
07512145
33104053
26727402
07124426
21143175
20132317
72203464
46155544
24710562
42360225
75450704
41032663
17765077
05323341
30715443
51405267
04465614
63570410
37433021
15444515
71556330
52014601
