05547233
67361261
36011303
63253356
26067434
10046565
73042017
04645760
41546026
33177060
44050110
12004371
54227206
13774656
20551747
66240675
60162252
65627177
56616750
71454064
51232031
35510471
52340556
57421572
36504132
00215134
76726763
40324315
37337716
55763614
27114527
23116771
24311035
06430216
11760277
55105367
47407455
16101016
46373477
73561140
64155441
53515215
26465523
62476330
41705520
22074713
74413254
50750443
45270701
43664533
70375576
54374121
77236462
25731157
32652235
31326724
60633040
27572374
27306143
40443601
01155653
11017342
35223543
40232270
22520661
15352622
05024056
02757501
67035607
02512166
17563073
34466607
65314400
62745002
06676341
17422745
71133105
03003722
34742451
42144244
74737325
13630404
17120430
21671412
64502514
70600626
02261627
