05547235
67361261
35011303
63253356
26067434
00046565
73442007
14645760
41546526
33177060
47050110
12004271
54626206
17076604
20551707
66240675
60160354
65627177
56616750
71454064
51072231
52347550
57421572
36504132
00225134
76722763
40324315
37437716
55763614
17714527
23116071
24311035
04330017
21730277
55105367
47407455
16101216
46373477
73561640
54154446
53515215
26475523
62476330
41705030
72174713
74413252
50710443
45270701
43664533
71375576
04474121
76236462
13731157
32655135
31326724
67633022
27532374
27306143
40243611
01157653
11217342
35223543
40232270
22520661
15352622
25024056
76755501
61035647
02712166
14563073
34267653
05414400
62745002
06676341
10462745
71133105
03003722
30742451
42141244
74757322
33630604
17120433
21671412
64502514
70600626
52261427
