60104100
70203200
10307300
50406400
30502500
20605600
40701700
17375010
77271110
67176210
07072310
47773410
27677510
45517412
57474710
25651020
45755120
55412220
35546320
75257420
70716425
05054620
65150720
32524030
52420130
42727230
22623330
62122430
02026530
12321630
72225730
41712040
21616140
31511240
51415340
11314440
71210540
61117640
01013740
56467050
36563150
26664250
46760350
06061450
66145550
76262650
16366750
64143060
04047160
14340260
74244370
34545460
54471567
44746660
24642720
73236070
13332170
03035270
63131370
23630470
73734570
53433670
33537770
01132001
61036101
11235301
51534401
31430501
21737601
41633701
16247011
76343111
66044211
06140311
46641411
26745515
36442611
56546711
24763021
44667121
54550221
34464321
74365421
14261521
04166621
64062721
33416031
53512131
43615231
23711331
63010431
03114531
13213631
73317731
40620041
20724141
30443241
50527341
10226441
70322541
60025641
00121741
57555051
37451151
27756251
47652351
07153451
67057551
77350651
17254751
65071061
05175161
15272261
75376361
35477461
55573561
45674661
25770761
72304071
12200171
02107271
62003371
22702571
42606571
52501671
32475771
02264002
62360102
72067202
12163302
52662402
32766502
22461602
42565702
15171012
75015112
65312212
05246312
37570610
25413512
35714612
55600712
27435022
47531122
57636222
37732322
77033422
17137522
07230622
67334722
30720032
50644132
40533232
60346432
00242532
10145642
70041732
43576040
23472142
33775242
53671342
13170442
46274542
63373642
03277742
54603002
34707152
24400252
44504352
04205452
64301552
74006652
14102752
66327062
06223162
16124262
76020362
36721462
56625562
46522662
26426762
71052072
11156172
01251272
61355372
21454472
41550572
51657672
31753772
03356003
63252133
73155203
13051303
53750403
33654503
23553601
43457703
14023013
74127113
64220213
04324313
44425413
24521513
34626613
54722713
26507023
46403123
56704223
36600323
76101423
16005523
06302623
66206723
31672033
51776103
41441233
21575333
61274433
01370533
11077633
71173733
42444043
22540143
32647243
52743343
12042443
72146543
62241643
55731053
35635153
25532203
45436353
05337453
65233553
75134653
15030753
67215063
07311163
17016263
77112363
37613463
57717563
47410663
27544763
70160073
10064173
00363273
60267373
20566473
40462573
50765673
30671773
04473004
74670204
14774304
54075404
34171504
24276604
44372704
13706014
73602114
63505214
03401314
43300404
23204514
33103614
53007714
21222024
41326124
51021224
31125324
71624424
11720524
01427624
61523724
36157034
56053134
46354234
26250334
66551434
06455534
16752634
76656734
45361044
25265144
35162244
55066344
15767444
75663544
65564644
05460744
52014054
32110154
22217254
42313354
02412454
62516554
72611654
12715754
60530064
00434164
10743264
70637364
30136464
50032564
40335664
20231764
77645074
17741174
07446274
67542374
27243474
47347574
57040674
37144774
05541005
65445105
75742205
55147405
35043505
25344605
45240705
12634015
72730115
62437215
02533315
42232415
22336515
32031605
52135715
20310025
40214125
50113225
30017325
15353520
10612525
00515625
60411725
37065035
57161135
47266235
27362335
67463435
07567535
17660635
77764735
44253045
24357145
34050245
54154345
14655445
74751545
64456645
04552745
53126055
33032155
23325255
43221355
03520455
63424555
73723655
13627755
61402065
01506165
11601265
71705365
31004465
51100565
41207665
21303765
76777075
16673175
06574275
66470375
26371475
56172675
36076775
06617006
66713106
76414206
16510306
56211406
36315506
26012606
46116706
11562016
71466116
61761216
01665316
41164416
21060516
31367616
51263716
23046026
43142126
53245226
33341326
73440426
13544526
03643626
63747726
34333036
54217136
44130236
24034336
64735436
04631536
14536636
74432736
47105046
27001146
37306246
57202346
17503446
77407546
67700646
07604746
50270056
30374156
20073256
40177356
00676456
60772556
70475656
10571756
62754066
02650166
12557266
72453366
32352466
52256566
42151666
22045766
75421076
15575176
05622276
65726376
25027476
45123576
55224676
35320776
07725007
67621107
77526207
17422307
57323407
37227507
27120607
47024707
10450017
70554117
60653217
00757317
40056417
20152517
30255617
50351717
22174027
42070127
52377227
32203327
72572427
12476527
02771627
62675737
35201037
55305137
45002237
25106337
65607437
05703537
15404637
75500737
46037047
26133147
36234247
56330347
16431447
76535547
66632637
06736747
51342057
31246157
21141257
41045357
01744457
61640557
71547657
11443757
63666067
03762167
13465267
73561367
33260467
53364567
43053667
23167767
74513077
14447177
04710277
64614377
24115477
44011577
54316677
34212777
