10651312
07406106
76670711
72451235
63300640
63665175
05540137
54061013
46514566
05604423
75106072
20652307
73302056
23421542
21013170
16365527
27530221
73044362
36741300
14617242
65611554
45435210
11403301
42260402
34050570
32555044
31631656
33173257
34414426
07164150
47472673
20276030
77716417
13036704
51477464
61356213
30566661
00440753
55374305
01575532
15024431
52626560
25163766
14271166
41254747
56112141
62434077
12147516
40131435
06002264
75267374
61762732
02311771
61120325
64245221
26346445
52772153
27155463
75532720
47643034
70733543
24704614
04533415
74125604
44726357
40323124
40007755
50725276
15710065
53215333
22017627
57501767
66527003
03757621
67070346
11542070
37222515
34337132
56253652
