04742434
67763275
51571440
67341127
53066654
16003532
70532465
14644725
71062377
23177645
74511112
25500472
41161753
13224277
32250735
51725626
72217422
45322144
06504756
73451014
65601252
35047376
72146547
27233554
12210146
02021365
60477137
70623760
21314310
52337771
30773712
26731237
63046416
34765041
73450350
66120602
51252362
16473451
06167170
40353677
20461006
64360463
37025457
21445261
37611530
42705560
65236060
36517264
57040067
44074101
13562513
00770524
54427576
47730211
22714155
53643103
35434623
61553025
62275704
75201671
31306105
44542600
55575515
32622716
02202213
76372236
11635604
41464632
24056220
77757003
03335442
46666325
17676073
05416707
15155466
46223033
17526331
27402744
04133336
04607317
43112021
60015343
06654541
50104214
10341052
