05542233
67360265
56071203
63253356
26067434
10041565
73042017
54645760
21566026
33177633
44050113
72204271
64227276
13774257
30551737
06244675
70164352
65627177
26634754
71454064
51222551
35410370
52340552
23414531
64732670
46544111
70215134
70723763
32324310
31337771
55763614
77134523
53116772
44335035
00430516
61710037
45105367
40407455
16107010
36353477
33661140
04120443
53525465
26155241
62473430
41705530
22211013
74313205
57014647
45270705
43662573
75376576
54475121
77236462
25741156
12657205
37426224
60603041
27572304
15031671
20306143
61443600
01615654
11517342
36263542
40232270
22520664
65356622
05076050
07757501
63035723
02512166
17573173
14466607
15354406
32725002
16626331
16402745
31133105
03003332
34012421
42041346
50737325
03140424
47311052
57152776
21671412
64506514
77600626
02261727
