04742634
64763575
55171440
07343122
56066654
22503562
70632475
14244725
77564362
23177645
74511174
25500423
41151753
13224277
34050435
51714046
42217232
45322144
03514056
12451014
61601252
35040576
72146547
27213554
11600146
02021365
65454137
75023710
21314410
52337771
30776712
26731337
63047416
32265141
73450350
66120602
56252302
16433401
06167170
40553647
20361206
14310667
37725457
21445364
37611530
46705560
65236060
36547264
51060767
44074301
13362513
00270324
54427576
47730211
12772157
53643163
32434623
11537525
62675704
73201621
31306005
41542600
57575115
01273273
76372236
26035127
44465032
24556220
77757403
03335342
45666426
17076073
05416705
15155666
26620013
60526631
67402746
35133351
04607317
23112021
60015343
00654561
50104234
10347052
