05542233
67360261
56071203
63253356
26067434
10046565
73042017
54645760
41566026
33177663
44050113
72004371
24227236
13774257
30551737
06244675
60162352
65627177
66634754
71454064
51222651
35410370
52340553
23411572
36544112
70215134
70723763
20324310
37337711
55763614
77134527
53116772
44331035
00430216
61760247
45105367
47407455
16107010
16353477
73661140
04120443
53515415
26155241
62476430
41705530
22214013
74513555
57054647
45270705
43662513
75375576
54475121
77236462
25741156
12657205
37326224
60603041
27572304
15731631
20306143
61443600
01615654
11517342
36233542
40232270
22520661
25352622
05076050
07757501
65035723
02512166
17563773
34466607
15314406
32725002
46676331
16422745
31133105
03003122
34712421
42041346
50737325
13140474
57121036
21671412
64506514
74600626
02261727
