30520551
44624312
12752116
50507306
71227244
57657155
01530117
44400140
43047727
41453401
66764360
33416166
42576054
74031455
65437022
26106715
35013007
12613323
22633771
73122000
03773535
07221704
13434256
04317510
32231112
13350602
16421253
34642224
01654743
37364041
10023144
35551211
60346203
54706625
50472772
54363776
20254620
15266432
51561522
22427637
63601431
23567173
36747447
40111233
21302434
06003262
21062566
02341350
24675507
14177761
34535730
70661065
47732507
31275375
56240036
45671646
53136344
76374121
65212157
66512645
35103653
40236460
07125426
71145111
46233013
72205543
66155574
27715052
42160225
75710774
24050363
17004077
05242371
61726670
55325267
00465614
67070410
77543662
15444535
77056337
52014401
