04772534
66763375
65171440
07341327
56066654
02603672
70632475
14244735
77564162
23177645
74511774
25500413
41151753
13424477
32050435
51714242
42217336
45322124
02534056
75751014
11700350
35040576
72146547
27223554
12001142
02021465
61255107
75023720
21314710
52337771
30776762
26731137
63047412
35265141
73450350
65120502
56252372
16413401
06167170
40553047
20461206
64310666
37725457
21445364
37611530
46005567
55236060
36547267
51060727
44074301
13362513
00270414
54427516
47730211
24772157
53643163
32434623
11537524
62675704
73201621
33306005
41542600
56575115
11222273
76373236
44465032
24656220
77757603
03335243
41666426
17076073
05416155
15155666
16620046
60526631
67402746
34133312
15607217
23112021
60015323
05654511
50104234
60347051
