43322366
07416106
76670711
72451235
64300640
63665175
05540137
54061013
00524312
05604423
45106072
20652307
73302056
23421442
21013170
16365527
27530251
74044162
36741300
14617242
65111554
45435210
14403301
42260402
34050574
32575044
31631656
33173277
36414426
07164050
45442673
20276030
77715417
13036704
51477464
21356213
30566661
00440753
46514636
55374705
21075532
15024431
52626560
25563766
14271163
41254747
56132141
62434077
12147516
60106437
06002264
75267374
64762732
02311771
51130325
61245221
21346445
12723153
27155763
71512720
47643034
70733543
21704614
04233665
74125606
44776357
60323124
40007755
50725276
17710065
53210333
42077627
57501525
66527003
03757521
67052346
13552470
37222515
35337132
56253652
