0000000000
5318711000
3043681000
3788512000
5171184000
1267446000
6723888000
6652382100
2586343100
1442573100
6570748100
5725778100
0133511200
4643204200
1675626200
2251801300
1431261300
0547632300
7315547300
8411220400
7768760400
4326085400
2845376400
3762157400
7508680500
8177515500
8530076500
3787867500
7424858500
6470120600
1047203600
0742523600
2014766600
1303215700
8485485700
6152436700
5052728700
4868821800
3814413800
4643014800
0734375800
2630757800
3408348800
2418351010
6066235010
3120445010
5106646010
5865027010
3731630110
7522253110
3115834110
0673065110
7307188110
4435760210
5484133210
3848273210
0053255210
6537067210
8612812310
6850683310
7680616310
0056877310
1641888310
0817774410
1838505410
1187506410
4472248410
1511500510
2712081510
8333402510
2462785510
4434337510
2468187510
0310360610
2203071610
5243342610
4071524610
3332685610
8355357610
1228120710
6545814710
4856717710
2220257710
5032551810
8376771810
4865808810
1200418810
2524418810
8441562020
2752103020
7844765020
3576608020
6036241120
4350612120
8826472120
5501507120
5620223220
2776256220
8218186220
7870347220
1863008220
1074845320
4664176320
6703438320
6240852420
4038362420
5567314420
4754044420
0363525420
0256630520
1178761520
0028816520
1886156520
2247277520
2605310620
0574221620
1885151620
3402614620
4721601720
8282601720
8667141720
1010223720
2022423720
1332463720
7487024720
5183857720
3301730820
6044174820
0817835820
6141016820
5716310030
0715550030
7837871030
1516432030
4168553030
0141040130
7311101130
1650301130
4587236130
4264680230
3065752230
5371562230
8558625230
8267581330
2108282330
6456373330
0788207330
4303321430
1601053430
7256156430
0450867430
8674513530
5683174530
3423484530
2038138530
5578460630
0735786630
6113708630
8843543730
2721064730
0451255730
5338875730
7025606730
5208747730
8407738730
8281463830
1625244830
3545525830
2707625830
5504656830
5460517830
2376127830
0212678830
4235211040
2823411040
4680702040
8742654040
2672086040
7563147040
8388428040
3402502140
2010264140
4117555140
0041185140
1528386140
1144137140
5656314240
7575205240
3413876240
1200050340
5433603340
7176724340
8553718340
3886480440
5614151440
2536822440
7136603440
6284052540
7120533540
2855225540
6001646540
6745160640
3057031640
5780071640
0468444640
1327687640
7161388640
4872330740
1834062740
2173672740
3286048740
0377268740
0707323840
6015455840
8268075840
0611617840
2561250050
3354006050
7044366050
6474417050
6608700150
0660461150
8225813150
3633127150
0382840250
7724534250
8100328250
4388232350
8707114350
7230424350
6348035350
4582475350
2185660450
5853531450
1641726450
1073377450
4025178450
6506861550
1055024550
5687705550
0016287550
2474631650
8751742650
7831234650
3038544650
6777074650
0822115650
5276236650
3017573750
5244784750
4437456750
5810641850
4870402850
1760882850
0108163850
7203753060
2812134060
4083566060
0184772160
1752274160
5206865160
2427746160
1157381260
2446072260
5111325260
8022037260
6581177260
3162021360
5775316360
0602687360
4831048360
6403142460
2304574460
6638305460
5047038460
7348611560
4340753560
3220325560
2754547560
0145458560
3826260660
4518883660
3650835660
0041116660
7070110760
8836580760
7664402760
6361443760
1803284760
6714458760
6277800860
5137232860
8504734860
8458054860
1080155860
0286607860
1465668860
1437670070
3538843070
1380114070
7254468070
6628578070
7423270170
5155470170
4877171170
5368633170
8813667170
3084628170
7686410270
8230150270
6222581270
8664615270
2431715270
2808407270
5082740370
0726532370
8063854370
3121715370
4410086370
3444800470
7184020470
8746441470
6373783470
3205287470
6266304570
4642427570
0871358570
3574752670
7685083670
2102566670
4126877670
3123341770
1710525770
0550146770
2267338770
5421822870
7552062870
8583236870
0447440080
3387350080
6325731080
1336772080
0661434080
5183354080
8342307080
6880510180
3808456180
0857288180
4777053280
5827104280
5775546280
2362276280
0272767280
1086688280
8324350380
2005243380
8367064380
3616168380
2040411480
2677632480
7281375480
6832838480
8365060580
3553641580
0275132580
1704332580
1466723580
7712245580
5365886580
7118012680
5531004680
4258524680
6304655680
5546558680
0035222780
4500874780
8445105780
6104227780
4657540880
2743880880
6523021880
1216562880
7058487880
1835340001
1122302001
4835453001
0216763001
7540320101
4260230101
1381351101
2301316101
5837086101
0024147101
1666508101
1877100201
4378311201
7710602201
4481452201
2405053201
3253084201
6164311301
6806624301
5377217301
8314648301
8486258301
7453741401
8686372401
2384233401
3531437401
5841030501
0560463501
6528224501
0737844501
8344888501
3673650601
8008352601
2335184601
5052846601
4140668601
4021272701
6103582701
3153105701
7636765701
1402886701
8175157701
2227770801
8640531801
5262425801
6785706801
2340680011
7763413011
7407204011
5607258011
5850458011
2870370111
8138171111
1743722111
4342064111
1175728111
8725510211
5276831211
0321841211
5426184211
4318400311
1037733311
4184588311
6256750411
8010133411
0281083411
6688646411
6775365511
3426216511
7651877511
0866613611
3154304611
2882805611
4713778611
8626660711
6553563711
2011285711
0744076711
4565687711
8217058711
4541050811
7205260811
1802651811
3300202811
3527134811
3407467811
2334810021
0150273021
6546386021
7225026121
7324487121
8713608121
6687188121
5087661221
6138722221
8527753221
4836226221
6512347221
7462700321
5774155321
4623385321
0448828321
8224401421
3821761421
8271674421
1858575421
8482018421
7168542521
2503023521
8665324521
4560134521
3312378521
0637002621
1446433621
5780784621
5268606621
6200117621
6732537621
1414640721
4706350721
0673544721
3805015721
2841447721
4010867721
3315882821
7872186821
1751327821
0555818821
1534701031
8626443031
5428584031
0546105031
3468636031
6564058031
8504832131
3588003131
2248604131
1316814131
3657776131
7758830231
1000470231
0352454231
1664357231
1824678231
8115223331
7678783331
4728324331
7062665331
0835846331
7031568331
3043281431
5150022431
4712416431
2613527431
6447150531
4072643531
4131506531
7542566531
1260048531
2682578531
6354434631
7187615631
8561335631
4475875631
6077230731
5885112731
7232322731
6000381831
0843262831
2771705831
5678386831
2156638831
6086420041
7371622041
3644014041
0682825041
2722650141
5263880141
6863734141
4058005141
5385245141
6450521241
8400635241
5780237241
2577488241
4420111341
3352183341
2644467341
1272278341
7610300441
3817342441
0434585441
4607676441
3666857441
0008618441
1773101541
8738252541
5102473541
8102764541
8456366541
0681260641
1243331641
2306742641
8021077641
0084103741
5518535741
3241756741
2537317741
6383873841
2756514841
1615556841
7825467841
8033148841
8865551051
0733472051
2251787051
0521238051
0757685151
7186486151
8576667151
4002738151
7810213251
3601545251
8344107251
6111087251
2263168251
3570852351
6242123351
1357764351
4536740451
7554371451
6267522451
7045834451
7343416451
2403217451
4013631551
2026312551
8767503551
4284664551
5832117551
5024720651
2130021651
5432061651
3584654651
5314336651
0168256651
8878870751
1660471751
0376081751
6828068751
2618160851
2232201851
1531613851
5171343851
8483087851
3420508851
3410501061
2708861061
4155183061
0067126061
8173046061
7701121161
6671512161
3435363161
1366267161
8473002261
5612042261
7538154261
6115785261
7360778261
2567810361
3116170361
4253132361
2065272361
8842215361
7658045361
3223486361
6055557361
3725363461
1123855461
6104766461
5741208461
0238688461
3784120561
5506485561
0805707561
5278527561
4685338561
4547341661
1514016661
8807426661
0322237661
8550401761
5833621761
3684251761
5326503761
0280344761
5856776761
0323750861
3464442861
0478533861
1046375861
4811884071
8078717071
4787377071
3243118071
1075162171
6512672171
0214313171
4807543171
7266535171
3127828171
0452121271
5745644271
1335036271
2028336271
2184751371
2700044371
5503306371
7101637371
1582560471
1801422471
6874123471
0762207471
0303431571
2585742571
3036475571
7787285571
1630288571
8252680671
7411411671
2461173671
3340725671
7053608671
2245711771
2478022771
1178404771
7727135771
6683856771
6431008771
1065080871
4316252871
4602804871
8360265871
4224557871
7502520081
5605071081
2182035081
6247645081
4848265081
1428147081
2876528081
8628280181
5416251181
2274406181
6130847181
6061803281
8662043281
3206383281
3517244281
5668415281
5147577281
5430112381
7485812381
7842353381
8181574381
0711866381
1286247381
8522782481
1445404481
7070055481
5303166481
6357828481
1756082581
4214715581
0620666581
2055621681
0880132681
6433274681
3725448681
8654230781
3388521781
1143813781
3062454781
0163310881
3176060881
7014624881
4276810002
3820773002
6667365002
6843477002
1817180102
3456222102
8378436102
4184042202
4612603202
1583124202
2800536202
5754280302
1050512302
0643233302
4277163302
0132835302
8213327302
6021550402
3437121402
1846504402
5418804402
5033707402
8603868402
2117420502
2322060502
7771833502
4537673502
1150055502
5264657502
3558387502
4867731602
0740415602
0065515602
6464287602
0313588602
7526451702
5761572702
3427483702
6302175702
0238246702
7631740802
2766271802
2573364802
3286780012
8551001012
3032262012
8007311112
1334283112
7081244112
8228635112
4080422212
7147856212
3306658212
5520888212
3785403312
6768144312
1674454312
6485827312
4755070412
6771021412
0364602412
0672576412
7748487412
5848320512
8263770512
4103185512
1015466512
7371812612
4512153612
2205434612
3402306612
2036667612
3572742712
0507163712
7044135712
5715066712
6640307712
2433378712
0120714812
7808754812
7816045812
5686277812
6364528812
5018050022
4166461022
0044383022
5320365022
7581667022
7670138022
2641830122
3464071122
6421043122
1207824122
6385106122
3543470222
7733711222
1211212222
6657405222
3835640322
2582582322
3170666322
1545217322
4163218322
5651428322
7700280422
7408613422
7683673422
1242705422
8332427422
0116337422
5531100522
6356720522
6803802522
5075772522
8387243522
8875500622
8617524622
1874066622
0285738622
0820840722
6056034722
4630818722
6125621822
4442841822
3861853822
4135574822
3253765822
0040741032
2854214032
3101408032
6403612132
0427772132
3613644132
2235085132
2088858132
6160368132
0808041232
6832251232
6163633232
8445714232
7386325232
5472388232
6228415332
3327235332
8441676332
4210727332
0834460432
4566061432
2877412432
3180354432
7602531532
7663222532
1315754532
8680620632
5411863632
2171275632
6524546632
1053186632
6185167632
5662800732
8147762732
7714843732
1726174732
1473518732
8538502832
5707036832
3250117832
4021237832
2361445042
6362016042
8727866042
1257547042
3773541142
8611781142
5776167142
4280487142
6116550242
5278851242
0655863242
4231373242
0844844242
8014432342
2047013342
5333054342
7868364342
6875240442
2341132442
5486662442
1500277442
0651413542
0722728542
3331868542
4846178542
7204100642
5823250642
3028801642
6552504642
8860622742
6030684742
3108515742
5477755742
2154126742
1482330842
2625182842
1430426842
4588656842
1373130052
0513624052
5735825052
8414275052
8775688052
4628621152
6436412152
1162142152
7176203152
0400154152
4743006152
3866716152
1534428152
3617580252
4541581252
2062627252
1704767252
1463530352
0272314352
7515335352
0426045352
2816706352
5122444452
2168087452
2651348452
3745251552
6450332552
0388405552
1241665552
3076106552
8307010652
6634883652
7557678652
2383131752
7002052752
4305323752
1436033752
0655554752
0881816752
8220567752
1084811852
0857257852
4573877852
5344148852
7145220062
6717631062
3825432062
1676352062
8215072062
1822523062
2253656062
2004877062
3241853162
5544564162
2784405162
1362765162
7455537162
6248718162
2270641262
5103634262
7461084262
5623117262
8456208262
0060080362
7330876362
4027308362
8058723462
3683718462
4357881562
8158583562
0137604562
7175206562
6232826562
7812438562
6063371662
5786581662
4800642662
0778162662
5482757662
8184340762
1518202762
4606244762
3345077762
6858310862
8566113862
8045643862
3861144862
2463405862
8311566862
4458430072
6688534072
7562486072
0506020172
5540733172
4024156172
0142356172
2842218172
2711140272
0077274272
8082155272
4146086272
4370507272
6571780372
0404151372
5648561372
7853875372
1105748372
1565871472
2357852472
5233543472
1425604472
3624336472
2840023572
3880574572
8168205572
4584015572
5115216572
1733617572
3477047572
2460714672
3768326672
8643047672
8174868672
7285301772
3351653772
4338768772
7728812872
6208472872
8130382872
6710453872
7416685872
0772008872
5264282082
2137224082
0431557082
0487318082
7353700182
7128173182
4765345182
6647266182
3852867182
8535058182
4021460282
4044532282
0268258282
0356671382
5801122382
7621052382
4737752382
6118608382
1288078382
4784684482
2568255482
6750175482
1151786482
7515117482
3010028482
2480261582
8702374582
2526845582
1302441682
5177423682
7782263682
3318234682
1830305682
8246836682
5072610782
8873485782
7244726782
1567086782
0223003882
2668773882
5804708882
2463102003
5574573003
8851155003
5723261103
3012065103
7104675103
4457527103
3532300203
7631180203
7241361203
5335418203
4425730303
2081682303
2823135303
6268316303
3242546303
0617256303
6034714403
6222134403
3370844403
5873035403
7257026403
6680067403
1755268403
0222800503
6335601503
4505551503
7801414503
0852786503
2556870603
8381613603
4888647603
7217287603
3346622703
7165083703
2648034703
8768317703
5067557703
4283428703
4111210803
8246222803
1300026803
0077128803
1118738803
8623568803
8781162013
4344372013
0258882013
2575545013
1727085013
4750348013
5182500113
6310125113
1282017113
2603783213
4451274213
1048445213
3665575213
2353247213
7274030313
8145465313
2838516313
3421220413
4114261413
5111704413
0508755413
8012826413
7506337413
6846557413
6261111513
4827442513
3455616513
0667838513
7865048513
5717620613
5871763613
4145636613
0401400713
1324372713
5631486713
6042608713
7026823813
8473654813
3436855813
1713536813
5210074023
4677716023
1888227023
3061848023
3068482123
2230253123
0485285123
2800356123
0166712223
6472652223
0122664223
6740815223
7778471323
0413113323
1716404323
8884338323
8355120423
5102870423
2628211423
3645047423
3244520523
3831083523
1483376523
5404068523
1162831623
8543464623
5156145623
3363777623
2221528623
5535532723
3857206723
4004636723
7587548723
7301758723
8510440823
6067760823
7684553823
2372363823
2548707823
6658662033
8005847033
8634208033
3782688033
0741424133
4133354133
3054107133
4486501233
3178181233
1348553233
8016014233
4802165233
6611136233
2053060333
6373842333
2322833333
6123128333
7457468333
6531878333
7087070433
0380380433
6407403433
3137843433
7023714433
1376280533
2744302533
1510615533
5864426533
5516777533
1168600633
4304440633
8420851633
3277318633
5551811733
0215031733
0820574733
7550684733
5382256733
2811571833
7668812833
6874637833
2552077833
5253787833
6121340043
8671270043
5100811043
4470083043
0803386043
5402538043
2438020143
4251640143
1847671143
7587812143
0686734143
4853626143
0336166143
7043580243
2564721243
8886761243
4705122243
1231445243
6605471343
3524665343
8161207343
0155088343
4653452443
2730436443
8828508443
7472421543
6418843543
2518174543
8270585543
8300848543
1444882643
6754623643
1662225643
0076056643
4016288643
5767140743
4224803743
1071153743
7412777743
3771274843
4354835843
5085307843
0345417843
1485710053
4144112053
8547023053
2023405053
7218806053
0640370153
3127052153
7230652153
8264743153
5474324153
6764866153
5368372253
1555433253
7221747253
2150768253
7800520353
0770560353
7707241353
3283351353
0467074353
5111657353
1832042453
1414785453
2771817453
6366488453
3108230553
5327701553
4772202553
7333315553
0186527553
4548181653
2415242653
3080463653
5700518653
7678325753
4866855753
8632638753
8035032853
1603604853
4362584853
6255576853
8626386853
1566260063
0754531063
7028653063
3347434063
2446788063
8762450163
6100001163
4646603163
0523808163
0814850263
6287533263
2885824263
6505366263
1377667263
6636721363
1480622363
4488186363
1860367363
3713587363
8431872463
0264213463
4215004463
4576615463
5040246463
4511758463
0431451563
8357172563
1676844563
0051745563
3608655563
8746737563
2652411663
3205172663
7533235663
1134477663
6178378663
5321010763
8043861763
5882462763
2120356763
0532347763
4530722863
7722106863
2107648863
1012321073
7260651073
2132776073
5473237073
2866130173
3876341173
8018544173
6825755173
8701887173
7615368173
0604282273
7174446273
3758058273
1305573373
0381005373
6037205373
1545158373
7846702473
8152313473
5643675473
4561826473
8575438473
7557200573
4213360573
5024081573
4725763573
0133520673
0328643673
2735354673
6187184673
5758105673
3410732773
8576273773
1454514773
6833565773
2440146773
3637117773
6784000873
5237864873
4035170083
0842211083
4823242083
5815303083
8306514083
7726027083
6860387083
1020532183
8103705183
5272158183
4341078183
6388666283
8427676283
0538837283
5226452383
4008213383
5650704383
5684824383
7332644383
3502726383
8737381483
0175422483
3661564483
6113253583
1632173583
6248484583
8088066583
2007157583
1847750683
8670101683
6563012683
7423363683
7060506683
1206660783
0780743783
3756425783
2317865783
2310307783
0605611883
5451331883
3584141883
4860278883
7086181004
3333572004
0666684004
2711018004
8728061104
6731402104
1750613104
5880525104
6142307104
0155200204
2078540204
5346462204
5104854204
6048526204
6323156204
3541766204
1458772304
0363753304
1504005304
4282771404
0702482404
2254507404
2837258404
5317421504
3864881504
4201304504
1611784504
1654165504
8416707504
3152630604
5630830604
1238450604
8123333604
8784546604
6661678604
7688150704
3625870704
4577012704
6078013704
7470266704
2674308704
8057654804
6502245804
4715137804
6183012014
2118823014
1704773014
0635124014
3614757014
6444641114
5605202114
4834804114
0568567114
8156568114
1762381214
7546112214
3360044214
2074356214
4543313314
2566374314
5022077314
2245768314
8518278314
3051110414
1336801414
3850431414
8400084414
2375105414
3747647414
7735528414
7132750514
0276403514
2767230614
6327476614
0401347614
1513847614
4717720714
5310111714
4687051714
6808832714
0260782714
8422523714
8231645714
1840860814
3516851814
3153226814
7887567814
0752761024
7247334024
7055415024
6316276024
1175587024
8477800124
7662663124
4848104124
5307747124
4375421224
6812544224
1680316224
5534416224
0234578224
3508031324
8140002324
4731043324
6341254324
8257726324
5114265424
6465456424
1724147424
4073408424
6653080524
1707262524
4813513524
2121154524
8535865524
7386864624
3638216624
2457886624
7173487624
0300078624
2106480724
5848351724
2060725724
3682422824
7023632824
0320804824
5738675824
3351338824
4226348824
0124730034
1443061034
6432163034
6284320134
3387550134
4861782134
1203173134
3140537134
0618448134
1742112234
1031822234
2816233234
4414504234
6573766234
5070601334
2687144334
0204516334
8200112434
1836334434
1484444434
3278264434
8776735434
6581885434
5181133534
3213805534
2522456534
8366437534
8825308534
0157512634
5017385634
7840057634
4452028634
3473251734
4337673734
4110445734
6755617734
5544228734
7565370834
8030703834
3328046834
2646886834
7255442044
6530533044
4362205044
6283461144
1872815144
5221776144
6426007144
6208368144
2314630244
3720312244
1766403244
0525075244
4607107244
0335127244
5658637244
4746820344
5475134344
0080555344
3811027344
7767658344
8213410444
5128562444
2022743444
3443325444
0180168444
5634341544
1177034544
0043627544
2414552644
5645713644
3507754644
7151861744
2783283744
0333714744
8084474744
8355384744
0436210844
1006561844
2858171844
7760846844
8832787844
0548680054
2807663054
5641555054
7602317054
3624437054
1312858054
1054250154
0885033154
8277333154
8572126154
0467301254
5713464254
5266015254
3234612354
6450345354
4131366354
0873777354
7821680454
3182231454
4674562454
2705040554
2321571554
5567762554
5758853554
0771473554
7468125554
1138347554
6085218554
0303860654
1116621654
0006435654
4220286654
6733100754
8588704754
3446647754
6217877754
4566533854
7308786854
2484158854
8647478854
5588040064
8424682064
3032115064
4724225064
8131057064
6766428064
2715352164
7077882164
3670743164
3026784164
7413806164
8601251264
0853322264
4128417264
7304443364
8635435364
4383767364
7510581464
5856073464
1163244464
8708626464
6462570564
4400670564
8844116564
7286676564
1557408564
5265121664
1381302664
2378025664
3815665664
7242848664
0247585764
1012736764
3164538764
2055168764
3775500864
0271151864
7337013864
4081414864
6620064864
5405885864
2261837864
5373688864
8525131074
4556754074
1271606074
3701176074
5060838074
7031031174
2543555174
3217146174
1356846174
8041360274
8180872274
7217723274
6854748274
1676320374
4736263374
7151505374
3867466374
7322228374
5342610474
5364571474
4670735474
6318317474
2606008474
0442232574
5188688574
6855201674
8878182674
7772814674
3832074674
2520607674
4063042774
0600823774
1225254774
1306505774
2486467774
5554187774
0054271874
5783722874
1144483874
4181774874
6427515874
2250322084
8870242084
3177375084
5138706084
4550586084
2582431184
4633681184
2165614184
4411475184
7734277184
3330183284
3883635284
7145085284
4252817284
7403838284
5210530384
2433441384
6002184384
8368885384
0723656384
3525388384
1627811484
0613171484
0585653484
7434036484
4017846484
3085503584
1003534584
0884606584
6571427584
1861140684
6748771684
8064063684
6470718684
0511362784
7823474784
6326138784
8805720884
6166152884
4248482884
2441283884
0612006884
2388217884
1204631005
4638255005
5826616005
1542867005
8463210105
0487170105
2656011105
0032873105
3505464105
8015471205
6224862205
7154553205
8871563205
3707705205
1410855205
4842728205
3070221305
2210175305
6533686305
1662487305
6687111405
7641143405
8320644405
1106116405
4127007405
3176732505
0445503505
7755674505
7717386505
5271047505
6353040605
5621632605
3481036605
0856368605
2064560705
4087882705
0361724705
0464030805
6568401805
5545052805
7647372805
5412314805
7380208805
7440526015
4622366015
2161452115
6023653115
3558715115
0585626115
5777457115
2057002215
2124473215
4208744215
8636664215
2663846215
7813328215
0781658215
1428821315
0638361315
3361323315
7411033315
0546284315
4366546315
5801372415
5065183415
4080737415
1214208415
3741012515
0328152515
2200683515
5283214515
5352535515
6730567515
3378468515
7623501615
0230032615
1165315615
6276445615
8434727615
3874587615
5805741715
3646123715
8775334715
8384225715
8754870815
1477172815
2112147815
2354032025
8703552025
3483145025
8850836025
6137418025
6614821125
7658584125
0003446125
7746068125
2145331225
8806883225
4313605225
0887450325
5127583325
1026706325
1368830425
2515703425
5466387425
0830628425
3250351525
8632361525
0374114525
4471385525
4112226525
8524170625
8447641625
1253373625
4051673625
5211466625
8062488625
4718122725
1640682725
3134204725
7262515725
6586775725
2675267725
1026710825
5088024825
0031166825
5017542035
7345823035
8765783035
7075064035
8266874035
2333387035
4520160135
6845282135
1770526135
5430240235
7102627235
4305818235
1853420335
7516650335
4044451335
3406072335
3234277335
8272132435
6105534435
2867645435
0573806435
8764188435
0537711535
0486842535
8021025535
6568738535
1227561635
3766213635
1642774635
7708007635
6351217635
3468661735
5684363735
4158376735
5343431835
1883745835
0602355835
8122885835
4287108835
5674600045
8188710045
2438350045
3265763045
5500485045
4415648045
0774642145
8450443145
7327374145
7037825145
6778757145
1318063245
1160154245
0748575245
7052216245
3185146245
3632538245
6607570345
8347701345
2202365345
8521246345
5148238345
6246081445
0574343445
8544854445
3603240545
7816231545
4062352545
2481604545
6324575545
4467862645
8716105645
2873116645
1086611745
0223437745
1735808745
4172020845
0851502845
7648476845
1761086845
5516828845
4822400055
0120741055
7884272055
4663033055
6231734055
3652344055
0164865055
5867207155
5011307155
2040878155
3307820255
5525280255
2728422255
1136075255
5572258255
1505102355
8837137355
6782368355
0247010455
7107751455
8465235455
8310756455
7478558455
5875875555
6862676555
4554447555
1203588555
3112402655
8626172655
2288553655
4810314655
3187477655
5675048655
6120700755
2036541755
8153651755
5588413755
3451188755
6451420855
4355113855
6742733855
6413864855
7375455855
2404226855
3730060065
6356107065
0345058065
1348162165
4732524165
8248327165
5833118165
8386638165
4273770265
6074135265
7865736265
2231480365
7113062365
5500803365
1744643365
8158844365
3017617365
6787067365
2523518365
0425371465
1888481465
4731512465
7711272465
2216424465
2552665465
7882857465
5142871565
2170813565
1887323565
2668006565
7066340665
1301221665
6000258665
6617614765
6422324765
5408136765
3541376765
3567283865
7624785865
3222240075
2687221075
0006552075
6101263075
5613765075
0310547075
1561541175
4382181175
0178664175
1408315175
4804036175
3566060275
3131852275
0083303275
1426257275
7334782375
4077384375
4255625375
8478856375
5034476375
0660017375
3050512475
0713234475
1087445475
3514055475
5464478475
5857753575
7053164575
6670476575
2435837575
2720438575
6535322675
1483783675
5347506675
0718780775
6757242775
8202003775
4841835775
3048600875
6806330875
8875011875
4770661875
1627263875
7503577875
6412480085
3736801085
7838143085
0318477085
1071778085
1613030185
3267602185
0454766185
2814188185
5763121285
1570334285
6550026285
8685587285
2472505385
3825817385
5335760485
6814202485
5724846485
4443267485
4685850585
6606718585
8144548585
8223278585
4578578585
3003620685
0557130685
0101881685
2043754685
7741410785
7280881785
6611523785
2057604785
2824054785
7578648785
2382612885
4636433885
5028265885
1235356885
3140677885
8002233006
1436044006
0128426006
4504328006
7238088006
0345851106
2103722106
5630142106
2316453106
0878605106
7534518106
3285810206
4716331206
6865243206
0070487206
5785220306
5583170306
8820781306
8734023306
3753834306
2631426306
6176878306
1535454406
1084585406
8655406406
6827610506
8482111506
3658272506
6043745506
4236017506
7362132606
4614474606
6416565606
7525727606
5487878606
5107360706
2512631706
2015861706
2258613706
6887773706
5001113806
2452774806
4244656806
1033007806
3122558806
2212680016
6011702016
5051664016
4025515016
1385675016
4700156016
6604440116
4476180116
5536276116
3863337116
6702210216
0414425216
7324446216
7875108216
2557421316
5254345316
1821236316
8106457316
5268721416
2470012416
6672253416
1240863416
7267473416
0141318416
4050821516
1852642516
5453556516
6678237516
3237511616
2380441616
4804261616
8348085616
6580850716
2747504716
5160005716
7363666716
4533182816
5728303816
7188334816
0002084816
8462746816
6044040026
5331281026
0520072026
6283607026
4738860126
7040770126
7854312126
5712033126
3110686126
8046517126
0400571226
2631874226
7357155226
3428167226
0305562326
5875673326
3316714326
2407337326
7551282426
5773582426
2822625426
4207435426
7646201526
2764784526
1577556526
6082377526
8773828526
1425000626
3142050626
2552114626
4130245626
0141171726
6275843726
8628758726
4045488726
7013250826
0766642826
8258446826
4165457826
1684268826
4241530036
7521313036
3878724036
0270255036
0627887036
2755161136
2062304136
1417237136
6363478136
8723340236
8830451236
4067484236
8353575236
2266066236
7818177236
1132110336
0114483336
4176484336
4542147336
3740338336
1018652436
6720272436
5235657436
3485728436
7333530536
7185441536
0582083536
2380766536
1801717536
6206302636
3505843636
0084134636
5806684636
2634035636
8606580736
3671401736
2424822736
7170336736
1081346736
6782821836
4454703836
5617068836
1651820046
2146355046
0868785046
5084836046
5714567046
8557352146
7622645146
8035676146
4461057146
3566228146
8287232246
4567123246
5842406246
6027018246
3054778246
5822851346
6501733346
2660543346
1215384346
7883526346
4311530446
8372361446
7705015446
6157727446
3360410546
3606133546
3765006546
1308807546
7838433646
0250224646
8125826646
2177046646
7440178646
6468281746
0476302746
3683404746
4523544746
0842145746
7867000846
7540761846
1174212846
6831165846
6457138846
2833450056
6077141056
1110106056
2422577056
7471860156
7605632156
5308274156
1818528156
8324241256
0683732256
3881004256
6338654256
0578516256
0058320356
5847882356
4143743356
6652056356
2325608356
4661618356
3726673456
1786154456
3560105456
4006225456
0215140556
4317022556
0027842556
1127323556
8151834556
8535264656
4488305656
1572785656
2741367656
2863848656
1564355756
8112265756
1465416756
7350037756
5256400856
3534380856
6640211856
3201072856
5202712066
8610373066
6870464066
3760435066
5073423166
1221834166
3844405166
0153017166
1352541266
4162863266
4751486266
3005827266
1737748266
8068101366
3487255366
1643006366
5576037366
6544630466
3607384466
3372656466
2810818466
7224263566
2333254566
4768575566
8211188566
0771700666
6884311666
0443623666
5665554666
1551676666
3011247666
3358740766
7804501766
0036852766
3672007766
2501128766
2180580866
4823071866
0586466866
7647627866
7416478866
8167620076
0886053076
7304044076
8517305076
3325167076
7664214176
6747116176
0230708176
4503611276
1588863276
6445374276
8340238276
3406041376
8266522376
6022462376
4138831476
5458203476
0027064476
2223186476
5381448476
2374770576
5114102576
3661362576
7006865576
6346586576
4888210676
1656731676
7764651676
1273452676
7030353676
7008776676
4462550776
3772885776
5832227776
0615677776
1571584876
2613815876
6270016876
0337346876
2075538876
3648842086
3274176086
1153268086
2174681186
6183542186
6701583186
8787414186
8681725186
0202548186
2126200286
1244021286
5511751286
4855662286
8408660386
6213041386
7086707386
7564807386
0862570486
8133163486
7476744486
8854047486
8468038486
5750110586
2548472586
7435582586
5420635586
4324713686
4676387686
0704608686
3075731786
3033316786
6816326786
8161536786
1700457786
5336787786
4682108786
8317803886
1340124886
6151115886
1705235886
2772440007
6307782007
4351463007
8114124007
6718755007
1061074107
5444735107
2706677107
2821387107
6251238107
7083430207
6420031207
7672071207
8567845207
7444310307
4137802307
0554442307
4885064307
2075857307
3240108307
8186880407
3111643407
1275383407
1622512507
5336324507
0163276507
5218201607
8812713607
4436106607
2183458607
3813152707
3530566707
1681537707
2740657707
8020348707
0484660807
7853823807
3066436807
4708588807
1813411017
4373833017
0725214017
1068674017
3442481117
4216572117
7713145117
1684455117
5448718117
4660020217
5413682217
0638703217
6382713217
0225355217
8502438217
2341548217
3003860317
6072531317
7824161317
6705806317
5252166317
8883300417
7328002417
7532424417
2426864417
8077286417
2866051517
6144073517
8880654517
0827225517
7584736517
3621707517
5560262617
1100543617
1367854617
1658118617
0730231717
3186382717
1255705717
1478077717
1531148717
3655681817
4647315817
0570726817
6135028817
3025254027
1508364027
6477416027
5613746027
4278057027
5465328027
1533781127
2287162127
8086753127
3571115127
6173535127
0262336127
8564603227
3762373227
0715027227
1401138227
0181868227
6260260327
6636153327
2343626327
7117376327
4552257327
2002101427
6480541427
3747563427
5153810527
1354632527
7430407527
4227688527
0672130627
4854551627
5054412627
2828732627
7711855627
8805278627
2286200727
0328580727
7522084727
8332045727
6278143827
2450474827
1616007827
3857000037
3154521037
7806505037
2285476037
8774267037
0675610137
8812760137
5124011137
5300663137
6375004137
8140284137
2203012237
2737153237
4517268237
8586611337
8471342337
6630574337
5761755337
7503487337
1204330437
7368241437
6322605437
0348177437
7254888437
4405412537
3542814537
4146665537
6756548537
3314361637
4783832637
3728834637
3813026637
2042517637
7620458637
2455550737
0860103737
0058333737
5003275737
1067427737
7231120837
1138866837
7776758837
3336451047
6552171047
2401733047
0741773047
2188808047
4804253147
7218226147
5001524247
1182264247
6826887247
6643358247
7088122347
1876415347
3238507347
0533051447
8765032447
4868114447
6071365447
0787516447
1324726447
1545340547
4037780547
0010872547
6032286547
5562668547
6141471647
7375573647
7243644647
3488685647
2350306647
8331817647
5831588647
0442060747
4704411747
2212854747
8603066747
0117401847
3220623847
8263583847
5878846847
4164747847
2571038847
8053282057
1480803057
8030615057
5281625057
5236338057
3323212157
2514084157
2337535157
7065167157
0136388157
4157110257
2645801257
6546642257
4423756257
3212437257
1728631357
2604875357
3071086357
0014508357
0201842457
5612283457
3135775457
5287626457
8448453557
3800146557
4658267557
7346570657
6841421657
7456123657
0105652757
7142582757
2677724757
6311344757
3764718757
8781221857
4780045857
3473565857
6527357857
8248220067
5577271067
7753304067
0882548067
7851656167
4635447167
3688878167
3556522267
8834313267
6265664267
5034605267
8721616267
3384286267
2150230367
6824742367
0521473367
0300335367
5627430467
8507550467
1633270467
1417165467
1260716467
2406127467
6361680567
1225141567
7774182567
2013333567
5740187567
7007018567
6726083667
8172704667
4135786667
0466811767
4615781767
6188465767
4474827767
7112350867
1042052867
5355762867
6438287867
4145802077
2634642077
6403025077
7488342177
2365423177
1520405177
8634556177
2277444277
2858385277
3163567277
5626028277
6538010377
1717871377
5286813377
4432634377
8750177377
0447787377
5170350477
4548073477
3002327477
7056748477
8208721577
2764613577
3252033577
6010427577
6015830677
2244245677
4601765677
0251067677
8861206777
6776666777
7126218777
1847638777
5306150877
2081751877
8621104877
0835484877
5513145877
3804377877
1312178877
0463188877
4523620087
1664185087
2515516087
7455856087
7167737087
8085510187
6058851187
0372822187
6510313187
3782704187
1374047187
1727367187
1778200287
5881070287
7600462287
0046744287
2784380387
4166301387
7645236387
8513076387
1387088387
4160420487
0656215487
4350558487
7877561587
3474254587
4501206587
8818637587
2131628587
1630862687
8222575687
2782326687
5583407687
6067647687
6234172787
5457043787
5146164787
0545085787
4322331887
3743132887
7273514887
5425546887
8732468887
7357560008
7407634008
3055335008
3580217008
7276554108
4013816108
3803057108
1110777108
5166786208
8541787208
3677628208
0706178208
1128053308
8882604308
4370476308
5066448308
4460353408
2148825408
5558166408
0528537408
3147161508
0688381508
2833562508
6625113508
5070404508
8712041608
7864022608
1721354608
3701285608
5608827608
4345270708
1374701708
0423645708
1856838708
8245612808
7200832808
0146544808
7861605808
1321475808
8843130018
5746451018
2387744018
7172617018
0281127018
5716510118
2657333118
7106063118
8760806118
2530671218
8171432218
7488565218
1233826218
0356736218
0233200318
0177640318
4878552318
2786115318
7000775318
2573323418
8604585418
5834817418
1346318418
3523038418
1064210518
3704622518
0610554518
2305856518
8580348518
6628480618
0083571618
7455252618
5567105618
6048766618
1586028618
7135880718
3262164718
4433627718
0852478718
5163701818
6152782818
2035043818
4485273818
6214386818
4301667818
6441808818
4802080028
4522872028
1608423028
4181723128
3626536128
6653837128
6765877128
2158248128
1430658128
7025341228
7718664228
0561035228
7502046228
5285508228
2458488228
1355011328
0871311328
6812262328
8050563328
7236187328
5476520428
0644752428
1523462428
3384833428
2783076428
6517188428
1781430528
3230441528
2616655528
8061518528
3047122628
6578303628
5807374628
0582657628
8433734728
3271625728
8114616728
2214541828
2367051828
6803151828
5864234828
8104305828
8727217828
4252504038
6760824038
7685206038
6831356038
8368118038
0826321138
5551644138
7442435138
3334745138
8247302238
7221702238
8774073238
0411186238
3736447238
5312731338
4877854338
1763665338
0321188338
6035040438
4625125438
4845586438
2162278438
3418070538
8257271538
5046863538
5125367538
3581572638
2310482638
6236723638
8603256638
2503710738
6172551738
2843681738
4423113738
4630015738
8076026738
1187807738
6004087738
3800268738
0733450838
1552243838
7404144838
3518331048
7673881048
5227153048
2306235048
2810007048
1023768048
8036300148
8405521148
0512513148
3640285148
1421468148
1850750248
5712653248
2484317248
7134248248
4681841348
5732372348
0565704348
6424206348
2202858348
0061631448
4447224448
8678177448
6215618448
0524870548
5501212548
4248736548
7383057548
1778748548
3132682648
4106034648
5667015648
4753465648
6516137648
3515420748
6340542748
7544063748
7666576748
5354670848
5143043848
6777484848
3710308848
4406771058
6615032058
7113174058
1748246058
6488670158
7252711158
1185562158
4774338158
3472013258
0447653258
4372404258
4038884258
6273225258
8066128258
3854520358
8626060358
5405481358
8356213358
5320827358
7763620458
0331203458
7012473458
6153414458
8452845458
8801455458
8032500558
6884485558
1604126558
7543008558
3037758558
7637646658
4265407658
1370637658
5756802758
4251162758
1820183758
2527836758
5481576758
3718711858
3846364858
5040176858
1038531068
2681061068
0363382068
5451815068
0616248068
0312220168
1005680168
4575231168
6867075168
5482356168
2642160268
2720555268
0240406268
6368432368
1441514368
3228674368
5818145368
3678748368
8385842468
6880214468
7077467468
4126652568
8612483568
6411764568
2872284568
1432106568
8563357568
2121100668
7427161668
6703543668
8287765668
4334158668
4252360768
2838703768
7785633768
4760227768
5270078768
6617351868
8074372868
2131513868
7555724868
3106816868
0654028868
4764500078
2056583078
0475766078
8100078078
2880062178
5278082178
5637454178
3316801278
6354261278
1867512278
4016143278
8323424278
6405657278
3665150378
3673203378
2041324378
7130121478
5702734478
2818666478
7820840578
8507683578
0165145578
7751526578
5522311678
0244877678
4536418678
8417538678
1111070778
0007412778
2146044778
5743385778
7048257778
1288135878
4057606878
0384737878
6662747878
8234461088
5342623088
6584854088
7547400188
2463824188
8856144188
8201216188
8346357188
5053378188
6337330288
3841611288
1613342288
7476673288
2574163388
1537525388
6180436388
2755737388
2208340488
0727501488
6086202488
3154453488
1452607488
0738014588
0207065588
4371146588
7358308588
3460780688
1815873688
0624364688
4222055688
4082218688
4122281788
2652772788
5261233788
3303507788
2765568788
8671850888
4418322888
0072885888
7887788888
