000000000
258244200
614508200
111077400
688836500
126756500
763008600
037688600
860861700
876233210
316721310
221103310
630411410
546025510
268351610
483655810
806386810
352842020
374641120
646775120
818820220
572466320
647368420
841581720
773023720
384237820
038613030
511166030
388504130
063587330
207653530
024275530
120512630
601424630
466825630
732622830
056513040
443208040
722100140
283877140
257176440
810082540
525074840
764412050
544216050
467038150
616703250
577043250
158478350
561752450
781845550
675577550
275310850
636157850
106667260
282711460
140347560
885414660
735735660
353854760
475256760
063040860
583502860
827608070
535313170
472780270
051273370
444834370
767225470
408142770
135867770
312303080
388165180
421175280
632354380
004528380
345421480
410457680
157630780
370106880
122053001
467066001
677357001
308188001
840427101
715268101
587522301
247420401
410620801
261684801
706770011
631111111
045132111
662847311
153601411
680063511
614246611
273758611
314035711
742708021
232262121
884517121
057572221
240667321
548333621
306685621
224444721
134658721
475551231
165615331
354137331
241283431
668328531
583746631
076351731
446014731
803765241
578450441
405803441
841252641
615582741
030305741
321816741
788872841
835145841
581364051
054021251
441178451
763380551
217403551
812376751
557818161
362450261
623081361
858166361
863644461
381837461
428207561
734437561
137586861
320130171
186883171
173124271
520071671
034838671
250643871
751434871
088745871
365752081
206536281
873462381
078215481
401311581
052760681
525626881
646507881
568511102
455712202
553338302
351050402
824615402
086146402
540454602
134771802
682263802
320665012
710288012
113410112
632178212
540882412
282014512
707327612
061277812
112244322
034345422
517530522
881435622
066857622
337855722
615066722
178323822
316117822
758461032
426734132
617236232
238568432
770151532
343570632
027343632
747640732
062534732
327280242
232806242
028057242
307484342
085531542
504842542
445468542
764163742
383721052
070243052
204787152
227871352
650706352
432112452
117642552
437658552
576574062
325202162
408245262
745513362
514638462
684032762
160728762
885684072
055320172
843506172
161002272
778703372
223247472
811770572
456106772
802022872
671865872
736084082
401281182
147312182
606373382
375657482
848646582
275120682
462407782
213885882
415117203
402540403
868773603
344300703
136485703
286631803
760343803
654747113
545048213
187210413
857853413
018726413
876007413
358482513
432704613
464870123
305676323
276421423
558704523
863122623
436556723
228386723
587015823
802864033
552585033
647621133
127267133
223352233
862314233
803848333
610004433
330440533
531418733
853731043
727136343
075063443
423673443
164086443
766478543
184567643
082124743
118145053
428417053
016855153
773884253
253223353
048466653
801523753
307201853
562432853
655183063
382661163
278656163
681371263
645280363
370518363
131601663
436224663
611758863
060152073
734057273
008841373
480266373
652210673
814075773
513537773
222712873
125242083
740335083
773032183
231378183
524820283
107733583
071664583
206465583
606162683
737851004
801305104
307863204
342075304
683018504
270232704
215847704
673446804
586442014
366718214
711112314
043344314
564256514
281580614
157805614
421633714
414362814
238575024
741060124
856426124
483710324
744766424
133187524
750004624
752241824
457043034
502637134
185426234
573872334
075878434
462816534
815311634
337474734
111257044
170745144
152538244
344423544
655662644
216334644
528725644
660685744
148111844
005520054
266148054
163276254
712668354
018584454
603135454
785224554
620784654
346653854
670800064
028533164
715680264
077782264
434823364
528320564
847137664
550173764
258788864
230752174
861051374
337542374
786304474
824501574
172477674
003656774
605408874
874718084
082006184
721512284
626450484
468627484
530261784
672884005
716122205
405821305
172336405
424473605
581144605
630325605
048687705
338224015
512671215
137081315
203430515
052401515
061568715
854860815
661530025
118442225
536800425
700156425
762083525
115714525
604611625
023268825
086087035
103202135
775185135
341815235
380176235
574705335
308751435
484388735
000483835
577366145
888003345
766578345
274210545
441746645
802257745
211608745
850317845
371548845
557281155
178062155
580618155
237623255
561841355
455535455
121554555
021107655
825850755
627322755
834340065
817265065
625771165
013123165
786448365
885072465
254455465
458164865
626827075
505457075
726615275
472670375
346272575
333016675
247764875
664636875
142553185
067414285
430787285
316018285
260041385
653505585
718833685
104543006
751886106
556237306
083460406
277812506
852178506
465504806
205161016
487476016
822545116
715307216
667115316
161140716
753712716
704554816
454050026
200617026
523654126
120831226
784182226
643443226
877583526
477101626
085253726
026848826
056403136
420331336
806202336
366832436
835727536
213075636
282723736
141730836
578287836
472381046
660225146
874158246
411425346
760763446
671624446
133570646
507540746
648600256
036160356
725646456
355885556
854581656
324364656
108071756
140007856
231480066
723526066
873081166
004704266
011302366
362134566
566666666
888413866
321488176
642042276
538335276
318733376
156361476
047017476
718254576
245308576
780555676
487760876
030852086
416672186
721861386
333047486
502228486
144874586
676088786
787156886
504063107
368334107
431763207
174380307
267705307
510156307
684782407
127564507
076874707
183628017
663020117
450184117
201258217
738506317
727467417
473832617
375345717
448555717
607814127
628652327
168203427
425388427
000738527
835402627
562724827
541642037
863375037
253116037
887250137
711245137
053667237
616541537
242183637
355806837
685235047
335177047
313351147
566481247
746820347
632633547
708018647
017610847
513813057
180347257
871214357
557050657
372526657
846762757
835030857
870478857
040376267
101472467
174125567
301046567
252067567
400817667
236211767
042155867
288170077
014431077
868886077
703353277
260560477
112848677
777777777
350228777
665444187
784604287
822554287
254286387
565273687
382710787
523101787
151521887
426025887
022415008
738547108
865630508
031226508
373607508
743271608
618052608
155834018
538070118
830674318
000575518
074613618
322560718
585701718
343575818
220828818
471036028
265365228
551327228
080181328
147158328
310573428
486352528
432525728
654674038
828038238
714310338
164103438
456558638
668816738
376060838
224001838
367602048
638767048
056742148
181862348
205054348
633234448
142685448
240436748
517247748
434446158
602808158
400564258
245467358
007334458
186200658
772231758
751675758
533753858
770403168
217024168
100855368
443861568
302382668
601426668
223662768
467377868
244522078
463283178
682455278
826143478
478741578
517185578
105316578
837321678
850210288
331133288
521787388
817741488
758372488
812826488
387848688
803114788
604170888
888888888
