235341604
845807273
520720747
401774277
466761634
353232054
216362831
730406584
448078332
004760262
625486844
343057874
028648825
765120666
073301058
187562142
783768114
774858806
642167442
514064676
612011702
117377374
057130112
428334161
061441742
638323053
676824371
860540122
532005751
230105035
834465130
221705404
017741306
240873858
345444055
672782672
370615042
310171643
855576310
413653463
246552135
521467768
247836607
353016306
326870766
223038633
286845520
180115164
371238557
120853567
135507106
052356266
752638083
160517538
770676876
001006540
878267726
657635731
675387307
323674702
817218858
652118280
566140311
574102552
835083800
072625224
240737323
877272237
876033386
053243880
615064837
532376425
744500546
774522063
710047167
117844843
851148104
148606325
210020354
263521484
333814618
583433876
046703715
080474048
712376112
022588474
113236416
756062525
702426273
718228132
721383146
385876747
034250431
173075775
611678760
083855643
186627173
044385318
378021621
716153432
733030211
730222372
107838252
337635810
018482087
316347005
464835842
587745251
457783571
251540373
385003788
207613550
436888080
877363874
688242685
715280504
276672348
507354408
604047038
403440606
701525307
444317786
472548133
337862585
521506833
530582243
083261722
567723010
682235034
134628445
854430024
882513846
158554422
000342384
482702021
108302247
257104458
811442225
324273672
188404563
778654200
784365608
020437175
456557858
151174885
616258518
306306130
081750126
812554181
463108367
644851763
708664373
741801620
800680078
234363747
526224520
550206308
613872166
544781888
068110453
401662180
344210260
623722781
021712370
858864067
002137007
505171487
205010436
348743538
736687446
480246860
455260387
287575382
103776588
837106862
516601182
733487158
510326303
236780222
726208882
538242462
325738486
224616317
428447343
668806578
286766003
884871002
425863105
056034801
024602216
655121813
802802655
464747451
382641617
175770034
607528046
311612602
772455616
443625747
820820438
548850681
660454304
803333642
654402433
075652528
565431550
432730170
637666213
388530316
836574632
880438710
480002115
824077555
331567071
262073004
726826014
340074410
761815468
748241217
604586515
220314852
567055172
555133075
683148437
387321254
831511755
410061226
201211171
187683635
487258766
145118612
775011057
585388123
552570702
308227403
484514380
558778850
162353315
005578668
156344778
681134674
285758871
427470086
582026517
448123225
343204181
208035073
131823416
774810645
067176081
841726841
886886251
367850427
513466457
314138385
007025423
462581077
840644653
787083320
863162050
152201441
751386403
347452311
615205345
042673133
275420542
331058465
605153161
814016421
306000012
825312443
757281785
301460834
851734368
353181260
380725725
587112773
448200004
054222758
435144023
664276863
241024062
038851150
026114065
366813354
146465041
266300481
422158541
182274250
074533440
550335614
010555810
138166357
165434007
156455107
325481566
080518207
038473201
471881708
020800501
540520465
600767805
548847124
508556744
065864286
132800364
820572280
401601262
273557513
222160723
466273447
814500707
513783502
261244274
280171402
314436127
215687568
126571811
173747140
365881132
843150202
045538561
540316071
353300223
028507657
857643347
836881116
324700358
170866460
251535546
100148851
403172712
703577020
130318026
431432503
355843211
274307661
085037741
474423312
820165512
508180135
056680864
316585266
034675577
848672474
726330300
454715153
101854332
363588756
705740383
411085657
873446061
336012477
664624536
437704416
042214505
533658054
105525823
702332465
751641551
552287022
515212516
861675115
732384734
712561318
487574554
078384616
606358274
717403663
412253620
465021308
066087676
517584085
228842713
747430778
315822500
714257244
838604748
637041544
328215713
372783703
881330853
777012101
000081455
286403426
172002830
788810070
783101803
816755540
412320845
124581272
168286642
273763286
054813522
386382762
216184600
201664613
715475435
755246638
141645802
710710731
626461152
660607221
065857322
727746422
804264484
701107215
556588617
425155234
041660648
775154757
835167688
418736732
330441268
141328187
675660475
244634105
618340440
573640037
458405772
713053088
301756656
812445863
501013867
738232754
204701040
882327362
413526178
181280581
657742852
722854386
568165006
456606037
522512088
232877217
767337233
681351476
564358636
823815127
642204668
415728524
650755017
642880810
578608411
143416865
078545878
375437881
228107144
545323336
563846013
585762258
621818681
870778563
481344035
535024144
417800288
163082421
067204103
508818544
357561737
040531082
860882383
688451827
128053368
230268450
668338725
343365566
137061538
223331577
245275026
572563521
244771514
583214341
223643168
405617611
072714811
382472154
186042056
436455325
762542200
033158778
735375240
364122571
661737517
247782760
655414128
443386624
031626002
625510362
262626732
371207614
833868301
142861053
525605670
086717482
868356337
103821205
627216435
136251663
571168340
467522626
570045434
552151354
621346882
758562886
877400515
122706777
032450556
411543784
746634227
046815836
763374851
134712684
566533168
584687304
684068261
400713033
016477523
080863330
750123744
707667364
638084315
111411480
252808502
160524647
181036228
614631057
606102306
138337580
766105723
865608085
365066153
275536255
134446711
776488402
843221676
075623766
454347564
853314535
016546545
764867770
552868178
754673288
060786214
452375301
578231333
603866622
302245146
524474222
458571665
800404137
850453685
666643072
778013883
368754845
143560850
318827884
046062804
785703652
853070148
424418704
688576131
548567230
342046486
533717575
806531473
267260065
203347755
727187508
058058584
360656780
683350500
840487547
273216650
041827355
731785736
774504124
405286275
472664755
562670828
434207827
268411366
635332878
640032646
784843575
014688141
421378418
206120877
521380257
631273321
455812474
271386186
642413377
333627232
651373630
208112628
677835184
224287083
854134470
287587411
112125538
651427060
263318248
047553664
073245467
250708727
888621881
676416783
300183282
806835704
476020260
323166245
442444582
318613175
176130658
570641426
360203836
470251148
258620156
281117831
164468813
725532117
865736605
861002764
377364328
362347583
526613203
628284218
676171530
556831248
241885875
014723837
606260741
410104477
821223451
606625458
883682336
104784167
557007643
185631344
888053213
280265677
460425561
137370103
015432232
174185020
304025886
704378521
247478675
815048776
515351711
504032310
570717256
815610714
303415201
438116536
204450218
385247370
847651030
154071323
817121728
256017714
443712408
541075283
552622661
170268283
848785052
644176150
156825682
221252007
511837437
376272125
177122414
336408143
617713648
053777315
071060417
108263018
073424730
182652487
253744246
322457450
627078107
025361860
836723464
382038448
404484853
210834011
017365155
467311512
580884572
035401331
736472867
477056603
658288376
623545553
874141283
138728608
540288734
331721383
557428206
111403053
827357621
324548010
662488235
127040271
413187031
738885441
140164706
140583770
768775687
341182521
602544727
147277562
037142630
272328070
113752273
557856815
470536351
222741465
584156068
677134826
232051882
643503824
661010185
862768627
122131536
206256362
313666534
