045052271
307743157
424442423
013573521
271136643
337673061
322116107
420215525
300704707
453760660
423243430
161773753
424437512
440472612
513416252
134152462
050666750
672207257
365124324
046611436
020742741
560552677
157464571
273054020
430511237
525174735
171455005
657674701
702064062
223670402
774406330
747665421
025607071
647640460
224134050
242171737
076251757
347205662
234332617
254512247
136303324
542733257
521137372
701210523
253306450
332711753
340516747
173200265
354524735
753615405
673057611
005710501
527123074
776234472
217241300
503333767
521511036
530153260
631063037
444411771
070341524
224146333
227705656
414223421
544310113
167051274
361123235
166062450
660445537
172604640
234610027
663752413
322403011
147221346
376376111
012133462
564053600
236142507
606165446
102731242
237531421
335551064
230255206
211577544
660222004
633103664
025372002
724215163
307050301
056362540
476324660
374720432
302255423
111260221
034737763
223456662
577415456
451221303
127373154
456670205
653170621
237115363
511602436
311051167
152154365
417360103
523007065
346532552
351770715
657646056
075470465
567457075
763203271
014062620
705007037
406613535
701643461
442553345
042145632
024014611
513106126
524543041
654760741
173537121
570125704
475024701
016476745
227045572
031516361
473400076
355733672
254120340
100732010
271752516
661667073
747155536
741730034
116333106
466503762
401525206
264707246
604777233
015571614
253465003
752520071
544662764
200442431
542615152
231654460
357661674
130647234
467516552
771712755
425415010
266467714
737066311
054720153
072632767
762001464
064337441
561456716
334664631
557766354
222062211
376761004
745235616
211632065
305516313
341753742
303377361
705432321
333771324
116554415
502447563
542366447
664555755
241450366
700456402
353440236
337517641
106462126
374764146
563374334
156531536
147400653
416513476
001256447
654247412
517574031
212555002
567642222
566236275
025041437
740427546
373454175
354315071
242372156
555313243
042665240
337540417
165505726
455110654
562112273
707114444
270315250
515043724
437333162
051214456
165116335
304651030
642040123
247561070
132700516
216053423
532126535
502355100
652442077
233045051
317131457
623314445
050411276
641006342
236455143
720677770
020277664
101475510
212724533
321543503
625423563
211701447
571751141
435326141
277611603
420130734
706606503
200162117
406026351
475461123
347447220
226720623
623131617
542527306
546424426
761164502
364433531
511100510
447007100
336034071
160426242
127026500
547717542
451666162
660613133
410166013
000112652
137740733
117417632
113663555
115144270
773205000
530116646
067543340
555234534
100040714
607527154
625766717
246321676
545650355
621442255
267507177
312653234
017626774
065267301
026212417
333064512
621603710
401213310
455771443
606677604
107540366
255375035
110705612
651220132
155706021
471004152
143340476
521222334
526463343
021346221
536502603
322315760
713646025
633672152
635402732
305212246
371666606
460377171
354007054
560075762
412317004
611440542
703050454
506632401
363651243
501674564
431732475
672310214
576140066
117422375
204030134
037324272
370660735
256310174
144643457
244414633
176033222
577725063
141437013
230210165
040554640
374777075
445315746
475235261
002037274
233221574
602457727
555451377
601532133
632665054
622167120
375537710
643465726
714021502
626565137
443535511
327036346
556155331
636133315
033076553
600106036
054635160
761225754
270441777
721761731
737223605
266123371
760165060
362704674
014475056
715215420
745644077
447772501
527537247
102163174
217361231
055266624
434016336
426357117
420621656
712177567
131424311
710436263
535227036
066414402
605442104
614047305
314413746
564734015
443151765
522600467
147123137
643142246
644620645
130611011
445755624
510361474
224371264
212421452
517450322
713431347
636006716
500763332
347735703
611334575
301144450
752211650
713423016
216101055
263147475
074317300
565462653
564210001
266046263
703767506
201762230
725373536
061705313
526766676
022613047
337411566
474261517
474044445
373241363
627610225
355204651
617426237
531653003
744074575
702340344
241041420
414364466
403152641
540547725
431174032
505630543
355026032
165232124
230427221
025000104
516071113
114503300
010002166
444455500
046546566
353736540
252347647
124061363
161566774
123367602
664443066
166664265
536570327
363256157
716374653
453775312
202416057
416525744
250073213
510410047
653061643
152640303
661341457
434554543
041361262
523060321
716357530
151072330
627147364
340717311
147305525
556602147
313716721
610721131
446130155
415604050
341027375
134733002
277177615
567330656
152466656
213500363
571026213
647463164
430157325
235545210
227675331
402562453
750271036
236014255
602711024
103075166
634776362
045717120
032242216
007145371
151356432
534132105
407316467
127450216
027134263
037064657
516635720
305435667
113570107
262257743
612012525
472556771
115054326
017206023
244646165
040174417
155077256
746060003
340042021
664304747
055424547
232625265
270263262
702622350
737414203
033555534
653102715
645215053
313140605
104327760
247032413
335005347
734270476
441707726
620761306
613237336
064031125
377402765
615754457
267600566
570610316
673140174
001667124
164623504
315105173
671564417
202024227
212202145
122414544
267775022
315113515
633253070
074355647
622624016
740500162
351712262
611627462
510274265
441167330
670766273
177665047
747522622
351063171
141714205
153521202
310457116
650531740
575676525
253053707
704511346
544437730
633120047
205047706
224657101
426551633
611315640
134146700
366403455
376067447
720733511
300375522
062476224
053451733
034725237
655007513
457400424
534000651
270674666
022264114
117007751
037352761
261226536
370512501
672752265
505100374
007766212
467011405
771072202
340220630
555562212
146735440
271327454
475166400
061633651
760023306
411473663
617160614
512275342
421660055
610172500
315524252
150767037
723041073
775626366
360534136
763410757
215016130
571315723
107276071
120315033
736362671
400552724
002364555
636603577
005447242
132774077
101064536
321304026
175014114
173413760
104352545
431055026
173164313
763342204
016421324
157045655
234075720
563531214
422743625
736541226
344354014
543506615
732145761
621454606
706747735
717750706
041276374
350154152
751717144
110032427
707251265
640027117
727566725
256276307
073605631
324216234
063707772
243270224
646570441
032347464
242217202
572345471
435260110
152633112
462653076
710641753
402670773
736515413
004462507
071750604
655314160
562277630
544574667
777135011
423524526
442122023
701431430
520464167
422271272
403724370
345674316
640747054
273215622
655052446
760355651
251323565
303517275
222106571
470256426
572464021
630642670
325562020
326713113
242360501
446242111
716720315
063350164
445521750
441045264
137252015
676632216
021715554
264631470
452111136
525305570
727312310
754303657
463675745
257254332
753624131
751036327
102611455
126214376
570275157
240256045
446747362
723752720
506261433
403436725
023216170
144470161
076007326
163544143
072527433
076706650
716277212
337270754
222303632
703700043
453411507
271313336
737467145
400627514
070253673
005621602
260716704
073774710
027552456
334267370
545535463
013025663
150105261
310304560
417453450
330466365
100360461
351101543
730535341
036503231
732474414
467504213
312535566
051377727
152721717
534441245
471330533
127431304
632472601
434250257
765422277
674506127
423112574
714153201
217770155
316075460
461402141
341560144
570367241
736247451
343307536
000465035
325324713
762540653
256744664
602115513
267346411
543746402
451244015
172216617
041435576
275672070
136742165
622046461
710254147
657734462
675147526
462127210
766471772
755121741
513260032
323667411
176240413
777670630
177171776
142375012
523526342
466271531
416241046
440143543
300326440
736732253
205411763
175526623
641611547
534516074
774151550
303441112
032102425
215322320
415762422
321223052
743755075
644010350
074430754
440731260
267012760
767617655
220174523
321247131
177767565
536645035
052301337
401645323
330272441
510444601
222243244
004572636
201120705
326202740
245723352
135353666
643470503
215673451
050041351
143667777
415576006
765616722
022051520
336557155
547016776
752777432
021204500
320416573
642500270
036404556
142564352
175640156
713562243
654203104
245226173
734335136
301016200
221415677
257114221
563254563
437627732
621300171
362031250
213544014
112610066
116445434
371545311
054105407
607336250
060443121
114145022
707531707
603340633
403506061
777247544
573362463
403664027
060005230
155241632
744754102
216252672
631027524
472225402
173677516
674602303
603174537
672675427
055547336
731102176
661723446
561016441
421101324
104313352
044030547
033274635
557445760
131506405
100633473
723135124
244225017
245200741
642562066
656571373
512054504
315011043
723447766
775571052
154076664
262077416
606230420
533423433
336750037
226362436
013604222
424022557
053711061
715557404
237436510
277370443
103565072
225306305
324141672
311465504
423176711
021726760
731631042
474334174
445474257
121654512
572501626
472563236
502515241
276001562
267162544
052250141
070571203
417044134
076656544
316166732
725037642
446726214
101530257
531032562
511437421
164272735
014672341
455612031
656205526
325233407
241502472
303622176
136637426
200366576
261766067
734517107
055615372
273226461
412744752
776113256
722030415
602513730
126407523
476017012
676121145
434371007
460640112
324451444
235431006
605222725
702206014
033020225
664735623
746623551
501235732
571554734
721443020
241264716
767371015
176155127
623570056
415340440
304735474
022540202
633660436
524435357
363200520
747176053
004003644
350740463
776660242
457151620
175412557
671357507
556043070
342436174
152752052
444636016
357372206
676112721
110050170
226527470
772305716
400514111
602426110
766466527
550477305
077033660
742671000
131035715
452557664
233472037
345744525
013072777
677055252
561711663
414267644
047662116
720426055
372233043
407467201
067420671
677575574
254342752
032063506
527561101
512647011
600460252
712533313
426072244
174066471
220701222
124250405
656120213
732546170
135130611
775134664
625021371
610031076
667402314
333032143
150274344
150002572
727404777
517224540
217625123
326656251
575300635
454563052
214520216
044273532
463460534
665354036
417763637
541144645
060760414
035323014
344167545
144727621
010151215
013313230
145156520
432361652
471172527
700120531
261170173
063106205
125631461
156057063
041614763
424325122
366426701
351331211
362500047
151203766
003133101
576500454
722231027
447652367
163775571
764140724
420405753
073550745
007771104
610505435
564756232
503705262
402207541
775125130
256425615
556476574
340535675
723617533
735666235
025656413
654510475
765034103
550673022
476266763
340101400
463422362
462134766
502050233
635350105
417335414
437212106
706025422
373606314
506734144
456715603
167060012
544102012
030232077
655133224
172176132
162155430
050716425
764762366
035745102
350603645
736163022
354053266
201631116
710516350
754605244
337356577
464341330
116230574
615661344
076343701
523632270
247710437
056663226
630541502
327625242
104301123
670431625
153535764
647164200
472530607
672771613
303156224
533534023
064042474
043504737
325763261
120103317
020753135
371420107
643013431
714107135
612356612
503163520
500207213
214441136
276540271
755563573
740373442
420353300
135446261
314124041
526470410
334742644
563325527
516542374
143736353
504534200
252664725
205254013
271161012
605374472
461604605
211025314
505514065
433407610
161243377
733634217
362674035
176262532
325603524
135573542
707320475
575175672
535617561
316637277
702714637
277420260
271223727
236231240
643364367
311203217
155223211
414033753
347231115
346524063
642126377
357304315
042417365
503301340
334347513
364202616
153604357
441352770
274234235
252155214
137275643
632726251
705167651
270500610
466337252
002203160
103401467
701576112
062463777
435205504
156134247
412236101
077703445
255732044
623075634
761103350
352660217
411046473
737306266
456333021
352147251
533314600
172130725
520251714
004673765
253160516
000510260
601033366
143420744
125244747
322534422
011734626
450150567
611301703
547355754
712336777
643432454
762552512
216772703
452025147
241606051
015736364
107023056
100206600
406660611
066255461
644461432
756505302
323405322
224505712
311756050
750642266
472571140
752003200
706442617
401062665
567510124
724556154
770032375
100242553
133322401
624725776
240654571
114404017
157773520
315657640
073512312
325012475
127261610
422545367
213750617
056056102
546100733
551061752
231006123
570324052
437765716
760171227
710537522
327314531
345265127
504545173
740310624
354274222
765367024
111722244
711453735
646300052
061040707
607072516
732412342
635336067
651765434
045327407
426346072
366352342
001501725
264377355
306137160
455637176
602474246
745016657
343143717
272535320
343055650
711727677
057117045
464656324
011455220
140224502
510517163
603437672
171543646
717232654
145306764
757756137
476102272
045255735
724434141
033536647
077647402
507240641
772253561
677620553
203534756
623467547
140357257
464515631
732643515
372444616
412605164
203272565
046477206
662413652
010446457
265572132
772524105
406135304
564020317
366007602
675474300
030454004
677156113
212122661
632154703
774741301
540302455
762226425
142302241
501404657
554764403
015330127
442210077
660207340
742357603
702572025
426061715
567344703
464161075
263415341
401260404
452434635
622635743
554755046
465013626
353556673
320520451
354152777
311314407
473777154
505677417
532020440
071472353
647246107
157507446
104237527
045401312
714600413
725311754
230563130
273473245
437340025
675236776
556510632
605555322
537720112
260047550
754330065
605343045
173326010
225721167
761056175
245466246
510636004
254634507
065605454
101146541
571244120
203452253
273252104
470021064
453347773
417657226
452262327
712053156
374135742
142651564
266731726
375410221
661411115
002336003
277562667
323170260
545001146
770463007
257602210
312143320
212430023
166140232
762024541
410342535
550127670
306275705
163741255
100173702
170335367
477630471
477073377
566001021
364765550
170534045
601271151
705406156
235161473
445033474
467050146
212713377
675644232
603545560
531777167
035440073
216034737
210475473
132041372
446760546
450406040
437605440
276200137
423623267
146237701
130024435
230760343
020506216
370025271
327452003
532037331
756627323
210307334
362262761
725775215
660361722
575623171
136463200
070046015
002700452
032070117
023657327
220636140
122002006
123630635
106717216
050627006
453577030
142112300
577303204
524201150
602302417
132522220
625625155
411642100
502176750
663022530
756055776
442056030
205171201
510735545
101403034
525111440
061710040
734614452
114536672
505531631
213727745
731321510
767307433
766250644
731672423
226374741
627571645
503440000
730430100
473414651
704351674
620650762
073015706
007616320
132067625
465716073
155410412
352422333
352321404
031141253
671062744
357206176
300653326
265064045
166336631
546171344
071565050
344423367
555664646
513610623
771204243
033316416
515230250
755042733
027417724
166247666
215556221
744407211
615040017
136111170
043046740
012775201
520545400
013567176
120727413
313462470
327470132
554460014
266233434
346047753
007515753
221464354
040063711
772673754
306176047
730204061
604761177
002741310
251007660
577040527
564473112
341151276
446431037
677765601
244700375
352601062
540651107
061302075
521707404
541542530
715450051
654432261
512357765
371337665
365152451
166300110
665266555
401047040
360547267
614712006
202505136
164474273
630274712
124642315
465054410
032161030
366523127
725665303
025113776
066436153
375441035
301360777
374412374
725246253
345247604
537117710
700443574
444245355
624200723
325226645
466055554
001634245
004050076
255211314
377023733
056173054
322370545
513772130
301564623
104553213
047363005
545206222
531317256
436623643
034646571
061051032
530160071
731740621
321670627
565024266
326341727
362075303
554670531
137204127
711504611
626366204
726177403
047146424
510540556
351257205
302567102
127476427
204126262
471371255
602536444
116243750
111044662
030675174
463417223
050562471
773671165
571201315
741452524
434566260
360014377
351434702
340336202
242026512
043772426
203357146
720100606
504111217
431724507
212546346
573037400
574414505
516753711
542750421
330702350
726601174
063561365
103712102
761645546
774216042
041553123
630372026
742131351
114737114
345332334
664754371
350044506
121567551
047351373
264563625
605263136
610473311
670517020
704760225
624104562
146525116
430036661
235116751
407065543
155025403
003217343
755224375
315715336
573016534
350751521
022705127
666114540
006044365
463761111
657543627
425613102
553322356
556054617
616216124
266224152
346175221
333167063
261043142
410655037
662076647
267006634
053230272
660554464
325571176
344456626
725043165
342472560
423064233
170117466
103541624
006143512
651643335
663542321
720440313
276502046
322120312
334560005
164604132
611230667
176257270
140541171
772322034
121120426
157446114
405131556
057277470
047075310
551274673
265320462
361366253
713204434
702762141
451027231
440575454
365706100
127641526
602325656
515425511
050017633
107716645
051426126
365553270
327174604
677416004
360373614
631730756
651145663
666122467
225137414
606267015
516222766
015347655
360550315
362713206
635755540
371754227
226541352
450020622
576217367
023511404
521075105
537575202
776076435
101561160
306464234
250153436
501253555
530011154
121306613
303201056
622672374
776220506
377227216
204167004
327775567
772716403
521762013
677736335
424606273
646354523
456427104
370211132
607255617
443060417
601575747
336360166
257213153
415202233
766104416
364241505
426435166
211730302
375020544
320634301
540267000
252671171
527322143
036147146
055770230
437747277
535704442
041324631
564157153
130323747
014701716
201735053
725364240
404123607
746325267
271217071
657303541
265465170
452016414
374221624
466542005
233153112
652153572
365342063
071671411
121052153
164216453
422250513
332350222
124154637
676435541
170744474
304217751
733503420
676157432
156266445
363137554
401331627
251443201
225634673
205150427
357365130
733327626
207404102
573141511
155754600
053425251
716210731
001054751
240603237
663610304
624433705
076744133
064751567
160645425
474270020
175717743
676507675
152167742
165421525
774545532
244504254
766510565
415373775
474672434
242457434
757532560
144044216
746112035
536151406
523563754
537456464
131625477
413034042
454000115
655341716
664127634
315671507
373310552
510773406
663232645
523444224
537215537
053727614
426573550
517637353
305750114
244122406
522741577
113601033
456030343
313721072
566577043
542430642
603566703
324410600
227001743
257026245
161374420
272241556
325752532
376710770
350061010
542573772
664366116
363613462
757122007
672376566
637341140
534452020
317021611
673267424
373513037
625135032
500030605
502200706
742276746
721455411
074471670
515742205
756302225
213145140
656552011
403510422
256430451
145462001
662661201
061437337
125424136
667005007
320462646
237126026
503527711
761412636
146740607
144762272
720056566
047412050
501702521
714570334
230433372
117433041
620662457
627166041
524316526
216643117
347311022
562701135
554122524
000521017
567667160
761524030
717172742
212633600
550432173
777543263
560232311
250700101
077260125
270566455
006427061
502032047
434057172
457160372
721410264
346256310
045703203
414446204
716734000
074320511
437354356
366227573
516465155
646511212
164617347
460623720
405312155
711237740
424127743
724645650
145311503
620732164
727003452
765201323
276454212
231435234
526365061
214616514
250757655
051350013
627702070
021062376
654004420
075542147
752400355
247124555
171653424
462217356
611700025
547571416
624612632
012644430
124417155
227763315
745737455
073121234
650773147
053241106
017776536
202703713
551245247
256611520
300413105
555065164
617312172
537233226
363146030
514251273
160151056
327277323
533046367
326422514
646762320
441574321
437224463
056141775
104614706
110467320
123422650
376122050
175120002
376405203
350617127
357107637
774724767
374323006
426206621
236213016
033213752
142033633
120471765
561160246
013740331
227572273
107056722
326164557
334114764
167333513
275523500
620451230
166746044
205644340
460536027
440713036
613107001
105734771
132120163
622530531
224324377
263756525
644633121
542421015
473753001
066606367
313042316
134173655
575427255
043261441
370243510
103235203
251262641
403551357
446250722
552124411
477750310
045150044
217163756
571441403
645035505
734162713
304043402
271021635
374460563
272542715
367445443
172040031
524226707
760646331
042107056
663550237
375722317
453252066
655616207
226472325
014017467
146172513
204704031
761037056
567365345
650714013
657167453
275425024
155527165
523343116
226510706
667136506
421276465
124345207
172220354
721240772
670123651
115107362
766702534
272401114
752423624
052130500
524153722
573655215
420151471
452172704
644615266
613265573
463732236
606551766
405400562
005220316
247434327
061131710
213526557
043102561
477614524
741002717
024407436
627503333
573551472
647014665
615670676
153542410
412452132
322426266
012064343
476532331
126663014
170721540
435307757
152435270
751657457
317043275
517432717
500376133
471567705
150146326
704507564
325240566
315565441
476311441
604450335
645170710
534415662
350652414
373561251
743207153
643757222
653211235
754452605
547546251
045432743
230324103
106215060
465430375
321172756
712601521
031223541
737012024
255620637
223642734
237216472
574123465
271763103
603111362
317210010
663306574
525675044
240755110
642314751
055132355
716155665
325466452
076637030
122362573
677132440
767673107
376012663
271570762
666431360
667070775
522753364
553246731
053013124
207264451
710225333
440104074
020045626
464612250
417531573
030470731
575544353
002016146
205706277
427173446
242511125
440526135
604240264
063070342
605456571
151157110
451500242
016501142
274722125
072054466
222230176
753212511
277314017
410175366
403165255
515634162
416460267
524637624
063763023
512455676
543012207
016452563
021620233
165355304
765027715
411003501
517211461
162401700
130405336
420544275
433320313
602065370
152201224
730422764
743424607
121736125
464320044
263512654
263671317
554101366
766675233
224661046
244153063
755050360
517256635
374646240
551704116
351450570
361345124
043115027
645523247
073323142
046370615
462547442
171460440
454326570
775370371
476041107
262440105
235237552
141741066
560154741
526755452
020004473
324362151
613024406
016514057
165203005
472505555
311523761
733222232
355701734
745510233
626317322
230170450
773425773
352732126
217504720
363705437
637556032
062615616
662360665
146506077
172356343
401571074
155376177
403230147
737071447
002674307
522074053
513173357
245157772
505145057
444274703
203266637
414753574
125357721
260740076
565101607
562313010
666563356
110634256
060345042
437631254
716521437
055576763
656162602
736713330
207772347
166371246
114650654
263375606
235454535
750501515
027621065
136626052
265750750
275033057
610775724
214130771
126170075
226504165
057772665
644572205
213274371
054253025
300727662
765555167
360635013
327644170
525546514
130450423
532552746
271745465
600164321
027525607
130656775
160135644
651005275
601463425
245736531
301224165
445040551
464564307
620607505
774363120
246363760
304626305
572617444
473573413
342123646
360776472
630337410
403071210
516726027
361714151
561175414
106321557
567421734
775433446
643221120
702401273
520401541
225652245
032234720
361147306
145760135
112273123
343600201
727327251
744144360
360511423
522777226
571227642
732303143
121421047
220312542
670130512
614666663
211104206
056126430
765343312
201646672
277622741
677423326
341557617
152113427
121755370
454233546
200201475
656010767
763764744
312406643
735240307
474242662
470764531
734346427
101377006
730267617
060132533
115642621
601307244
123773232
343774641
267130035
747130277
117706460
435271726
356071237
017262362
701756363
120572534
571047761
137301412
522242060
225125546
302706565
316225657
637621307
257332371
735151332
136751614
470162354
074265204
736560750
035374323
241713614
512503537
152071045
473701642
430363215
556116115
712241162
167612476
234165241
140461214
174736266
061727105
207133622
051020464
374011416
055463060
605701355
160031501
676313073
773442041
343522445
371767352
517162025
737435722
300670244
736450275
061676130
664544610
055735411
455143361
133523376
465242570
263724201
761530401
570331736
677367770
146607335
462332400
501067303
312677722
214651362
040771555
032667312
040466603
670422472
401422573
145377340
761333247
432602207
065036217
342034745
305163743
071332422
474257333
201332504
076765375
442714143
500041466
002225577
652766000
132251731
632352330
003614471
055167277
776546604
645643613
631031600
660477756
455676610
113466064
734221053
614477140
000123223
503264276
764376501
026132026
645251661
577566546
175151263
256127757
264311102
036225300
446674172
726332762
105062342
037133744
413766305
343530326
715017576
644156731
611457374
754736712
613741464
535646450
071304364
214237403
222647453
646005161
631537271
335652373
404275114
646652134
130010202
053334566
054206311
363324655
225543426
662511576
245767663
352164076
675272163
202451640
132315121
454362633
506601665
016540723
047630332
543134110
743136466
774050623
060113364
253402626
333344137
220037236
504212470
444742737
122666222
277366322
303325734
527006117
222460730
244575343
020213201
704723410
225317066
313572662
136514722
207144767
554265775
735654124
736375040
747473676
463525053
432773131
666343220
356746371
644703556
046013672
736776106
244351451
311472231
235333733
224223660
510021220
531607745
027547013
304302232
032651677
135415774
762565275
434403126
063577457
771613570
600004554
666204633
174542054
571463674
204012015
757116662
556367706
216745521
342330453
663601650
071406517
006475623
565713737
753514770
556763567
777002131
222152357
027300557
102645737
636240745
426444700
564322771
454035202
742341235
311122413
015023335
336566424
707636164
147757176
075705566
201305761
667251442
555550701
730007703
410052603
016605515
446517527
422136245
001542062
376470346
664770400
713661612
200503351
071657776
551572057
310500774
022155073
155205140
723271540
621327035
546117471
211747213
655144405
015534705
746533724
065722056
730253354
221255064
116676370
024222275
527213745
263231062
766634354
142324170
227513564
053607463
545333620
341636437
701322746
046214244
324004205
566750303
762110111
772634536
621616353
677440711
425477631
147764024
406473716
276664053
533641776
356707410
042353517
052416531
360000153
436770464
104740140
702317220
666656405
435710245
113714567
410522070
502620125
357225501
415056545
240202514
272606702
214552430
152217575
664013245
140255321
222767072
714743033
452756223
277676257
256713442
704772552
522021662
404305376
316346554
003743666
731255630
564065033
614355561
757544042
065444634
406344243
012011734
533073274
452624274
506624312
750560204
040037062
300257074
011610175
073156351
515244416
536721361
642425204
362641714
254537026
234244324
631543114
426116360
767513716
437446642
014627550
670070106
477032726
553300722
641143002
326335235
464007361
360103576
252354473
623000212
766506240
466614717
240014446
160167203
146410530
046233363
515221104
673224515
235360254
651053654
472027676
520236652
704344056
371577426
061217512
545022614
640616072
201617267
034650710
115600247
304330310
427425435
326530664
457603306
045067534
462146154
644343374
305473354
235772266
447567656
661072061
101171633
233561742
506725530
455445225
276337313
216264505
741517460
360453763
501754072
331425740
316003036
542661323
056264031
334476217
577372550
375611350
110511605
120053042
156423732
556277121
254761535
446704451
312363057
345343256
146271452
523350077
361461321
675453637
127553671
472707060
502636376
352017340
722132630
015550572
641174166
122710250
423301206
264022643
225770574
660115401
621711472
321431653
771775337
720512067
074133327
210131564
202573467
364427022
704365702
467202457
136600761
623406135
227017307
576643652
326024330
001315117
566265612
413125532
565560330
700005145
112205456
247347132
124165454
572722600
503342572
726750161
613030151
264113557
454601727
762133004
771476721
747621213
233626330
416254364
635677220
016616601
431267566
266453506
243127164
527031535
741605673
701252001
463644456
153516055
015060456
214005157
432630360
577707371
353515142
164045741
721344567
471236054
256404370
127232231
010364132
303660353
601621270
244476002
062243403
273303523
516017645
173005444
644031714
737000570
614424353
366662103
717703124
002160626
656717551
273435417
101112077
345625533
176302753
456131412
065564516
156324005
110665101
636525621
440051316
635244171
651412400
454420766
513623702
172574261
156103673
561405565
300571650
174763734
675501401
541165553
123254051
341404130
574731522
112006215
103637044
100455154
277242033
242462675
371126572
703334305
604625431
062121172
222326724
350115534
727074126
366030516
326623775
540177232
474715057
705075600
740444732
533666113
672704322
126777357
343732067
503074425
112327236
473645577
743213064
422366331
351175000
141163661
421532616
304521571
247257560
607353403
370300427
100077641
047320720
546715765
053345320
406015277
061562227
630523065
155331050
441623415
047001227
425261034
071411742
103650521
564336363
464776656
124510517
466620336
067327366
503462315
774170147
607124673
563443647
424073035
552332515
543761634
530722576
020110143
600135765
335070433
742707347
264174442
437703053
253474552
431112211
004434413
713076144
564406477
