32153333
21540023
50353415
11030241
35314215
55142053
43324251
40520040
45053551
31552442
34455002
21235150
41115202
30000252
34233503
30345512
01224143
35245435
20512245
40113134
42213000
41553120
42131011
52541510
01151531
40504303
14515214
12120551
10102231
55531125
33201453
13045345
12042204
22411130
22204024
04105343
51344321
55055020
25325304
53012424
43405240
30422404
22002340
43023015
42043443
25312431
10034022
53505051
01333034
43215313
43141224
05140314
03524432
12450015
15212154
45230204
35401312
31441420
44220455
05413321
53350334
23354113
52500143
32521354
10444114
13452121
14540150
50024200
03155455
10340403
04414554
14321534
55400535
02323242
31301005
15523343
52312112
30115021
33010100
13232302
11305144
21120112
35134401
41032514
03440142
11022130
01350225
11203421
41425033
13013253
24534530
21455411
50321023
55224011
11244552
04052500
20250505
11011412
54311400
31423151
42150422
54045533
25020233
23303520
34551221
02535423
44114320
20042151
33532234
30130145
55153244
35332540
53021141
22103101
04200001
30331331
31410543
23211542
01400350
00002413
34242044
40412352
40533212
13204135
52230032
32454250
44521102
02113515
13351050
51534253
04330412
04112032
20054434
22432003
40344035
15133532
44152215
04003122
51443232
05101200
45335052
13125103
52104352
54222222
10223510
00144440
22225215
10211325
44031250
21051303
25341555
40251233
24433315
05234355
00351104
30503430
54442105
52334444
15424425
45014044
42205531
14441243
30511113
04044211
42034105
11332455
23420054
14143025
04241330
