005052271
307743157
424442423
013573521
271136643
337623016
322116107
620265525
336254577
453760660
427250230
162772753
424437512
440472612
513415252
137152462
050666750
622207257
103627670
264002344
020742741
570052627
157444571
273054020
620147152
574107737
700254125
657674731
702064062
226300400
774406430
747665421
075607071
577656067
224134050
743067732
076251757
347204602
234332637
250222137
133007227
542733257
521137372
701210523
133702175
312771353
323656747
713602546
337501735
753615405
113055311
005710501
527123134
776234472
317241300
115565763
521511036
530153260
343667757
444411771
042341524
224146333
227705651
414223421
544112130
167051274
111712005
436062150
470446337
164604617
234610027
625057611
322403011
114221346
331546633
012133462
501355601
236142506
347114245
772731632
537451521
435561366
541310270
211675744
660222004
633103664
025372002
724265163
307050301
054362640
476324660
314230432
302255423
111260221
034737763
223456662
577415456
451221303
024373451
750365456
353573525
237115363
511602436
311051167
160216762
417360103
323007065
346532552
351770715
007245736
025570460
567457075
763203271
714012620
501067137
406611535
151446755
772370216
422414372
024014611
513106126
554512553
273171621
173537121
570125704
252074701
665420127
227075572
351612361
473400076
355733672
154120340
106673361
271752516
661667073
747155537
741746034
432475517
067177501
401525206
264607276
304777203
040177417
154416013
752520071
541603723
200422462
352615652
231654060
357661674
170647233
467506552
273310755
423015110
266467714
737066311
054727153
770566227
762001464
014531644
562456716
715664661
557766354
612062255
376761004
361231601
215035265
311512323
341753742
303377361
705532327
333771324
116554415
502447563
542366447
664555755
241450366
710456302
352420236
337517644
106402126
374764146
562374336
656524536
147100663
206246476
031256447
654247412
525071371
212555002
567642222
566236275
025041437
700427346
373454175
354315071
044057422
553315243
230665542
337540417
165505726
411110654
562112273
704117714
270315250
515043724
470333162
051214456
105476325
304651030
642040123
247561070
131500567
413704423
532126535
446463177
652442077
233045051
317131457
623314445
050711276
645306342
236455143
720677770
020277664
665275210
216747637
131373104
625423563
272202401
220341644
435326141
477611205
420630734
706606503
200162167
406026351
475461123
205407620
726730543
026161127
542527306
546424426
761164502
337633530
511162710
447543001
336034074
372045731
127026500
547717542
451666162
412614733
154661743
000112652
137740733
117417632
113463535
115144270
173061177
530716646
067543340
555234534
100040714
607527154
225706047
526104201
545651355
661442255
206557344
312653234
017626774
065267301
026212417
303034512
621603710
401213310
455771443
606637604
107540366
255375035
710705612
251105722
755406461
471004152
110340676
365216234
526463343
070346271
536502603
117152707
713646025
632672152
635402712
002300121
371666606
460377171
654007004
560075762
212331225
611440542
364275141
506632401
040264253
501674564
431732475
232056674
576140066
114172377
206030134
037324272
760062735
254556156
145643452
635117433
176042625
577725063
141477023
230210365
040554640
374677073
445315746
475235261
002037274
103225212
602457727
555451317
556723170
460263144
522617460
375537710
643465726
754021302
162762517
443545011
327036346
700053431
236577315
033076553
600106036
314620160
761225754
270441777
721761731
737223605
226123571
710161660
362704674
014475056
730245420
745644077
452677431
527537247
102174175
201276532
055266624
434016336
426357117
420621626
712177567
131424311
004026742
535227036
167434402
635023414
514047575
314413746
564734015
443151765
622047750
444130106
643142246
644620645
130611011
405757764
510361474
224371264
317751425
057630712
607615321
636006716
500263332
347735703
611534073
301144450
746211656
253540111
216101055
263147475
074355642
517160633
561210051
266046263
626744002
721060210
723273306
611013657
526746676
022663445
017411566
116041541
447363522
313244760
627610225
775204551
217476237
030653603
744074575
237607122
241041420
414364466
403152641
540547725
431174032
505630543
355026032
535535627
230427471
670406624
276467260
114503300
550343467
444455500
000576560
353736540
252347647
124264060
161566774
123367602
620540301
160634625
536570327
363256157
756374652
513070613
711114325
406502744
250073213
260410247
410762321
152640303
211321457
434554543
041361262
523020321
716357530
151062337
142145364
310437751
147305525
556602147
353716727
610721131
231544545
333423162
031421150
701673242
277177515
757330606
152466656
236060672
574626216
647463164
430157325
235545210
223415331
412474455
750271036
236014255
602711024
103075166
634776362
045717120
072242216
041635155
011356432
234056505
477316667
521350246
027154263
037064657
516635720
305435667
113570007
262257743
041771574
472556771
412060520
017206023
444646165
475174434
165077256
046020006
340042021
644305413
055424547
572625061
240202716
702622350
267561533
137545554
054502255
645215656
313140605
562554160
743263440
335005347
633166771
532507314
620761606
613237336
064031125
377402074
615754457
267600766
570610310
673140174
007657152
164623504
315105173
672564417
202024227
212202145
102414544
377350632
315113515
130236317
056431641
622624016
740500162
151455262
614627462
610273225
441105630
670766273
177665047
747522622
351063171
141764205
153751502
310457116
650531740
405602465
253053707
706513347
407356730
633120047
411700476
224657101
122531153
611314640
134146700
366403055
776416150
475264715
362665226
062476224
053451733
034725237
655007513
457400424
534000651
270674666
022264114
117007751
037335761
663254426
332012521
672752265
505100374
007766212
467011405
534773011
340220630
555562212
146735440
536320454
475166400
061633651
516313301
411473663
537162204
033455334
421660055
610172500
335526252
150767037
753111077
705126216
360534136
743440157
215016130
511315722
645226650
120315033
736362671
400552722
062302054
636603377
005447242
732713055
101064536
371304026
175014114
173212730
164352545
431055026
173164313
763312274
016421324
157045655
234074720
551534150
422743625
243650241
344354014
132504615
732145761
361300421
706747735
717750706
641274344
630512777
751717144
075033524
707251265
640027117
727566725
256276307
073605631
021105345
063707772
243276424
653633317
032347164
242215202
576344127
634063240
162632667
462654061
610641713
241016713
032515113
004462507
073750754
272650575
562277630
544574667
777135011
720524524
442222023
701431430
520414167
010320277
307624444
335625376
613747054
573205122
653656443
334356055
251323565
174517265
372065611
470650426
572464021
633334522
365022020
425502163
242360501
446242111
711365315
063350164
445521750
741047224
723233615
676632216
024740352
024525474
452111136
525305570
011723672
754133677
463675745
257254332
723124133
751036327
124631466
126214346
570275157
241076045
457277067
723752720
006661473
303436725
023516140
144470161
074034231
163541143
072527433
262163316
716203211
337270754
232303632
703300063
051741517
271313336
737467145
700740517
076211525
005621602
200716704
073774710
006752446
334267370
555536433
063025063
150124251
300364560
417453450
330166165
100360461
351151543
730535341
036503231
732474413
467404246
315507104
051377727
152721717
554441045
471355533
127431304
236471601
434250256
033632555
575056101
746015344
703041201
217770155
316075460
461402141
341560144
570367241
757475113
343307536
000465035
325324713
762540653
257744664
772161514
267345411
543746402
441450615
312216617
041435576
176672030
133642165
622046461
710254147
657734462
675147526
462127210
766471772
725121741
752640542
332737476
144275436
437671575
177171776
142375012
523526342
467270561
466715132
440141543
334726421
735732253
212424725
175576623
641611547
064314775
776655756
115411410
032102425
673372705
115762422
331205352
743755075
334212536
574400720
440731260
207012760
111111141
220174523
321247131
107667515
536645035
552201567
400747323
330272441
510444601
222725244
004572636
201120705
722632641
240720352
155353666
643470503
215673451
050041351
745220477
415576006
765616722
655071522
336777565
547066776
422775432
221576230
331417034
134135570
036104556
142564752
171660156
713515246
520204032
115226173
534335136
741516200
221415677
257114221
543250513
437627732
031100041
632231263
753541426
142710066
716445474
423241613
054105407
607336250
060443121
114145022
300061707
605710633
707157010
777247344
573362463
403664027
070002300
615263702
767754240
216252672
636067524
253527000
151077516
674602303
603174537
672675427
050547336
731102176
661723446
265516741
421101324
104311352
144030447
033274635
557445760
171506401
100633473
753106254
244225017
403643561
642562066
606071333
512054504
315011043
727447366
613557207
154076664
262077416
507414130
533433433
232752007
226365436
013604222
424022557
027730071
637115270
237436510
277070743
333255700
415347017
324141672
711415703
423176711
021726760
731631042
274334174
565177162
121654512
507312614
472563246
614146243
276001563
717662064
057650147
070571203
417044134
047646505
316166732
711556445
446726214
101530257
531032562
511437421
364272735
514674341
553351151
650230122
325233407
241502472
173245506
143024375
704463551
034166067
734517107
055615372
040626344
412744752
776113256
232765404
602013702
172447502
476017012
676121145
404721005
560660572
324757444
235431006
605222725
703051514
036470265
664735623
741626564
113143444
571554734
011303606
740723773
767371015
070331176
623570056
415340440
652265744
022540202
633660436
514435357
363200520
740176353
004003644
350740223
356645064
757141120
175412557
670357507
556043070
342436174
307234042
444636016
367067601
676112721
170013273
036532007
775765026
400514111
602426110
766466527
550477305
175101231
742671000
131035715
452557664
233472037
345744525
013072777
677055252
561711660
414067244
775662730
720426055
372233041
407426201
067420671
677575374
254342752
032063506
524561101
512647011
605640042
712533313
426072254
144066471
320701222
124250407
203416076
605647133
135130617
421016447
665341037
610031076
667722712
633032143
255514444
150002572
727404777
517224544
417125127
326656251
575300635
454563012
214520216
044273532
463460534
675354036
072213607
046144647
060760414
035102115
304605615
165707641
010151215
013313230
145156520
432361652
471172527
314110526
261170173
063106205
135634461
156057063
061614503
624124122
026022101
351331211
362500047
151203766
003133101
554555721
722251027
041640211
563335571
764140724
420405753
612570513
007771104
610505435
564756232
503705262
402207171
775125100
350425615
556472574
240535677
773157341
735666235
367013553
654510475
765034103
550673022
476266763
340101400
463422362
462334764
502050233
637317105
417335014
437212106
706025422
373606314
506734144
471015605
167060012
544102012
031262737
655133224
172176132
102105440
504713420
764762366
035745102
350603645
735163022
354053266
201631116
710216571
634601554
330416517
464341330
116330464
615661344
514376061
523632270
247710437
643334203
630541502
327103314
104301123
677731624
153535764
744461142
472530607
042772613
376152224
530131023
665042434
043504737
325763261
420102317
020753435
371420107
643013431
713137135
613356611
116061626
500505214
214441136
243530370
755563573
450316505
620353300
630706523
314124041
525476415
334742644
565325577
516542374
123736373
504504400
252664725
205234013
211161012
600375471
461655602
661025314
505514065
433407610
161243377
733634211
362674035
176262532
207603074
135573542
707320475
375172675
535617561
316627242
702714637
277420220
271223727
236231240
625364337
617203264
655223254
464033753
347231115
347563433
642126377
357304315
042417365
503301340
334347513
303502210
543604363
541232770
574144435
256155217
137275643
617710211
404167422
270001610
466337252
011243000
103401467
701576112
023403170
435205504
756361123
412236103
070723545
457352744
623564604
761103350
352104263
713042473
167521337
456333021
354574151
533314600
172130755
526251713
004673765
253160516
006550050
252335336
143420744
125244747
322536420
011734626
450150557
611301700
547356754
712336777
753035454
722552505
246672754
405726324
241606051
015736364
107023056
400204600
406660711
066365460
643461432
756405002
323445322
774503075
211366070
750642266
472571140
752003200
706442617
431565475
567520124
724556170
770432345
100242553
333362401
624725776
646254571
134306134
157773520
515751640
073512312
325012475
127261610
452545347
465104627
056056102
546400233
551061752
210066422
150256636
437765716
760271227
442205016
727314031
345265127
504545173
040310624
354274222
765367024
111722244
625050024
646300052
061040707
607072516
032416341
735570646
651765434
245362307
426346072
361352741
001504725
264377355
306137160
455637116
632444246
346667625
336143717
272035320
343055650
717027070
055117045
064156620
417425342
046664210
510517163
603437672
433747500
714232654
345206764
571033330
476175272
025255735
421734347
133356745
077647402
507240641
735557253
677620553
233524756
623467547
140357257
144515631
411446736
534147656
673405164
306353305
057533105
662433052
010446457
265572132
022154655
406135304
547133305
750577702
675474300
030454004
677156113
212122661
632154703
774741301
540302455
762226425
442254267
504407657
537764477
215332127
612300674
600217740
742357603
102243335
523060765
567344703
466113670
465462660
711620404
456434635
523115503
554755046
465013622
353556673
320523756
654052177
775314402
473777154
505677417
532020440
131370352
647246107
157507446
104237527
245400312
714600413
725311754
230563130
273403345
437340025
675236776
556510632
605555322
531720112
260047550
744337545
647471047
673326217
225721167
761056175
711327151
541156004
254634507
065605054
101146541
420227477
203452253
273252104
470021064
453347773
417657226
352262367
712053156
374135742
142635564
266731726
355410221
621411115
002336003
273112636
323170260
545001146
652134145
254605220
312143320
212430023
166140232
762024541
410342535
735307260
326371442
163741255
207741736
170305367
067235676
377073362
566001021
314765550
170534045
607271051
705606356
225221673
445033474
760477650
262723371
675644232
603545560
531366213
035440073
726035717
555472406
132041372
332351475
450406040
447602140
276200137
423623267
146237701
130024432
230700343
757461256
300725375
327452003
753757531
756627323
210327334
425352324
725775215
163131727
575623171
136463200
070046015
002720452
616704747
371022277
220636140
122032706
531522305
106717216
250132061
153670030
144112304
577303204
024201150
667737161
132522220
626135157
411642150
502176750
163033750
756055776
442006730
205171201
010735647
107377434
546073540
131010636
734614452
114536672
025531345
513727745
733321510
767307433
766250644
731672423
026374714
657171625
523440050
730430100
433414651
724454247
346040453
272716161
037516060
132057625
465716073
150410417
352722733
352321404
031141253
671065047
531206074
001432414
136053467
166336631
671501362
071565050
344403367
555664646
075360525
171200643
033316416
552270250
755042733
027417724
166247666
215556221
744407211
514010037
167715324
043456246
012775201
260645406
013567176
120727413
313460477
307142131
554760014
266233434
334027704
007515753
231464354
040063711
772643754
306176047
630404061
604761177
002741310
557602623
577040527
564473112
341151276
446431037
631776620
244700375
252507012
540651107
141342163
521707404
541542530
715450051
654432261
412110765
371337665
365152451
160020110
365266555
401047040
360547207
412712041
202505136
164474273
660374342
124642315
465054410
032161030
321023123
725665303
025113776
076436153
575273042
305360777
307216476
770743650
345247604
077737270
700443574
444245355
624200723
310226543
462055534
231717773
070200045
255211314
367365267
056173034
322370545
513772170
301564623
104553213
167153135
545246222
674210673
436623643
034646574
061051032
200376011
731740621
321670627
565024266
306341621
206310433
554670531
134204174
705501631
626266534
726177403
407146413
510540556
351257205
302567102
332244057
620715254
771301255
602536444
161273017
111044662
030675174
463417223
057062431
773671165
571211325
063452014
464541261
360014377
351434702
340336202
242026512
075312274
203357146
720100606
504131217
431724507
212546346
573037400
274567461
276773071
642750471
330702350
726601174
034501666
103712102
761645546
774216042
041553123
630372026
742131351
114737110
143333331
754754376
357546506
121567551
047351373
264563625
605263136
631377767
670517020
704760225
624104562
146522116
430036661
336311363
407065543
155025403
003217343
750234365
345717336
674257350
770352112
123705327
666114540
006044365
463751111
657543627
425613102
553322356
177554606
616416125
266224152
346175221
753764157
261043142
410655037
662076647
703006634
453230272
040557461
443377677
344456621
725043165
342472560
423064233
650326763
503266624
006143512
651643335
663542321
710414013
243063304
322120312
334560005
162601132
611230667
176257270
742745171
651642670
121120426
157446114
405131556
057277470
047075310
551274673
265320462
451313234
413271714
702762141
441027531
503533014
365706700
127653526
602325656
515325511
000652526
107716645
651426126
365553270
327174604
677416004
360373614
631730756
651145663
666122467
275130414
606267015
516222766
015347655
360550315
366713202
635755540
371754227
426541352
450020622
340444066
023511404
521075105
537575202
776076435
161161460
306464234
210355523
501253555
530011154
121306613
303201056
622273376
776220506
377227216
205346675
327705563
772716403
616774610
677736335
470203452
175756111
456467406
370211132
607255617
440070463
601575747
356370176
257213153
415202233
766104416
021207544
626655146
211730302
373020544
320634301
540267000
232171114
527322143
036147146
450774230
437747277
535704442
441324631
636447453
130323747
014701716
201735053
725364240
404123607
746325267
261551001
657303541
265465170
452012414
614371223
466562205
233153112
652153572
375341465
071671411
121052153
164216453
221265220
332350222
124154637
676435541
170744474
365652016
633235455
616150432
156266445
363137554
401331627
251443201
265634673
205150427
357365130
733327626
207404102
403537435
155754600
053425251
732210731
001054751
240603237
663610304
624433007
076744133
064751567
167726451
407270020
175717743
676507675
022565762
165421525
774545532
244504254
766510565
415373775
747652404
242457434
757532560
274044614
746112035
536151406
535763751
537456464
131625477
413034042
454000115
655341716
664127634
315671507
774610152
510773406
367632725
523444224
537215537
053727614
426573550
517637353
305750114
244122406
572116347
113601033
456030343
313721072
566577043
542470642
601566753
324410600
227001743
257026245
161374420
272241556
325752532
376710770
303061010
542573772
664366116
363613462
757122007
672376566
337371141
534452020
017534611
273266460
373513037
625135032
500030665
502200306
742276746
721455411
074471670
515742205
056352226
213145140
656552011
403510422
256430451
145462001
662661201
061437337
125420136
667005007
320462646
237126026
503527711
761412636
146740607
144762272
720056566
047412050
501702521
714570334
230433372
117433041
620662457
627166041
524316526
216643117
347311022
562701135
554122524
500621043
567667160
761524030
717172742
212633600
550432173
777543263
560232311
250700101
077260125
270566455
006427061
502032047
434057172
457160372
721410264
346256310
045703203
414446204
106336060
074320511
437354356
366227573
516565154
646511212
164617347
460623720
405312155
711237740
424127743
724645650
145311503
620732164
727003452
765201323
276454212
231435234
420665671
214616514
250757655
051350013
627702070
021062376
550004520
075542147
752400355
147124555
171653424
462217356
611700025
547571416
624612632
012644430
124417155
227763315
745737455
073121234
650773147
053241106
017776536
202703713
551245247
256611520
300413105
555065164
617312172
537233226
363146030
514251273
160151056
327277323
533046367
126525412
646762320
441574321
437224463
056141775
104614706
110467320
123422650
533116352
175120002
376575203
350617127
357107637
774724767
374323006
426206621
143612043
033213752
142033633
120471765
561160246
013740331
227572273
107056722
722161237
334114764
167333513
275523500
620451230
166746044
670145316
460536027
440713036
613107001
105734771
132120163
622530531
617352347
263756525
644633121
542421015
473753001
066606367
313042316
134173655
575427255
043261441
370243510
103235203
251262641
403551357
446250722
552124411
477750310
045150044
217163756
571441403
645035505
734162713
304043402
271021635
374460563
272542715
367445443
172040031
524226707
760646331
042107056
663550237
375722317
453252066
655616207
226472325
014017467
146172513
204704031
761037056
567365345
650714013
657167453
275425024
155527165
523343116
226510706
667136506
421276465
124345207
172220354
721240772
670123651
115107362
766702534
260526663
752423624
052130500
524153722
573653215
420151471
452172704
644615266
613265573
463732236
606551766
405400562
005220316
247434327
061131710
213526557
043102561
477614524
741002717
024407436
627503333
573551472
647014665
615670676
153542410
412452132
122226265
012064343
476532331
126663014
170721540
435307757
152435270
751657457
317043275
517432717
500376133
471567705
150146326
704507564
325240566
315565441
476311441
604450335
645170710
534415662
350652414
373561251
743207153
643757222
653211235
754452605
547546251
045432743
230324103
106215060
465430375
321172756
712601521
031223541
737012024
255620637
223642734
233013571
574123465
271763103
603111362
317210010
663306574
525675044
240755110
642314751
055132355
716155665
325466452
076637030
122362573
677132440
767673107
376012663
271570762
666431360
667070775
522753364
553246731
053013124
207264451
710225333
440104074
020045626
464612250
417531573
030470731
575544353
002016146
205706277
427173446
242511125
440526135
604240264
063070342
605456571
151157110
451500242
016501142
274722125
072054466
222230176
753212511
277314017
410175366
403165255
515634162
416460267
524637624
063763023
512455676
543012207
016452563
021620233
165355304
765027715
411003501
517211461
162401700
130405336
420544275
433320313
602065370
152201224
730422764
743424607
121736125
464320044
263512654
263671317
372551366
766675233
224661046
244153063
755050360
517256635
374646240
551704116
351450570
361345124
043115027
645523247
073323142
046370615
462547442
171460440
454326570
775370371
476041107
262440105
235237552
141741066
560154741
526755452
020004473
324362151
613024406
016514057
165203005
472505555
311523761
733222232
355701734
745510233
626317322
230170450
773425773
352732126
217504720
363705437
637556032
062615616
662360665
146506077
172356343
401571074
155376177
403230147
737071447
002674307
522074053
513173357
245157772
505145057
444274703
203266637
414753574
125357721
260740076
565101607
562313010
666563356
110634256
060345042
437631254
716521437
055576763
656162602
736713330
207772347
166371246
114650654
263375606
235454535
750501515
027621065
136626052
265750750
275033057
610775724
214130771
126170075
226504165
057772665
644572205
213274371
054253025
300727662
765555167
360635013
327644170
525546514
130450423
532552746
271745465
600164321
027525607
130656775
160135644
651005275
601463425
245736531
301224165
445040551
464564307
620607505
776373120
246363760
304626305
572617444
473573413
342123646
360776472
630337410
403071210
516726027
361714151
561175414
106321557
567421734
775433446
643221120
702401273
520401541
225652245
032234720
361147306
145760135
112273123
343600201
727327251
744144360
360511423
522777226
571227642
732303143
121421047
220312542
670130512
614666663
211104206
056126430
765343312
201646672
277622741
677423326
341557617
152113427
121755370
454233546
200201475
656010767
763764744
312406643
735240307
474242662
470764531
734346427
101377006
730267617
060132533
115642621
601307244
123773232
343774641
267130035
747130277
117706460
435271726
356071237
017262362
701756363
120572534
571047761
137301412
522242060
225125546
302706565
316225657
637621307
257332371
735151332
136751614
470162354
074265204
736560750
035374323
241713614
512503537
152071045
473701642
430363215
556116115
712241162
167612476
234165241
140461214
174736266
061727105
207133622
051020464
374011416
055463060
605701355
160031501
676313073
773442041
343522445
371767352
517162025
737435722
300670244
736450275
061676130
664544610
055735411
455143361
133523376
465242570
263724201
761530401
570331736
677367770
146607335
462332400
501067303
312677722
214651362
040771555
032667312
040466603
670422472
401422573
145377340
761333247
432602207
065036217
342034745
305163743
071332422
474257333
201332504
076765375
442714143
500041466
002225577
652766000
132251731
632352330
003614471
055167277
776546604
645643613
631031600
660477756
455676610
113466064
734221053
614477140
000123223
503264276
764376501
026132026
645251661
577566546
175151263
256127757
264311102
036225300
446674172
726332762
105062342
037133744
413766305
343530326
715017576
644156731
611457374
754736712
613741464
535646450
071304364
214237403
222647453
646005161
631537271
335652373
404275114
646652134
130010202
053334566
054206311
363324655
225543426
662511576
245767663
352164076
675272163
202451640
132315121
454362633
506601665
016540723
047630332
543134110
743136466
774050623
060113364
253402626
333344137
220037236
504212470
444742737
122666222
277366322
303325734
527006117
222460730
244575343
020213201
704723410
225317066
313572662
136514722
207144767
554265775
735654124
736375040
747473676
463525053
432773131
666343220
356746371
644703556
046013672
736776106
244351451
311472231
235333733
224223660
510021220
531607745
027547013
304302232
032651677
135415774
762565275
434403126
063577457
771613570
600004554
666204633
174542054
571463674
204012015
757116662
556367706
216745521
342330453
663601650
071406517
006475623
565713737
753514770
556763567
777002131
222152357
027300557
102645737
636240745
426444700
564322771
454035202
742341235
311122413
015023335
336566424
707636164
147757176
075705566
201305761
667251442
555550701
730007703
410052603
016605515
446517527
422136245
001542062
376470346
664770400
713661612
200503351
071657776
551572057
310500774
022155073
155205140
723271540
621327035
546117471
211747213
655144405
015534705
746533724
065722056
730253354
221255064
116676370
024222275
527213745
263231062
766634354
142324170
227513564
053607463
545333620
341636437
701322746
046214244
324004205
566750303
762110111
772634536
621616353
677440711
425477631
147764024
406473716
276664053
533641776
356707410
042353517
052416531
360000153
436770464
104740140
702317220
666656405
435710245
113714567
410522070
502620125
357225501
415056545
240202514
272606702
214552430
152217575
664013245
140255321
222767072
714743033
452756223
277676257
256713442
704772552
522021662
404305376
316346554
003743666
731255630
564065033
614355561
757544042
065444634
406344243
012011734
533073274
452624274
506624312
750560204
040037062
300257074
011610175
073156351
515244416
536721361
642425204
362641714
254537026
234244324
631543114
426116360
767513716
437446642
014627550
670070106
477032726
553300722
641143002
326335235
464007361
360103576
252354473
623000212
766506240
466614717
240014446
160167203
146410530
046233363
515221104
673224515
235360254
651053654
472027676
520236652
704344056
371577426
061217512
545022614
640616072
201617267
034650710
115600247
304330310
427425435
326530664
457603306
045067534
462146154
644343374
305473354
235772266
447567656
661072061
101171633
233561742
506725530
455445225
276337313
216264505
741517460
360453763
501754072
331425740
316003036
542661323
056264031
334476217
577372550
375611350
110511605
120053042
156423732
556277121
254761535
446704451
312363057
345343256
146271452
523350077
361461321
675453637
127553671
472707060
502636376
352017340
722132630
015550572
641174166
122710250
423301206
264022643
225770574
660115401
621711472
321431653
771775337
720512067
074133327
210131564
202573467
364427022
704365702
467202457
136600761
623406135
227017307
576643652
326024330
001315117
566265612
413125532
565560330
700005145
112205456
247347132
124165454
572722600
503342572
726750161
613030151
264113557
454601727
762133004
771476721
747621213
233626330
416254364
635677220
016616601
431267566
266453506
243127164
527031535
741605673
701252001
463644456
153516055
015060456
214005157
432630360
577707371
353515142
164045741
721344567
471236054
256404370
127232231
010364132
303660353
601621270
244476002
062243403
273303523
516017645
173005444
644031714
737000570
614424353
366662103
717703124
002160626
656717551
273435417
101112077
345625533
176302753
456131412
065564516
156324005
110665101
636525621
440051316
635244171
651412400
454420766
513623702
172574261
156103673
561405565
300571650
174763734
675501401
541165553
123254051
341404130
574731522
112006215
103637044
100455154
277242033
242462675
371126572
703334305
604625431
062121172
222326724
350115534
727074126
366030516
326623775
540177232
474715057
705075600
740444732
533666113
672704322
126777357
343732067
503074425
112327236
473645577
743213064
422366331
351175000
141163661
421532616
304521571
247257560
607353403
370300427
100077641
047320720
546715765
053345320
406015277
061562227
630523065
155331050
441623415
047001227
425261034
071411742
103650521
564336363
464776656
124510517
466620336
067327366
503462315
774170147
607124673
563443647
424073035
552332515
543761634
530722576
020110143
600135765
335070433
742707347
264174442
437703053
253474552
431112211
004434413
713076144
564406477
